0.013956804530555861
0.0
0.0
0.0
0.0
0.0
0.0
0.0
0.0
0.0
0.0
0.05024743505304907
0.15976681548205762
0.27672256734498485
0.4003079271805578
0.5229020840389822
0.6411782875749458
0.7522063591832727
0.8514704746501897
0.9358649886763171
1.0
0.005514160213392859
0.0
0.0
0.0
0.0
0.0
0.0
0.0
0.0
0.0
0.0
0.01733808912272594
0.12957708577281202
0.24860992989867087
0.3745134685555614
0.49886499942078283
0.6221204953092856
0.7355647988617997
0.8418523896415511
0.9304079479390778
1.0
0.0
0.0
0.0
0.0
0.0
0.0
0.0
0.0
0.0
0.0
0.0
0.0
0.10312210798310317
0.22461044199447633
0.3506780187685832
0.47815896807979785
0.604702523477023
0.7243637835836355
0.8318095856510107
0.926117898794006
1.0
0.0
0.0
0.0
0.0
0.0
0.0
0.0
0.0
0.0
0.0
0.0
0.0
0.0832123694008744
0.20393089184285185
0.3294724701454561
0.4612674385665589
0.5892394242614163
0.7097457744576552
0.8222717302067238
0.9204105458457408
1.0
0.0
0.0
0.0
0.0
0.0
0.0
0.0
0.0
0.0
0.0
0.0
0.0
0.06691750773061855
0.18818013441049586
0.31444451936567414
0.4470381656877569
0.5764452460320758
0.7030099747058536
0.8160431119033119
0.917418642521071
1.0
0.0
0.0
0.0
0.0
0.0
0.0
0.0
0.0
0.0
0.0
0.0
0.0
0.05019926825397569
0.17367941796805364
0.30160687660085495
0.43423214367597757
0.5653245011065658
0.6921973578753128
0.8113682198285408
0.9126762357156997
1.0
0.0
0.0
0.0
0.0
0.0
0.0
0.0
0.0
0.0
0.0
0.0
0.0
0.03835266578390428
0.15870528155008712
0.2872510599847021
0.4220917003912137
0.5532866971003957
0.6832284206353708
0.8040619081111323
0.9127747952840405
1.0
0.0
0.0
0.0
0.0
0.0
0.0
0.0
0.0
0.0
0.0
0.0
0.0
0.027028329296150067
0.14703528616708916
0.277751121077224
0.41155508757423404
0.5438758463573332
0.6768108189811088
0.7997454582393451
0.9096509249648694
1.0
0.0
0.0
0.0
0.0
0.0
0.0
0.0
0.0
0.0
0.0
0.0
0.0
0.017399184517575272
0.1399932286885316
0.26785887018751786
0.40031300099081224
0.5364994430115008
0.6690693745087651
0.794540484044876
0.9071847544772466
1.0
0.003018192961864551
0.0
0.0
0.0
0.0
0.0
0.0
0.0
0.0
0.0
0.0
0.0
0.011431887638400529
0.13044934722967527
0.2593228975789792
0.39315833520471966
0.5296044581400565
0.6608929508486511
0.7899809407317782
0.9057723158692518
1.0
0.0017565824811047607
0.0
0.0
0.0
0.0
0.0
0.0
0.0
0.0
0.0
0.0
0.0
0.0037116840293075493
0.12317422660019128
0.2503066596532757
0.38762859177272113
0.520588847910299
0.6584756339196549
0.7861086667286933
0.9025443063531766
1.0
0.0011941009807975972
0.0
0.0
0.0
0.0
0.0
0.0
0.0
0.0
0.0
0.0
0.0
0.0
0.1167552775252918
0.24350611452070403
0.37953433461654074
0.5150918175576977
0.6518256683098371
0.7815285107904251
0.9010289061665264
1.0
0.0010286995667169413
0.0
0.0
0.0
0.0
0.0
0.0
0.0
0.0
0.0
0.0
0.0
0.0
0.11151050003917107
0.2382093695056472
0.3729536743634176
0.5077111825019256
0.6454434260642927
0.7777885056596988
0.8995945082810738
1.0
0.0
0.0
0.0
0.0
0.0
0.0
0.0
0.0
0.0
0.0
0.0
0.0
0.0
0.10703823781542532
0.2338762773002553
0.3679582000418131
0.5041583130961691
0.6409721330643401
0.7725219184216191
0.8961387098808545
1.0
0.0
0.0
0.0
0.0
0.0
0.0
0.0
0.0
0.0
0.0
0.0
0.0
0.0
0.10416063015082488
0.2324003150760786
0.36222550926758657
0.5009014049292803
0.636072891013326
0.7679442049860757
0.8947421725731155
1.0
0.0
0.0
0.0
0.0
0.0
0.0
0.0
0.0
0.0
0.0
0.0
0.0
0.0
0.10344761261612656
0.22906600282830714
0.36212355088510817
0.49924866922740474
0.6355500233715763
0.7698579107488235
0.8926407081103753
1.0
0.0
0.0
0.0
0.0
0.0
0.0
0.0
0.0
0.0
0.0
0.0
0.0
0.0
0.10560486767605948
0.23152847386489628
0.36233910941399317
0.501174543246391
0.6324815756225628
0.7662771642297396
0.8912072462495851
1.0
0.0
0.0
0.0
0.0
0.0
0.0
0.0
0.0
0.0
0.0
0.0
0.0
0.0
0.10966245487738258
0.2348613783497695
0.3663258675764658
0.5028464074267743
0.6362354892485313
0.7672923773021995
0.8949553399826777
1.0
0.0
0.0
0.0
0.0
0.0
0.0
0.0
0.0
0.0
0.0
0.0
0.0
0.00803293416866746
0.1214739565822277
0.24352882941984244
0.37316161260066083
0.5071721242194918
0.6424072975555613
0.7721633223231221
0.8965623589468164
1.0
0.0
0.0
0.0
0.0
0.0
0.0
0.0
0.0
0.0
0.0
0.0
0.0
0.0220692303672535
0.13355011396241567
0.25612622994428524
0.38809527916054914
0.5178686347027622
0.6512269273410944
0.7798767657721466
0.9035231119516208
1.0
0.0
0.0
0.0
0.0
0.0
0.0
0.0
0.0
0.0
0.0
0.0
0.0
0.041734179325438436
0.15406510710433918
0.27499446542274397
0.40203480098395467
0.5313884496023535
0.6646757029705586
0.7918702400267137
0.913237543110022
1.0
