0.0
0.0
0.0
0.0
0.0
0.0
0.0
0.0
0.0
0.0
0.0063387422397555016
0.06824070284382766
0.1389547166851859
0.22067241556191264
0.31127120614853754
0.41009259627460776
0.514495984848282
0.6238020003308787
0.7345829442205866
0.851411761349324
0.9695305070970524
0.0
0.0
0.0
0.0
0.0
0.0
0.0
0.0
0.0
0.0
0.0
0.027287583554310824
0.10035769662985061
0.18530028241002972
0.2796682045883122
0.3818082663506308
0.49114649239210645
0.6075724281888857
0.7298592623946734
0.8538074689765398
0.9804908459247732
0.0
0.0
0.0
0.0
0.0
0.0
0.0
0.0
0.0
0.0
0.0
0.0
0.06282908839343293
0.14943133332333658
0.24796902294282408
0.3552724380379326
0.4712247978298451
0.5920041194487722
0.7208883254791099
0.8545457207198369
0.9889960738638682
0.0
0.0
0.0
0.0
0.0
0.0
0.0
0.0
0.0
0.0
0.0
0.0
0.028029372205940706
0.11649212663618258
0.21532854881889785
0.32571095815358964
0.44770425270450986
0.5780094282855877
0.70995979668788
0.8524039431940373
0.995564422310304
0.0
0.0
0.0
0.0
0.0
0.0
0.0
0.0
0.0
0.0
0.0
0.0
0.0
0.08232432294901038
0.18456678384530067
0.30140442128255485
0.42589856567587375
0.5598473241725264
0.7013665476405906
0.8483474243135867
1.0
0.0
0.0
0.0
0.0
0.0
0.0
0.0
0.0
0.0
0.0
0.0
0.0
0.0
0.05161154720312855
0.15847228060932883
0.2761538980140307
0.40393901549029737
0.5435942275764255
0.6922749263362122
0.8417330377978532
1.0
0.0
0.0
0.0
0.0
0.0
0.0
0.0
0.0
0.0
0.0
0.0
0.0
0.0
0.025397342978275006
0.13119069288890206
0.2523744862686299
0.38317118400761
0.5288170804651452
0.6773327716615435
0.8394686613362184
1.0
0.0
0.0
0.0
0.0
0.0
0.0
0.0
0.0
0.0
0.0
0.0
0.0
0.0
0.001783040713082218
0.1098582358841681
0.23313229439456828
0.3667444141120806
0.5130626069744779
0.6688599504521011
0.8330147531008004
1.0
0.0
0.0
0.0
0.0
0.0
0.0
0.0
0.0
0.0
0.0
0.0
0.0
0.0
0.0
0.09303200275181478
0.21563390296753082
0.35413061360292974
0.5015255021457072
0.6622442035558385
0.8287628413878385
1.0
0.0
0.0
0.0
0.0
0.0
0.0
0.0
0.0
0.0
0.0
0.0
0.0
0.0
0.0
0.0802372481322382
0.20626818417055204
0.34273147705846385
0.49451283549383407
0.6545920669215319
0.8228373678329609
1.0
0.0
0.0
0.0
0.0
0.0
0.0
0.0
0.0
0.0
0.0
0.0
0.0
0.0
0.0
0.07507682228150914
0.19864606954896558
0.3373215481420121
0.4870231444796673
0.6508159345904184
0.8223296918252186
1.0
0.0
0.0
0.0
0.0
0.0
0.0
0.0
0.0
0.0
0.0
0.0
0.0
0.0
0.0
0.07466208490223891
0.19848058200407603
0.33658436987533835
0.4862351655822874
0.6492298114545476
0.8218852644647657
1.0
0.0
0.0
0.0
0.0
0.0
0.0
0.0
0.0
0.0
0.0
0.0
0.0
0.0
0.0
0.07989291077767913
0.20248755986433176
0.3403044345457673
0.49093113588556075
0.6519504591154067
0.8231950021876633
0.9999769405145821
0.004454832912520201
0.0
0.0
0.0
0.0
0.0
0.0
0.0
0.0
0.0
0.0
0.0
0.0
0.0
0.09207935529472078
0.21346957348301476
0.3476511895146005
0.4956632281363786
0.6563671886627044
0.8242037984791853
0.99855549248009
0.005925347040965143
0.0
0.0
0.0
0.0
0.0
0.0
0.0
0.0
0.0
0.0
0.0
0.0
0.0013250120833874224
0.10750093597306143
0.22719689220676642
0.3603542420486341
0.5061592228842273
0.6625633081227551
0.8292359546632999
0.9999003404053364
0.008701789838481706
0.0
0.0
0.0
0.0
0.0
0.0
0.0
0.0
0.0
0.0
0.0
0.0
0.025347170691437992
0.12997013821002212
0.24713099962194118
0.37744354255668383
0.5192239297549619
0.6731586305859175
0.8319695813187618
0.9998325281403965
0.009951721010290347
0.0
0.0
0.0
0.0
0.0
0.0
0.0
0.0
0.0
0.0
0.0
0.0
0.05333862070123663
0.15419850388831402
0.2714354430822846
0.39656632290331917
0.53527319289569
0.6843776672640114
0.8380767448252029
1.0
0.011143267666096872
0.0
0.0
0.0
0.0
0.0
0.0
0.0
0.0
0.0
0.0
0.0
0.0
0.08307817463938572
0.1830908054646997
0.29440234147853717
0.4190182989836818
0.5518061278006003
0.6940228232013581
0.84406310672944
0.9969090406571723
0.010110859894373913
0.0
0.0
0.0
0.0
0.0
0.0
0.0
0.0
0.0
0.0
0.0
0.03329907180265923
0.11790959885766195
0.21631780473157214
0.32389428454044367
0.4424226822431055
0.5700908248482315
0.7045523634392626
0.8480349813774897
0.9956891406650165
0.00629919611057969
0.0
0.0
0.0
0.0
0.0
0.0
0.0
0.0
0.0
0.0
0.0
0.0709297004950914
0.1543257350486439
0.24738856912207674
0.3523773518628482
0.4644810309603809
0.5887278769562284
0.7168725849422993
0.8489924191646322
0.9886213136058621
0.0038703886617988312
0.0
0.0
0.0
0.0
0.0
0.0
0.0
0.0
0.0
0.0
0.03738000066235547
0.11055889355409043
0.1908884205840249
0.2818335801080428
0.3813426180049281
0.4890185831311455
0.6055081169982499
0.7251390523239283
0.8490468089920233
0.9803318077739982
