0.005388125782077023
0.06771719852753083
0.12700848609257961
0.18714490400498218
0.2410881087597255
0.2966377630947245
0.34651957594362437
0.38768624388243733
0.4280854697008772
0.4649782366453723
0.4974665392495868
0.529020463905936
0.5599704562661721
0.5943232955510449
0.6300663567969963
0.6732492341867411
0.720555457802442
0.7753336414000935
0.8406398111568671
0.9148861721496307
0.995594247960967
0.002594212292978217
0.057946029784950365
0.11300545884098767
0.1704934197782382
0.22360239718561342
0.27457564928256223
0.32126765603395047
0.3664281020541473
0.40399901611949796
0.4408236788753555
0.4758766709149127
0.5096389216179311
0.5439241360013726
0.5786677553950325
0.6178908053975783
0.6632222160944629
0.7129511756581983
0.7706958140841567
0.8343166178810879
0.906006598664406
0.9881995164127106
0.0
0.05108998857778698
0.10273288467179323
0.15415600177673672
0.2033820364482038
0.2529432955275243
0.2983593336454048
0.3418538502681765
0.38315459941659524
0.42153178908611066
0.4551440188753687
0.49114829500006363
0.5278938462567709
0.5645577314503389
0.605547333538317
0.651145616870075
0.7046644080426793
0.7637103983061878
0.8289663191745918
0.9018500032391495
0.9841846369739781
0.0
0.043354680258930314
0.09055911111915262
0.13974115619674582
0.18736311630013228
0.23414322416196987
0.27782782549874674
0.31998020959046136
0.35936129946697765
0.39671820549105524
0.43479764519576336
0.4715264996621024
0.5108563376285515
0.5511324183506564
0.5955090672711943
0.6449793739018235
0.6997563206334823
0.7611558299714091
0.8285938110675773
0.902611518226678
0.9825015017382799
0.0
0.039222491340709514
0.08168560437160964
0.12416865944475682
0.16846921161639544
0.2137990668070985
0.25611642496730536
0.29434408420694785
0.3349961578868804
0.3741354003014992
0.4136062625402768
0.4544778862981228
0.4934043199828586
0.5385230054158138
0.5839765082680906
0.6378239437981268
0.6951311632771378
0.7577938006404827
0.8267492250993911
0.9020849360772248
0.9832625277606439
0.0
0.03178157255202685
0.07024832024194695
0.10970592920460048
0.149976041411634
0.19274162804201675
0.23275923661817907
0.2722908133810971
0.3107114970525582
0.35132113832270895
0.39090716595737907
0.43116986629555787
0.47421820372112056
0.5211016771183531
0.574815411941292
0.6273135922716672
0.6864993348011346
0.7549059656941586
0.8255679963781029
0.9051088001304705
0.9869668330321947
0.0
0.029827716967302544
0.05973137365471865
0.09715062111609238
0.13274789627456213
0.1704656438441533
0.20910196783870294
0.2457052641703346
0.28562032147810057
0.32412221227178706
0.36521085862645064
0.4086840224745069
0.45509720720565644
0.5041884257330103
0.5573054263106192
0.6161823827326709
0.6827283475322591
0.7510657586714896
0.8257968141648031
0.904872231845483
0.9897764179809152
0.0
0.02171194051713201
0.05005272759399219
0.08324853300077917
0.11233949000871643
0.14709555215264822
0.18119448560872542
0.2202466891652668
0.25747787120096094
0.2974119116280072
0.3368511004240834
0.3825968807125135
0.43141687810866824
0.4863576271802083
0.5402586168489238
0.6024649897188841
0.6745100992145359
0.7452406913130183
0.8245164243960785
0.9064137503319899
0.9933243866468077
0.00042725834216694866
0.01704260880782755
0.038707755331975034
0.06452641134859655
0.09458392504098982
0.12486691601617347
0.15568812230589046
0.19198266517222748
0.22781230219931484
0.26643375774528477
0.3093464286145537
0.35452043560008883
0.4065515553833456
0.4625445812657458
0.5233711493338475
0.589770933103665
0.6601438673564588
0.7380380009756058
0.8204814892032358
0.9092688844811729
0.9981217440088014
0.0
0.01278426509617657
0.029522999039162084
0.04958759553664596
0.07192257584218134
0.10007667439539289
0.12868959119862644
0.16191154076945194
0.19461587332527666
0.23320093501773115
0.2791060742778967
0.32652508202716246
0.37843981263323817
0.43749413851294655
0.500684913017972
0.5717423207594158
0.6464528487313137
0.7285190060563838
0.8164008188325124
0.9042752416821188
0.9998548446111721
0.0
0.008719557451149995
0.020920733565688895
0.03354692889757556
0.053113973752209276
0.07600809150956292
0.10107598435417495
0.13008161071902763
0.16486151159592155
0.2034859311775662
0.24801115769388699
0.2949743870852422
0.34985756211731
0.4096809016010607
0.4780078119908462
0.5526349800755008
0.6332558798162596
0.7183330033901046
0.8084704205107496
0.9053180052127388
1.0
0.0003804248633154177
0.004207545857571909
0.008434071501563722
0.018824224892412172
0.03344515970190262
0.05001107544504796
0.07132546605735979
0.09785853503148251
0.1322351872598007
0.167723702983135
0.2126345138310431
0.2608314868487014
0.31671026171993794
0.3816655293217017
0.45295964642086023
0.5312673913321192
0.6151493284238221
0.7039631531714672
0.8013596494050661
0.9035414567741482
1.0
0.00015730401975199912
0.0
0.0
0.0022257570646170843
0.010970867892290015
0.023236245569937808
0.0419312239496773
0.06517962622070744
0.0964512936632172
0.13408908094372618
0.17605211047063052
0.22843312965722362
0.28595566113272897
0.3534411983036868
0.42527921725973283
0.5065733042993416
0.5966275806054124
0.6912456650992194
0.7915640122667742
0.8960044713262388
1.0
0.00387230982239121
0.0
0.0
0.0
0.0
0.0
0.01216540584780057
0.035859171004466284
0.062139824332089255
0.0986581221640464
0.14057283623409556
0.19259341166604355
0.2504067056901988
0.31856054600666556
0.3963592385989714
0.48260265983152956
0.5759433869222306
0.6748984426711054
0.7805734151546169
0.8909564640304268
1.0
0.0018346251928929719
0.0
0.0
0.0
0.0
0.0
0.0
0.0022170795178068636
0.027547435185810265
0.061589746425146696
0.10293633295215493
0.15536597495468318
0.21731795661402542
0.28705160186476975
0.3690157119919868
0.45583516278314623
0.5539239157618941
0.6587343392349887
0.7681364917012996
0.884093893181976
1.0
0.0011110696038628774
0.0
0.0
0.0
0.0
0.0
0.0
0.0
0.0
0.02562342218182251
0.0689724484702286
0.12045933911576079
0.18441414936892986
0.255927674347307
0.3369810422365153
0.4310232032014562
0.532056630689524
0.6407571091238897
0.7555341713803169
0.8767826598142257
1.0
0.0014703252978654196
0.0
0.0
0.0
0.0
0.0
0.0
0.0
0.0
0.0
0.03262248206545648
0.08461231435006433
0.14779706132903103
0.2255408589407496
0.30957565729196873
0.4053613192163501
0.5089017158830859
0.6225417241148898
0.7431032916231699
0.8697033752778176
0.9987040601159974
0.0
0.0
0.0
0.0
0.0
0.0
0.0
0.0
0.0
0.0
0.0
0.052457122017920854
0.11606811985093379
0.19263147789771484
0.2801538590807443
0.3790008418159597
0.48741011050430016
0.6046451904876065
0.729876523913417
0.8606194506130546
0.9943945338191387
0.0
0.0
0.0
0.0
0.0
0.0
0.0
0.0
0.0
0.0
0.0
0.01922830099578654
0.08621690079733335
0.1650064501210794
0.2525972108893617
0.35463140776986707
0.4656170527016859
0.5880963566696547
0.7154451834729445
0.8508022846864494
0.9917673794290596
0.0
0.0
0.0
0.0
0.0
0.0
0.0
0.0
0.0
0.0
0.0
0.0
0.05731000204783332
0.13578169435748866
0.22832905273269055
0.33202922922891176
0.44400816774868035
0.5711452995051063
0.7024842503712171
0.8421456503644078
0.9847693618295907
0.0
0.0
0.0
0.0
0.0
0.0
0.0
0.0
0.0
0.0
0.0
0.0
0.030307068447438912
0.11187184740121192
0.20514829169143833
0.30954207722586013
0.4267366625309475
0.5547299914462283
0.6880132231793494
0.8308009996562088
0.9790721562577613
