0.009842840548948163
0.20594727658939813
0.4011869117052395
0.5925978844591826
0.7769135479108042
0.9506304320011162
1.0
1.0
1.0
1.0
1.0
1.0
1.0
1.0
1.0
1.0
1.0
1.0
1.0
1.0
1.0
0.0005658752404665594
0.19859428981393965
0.39876902146269916
0.5922254503304728
0.7801173617812606
0.9588513258629835
1.0
1.0
1.0
1.0
1.0
1.0
1.0
1.0
1.0
1.0
1.0
1.0
1.0
1.0
1.0
0.0
0.19560654408121408
0.3951946773657557
0.5927656543551633
0.7815054098837162
0.9638657691122082
1.0
1.0
1.0
1.0
1.0
1.0
1.0
1.0
1.0
1.0
1.0
1.0
1.0
1.0
1.0
0.0
0.1926911894357296
0.3914778346371724
0.5918966245988657
0.7851629712930056
0.9667195186630029
1.0
1.0
1.0
1.0
1.0
1.0
1.0
1.0
1.0
1.0
1.0
1.0
1.0
1.0
1.0
0.0
0.18999731736831654
0.3924543449582639
0.588474214654761
0.7810159432253085
0.9640022721373545
1.0
1.0
1.0
1.0
1.0
1.0
1.0
1.0
1.0
1.0
1.0
1.0
1.0
1.0
1.0
0.0
0.19057593513677626
0.3907386623711763
0.5878299436833235
0.7777901746193512
0.9601821321383701
1.0
1.0
1.0
1.0
1.0
1.0
1.0
1.0
1.0
1.0
1.0
1.0
1.0
1.0
0.9981006574465606
0.0
0.18898245943018882
0.3884207898429751
0.5832888715962976
0.7728374106887831
0.9532416265659426
1.0
1.0
1.0
1.0
1.0
1.0
1.0
1.0
1.0
1.0
1.0
1.0
1.0
1.0
0.9975269603431538
0.0
0.18956797388617136
0.386579601423321
0.5791549791888453
0.7658118164812481
0.9433978835228483
1.0
1.0
1.0
1.0
1.0
1.0
1.0
1.0
1.0
1.0
1.0
1.0
1.0
1.0
0.9953011513161912
0.0
0.19061802633712296
0.3804793533683716
0.5728640914751266
0.756590677656449
0.9298882621368904
1.0
1.0
1.0
1.0
1.0
1.0
1.0
1.0
1.0
1.0
1.0
1.0
1.0
1.0
0.9928654372814764
0.0
0.18993144664790995
0.3791224365835741
0.5658571006223699
0.7438643237023349
0.9139494966755762
1.0
1.0
1.0
1.0
1.0
1.0
1.0
1.0
1.0
1.0
1.0
1.0
1.0
1.0
0.9925706079769666
0.0010649554838345092
0.18833180502103516
0.3759398026208619
0.5549940246563054
0.7300048223158264
0.8947565389853988
1.0
1.0
1.0
1.0
1.0
1.0
1.0
1.0
1.0
1.0
1.0
1.0
1.0
1.0
0.9955472878802294
0.004566674000459937
0.18636859707728168
0.3656100669826982
0.54484918232322
0.7134864932621652
0.8727641577824283
1.0
1.0
1.0
1.0
1.0
1.0
1.0
1.0
1.0
1.0
1.0
1.0
1.0
1.0
0.9954003425854372
0.007175704597621728
0.18293928876585158
0.35676306090110127
0.5276024064781768
0.6927567309572267
0.8477070923644877
0.9916880986947049
1.0
1.0
1.0
1.0
1.0
1.0
1.0
1.0
1.0
1.0
1.0
1.0
1.0
0.9969590641040784
0.008656749460765148
0.1807856116449382
0.34789578999847465
0.5114686385389579
0.6705795522496099
0.8208149948440436
0.9597188570506286
1.0
1.0
1.0
1.0
1.0
1.0
1.0
1.0
1.0
1.0
1.0
1.0
1.0
0.9999680524369687
0.00939349354431221
0.1746489412076225
0.33636000631116947
0.49339785521258384
0.6444561576350094
0.7895360272747451
0.9218428975118141
1.0
1.0
1.0
1.0
1.0
1.0
1.0
1.0
1.0
1.0
1.0
1.0
1.0
1.0
0.007752686956421048
0.16614284368471988
0.3249624339167795
0.4742977298937974
0.6192947054808349
0.7552121070918916
0.8826594280095358
0.9998310139258924
1.0
1.0
1.0
1.0
1.0
1.0
1.0
1.0
1.0
1.0
1.0
1.0
1.0
0.007230270712050557
0.15767170137543401
0.3065848160325054
0.45193780650656684
0.5905923561873943
0.7193538355175064
0.8426574100758966
0.9527354298408753
1.0
1.0
1.0
1.0
1.0
1.0
1.0
1.0
1.0
1.0
1.0
1.0
1.0
0.005931554895810179
0.14934116990704455
0.2905656827322801
0.4293028465454687
0.5601834502615087
0.6817812321678988
0.7975938492319644
0.9027654131128787
0.9975176109397136
1.0
1.0
1.0
1.0
1.0
1.0
1.0
1.0
1.0
1.0
1.0
1.0
0.0016472739057396305
0.13824249456140975
0.27175190982211794
0.4025171242366964
0.5263791220641512
0.644718979834279
0.7546012597370553
0.8511647888789446
0.9432157739326446
1.0
1.0
1.0
1.0
1.0
1.0
1.0
1.0
1.0
1.0
1.0
1.0
0.0
0.1266035661260221
0.25489425436078295
0.3752391663274831
0.4941104073360085
0.6028878356419962
0.7048418891949286
0.7995180156510611
0.8854242337033387
0.9598273005752187
1.0
1.0
1.0
1.0
1.0
1.0
1.0
1.0
1.0
1.0
1.0
0.0
0.11368720321756079
0.2352830416342426
0.35019516937745404
0.4598089004325486
0.5616500727645757
0.6567688378184551
0.745612381231392
0.826211114294816
0.9006042293219498
0.961259619179284
1.0
1.0
1.0
1.0
1.0
1.0
1.0
1.0
1.0
0.9914754916287397
