0.0
0.0
0.0
0.0
0.0
0.0
0.0
0.0
0.0
0.022386003093415152
0.07779321628214808
0.14690117565992467
0.22243425781676285
0.30636122826879286
0.4005069190016034
0.5026096679838052
0.6020764954719701
0.7075513504376847
0.8122356493452045
0.9138737277368343
1.0
0.0
0.0
0.0
0.0
0.0
0.0
0.0
0.0
0.0044109692307325865
0.04683883497650426
0.10302838527416514
0.16669013333814386
0.24045921251550212
0.32730623343321974
0.41448121258214365
0.5120239869940009
0.6133940675553893
0.7134167102142057
0.8107609503979882
0.9080795946528046
1.0
0.0
0.0
0.0
0.0
0.0
0.0
0.0
0.0
0.027239667571193116
0.07077588519930073
0.12589239214567166
0.1904406929772986
0.2631986708369222
0.34365476922268556
0.43479772030305397
0.5262976242277522
0.621656460571788
0.7171567809370015
0.8144627282679551
0.9085014198214513
0.9966848522920476
1.3818072998070339e-05
0.0
0.0
0.0
0.0
0.0
0.0
0.014046278867613338
0.04736882436181711
0.0934195634756752
0.1491704210443282
0.2110309264656962
0.28370394999461235
0.36338333547187873
0.4505202816030678
0.5404238149751615
0.6324064308811135
0.7257630693037537
0.8197001996272142
0.9092509412212307
0.9953200053729664
0.0015366234161734355
0.0
0.0
0.0
0.0
0.0
0.011098644698261773
0.03542259071834425
0.07121974776762213
0.11618125099303855
0.17314918107966848
0.2356962847624121
0.3056886893971409
0.3847812342880101
0.4685190065216389
0.5547984958645509
0.6457766040702178
0.7341580451410588
0.8232177056965214
0.9116933838451051
0.9930886612245425
0.002218824176517026
0.0
0.0
0.0
0.0
0.00822514465727281
0.02710429497473066
0.05649764484643782
0.09367629632613944
0.13749621085143438
0.1943232094791177
0.25759034067429704
0.32843166592775497
0.4038980822191763
0.48721012967598926
0.5703456838609793
0.6557225056995648
0.7427351690246254
0.8296410484252978
0.9128610948666747
0.9936552363772277
0.0002886199859260003
0.0
0.0
0.0
0.009816234030919996
0.02332246842331115
0.04426421522378665
0.07602867900442173
0.11306812052321807
0.16209500487650225
0.2163747645234408
0.27931729643797265
0.3500518898728027
0.42488716681790484
0.5029293490539553
0.5848955564774058
0.6680296817774467
0.7514901208564277
0.8367610758504118
0.916779400637309
0.9933894561222315
0.0017138831795441261
0.0003330269175158482
0.004538873807859639
0.009233704761557437
0.020539441956574894
0.0372417779659141
0.06180143395495624
0.09406132674873391
0.13334168069367058
0.18075062081104093
0.23555489247621142
0.3003814447681385
0.36841105312357225
0.4395881950290774
0.5156738870245385
0.5970310750065554
0.6797632459703344
0.7606949878275431
0.8400272049107278
0.9190364557558051
0.9955513523965052
0.0005029059249734909
0.003761339017333859
0.007973761745262972
0.017593588683314287
0.029655832308915525
0.05028745443274171
0.07520138381774114
0.10908626230828578
0.15067096096924576
0.19862071442605989
0.25347055812579206
0.3171793977773434
0.3846732966829379
0.4560042753427765
0.5311468402038724
0.6109129977361492
0.6882722523616804
0.7687511693801263
0.8473109611572098
0.9237712569776827
0.9985523611721577
0.0
0.005090936537292791
0.011275009726841187
0.023178706486392142
0.03808170596485144
0.06416786308288638
0.08980036141540917
0.12557032572636156
0.16666633524547664
0.21273336890441102
0.2686860323693785
0.33310566988282264
0.3969241391746217
0.4684175585809279
0.5415667496863212
0.6176092037242509
0.6984571385191753
0.774595575639597
0.8517129393351368
0.9270355498653626
1.0
0.0
0.008648630972408929
0.017038526066557647
0.03115584914404905
0.0496111031278077
0.07351006659105355
0.10510613113763057
0.13849525521697603
0.1799621570771972
0.2291730888419506
0.2843844680659606
0.3436187479535992
0.4078862162891857
0.47806753831511045
0.5488126756831423
0.6250109427844562
0.7031178649732156
0.7790425157027083
0.8550436505064639
0.9290187441645871
1.0
0.00036496478587429355
0.008889001705107195
0.0222798738694545
0.03622117365762502
0.05651586060499275
0.08229569645744858
0.11282330343799751
0.14715184120597014
0.1915314676117419
0.23856912432208294
0.29385048956939136
0.35288634193100216
0.416164274433535
0.4877078625852801
0.5562071658806912
0.6308657815324362
0.7071946270256151
0.7812259524792844
0.8558045641795058
0.9305150061240611
1.0
0.0
0.007572302290956352
0.023724403865265323
0.039973906509555956
0.06242111559136537
0.08826785030189913
0.12023881173265544
0.1563651123707755
0.19934777506839982
0.2491339909823902
0.3016692270239867
0.3608636709922166
0.4220708110908738
0.4897631637668602
0.5621870364494037
0.6321936878972947
0.7051597840065508
0.7796216836663801
0.8549116793961298
0.9305168965126851
1.0
0.0
0.009449148032011273
0.024705100541929745
0.04428354464703799
0.06816763894259814
0.09528334502697355
0.12766361988448033
0.16469419493384185
0.20716241260784798
0.25598300838448207
0.30720497143513703
0.36592491560788704
0.4276941277561953
0.4915203926381918
0.5606611418223332
0.6315167640972219
0.7047541609295118
0.7799421656540546
0.8521693415493261
0.9300959475865958
1.0
0.0
0.01053237740289708
0.026388216870892864
0.04888884739055961
0.07317004564315036
0.10115725505176273
0.13291111589292107
0.1702260019988948
0.21409658966600187
0.26014805766852545
0.3132025416151057
0.3681437403864029
0.427692339869349
0.49480707395323287
0.561080876606457
0.6299551300844196
0.7028360059510543
0.7770253095227327
0.8517500408280908
0.9264308943998913
1.0
0.0
0.010457689412693455
0.028805701830155586
0.050901057054339685
0.07861274481807112
0.10849014468060081
0.13988446655089068
0.17656555205385144
0.21737603822467114
0.26602567990766807
0.31639984188938747
0.3703353761561612
0.42721755400892475
0.4934520589411888
0.5578444565804466
0.6278792259123838
0.6996504957008265
0.7717042870338242
0.8482406389800428
0.925497105436558
1.0
0.0
0.01177576560847686
0.032022840722711166
0.05714996460276377
0.08418981111388206
0.11189070693534045
0.14505517109204027
0.18296186972130052
0.22300854980915025
0.26880526953898465
0.31643007749009505
0.36998442559499156
0.4287201719498784
0.49204592132378977
0.5536357316210883
0.62108253311631
0.6943253300987438
0.7659732948601773
0.8423758170786024
0.9232491090403544
1.0
0.0
0.014548386419067472
0.036319370704397363
0.06170535618917461
0.09017909316127445
0.11809971462997518
0.14942716833933406
0.1887178048420008
0.22878477038677883
0.27089708364181747
0.32024289871497524
0.3701477137648575
0.4274071975252249
0.4870731158696818
0.5507373574046167
0.6193658743935937
0.6906673587316539
0.7641984037707956
0.8406565636203719
0.9203512567099337
1.0
0.0
0.018098587275606242
0.04401329634075829
0.0696529334804291
0.09669925017531816
0.12634102358886898
0.15967691826258446
0.19452692586195533
0.23665885830890135
0.2757070607037128
0.32385585201520584
0.37432744988974753
0.4302466947697557
0.48685997045366536
0.549869900676995
0.615609102165749
0.6872304364809672
0.7622610473070731
0.8393901658479842
0.9216979343942698
1.0
0.0009474286007819149
0.02559089234473054
0.049580003007006254
0.07889645077397714
0.10361246580302846
0.13544177854569453
0.16871358382024848
0.20370460730030987
0.2407115457148248
0.28226204409758837
0.329599867656256
0.37442339526662827
0.4295954114394893
0.4859489822063211
0.5483693698756551
0.6152532355358868
0.6836651237224213
0.7608310561531213
0.8416714420378381
0.9254869788427644
1.0
0.007015207187602323
0.032578926122043425
0.059126657471457886
0.08904316156977991
0.11586439223177951
0.14683546544171905
0.18001143693492974
0.21474017769452797
0.2507774276890025
0.2903587662284031
0.3357673572982738
0.38278944680792293
0.4351322885016601
0.4890939850944872
0.5525297763992019
0.617325634687315
0.6890962725066073
0.7622209670781707
0.8463305923288726
0.9325295195407746
1.0
