0.012323941656840651
0.0
0.0
0.0
0.0
0.0
0.0
0.0
0.0
0.0
0.0
0.0
0.0
0.0
0.0
0.0
0.02962006851226895
0.2561777183616816
0.4941203252257346
0.7405371406037563
0.993239052059766
0.005522273645254432
0.0
0.0
0.0
0.0
0.0
0.0
0.0
0.0
0.0
0.0
0.0
0.0
0.0
0.0
0.0
0.03343873606308401
0.2594681169941171
0.49523514352477555
0.7405290313098774
0.9920735643342973
0.003938481313658552
0.0
0.0
0.0
0.0
0.0
0.0
0.0
0.0
0.0
0.0
0.0
0.0
0.0
0.0
0.0
0.04672145598574162
0.2696325780405946
0.5020611574849073
0.7416021494517075
0.988976448585944
0.0
0.0
0.0
0.0
0.0
0.0
0.0
0.0
0.0
0.0
0.0
0.0
0.0
0.0
0.0
0.0
0.06558353126010374
0.2850273561811407
0.5136941514269571
0.7518156477204923
0.9901935587292036
0.0
0.0
0.0
0.0
0.0
0.0
0.0
0.0
0.0
0.0
0.0
0.0
0.0
0.0
0.0
0.0
0.09171175499512818
0.30575897640634886
0.5270243195307216
0.7601060524148084
0.9923375206081653
0.0
0.0
0.0
0.0
0.0
0.0
0.0
0.0
0.0
0.0
0.0
0.0
0.0
0.0
0.0
0.0
0.1231154217336099
0.3296819092843323
0.5462529696670466
0.7701291352063206
0.9926177284046633
0.0005171924070313519
0.0
0.0
0.0
0.0
0.0
0.0
0.0
0.0
0.0
0.0
0.0
0.0
0.0
0.0
0.0
0.15660269112058223
0.3597007248730205
0.5688422732077433
0.7814666561297781
0.9965790663537851
0.0
0.0
0.0
0.0
0.0
0.0
0.0
0.0
0.0
0.0
0.0
0.0
0.0
0.0
0.0
0.01313357253870151
0.19578565055959674
0.3898989686162767
0.5906693232364543
0.7954129282753737
1.0
0.0
0.0
0.0
0.0
0.0
0.0
0.0
0.0
0.0
0.0
0.0
0.0
0.0
0.0
0.0
0.054489487386613855
0.234751898600565
0.42290864339192463
0.6138376801173608
0.8080175123642761
1.0
0.0
0.0
0.0
0.0
0.0
0.0
0.0
0.0
0.0
0.0
0.0
0.0
0.0
0.0
0.0
0.10339856443671114
0.27611491189987003
0.4550431813654593
0.6380814644580692
0.8217112459181894
1.0
0.0
0.0
0.0
0.0
0.0
0.0
0.0
0.0
0.0
0.0
0.0
0.0
0.0
0.0
0.0
0.15169922820252002
0.3188714413922724
0.4890262136871817
0.6600949612493965
0.8335311102021818
1.0
0.0
0.0
0.0
0.0
0.0
0.0
0.0
0.0
0.0
0.0
0.0
0.0
0.0
0.0
0.04733884799477006
0.19860085263300564
0.3564542304134597
0.5195543297844917
0.6848626269637517
0.8457319920637428
1.0
0.0
0.0
0.0
0.0
0.0
0.0
0.0
0.0
0.0
0.0
0.0
0.0
0.0
0.0
0.09955531128972628
0.24357154997102903
0.3945971821375353
0.5494569176521293
0.7049496879095991
0.8549939058541185
1.0
0.0
0.0
0.0
0.0
0.0
0.0
0.0
0.0
0.0
0.0
0.0
0.0
0.0
0.011365912561547398
0.1465312248330246
0.2887587794720463
0.4342903176189958
0.5787498418799659
0.7229415327848567
0.8636386728173797
0.9977768459236781
0.0
0.0
0.0
0.0
0.0
0.0
0.0
0.0
0.0
0.0
0.0
0.0
0.0
0.06375464783347928
0.19334897924386985
0.32818045280404073
0.466067605284096
0.6067623598488597
0.743289632038961
0.8716866790898212
0.9952684341422486
0.0
0.0
0.0
0.0
0.0
0.0
0.0
0.0
0.0
0.0
0.0
0.0
0.0
0.10878486702550105
0.23427545207634215
0.3654599237915571
0.500155661909
0.6302889037713407
0.7581221502873338
0.8802792592761025
0.9926188988909312
0.0
0.0
0.0
0.0
0.0
0.0
0.0
0.0
0.0
0.0
0.0
0.0
0.0348737151488101
0.15430833877439676
0.2742055038240049
0.40233820216113564
0.5291356432837699
0.6566691496778382
0.7756328160207637
0.8872493255506527
0.9894764493137688
0.0
0.0
0.0
0.0
0.0
0.0
0.0
0.0
0.0
0.0
0.0
0.0
0.07826029197067508
0.1920455098950561
0.3114169564586619
0.4357341358975844
0.5577265797570106
0.6781886708797856
0.7917641645471502
0.894573557339169
0.9882710879418117
0.0019482224409932464
0.0
0.0
0.0
0.0
0.0
0.0
0.0
0.0
0.0
0.0
0.009967813680050286
0.11510321950296865
0.2283902629293073
0.3471116391134505
0.4693302330890632
0.5860866731682224
0.7018799171333697
0.809012622178038
0.9067876346569292
0.9920439615155978
0.008184039242725798
0.0
0.0
0.0
0.0
0.0
0.0
0.0
0.0
0.0
0.0
0.04506731344860926
0.15194229861297526
0.26612333552613193
0.38175711403941387
0.5016886501657577
0.6137319562768722
0.7243755834805523
0.8282402765244228
0.9209493054903638
0.9986311242230212
0.019800462377063524
0.0
0.0
0.0
0.0
0.0
0.0
0.0
0.0
0.0
0.0
0.08161370622478104
0.18751049996674485
0.3000386574238537
0.41653150635790787
0.5307946165741864
0.6465976113141547
0.7520599724902375
0.8499158538555257
0.9369065690402119
1.0
