0.008847641080392434
0.1513781548064964
0.2824167658508423
0.39974589186088316
0.5038283642344817
0.5952690072760893
0.6725155905049691
0.7375809984529046
0.7854288473697155
0.8240115153697405
0.852989590553406
0.8728105140178082
0.8847311892951367
0.8942205334964639
0.9004051123058225
0.9032025161752497
0.9114241366859339
0.9252356609780287
0.9417995870182296
0.9680254228057603
1.0
0.006097503168653829
0.14171845605634745
0.26747038357331854
0.38185211873452485
0.48200069009221347
0.5692321196793098
0.6424315392303868
0.7039437632935717
0.7499710619246972
0.7870534299997304
0.816865833022401
0.8355602080568183
0.8490282142444197
0.858638054750477
0.8669006962293307
0.8758060428426714
0.888704676963525
0.9071398739641318
0.9270870367288911
0.9556521576557183
0.9950215558585174
0.0009479204363611426
0.1375889739097274
0.25559883391725086
0.36606683195307416
0.46058940126960984
0.5437319491148855
0.6138936347863175
0.6730313581517355
0.7188203090762452
0.7543008093394207
0.7815028532785964
0.7993797380257629
0.8148840108261534
0.8274126947353863
0.8386220252977096
0.8493952713468366
0.8653894328180238
0.8853956140632758
0.9124144039402078
0.9451550985912435
0.990411585038973
0.00033679959636759857
0.12875090244754306
0.24324417793476455
0.34794434939396135
0.4406366060575947
0.5216560836872943
0.5870078142187445
0.6392293323767952
0.6856840434951831
0.7214359406914579
0.7469224058278081
0.7675999338670543
0.7830491953495009
0.7981692243989902
0.812380635202665
0.8290545877744308
0.8460804811759128
0.8692993579132338
0.9012372375247826
0.9392976403263608
0.9868477436520936
0.0014598494192690583
0.12183827030448192
0.23480327318070224
0.33318461926503506
0.4227348856354166
0.49739203277615446
0.5605592240009736
0.610943758523929
0.6534516436570936
0.6889890052838412
0.7158525505281242
0.7368191003585697
0.7554132195665065
0.7717082233746194
0.7883151356109452
0.8065496708902166
0.8299148931279015
0.8587634119999262
0.8928307290366918
0.9357221677433933
0.9876556379868843
0.0017583122631831232
0.11859971862583356
0.22602397987263032
0.32086346566257595
0.4044415418726927
0.47333675368128375
0.5330945118008157
0.5855142028484174
0.6252794736804687
0.658289520204876
0.6849975490419642
0.7081210775105963
0.7264924411694561
0.7450375669108343
0.7651480413946111
0.788849641118071
0.8160452866251748
0.8484150538879198
0.8854675911153446
0.9332226048011271
0.9882103099764987
0.0034290323195592565
0.11367191999605476
0.21667323384428278
0.3077221455175112
0.3858298473360502
0.4533112324404397
0.5108447642936447
0.5598214765041094
0.5994245358567608
0.6318564785805827
0.6583969326790674
0.6819448191076949
0.7038548115711192
0.7229235028146697
0.7475857061524751
0.774219436204668
0.8035199982094638
0.8423695453298812
0.8808026556983458
0.9333119579091367
0.9892383230179229
0.005845809606824955
0.11300781468522644
0.20840502000488376
0.2942368134529141
0.37023993955036383
0.43627147225338936
0.4888732432360344
0.5328958643600091
0.5748177912632177
0.6059141439141422
0.6334638922207758
0.6584702160942892
0.6823822858279106
0.7063745753872724
0.7305435906574589
0.7602244200374153
0.7917734756732537
0.8326917421013128
0.8790981114533308
0.9317618573129062
0.9940514202415917
0.008736977049575814
0.11194910166292066
0.20235553755340985
0.28316660498549456
0.35585567202441076
0.4170143054212334
0.4718266131685006
0.514855572657095
0.5541867411726668
0.5854276548535721
0.6138842476289452
0.6376683440403571
0.6627494588914029
0.6881041214271459
0.717054545204471
0.7466985388230037
0.7851131909220872
0.8275048353018344
0.8755852900721912
0.9322522563510263
0.99437261495464
0.010280693452679734
0.10956413326861984
0.19750004234737345
0.276007279065698
0.3432366851505787
0.40130589919241455
0.45290364606107436
0.49332459640787796
0.5320177503688045
0.563483943364849
0.5933912637123557
0.6185262734908838
0.6454067393458893
0.6739873228921252
0.7045353138761444
0.7384793234686071
0.7764762426368723
0.8240270076993589
0.8739125096978586
0.9317966292643338
0.9964028688586859
0.015436794095112201
0.1058587970499062
0.188817670178184
0.2658548026046465
0.3320558897096034
0.3867831826071887
0.4367111155969211
0.47850822816898025
0.5148249572776168
0.5469176264546964
0.5765926315531298
0.6037927364142563
0.6319566813925709
0.6615416621482627
0.696660701028134
0.7298923539200756
0.7716308838718254
0.8209746491731833
0.8732146076749557
0.9326609646326752
0.9970360170239447
0.012695283271863266
0.10267036655073418
0.18588920701056616
0.25555285701216385
0.320407971854556
0.3748128812858679
0.4225484307396101
0.46459579789189165
0.49960447525148627
0.5315807366540919
0.5629866861942314
0.5902591132095868
0.6201909472863489
0.6542209812670742
0.6871341116798876
0.7249623749372518
0.7690325102081584
0.8159241115982299
0.8706843305155032
0.9297925263366893
0.9972962133200685
0.014164401459319576
0.10196269297364566
0.18111428362808635
0.24774699477130246
0.31164095111683116
0.36404941631570253
0.4097364227701393
0.45239383923132687
0.48923365491678006
0.5201272362334263
0.5504638314967533
0.5816793101564021
0.6121118916097883
0.6453398141025595
0.6811662223233003
0.7197146176054401
0.7662789876931801
0.815708798639255
0.8686218902264137
0.9309072095826414
0.9951408786304489
0.01317987981743739
0.09702004052885085
0.17312001692993803
0.23956883391409506
0.30089042999757565
0.3531275711550787
0.40003327397782396
0.44248114908475217
0.47963204165369455
0.5123496778059247
0.5434132924976998
0.5750926782283651
0.6069045011472259
0.6396861797273927
0.6807422028887424
0.7187832696329135
0.7623866566761718
0.8130223071495534
0.868072516252098
0.9283278787821685
0.9939450763258862
0.011210976137770431
0.09306172094331966
0.1670451133864176
0.23570556881539362
0.2932625765218493
0.347486855060992
0.39398709708365537
0.4344516025649561
0.4719295747231393
0.5056009877129783
0.5425093802629534
0.5710502738624037
0.6051788415470887
0.6396725113345552
0.6793382961125205
0.7185541018904006
0.763074422128154
0.8142753978943896
0.8680805210219158
0.9289129457296342
0.9918504362231813
0.0067073827381806785
0.09064777514616326
0.15997008180239433
0.22915452396870326
0.2870937245643116
0.3420278609713902
0.3875357580752273
0.4313669403332182
0.46770664199402207
0.505007985639431
0.5388510328806201
0.5728589490409781
0.6074489799019099
0.643472623976962
0.6818335830868822
0.7225786359687125
0.7676249006191339
0.8164336304175932
0.8707771422953238
0.9270234031537746
0.9893276977445602
0.005572844584177563
0.08446259492193411
0.15850501210109239
0.2252396721497501
0.28619825635892426
0.33867035123857314
0.3876831999117234
0.43011552743509934
0.471604640051791
0.509120212704657
0.5429943720027405
0.577486002796704
0.6144794751454796
0.6496093236660404
0.6891900004073918
0.7307757923221992
0.7738352933338931
0.8239303863638155
0.8743055243045098
0.9304367918452768
0.9909328408779723
0.00047575041238337966
0.08035489995830446
0.1579000661281909
0.2241084244858743
0.28464390831636355
0.3409141743013861
0.3883199227489129
0.43643157091367824
0.47913565828701515
0.5167773875462325
0.5528797660865237
0.5905270109874714
0.6262052678161885
0.6642484074062778
0.7007464428509242
0.7433402315528672
0.7847247601254989
0.8322757030837051
0.8806073867886647
0.9368136436755706
0.9950635503034138
0.0013140094534792675
0.08317209173252449
0.15671256792848987
0.2272240582421048
0.28905191522856655
0.3475555563231103
0.3996907306856786
0.44681634091767264
0.4927918775761468
0.5318239517326077
0.5721807455958712
0.6090255452883724
0.6457955098024007
0.6836437847345549
0.7202036139615207
0.757900136177186
0.8004298822955694
0.8458456025736274
0.8944737800403386
0.9457792700694874
1.0
0.0038654611677517606
0.08572690909469194
0.16324102025844062
0.23380982432591996
0.30039610378593307
0.35906043011697786
0.413373817189661
0.4644757754054194
0.5107815019806716
0.5549780407786306
0.5948197807075057
0.6344004627646238
0.6694265596038753
0.7066994040839792
0.7457061105428746
0.7830361780106402
0.8240404186187635
0.8687973608539995
0.9117543984293117
0.963025649426907
1.0
0.0069883064848143715
0.09331471674485828
0.1725111816115839
0.24798907343813686
0.31637787387386207
0.37984243310772536
0.436609057713656
0.48995443255695814
0.5380696588121636
0.5844480029418748
0.6269241255932804
0.6679708710524068
0.7042719561579124
0.7406599247897641
0.7787106343641825
0.815335354282754
0.8548163941186113
0.8933122224965439
0.9383629947931557
0.9843041543777616
1.0
