0.0
0.0
0.0016449524299288198
0.0030944683562820485
0.0012208320739252598
0.004909638543062145
0.005479285119706079
0.010870298119507349
0.02622737878890885
0.04462717552194312
0.07722352107729424
0.11716831698293662
0.16908509357714308
0.23489764815837166
0.31217108855616316
0.4028548199440119
0.5086347954997357
0.6231002397011107
0.7536104159256872
0.8924490372988153
1.0
0.0
0.0
0.0
0.0
0.0
0.0
0.0
0.0
0.0
0.005278380899291668
0.03352788329607559
0.07478475964404108
0.12640988255172092
0.19093577514774251
0.27215119744284866
0.3674787159733167
0.4726714256494829
0.5928651624108425
0.7270107579252498
0.8721164449700286
1.0
0.0
0.0
0.0
0.0
0.0
0.0
0.0
0.0
0.0
0.0
0.0
0.032753390663862625
0.08709285271982503
0.15417109729625467
0.23746867588375953
0.33253057246288337
0.4429462018518591
0.5679001467404755
0.7035403642114343
0.8548686411557163
1.0
0.0
0.0
0.0
0.0
0.0
0.0
0.0
0.0
0.0
0.0
0.0
0.0
0.048889116422817014
0.11995724144485309
0.2041135758817615
0.3042575079582258
0.4169510598990158
0.5459531006631606
0.6877120809540631
0.8394610502450093
1.0
0.0
0.0
0.0
0.0
0.0
0.0
0.0
0.0
0.0
0.0
0.0
0.0
0.018650703830283666
0.0893323601194419
0.17892802674756425
0.2809149731347623
0.3992766107290796
0.529051962965507
0.6766086487559388
0.8309305544863652
1.0
0.0
0.0
0.0
0.0
0.0
0.0
0.0
0.0
0.0
0.0
0.0
0.0
0.0
0.06097427520698573
0.15228837852597443
0.25835762723012823
0.38090091072638577
0.5187388922631568
0.6658473124135247
0.8241984059558336
0.9940658474805067
0.0
0.0
0.0
0.0
0.0
0.0
0.0
0.0
0.0
0.0
0.0
0.0
0.0
0.03805817706266279
0.13137644987644503
0.2430879196650696
0.36710203721359136
0.5058610724973103
0.6592168005192611
0.8215794508338607
0.9942972416157974
0.0
0.0
0.0
0.0
0.0
0.0
0.0
0.0
0.0
0.0
0.0
0.0
0.0
0.015027938289107534
0.11456609284675356
0.22647739813151735
0.35766440022916435
0.50018206185611
0.654364817296083
0.821625467646903
0.9935163673896692
0.0
0.0
0.0
0.0
0.0
0.0
0.0
0.0
0.0
0.0
0.0
0.0
0.0
0.0
0.09738857707960791
0.2162534126330703
0.34993166258430264
0.4962836000499371
0.6528225826944434
0.8204453673647336
0.9959583835446341
0.0
0.0
0.0
0.0
0.0
0.0
0.0
0.0
0.0
0.0
0.0
0.0
0.0
0.0
0.08508370740283278
0.20809108524797415
0.3436065352820289
0.4937574465545131
0.6502546748418867
0.8237372229215888
0.9997740867750156
0.0
0.0
0.0
0.0
0.0
0.0
0.0
0.0
0.0
0.0
0.0
0.0
0.0
0.0
0.07439043145491508
0.1990394364317325
0.33744300116936554
0.4895439327413492
0.6553635361670871
0.823140323286911
1.0
0.0
0.0
0.0
0.0
0.0
0.0
0.0
0.0
0.0
0.0
0.0
0.0
0.0
0.0
0.06509974664207407
0.19296298512286802
0.33695101338804334
0.4919368535561514
0.6552059103937288
0.8259568845495999
1.0
0.0
0.0
0.0
0.0
0.0
0.0
0.0
0.0
0.0
0.0
0.0
0.0
0.0
0.0
0.05801220229910109
0.191301082706964
0.3355751579020724
0.49310877252595503
0.6571983955406541
0.8302469561228067
1.0
0.0
0.0
0.0
0.0
0.0
0.0
0.0
0.0
0.0
0.0
0.0
0.0
0.0
0.0
0.05196936661765483
0.18774017391793063
0.3356480872844545
0.49256297204713434
0.6590995820788416
0.8308708268502938
1.0
0.0
0.0
0.0
0.0
0.0
0.0
0.0
0.0
0.0
0.0
0.0
0.0
0.0
0.0
0.051029327501046384
0.18549125988764192
0.335000175134046
0.49401884315112216
0.6600382737600465
0.8321727252254983
1.0
0.0
0.0
0.0
0.0
0.0
0.0
0.0
0.0
0.0
0.0
0.0
0.0
0.0
0.0
0.04545970456635129
0.1857701625428787
0.33710328452846505
0.49719173522025206
0.6637475013400391
0.8362858191846455
1.0
0.0
0.0
0.0
0.0
0.0
0.0
0.0
0.0
0.0
0.0
0.0
0.0
0.0
0.0
0.04551138064248428
0.1833315202450565
0.3348013636898016
0.4982458411232055
0.6653847844826666
0.8351571462047598
1.0
0.0
0.0
0.0
0.0
0.0
0.0
0.0
0.0
0.0
0.0
0.0
0.0
0.0
0.0
0.046065134440395394
0.18651910651668846
0.33852932629443366
0.502192477829041
0.6677916024332127
0.8375600034276202
1.0
0.0
0.0
0.0
0.0
0.0
0.0
0.0
0.0
0.0
0.0
0.0
0.0
0.0
0.0
0.045103467447712764
0.1902748180848841
0.3432209645124473
0.5019200268527791
0.6697047404142304
0.8395413197958113
1.0
0.0
0.0
0.0
0.0
0.0
0.0
0.0
0.0
0.0
0.0
0.0
0.0
0.0
0.0
0.04968157257537109
0.19150209766411297
0.34419916196907385
0.5072569859093392
0.6725064594583066
0.8386763938325447
1.0
0.0
0.0
0.0
0.0
0.0
0.0
0.0
0.0
0.0
0.0
0.0
0.0
0.0
0.0
0.05507701351226868
0.1955486286500142
0.3484866552252859
0.5099722690410979
0.6737823615393723
0.8395670090012403
1.0
