0.006880093351480916
0.13217991061515477
0.2586287223954372
0.3865052259285005
0.5108215392127752
0.6290892108292261
0.7430277680686639
0.8477581174070301
0.939173155992205
1.0
1.0
1.0
1.0
1.0
1.0
1.0
1.0
1.0
1.0
1.0
1.0
0.008277978962553612
0.13947614159727667
0.2699005513259355
0.4016879887086723
0.5292705348644497
0.6503724073016509
0.7667279971816656
0.8719612086413051
0.968356920332595
1.0
1.0
1.0
1.0
1.0
1.0
1.0
1.0
1.0
1.0
1.0
1.0
0.007610241764517472
0.1445238733980831
0.2810635597834285
0.41439959010641947
0.5473522111265352
0.6703035213603132
0.787362032193231
0.8949084094300589
0.9910176342649084
1.0
1.0
1.0
1.0
1.0
1.0
1.0
1.0
1.0
1.0
1.0
1.0
0.004363849309650327
0.1477465544512293
0.29244486709111195
0.4295626066556916
0.5637294826064291
0.690640953887363
0.8089516894380304
0.9173442452720335
1.0
1.0
1.0
1.0
1.0
1.0
1.0
1.0
1.0
1.0
1.0
1.0
1.0
0.003378938730383754
0.15171560076646567
0.298543535326509
0.44053625754154985
0.5775090953028825
0.7080848254119968
0.8312827942422597
0.9399837952736739
1.0
1.0
1.0
1.0
1.0
1.0
1.0
1.0
1.0
1.0
1.0
1.0
1.0
0.002712626879641916
0.15509361173256744
0.3052865653439204
0.45287032302163543
0.5959587598671277
0.7258755677453453
0.8507288149710462
0.9589066877956838
1.0
1.0
1.0
1.0
1.0
1.0
1.0
1.0
1.0
1.0
1.0
1.0
1.0
0.00027543927297385895
0.15660305853243262
0.3128684859057026
0.4635288661172146
0.6063216035906329
0.7440011523782606
0.8685314246182968
0.9806728933976873
1.0
1.0
1.0
1.0
1.0
1.0
1.0
1.0
1.0
1.0
1.0
1.0
1.0
0.0
0.15905666161425464
0.3206225093544392
0.47582082247460533
0.6189782882869481
0.7608174527841148
0.8875786757559029
0.9990960118508732
1.0
1.0
1.0
1.0
1.0
1.0
1.0
1.0
1.0
1.0
1.0
1.0
0.9999668982179398
0.0
0.16387446065917974
0.3273607531808703
0.4846434152212433
0.6369958201046622
0.7744122047193662
0.9021381624674479
1.0
1.0
1.0
1.0
1.0
1.0
1.0
1.0
1.0
1.0
1.0
1.0
1.0
1.0
0.0
0.16696623491112278
0.3338515021434633
0.49462721276539007
0.6451070350251127
0.7877678213073314
0.9165951902660419
1.0
1.0
1.0
1.0
1.0
1.0
1.0
1.0
1.0
1.0
1.0
1.0
1.0
1.0
0.0
0.16893483926290218
0.33964088028694767
0.5050271828979529
0.6600117393140279
0.8012694809685276
0.9304367232588647
1.0
1.0
1.0
1.0
1.0
1.0
1.0
1.0
1.0
1.0
1.0
1.0
1.0
1.0
0.0
0.17296551078247235
0.3466451044970143
0.5102787223049545
0.6675808004206452
0.8106448039873511
0.9402765396695475
1.0
1.0
1.0
1.0
1.0
1.0
1.0
1.0
1.0
1.0
1.0
1.0
1.0
1.0
0.0
0.17474304269518703
0.3509277995227696
0.5218822371462781
0.6760583101503009
0.8226919050459437
0.9520302171587496
1.0
1.0
1.0
1.0
1.0
1.0
1.0
1.0
1.0
1.0
1.0
1.0
1.0
1.0
0.0
0.17837812870223016
0.3561627079119923
0.5263808347213519
0.6854510830358044
0.8277697892971014
0.9598824343906135
1.0
1.0
1.0
1.0
1.0
1.0
1.0
1.0
1.0
1.0
1.0
1.0
1.0
1.0
0.0
0.18132236183680805
0.36204918490092247
0.5317912711316095
0.6892000661803495
0.8337581121913908
0.9649479016057525
1.0
1.0
1.0
1.0
1.0
1.0
1.0
1.0
1.0
1.0
1.0
1.0
1.0
1.0
0.0
0.1846179941929084
0.36676955583262194
0.5356574568389733
0.6943366127851358
0.8385385064682334
0.9681456150437763
1.0
1.0
1.0
1.0
1.0
1.0
1.0
1.0
1.0
1.0
1.0
1.0
1.0
1.0
0.0
0.18772600243384066
0.36774136633332455
0.5392843695196929
0.6974610094178821
0.8414248651804082
0.9695740756633582
1.0
1.0
1.0
1.0
1.0
1.0
1.0
1.0
1.0
1.0
1.0
1.0
1.0
1.0
0.0
0.19135734541272015
0.37478083547596724
0.5415235304227201
0.6986143588421911
0.8405670827269305
0.9685513459716009
1.0
1.0
1.0
1.0
1.0
1.0
1.0
1.0
1.0
1.0
1.0
1.0
1.0
1.0
0.00312747358509693
0.1946174774904543
0.3767691578901292
0.5439939101415681
0.7023719108805938
0.8400685797285248
0.9645266453187229
1.0
1.0
1.0
1.0
1.0
1.0
1.0
1.0
1.0
1.0
1.0
1.0
1.0
1.0
0.005152418000020267
0.1984253278639735
0.3787826973797222
0.5477439022378447
0.6991217478238414
0.8401720114603911
0.961440798022824
1.0
1.0
1.0
1.0
1.0
1.0
1.0
1.0
1.0
1.0
1.0
1.0
1.0
1.0
0.00999399888291902
0.20451414724358508
0.3840379562111657
0.5501950718380508
0.7006483169994397
0.8357756284854521
0.9553571936139379
1.0
1.0
1.0
1.0
1.0
1.0
1.0
1.0
1.0
1.0
1.0
1.0
1.0
1.0
