0.0
0.0
0.0
0.0
0.006925785276597984
0.045474571853060364
0.09341029420465391
0.14816436183408072
0.2094209237427256
0.2772003780357348
0.34841829299607235
0.42562502575090166
0.5003368828265788
0.5763153178030522
0.6512914483202031
0.7251472319655885
0.7922612968581978
0.8556752528739267
0.9131520806078129
0.9574067046265556
0.9951700594189573
0.0
0.0
0.0
0.0011769740665335815
0.02895373961972636
0.06790548721827269
0.11691885014675293
0.17689908359094372
0.23996001167412165
0.30867912545332166
0.38066053735182465
0.4567239873694072
0.531436664756129
0.6048491867478301
0.6769935632472804
0.7473089939097161
0.8122258041097824
0.8712678974172826
0.920374824659831
0.9599250730962214
0.9931598524216381
0.00020474703801955
0.0
0.0
0.01858923634435858
0.049620020300008866
0.09190796995686115
0.14476155914060979
0.205582427005029
0.26988251011411724
0.34153627663676556
0.41577521781505833
0.490031693665552
0.5657588764411918
0.6365056816794032
0.7076961533911406
0.7762558364211419
0.8358185259069701
0.886517227777382
0.932034709790747
0.9698366840114658
0.9907755693287265
0.007376297127411729
0.00015113731828873822
0.010935823722459076
0.03464297738055058
0.06857298675323584
0.1153504835356769
0.17239320832971955
0.23369711071766325
0.30327504037476066
0.37607565953791466
0.4495925571782891
0.525727053862194
0.5984829197017955
0.672519611835373
0.7408197877865584
0.8028973988739653
0.8578229533177133
0.907937897686108
0.945200334608717
0.9756725276584906
0.9942222186631987
0.011725705490648585
0.009163328788995888
0.022737562407746395
0.051470802490931736
0.08922347367463399
0.14037912599483152
0.19811156636150543
0.26743830443478056
0.3357334929527111
0.41213033042616415
0.48700562959016797
0.5638589616688218
0.6363656322601858
0.7071114159406303
0.774522420365673
0.8333734274567219
0.8835723993230442
0.9276674181957909
0.9603143711441956
0.9826848066744099
0.9943886631295971
0.01184070508915799
0.015782900075733755
0.03398019113190526
0.06650521371014148
0.11120798026131862
0.16643721911932743
0.22960145532489354
0.29883651465943284
0.372291778166878
0.44787632427029983
0.5252054225781266
0.6009431864337049
0.6746739266679272
0.7424640023874667
0.8072949494883426
0.8624632606627386
0.910991688358495
0.9489748760013847
0.9742495948834544
0.9907287212070159
0.9927098868388962
0.012409080252819192
0.020251657511673096
0.04694054657014164
0.08269477589224171
0.13497088732403295
0.19468546224855743
0.26085326667953485
0.33204527136433104
0.4083713869196832
0.4858737730977244
0.5650313703554481
0.641315953875766
0.7125653348198109
0.7815009331729879
0.8415905540317772
0.8933328272361306
0.9375570870820938
0.9694310034553599
0.9904204194069218
0.9985754151507841
0.994302490662986
0.008943866510986569
0.028163064451676663
0.05790517770456998
0.10253507432016302
0.1566584169031271
0.21986248893603566
0.29028497084464383
0.36732881205870693
0.44746271191653647
0.524528877186115
0.604426070356332
0.680822114848357
0.752807810435083
0.8167932699691346
0.8752351234392273
0.9211898429208756
0.9597025615745316
0.9889132662371399
1.0
1.0
0.9946274998416562
0.008205825071722595
0.032734180552856665
0.06831173018658086
0.11755246505696057
0.17876820412981373
0.24584819284231207
0.32134544031486756
0.4046149430160291
0.48264011323978395
0.5673559063810738
0.645751497747364
0.719948668713488
0.7904666482862874
0.8543004907230313
0.9082855522571931
0.9522464469942998
0.9857461692851319
1.0
1.0
1.0
0.9947947848731952
0.007595631293862036
0.03739891176245054
0.07952828151395903
0.13886983164692465
0.20357330607581567
0.27644381862230416
0.356227203584797
0.4393564517693527
0.5238944976831649
0.6057709617966037
0.6837346058010108
0.7596175503801019
0.8286919428302381
0.8883046755638937
0.9390212997758716
0.9793838989532828
1.0
1.0
1.0
1.0
0.9942114414739113
0.005764354221467564
0.043445567493359684
0.0958703710954195
0.1576248633311401
0.2282351021978232
0.3093458149726122
0.3925157804327135
0.4766558910931058
0.5613784589945185
0.6425981350422162
0.7255043709947296
0.7982492420307167
0.864494059902378
0.9228733531548768
0.9691890654435825
1.0
1.0
1.0
1.0
1.0
0.9918580166206347
0.0029310023700161816
0.04979392625644294
0.10806774881586159
0.1781766715919416
0.2546901173718775
0.3393568821192093
0.4242157731720332
0.5128171387250502
0.6015231977028628
0.6848252185504873
0.7651908506911858
0.8359801059209386
0.8998979343317115
0.9512231686895364
0.9980708432789351
1.0
1.0
1.0
1.0
1.0
0.9900458971848315
0.001689544903283368
0.05700598573504981
0.12126892532645824
0.19794480479958454
0.28288284854396295
0.36743383204389685
0.46068566217534535
0.5498574502666531
0.6385038315252916
0.7229361214598325
0.8021405506428105
0.8726137595240253
0.9341064394840027
0.9846556387512417
1.0
1.0
1.0
1.0
1.0
1.0
0.9868930140831026
0.0010103217074579948
0.06460405534063154
0.1368281132806805
0.2216104227450822
0.3090469119019413
0.4021436308557949
0.49521370027651485
0.5864585283251934
0.6755593016381458
0.7607107898455092
0.8367878577548536
0.9077988925603633
0.9639872121810664
1.0
1.0
1.0
1.0
1.0
1.0
1.0
0.9834939154762927
0.0
0.07303758770942798
0.15407702355823225
0.2412856147090874
0.3388552031947554
0.43123269923558105
0.5300351559056802
0.6216966872740317
0.7140826267673757
0.795794968838553
0.8716541274401529
0.9384953479652951
0.9946247180739634
1.0
1.0
1.0
1.0
1.0
1.0
1.0
0.9808546702272158
0.00016153562967763466
0.08088182780565933
0.17035719638234575
0.2654479108932618
0.36597123632292716
0.46344278331819344
0.5623625265758274
0.6589215887352756
0.7491529279902254
0.8300807438236071
0.9044533285232257
0.9670330906137562
1.0
1.0
1.0
1.0
1.0
1.0
1.0
1.0
0.9797438588264106
0.0017300098278983979
0.09352857343765884
0.18727751765029285
0.2893180861456338
0.39116635049633364
0.49485284556757025
0.5964379493153061
0.6933293861451919
0.7833188783273752
0.8627205214208389
0.9360584175875803
0.9960369022222462
1.0
1.0
1.0
1.0
1.0
1.0
1.0
1.0
0.9804043104132736
0.004324272712659806
0.10301914122958979
0.20641657638777822
0.31147075534596325
0.41969062918609257
0.5257819133896091
0.6282609384080187
0.7255527399035011
0.813766237613686
0.8956167514420699
0.964968828438251
1.0
1.0
1.0
1.0
1.0
1.0
1.0
1.0
1.0
0.9824013734558273
0.008028358989086522
0.11521391873650606
0.22509088093285246
0.3353854417912737
0.448892328821995
0.5562221391269053
0.6619364472118469
0.7586620388267677
0.8460326585481638
0.9256483559253967
0.9918452318328408
1.0
1.0
1.0
1.0
1.0
1.0
1.0
1.0
1.0
0.9907233168788196
0.013566819592470187
0.12778867313020953
0.24300666616044703
0.36037806193844346
0.47403797459767744
0.5855279542301874
0.6930521096284377
0.7893080039181946
0.8746508433841227
0.953837215639937
1.0
1.0
1.0
1.0
1.0
1.0
1.0
1.0
1.0
1.0
1.0
0.017674608082281166
0.13982048451743304
0.2645314927026745
0.38621512324009755
0.5019437217170353
0.6179285932323093
0.7225109602365996
0.8210406252632347
0.9071013466482956
0.9849385767924854
1.0
1.0
1.0
1.0
1.0
1.0
1.0
1.0
1.0
1.0
1.0
