0.0
0.1579621710014662
0.33383740184309574
0.5084379339383669
0.6761859546032761
0.8359747208405982
0.9837300665727051
1.0
1.0
1.0
1.0
1.0
1.0
1.0
1.0
1.0
1.0
1.0
1.0
1.0
0.9922013777823442
0.0
0.172908154539404
0.3512113897272906
0.5314066968271098
0.7010181808694531
0.8625401478103756
1.0
1.0
1.0
1.0
1.0
1.0
1.0
1.0
1.0
1.0
1.0
1.0
1.0
1.0
1.0
0.002087018771187364
0.1860351847059618
0.3664480258472128
0.5464143382705549
0.7176341718691732
0.8823940671925719
1.0
1.0
1.0
1.0
1.0
1.0
1.0
1.0
1.0
1.0
1.0
1.0
1.0
1.0
1.0
0.008800078077059383
0.1901266958629092
0.3757450948696173
0.557616449678236
0.7308040905780575
0.8983420689657315
1.0
1.0
1.0
1.0
1.0
1.0
1.0
1.0
1.0
1.0
1.0
1.0
1.0
1.0
1.0
0.009240145024335036
0.19570155277383955
0.381191219887343
0.5618749582968421
0.7390210690218139
0.9045527331448606
1.0
1.0
1.0
1.0
1.0
1.0
1.0
1.0
1.0
1.0
1.0
1.0
1.0
1.0
1.0
0.00956553995553781
0.19394207394912175
0.3835091454509745
0.564877764868388
0.7395350044985529
0.9067862625630012
1.0
1.0
1.0
1.0
1.0
1.0
1.0
1.0
1.0
1.0
1.0
1.0
1.0
1.0
1.0
0.00912741571294538
0.19482245950019772
0.378133444970916
0.5613645448607187
0.7369126685018692
0.9047371589156658
1.0
1.0
1.0
1.0
1.0
1.0
1.0
1.0
1.0
1.0
1.0
1.0
1.0
1.0
1.0
0.004010193182449015
0.18938177694784467
0.37420943788553657
0.5556066569670852
0.7302885573376764
0.8958477120976761
1.0
1.0
1.0
1.0
1.0
1.0
1.0
1.0
1.0
1.0
1.0
1.0
1.0
1.0
1.0
0.0033001669589088236
0.18508018090644607
0.3661074659781893
0.5468696804740973
0.722496315380006
0.8883614129774978
1.0
1.0
1.0
1.0
1.0
1.0
1.0
1.0
1.0
1.0
1.0
1.0
1.0
1.0
0.9994176102296335
0.0
0.17911004105585185
0.35915021036586997
0.5364780600317667
0.7096257773721499
0.8738271721901187
1.0
1.0
1.0
1.0
1.0
1.0
1.0
1.0
1.0
1.0
1.0
1.0
1.0
1.0
0.9951410628538299
0.0
0.17379203049911043
0.3512710216707768
0.5272920531953971
0.6969296238105989
0.8593586113735452
1.0
1.0
1.0
1.0
1.0
1.0
1.0
1.0
1.0
1.0
1.0
1.0
1.0
1.0
0.9912663861639106
0.0
0.16974277779122512
0.34350841051136105
0.5144588863584001
0.684034795227151
0.8447230933007666
0.994718241940774
1.0
1.0
1.0
1.0
1.0
1.0
1.0
1.0
1.0
1.0
1.0
1.0
1.0
0.9857813415682369
0.0
0.1636093218250025
0.3356508862567914
0.5046697618651774
0.6728641346448887
0.830769523341437
0.9807614850360882
1.0
1.0
1.0
1.0
1.0
1.0
1.0
1.0
1.0
1.0
1.0
1.0
1.0
0.9851860270280514
0.0
0.1601737638706145
0.3257769369859248
0.4952315734513062
0.6576924413093403
0.8149403654909333
0.9617856854686705
1.0
1.0
1.0
1.0
1.0
1.0
1.0
1.0
1.0
1.0
1.0
1.0
1.0
0.9844338746166222
0.0
0.1564447002985166
0.3217542791005451
0.4842327566941642
0.6458392291304911
0.8015253303018385
0.9480975125311177
1.0
1.0
1.0
1.0
1.0
1.0
1.0
1.0
1.0
1.0
1.0
1.0
1.0
0.9839099315827872
0.0
0.15412760403534043
0.31568062523891693
0.475896091730726
0.632579907212017
0.787935166827554
0.9345247292469812
1.0
1.0
1.0
1.0
1.0
1.0
1.0
1.0
1.0
1.0
1.0
1.0
1.0
0.9836899237353693
0.0
0.15180326115691
0.308968396510926
0.4661544281382612
0.6221379380643141
0.7777290413744318
0.9225953732352599
1.0
1.0
1.0
1.0
1.0
1.0
1.0
1.0
1.0
1.0
1.0
1.0
1.0
0.9891145031658226
0.00046911446956963976
0.15011080425861822
0.3030669384290716
0.45720410228520775
0.6142629919440861
0.7644382609328071
0.9073939449217002
1.0
1.0
1.0
1.0
1.0
1.0
1.0
1.0
1.0
1.0
1.0
1.0
1.0
0.9923825900367107
0.0
0.14513331240423671
0.29542545730550285
0.44921105739468375
0.6036552315766859
0.7524590525851975
0.8983572757127501
1.0
1.0
1.0
1.0
1.0
1.0
1.0
1.0
1.0
1.0
1.0
1.0
1.0
0.9974888598351926
0.0
0.13996394723973515
0.2849930010003956
0.4356303264159669
0.5879997998061461
0.7398993174843311
0.8844426429092388
1.0
1.0
1.0
1.0
1.0
1.0
1.0
1.0
1.0
1.0
1.0
1.0
1.0
1.0
0.0
0.12959076534351632
0.2745809184029484
0.42517418987968797
0.5730251436743737
0.7240472131073191
0.8714331442163179
1.0
1.0
1.0
1.0
1.0
1.0
1.0
1.0
1.0
1.0
1.0
1.0
1.0
1.0
