0.0
0.0
0.0
0.002249015733993831
0.02219073480657538
0.05450778964354319
0.09504806089967746
0.14675525033450545
0.20558519112399007
0.2735834131400682
0.3503907128031902
0.43298184057924105
0.5136905059403145
0.5996603251003326
0.6828860517358225
0.7618284524575724
0.8355782642106919
0.8998013610224274
0.9515405796311294
0.9903456494314327
1.0
0.0010005684639516818
0.0
0.0
0.0029113984554395844
0.022873895611445844
0.05561780745912284
0.09868820524981683
0.15274945792353264
0.21442904367535112
0.2855562550532226
0.3645277850452019
0.44550020611136165
0.5295783488084339
0.6170681654482485
0.6962473511902816
0.7769911826979976
0.8500083032027717
0.9088041797606585
0.9567856973815272
0.9929536794435961
1.0
0.005251385352304413
0.0
0.0
0.0011071285569499711
0.02194743213226416
0.05667058232735059
0.09814055747052561
0.1551424242465963
0.21970041993647949
0.2933971498237642
0.3718575533800209
0.45676530540990645
0.5430882682685071
0.6296820872442175
0.7147255680865793
0.7906541389518469
0.8606138656037803
0.9197428227680894
0.9633333354142909
0.9926418682157878
1.0
0.0033767702737584884
0.0
0.0
0.0
0.020175130582268747
0.05616894596290661
0.10009209527894719
0.15748001854846974
0.22516300709114348
0.2984357960485555
0.38120282343244993
0.4696320951759441
0.5579053852573442
0.6447192764659476
0.7274039574528595
0.8026732307642565
0.8733841442311953
0.926866340492407
0.9697912105082442
0.996230670007613
1.0
0.0032704941523128903
0.0
0.0
0.0
0.018799261074697926
0.052951574320815625
0.10073363839647925
0.1578394889585985
0.227755194787876
0.3062975965898451
0.39065476878005656
0.4789625001268102
0.5694185232932202
0.6576226096072268
0.7415274626952219
0.8189682588455919
0.8847707749987869
0.9389766886938312
0.9770407670044116
0.9978822808618423
0.9999674032294236
0.0035618522310408894
0.0
0.0
0.0
0.012201946556151144
0.04853659204909269
0.0966786630529195
0.1588943655131267
0.23117936214540474
0.30966660685052616
0.398201727639045
0.4863104924654248
0.5780153427717291
0.6678840168281801
0.7518997114730073
0.8293351696545351
0.8949384907354879
0.9467051334048573
0.9835711238742246
1.0
0.9972234886745738
0.001763216464544376
0.0
0.0
0.0
0.007628425250908233
0.04608722847783858
0.09562412967934977
0.15704315593660317
0.23033360615922407
0.3135625254410488
0.4021108827161396
0.49362506207987644
0.5876317554060587
0.6791759843952235
0.7655716530252895
0.8386842175958823
0.9041015259887607
0.9550405009523566
0.9878063825364225
1.0
0.9957892252185125
0.0016473152295581124
0.0
0.0
0.0
0.0007707695128616188
0.03800525765811805
0.0897173991030637
0.1525881551496078
0.228234045670317
0.31394970249697274
0.40652046942089504
0.5027982862122544
0.5965681348233758
0.68737344920049
0.7742229153844856
0.849518023327517
0.9136898112068872
0.9626382411696501
0.9937153427290242
1.0
0.992970110526871
0.0
0.0
0.0
0.0
0.0
0.033058231174287245
0.0854381890116189
0.14880934899375992
0.22869892093080946
0.31390288212965056
0.40682060982915674
0.5030651354617881
0.6000995777045723
0.6951509479810956
0.7818140038814784
0.8570571948319472
0.9197905462355027
0.9684599545207868
0.9960290230970209
1.0
0.9924497557433696
0.0
0.0
0.0
0.0
0.0
0.025832005876837177
0.07821841344418076
0.1434830701948163
0.2231900387693585
0.3121143837057785
0.4086868289626663
0.5067139152901222
0.6065079525936161
0.7006573283116739
0.7895335805999986
0.8654845472632713
0.9273552639549829
0.9724356722346497
1.0
1.0
0.9908501337914029
0.0
0.0
0.0
0.0
0.0
0.015531134066170127
0.07265435369462636
0.14187975554881463
0.22064573473584956
0.30857872409690557
0.4082677440871947
0.5091780286984802
0.6086846331530276
0.7064742039945526
0.7940360458585326
0.8706681768674854
0.9338840020406934
0.9803151279353776
1.0
1.0
0.9918247824775336
0.0
0.0
0.0
0.0
0.0
0.00924810069156018
0.06515779331684102
0.13576090856325584
0.21807572976006157
0.30986293040069957
0.40782636810430734
0.5100563605785811
0.6106181425350324
0.7090631093035928
0.7967670441722967
0.8762783533593855
0.9385109790346243
0.9839926634878758
1.0
1.0
0.992267934629694
0.0
0.0
0.0
0.0
0.0
0.004389296206314008
0.058953568777099286
0.1315198057621222
0.21440349570586562
0.307757095413839
0.40737373289133816
0.5108723201848779
0.61342407346374
0.7124047362396696
0.7991806327933437
0.8811644420579776
0.9418562385902671
0.9859414852540914
1.0
1.0
0.9914874146359116
0.0
0.0
0.0
0.0
0.0
0.0
0.05658294805761421
0.12937178260115167
0.2112154895050417
0.3072063034235242
0.40726068665008497
0.5126357752467333
0.6149583958764452
0.7134665334422086
0.8047039142533111
0.8827156500383063
0.9457068300882385
0.9926070662064199
1.0
1.0
0.9951025293255524
0.0
0.0
0.0
0.0
0.0
0.0
0.05475247377695247
0.1283184974466569
0.2116914566248046
0.3079733120897258
0.4055975093369058
0.5129772875239154
0.6161677509967575
0.7150068061361589
0.8053522980657901
0.8839810254043508
0.9496598137542527
0.9925790789223526
1.0
1.0
0.9968575455581143
0.0
0.0
0.0
0.0
0.0
0.0
0.05304024602565682
0.12540134637868566
0.21171530540690997
0.30921596545198204
0.4077203395389344
0.5130865513224254
0.6171856798213453
0.7178794462740912
0.8081499237967162
0.884782748742788
0.9507682371463694
0.994855008971826
1.0
1.0
1.0
0.0
0.0
0.0
0.0
0.0
0.0
0.05505627638419325
0.12749362197579817
0.21343254672950263
0.30837130663095613
0.41052044523771547
0.5156785485776029
0.6187266460199454
0.7171889119975612
0.8095704736045698
0.8869012593862395
0.9516559636328896
0.9975990554976275
1.0
1.0
1.0
0.0
0.0
0.0
0.0
0.0
0.0
0.05504722259088268
0.13123789204917763
0.21407441197192492
0.31031091812840084
0.41275618979525563
0.5169366491668348
0.620715205863861
0.7195899232829039
0.8097757169969164
0.8874633532618142
0.9513998173441631
0.9962704024716167
1.0
1.0
1.0
0.0
0.0
0.0
0.0
0.0
0.0007780820553624501
0.059946365160009674
0.1317765225303753
0.21892569431157388
0.31473716299500165
0.41486348624362956
0.5191340377703499
0.6185029569689093
0.7191079384388597
0.8059258710765327
0.8845819944204956
0.9470472357295986
0.9937996630416022
1.0
1.0
1.0
0.0
0.0
0.0
0.0
0.0
0.003668632889410106
0.061310441653731174
0.13536499362277699
0.21974743940273245
0.3152434544660519
0.41479089516249656
0.5195363582104127
0.6209809213656405
0.7165001429803939
0.8054443919687396
0.8801190571395927
0.943257299135809
0.9901284760402467
1.0
1.0
1.0
0.0
0.0
0.0
0.0
0.0
0.0055917176690669645
0.06345882336508896
0.13844001688841506
0.21988881634391763
0.3136485811205506
0.4151206142306073
0.5131006003728794
0.6158723230322279
0.7081960546739665
0.7967169576236424
0.8739351885754962
0.9351681193092833
0.9787841048760701
1.0
1.0
0.9959089840509657
