0.0
0.007404525018918168
0.030174967659851434
0.04847199840130065
0.0626811226555884
0.07485904753744502
0.08841367586146051
0.09739930940901631
0.11381232192887997
0.13219764108685594
0.15651292834632946
0.1865344473549559
0.22584996958074943
0.27179306599852326
0.33302144629848174
0.40463491995834633
0.4894023913124496
0.5899098958378283
0.7044712048025399
0.8368357558824326
0.9840031502735018
0.0
0.009476526169395143
0.026755910340083705
0.041736361032468625
0.050739982593831695
0.06043742460423565
0.07098824499935935
0.08263895029230339
0.09348434016649143
0.112798127056015
0.13558496823678157
0.16872894543211642
0.20736669823073106
0.26018319763984493
0.3206219640863625
0.39565745441624206
0.4823393803132401
0.5853100159467165
0.705078882928677
0.8405553976419804
0.9944911463262266
0.0
0.007265773425619328
0.02270006638446026
0.02980668488377687
0.03823355496693642
0.04564914419146579
0.04966754762807385
0.06035245783567145
0.07347969924249337
0.08966026081570111
0.11353534521862518
0.14473121107449355
0.18677869203445346
0.24125836545502305
0.3034906604768586
0.37974872050194514
0.47303165246683365
0.5792933112469836
0.7049494100869651
0.844777379083534
0.9993664503697302
0.0
0.008150286810080058
0.01548313098141453
0.02055161472905956
0.023830129711539944
0.02749595049577555
0.030975270058719584
0.03554763157199292
0.04772978915113696
0.06440311428885392
0.08893486624271452
0.12305561240254093
0.16516756527245202
0.22011309704620685
0.28759729506350307
0.36658181381319954
0.46193387006570485
0.5721186100620396
0.6999203535196938
0.8424380820285609
1.0
0.0
0.0039426002420456865
0.006020373020525882
0.006696257400175182
0.006448451764131946
0.006228528275548539
0.007038700730993386
0.01159618419351155
0.022533707221576216
0.03682907981953143
0.06338455029024548
0.09619780149747581
0.14203289564499177
0.19787354320547634
0.26710681176237605
0.3492275933253988
0.44900512047891217
0.5651821227021225
0.6942113258703929
0.8409595323263793
1.0
0.0
0.0
0.0
0.0
0.0
0.0
0.0
0.0
0.0
0.012879624904769793
0.03650728665671932
0.07140101599707427
0.11862520378573527
0.1752838274941183
0.24720028778787773
0.3340444590516122
0.4343354569397514
0.5543928786366318
0.6878896982353184
0.8370892004025544
1.0
0.0
0.0
0.0
0.0
0.0
0.0
0.0
0.0
0.0
0.0
0.008234477748596092
0.04352697953166318
0.09155273640726713
0.1526118432848842
0.22760924700652685
0.3160906100248094
0.4222672799592561
0.5430344720182165
0.6798499849777911
0.83545158889746
1.0
0.0001270674703452877
0.0
0.0
0.0
0.0
0.0
0.0
0.0
0.0
0.0
0.0
0.020577512009682053
0.06832102844541388
0.1310410512679162
0.2076729891187299
0.3004191650038216
0.41022480204666706
0.5336260746381476
0.6750372486802536
0.8335492682760821
1.0
0.0
0.0
0.0
0.0
0.0
0.0
0.0
0.0
0.0
0.0
0.0
0.0
0.0453934515453257
0.11152720881347578
0.19196831570882855
0.28591994621525507
0.3971496095360924
0.5255032517436246
0.6678386374743852
0.8290058817840587
1.0
0.0
0.0
0.0
0.0
0.0
0.0
0.0
0.0
0.0
0.0
0.0
0.0
0.022699728100955774
0.09186371333681642
0.17434124481588098
0.27342996026197364
0.38611898249735715
0.517168649995134
0.6629724084245695
0.8248451734557012
1.0
0.0
0.0
0.0
0.0
0.0
0.0
0.0
0.0
0.0
0.0
0.0
0.0
0.0035724110357686634
0.07537659655769235
0.1618696941691914
0.2618799358027203
0.37877936153059294
0.5093387758367485
0.6615463604319242
0.8239214292683181
1.0
0.0
0.0
0.0
0.0
0.0
0.0
0.0
0.0
0.0
0.0
0.0
0.0
0.0
0.05937322633015174
0.14910667771173614
0.2520471770528495
0.36971561491216076
0.5037700780297121
0.655976384811165
0.8215516996199675
0.9992763149126146
0.0
0.0
0.0
0.0
0.0
0.0
0.0
0.0
0.0
0.0
0.0
0.0
0.0
0.04993731697952564
0.14072653137394264
0.24436714456623765
0.36526012601065305
0.5001610735478697
0.655274595103992
0.8177765270836403
0.9995619850963127
0.0
0.0
0.0
0.0
0.0
0.0
0.0
0.0
0.0
0.0
0.0
0.0
0.0
0.04027122330105637
0.13212127052222478
0.23879056382324726
0.3627770815246335
0.5004109813315158
0.6493879320034817
0.8173615153919294
0.9969531327359863
0.0
0.0
0.0
0.0
0.0
0.0
0.0
0.0
0.0
0.0
0.0
0.0
0.0
0.034585021107054637
0.12992066987160256
0.23859508739684743
0.3621055723833313
0.4991172375456346
0.6529000767581401
0.8177397430526084
0.9964254116677023
0.0
0.0
0.0
0.0
0.0
0.0
0.0
0.0
0.0
0.0
0.0
0.0
0.0
0.033289220219665516
0.1279180683407033
0.24017610775223386
0.3641170168818434
0.5033054607866028
0.6528752265206776
0.8180620438943804
0.9934058839153828
0.0
0.0
0.0
0.0
0.0
0.0
0.0
0.0
0.0
0.0
0.0
0.0
0.0
0.03483250438921259
0.13387343752435277
0.2441500342023859
0.371424074276712
0.5078551691852796
0.6589725126032874
0.8201793959772241
0.9935570944504291
0.0
0.0
0.0
0.0
0.0
0.0
0.0
0.0
0.0
0.0
0.0
0.0
0.0
0.04236256681955164
0.14086444176406665
0.2534115670740742
0.38163485611305925
0.5173895264051058
0.6677607855736833
0.8255576844379938
0.9945934961656566
0.0
0.0
0.0
0.0
0.0
0.0
0.0
0.0
0.0
0.0
0.0
0.0
0.0
0.05592605035572462
0.15688083764485927
0.2690244694481779
0.39359855830154566
0.5290895735205425
0.6786272905419507
0.8345259530537018
0.9961234579135628
0.0
0.0
0.0
0.0
0.0
0.0
0.0
0.0
0.0
0.0
0.0
0.0
0.0
0.0736332104842482
0.1730281011211393
0.286996521022468
0.41261148714873147
0.5475578831604098
0.6909135900838029
0.8431400602892074
1.0
0.006138142502582237
0.0
0.0
0.0
0.0
0.0
0.0
0.0
0.0
0.0
0.0
0.0
0.009817123467499966
0.10046856142136285
0.1973244472077489
0.31129881424177464
0.43472456800187087
0.5681957942296346
0.7076212489028693
0.8581741317462371
1.0
