0.0
0.0
0.0
0.0
0.0
0.0249278744841909
0.064085030049647
0.11504783209942587
0.17032937722775449
0.229244447057119
0.2942192277033994
0.365215320745264
0.43662463158769116
0.5109342926668831
0.5819183193769284
0.6549227695618756
0.727963183890268
0.7990843322148833
0.8681404053713992
0.935538835214665
1.0
0.0
0.0
0.0
0.0011119165026228783
0.03176014309444275
0.06646549850430863
0.11177992277685156
0.1617376433425924
0.2166383993910807
0.27595721761312647
0.33777399700715327
0.4025797282224671
0.47157857529764535
0.5371530921005007
0.605846777757507
0.6761585901738045
0.7414563611140543
0.8077841320540794
0.874245220984075
0.9340984773714952
0.9968273384677012
0.0
0.0
0.008284710765989342
0.03365767074873474
0.06598996734889692
0.10705019511641736
0.15157709549935747
0.20054185621987344
0.25704119898794014
0.31550195297336564
0.37663266165604103
0.43919733111874476
0.501502948512652
0.5657284111988694
0.6315252262933677
0.6948899767374015
0.7572686782540182
0.8185293980006026
0.878729417550062
0.939876411460957
0.9970434900367867
0.0
0.01066804244355423
0.031802386012130826
0.062061783564294495
0.09744759032401878
0.13871572968030937
0.18921926931014132
0.24096610868067253
0.2917467606383617
0.3497388110273194
0.4100162365188158
0.4687072537616911
0.5310975135192315
0.5921515547399241
0.6501327120967834
0.7109659292989469
0.7695131567525141
0.8287496363796285
0.8867687884512724
0.9417241016324673
0.9976191078541239
0.005434370472596141
0.026316881164601007
0.05065925150585698
0.08586798252610453
0.12319553980398394
0.17132956057262105
0.217791792267054
0.26873113132118903
0.32348763869523556
0.38028528200094813
0.43792701190249206
0.49560748982470837
0.5539513810919662
0.6116917478149722
0.6692141220819597
0.7268541402747926
0.7835735873354563
0.8377255155380021
0.8932410712201918
0.9497617227766951
0.9995438280482989
0.011623372996157254
0.037523519232238525
0.06653118305330698
0.10388547836586348
0.14740110633540351
0.19238844482832534
0.243648450514501
0.2951602136032032
0.34911760076478643
0.40443120311567216
0.46069982033042994
0.5175999135041471
0.574203599537408
0.6286515567543651
0.6855982847657279
0.7386896766604488
0.7925532842322884
0.8458132463435933
0.8978346939919488
0.9502919470468137
1.0
0.0167756642603799
0.045217412576647756
0.07805789337211165
0.1182227477392521
0.1624819908324946
0.21161184396435545
0.2636210063316726
0.31481946214099865
0.36691058579646857
0.42386124539452397
0.4770392170812437
0.5321464152957114
0.5868314692722616
0.6409641909497082
0.6951604265889525
0.7465990280864621
0.7999626635915615
0.8515490494377331
0.903650945358666
0.9559481489727853
1.0
0.017935349946043812
0.050055548646592694
0.08697060690966493
0.1287098489744007
0.17364764137730535
0.2210305670010256
0.27499911516895265
0.3261355710230549
0.38018253981225564
0.4336630818190225
0.48703952190587096
0.5426822246952167
0.5949128850587149
0.6470002436812039
0.6985725106607037
0.7508492477790168
0.8029685338739647
0.8521887177629497
0.9020634013280835
0.9559031049421364
1.0
0.01741752243300261
0.05126952220198256
0.09055704209176324
0.1333443463164964
0.1798830340228927
0.229291231498356
0.2791261581453213
0.3316162083216585
0.3848442714776228
0.4379570696564778
0.4926466410379813
0.5435742137936806
0.5978914419419233
0.6494435752873533
0.7003730347892118
0.7519566523461324
0.8028505430987666
0.8546574894062169
0.9054669597054438
0.9562827648529935
1.0
0.01966291483255692
0.05261610352829785
0.09067047118134403
0.13631038587550473
0.1812682078834365
0.22878219889367518
0.2799670428994397
0.3306273945537875
0.3816563436588159
0.4345616024790359
0.4887793309773375
0.541030658693788
0.5922968647845284
0.6445864370697539
0.6946693526278038
0.7464107612489141
0.8007869035617085
0.8511584314980672
0.9025817074656456
0.9554504287495765
1.0
0.01585182920878208
0.05026434051303351
0.09238688703126362
0.13172943820023145
0.17872376549142324
0.22644680447773802
0.2747020112828778
0.32557033884977044
0.3772051046097061
0.4262247396774027
0.47873912789140544
0.5289272097188601
0.5820965403173702
0.6342109822154989
0.6874447148673176
0.7393901772334575
0.7912923893607061
0.8424291247290634
0.8998408445937239
0.9529928442417416
1.0
0.013532753026845515
0.04932854955045039
0.08654258599065714
0.1267578323483274
0.17079103237972287
0.21886177111604194
0.2647904454622532
0.3122918197633714
0.3613051393581843
0.41332688490213093
0.46487015801933196
0.5154137627923915
0.5649867477241665
0.6191534291258328
0.6707843283645232
0.7260431628901038
0.7812998205104061
0.8360324858859055
0.8918571212969798
0.94940065124346
1.0
0.012590347737626111
0.04473011750326655
0.07957095684977782
0.12033936850243528
0.15987049567152123
0.20224786068643621
0.24748284055433767
0.2945914946806807
0.34271001716788463
0.39128029759506183
0.44230387407361343
0.49516830528140704
0.5459243277259551
0.5993946271981883
0.6523711831306339
0.7108322880863808
0.7671668143604893
0.8240417911807218
0.8842621456721769
0.9456311982387299
1.0
0.010950096340028765
0.040733835938833854
0.07352439708451
0.10753663185355691
0.14727158738428747
0.1867351763063808
0.229865046243935
0.27409635506101554
0.31828982388798877
0.3659874855319335
0.41493397036759255
0.4651162733465219
0.51922113826073
0.5739287593032765
0.6301823591845142
0.6890721444042905
0.7503859456755316
0.8101228985478354
0.8748459656028362
0.9378518522019968
1.0
0.009003094542408673
0.03527656771237824
0.06441852341961275
0.09552287090348013
0.1311678286067371
0.16469954641445628
0.20586330674583464
0.24556317036353295
0.2916103898403686
0.33546632811518606
0.38562736999427805
0.4360684583283134
0.489305104371649
0.545139688844507
0.6034089287160472
0.6626631979953967
0.7296508650333993
0.7956259975942559
0.8612791878697764
0.9327034296046093
1.0
0.008248493477486282
0.02907396655865446
0.05323837807667779
0.08179118548528948
0.11105085202954416
0.14134249523563053
0.17984618380550038
0.21558365226845566
0.257033473245177
0.3016626467312685
0.3498115332753926
0.40055834258473405
0.45469054844613677
0.5119622730968056
0.574984811241855
0.6404141371101286
0.7077986309237948
0.7760217622232237
0.8486785291797118
0.9219784672534288
0.9967301766370714
0.005757263364944583
0.024126945078049578
0.04405784381884309
0.06560940937852375
0.09171196575318019
0.12157559783732724
0.14989948156544905
0.1828818539510127
0.22104627146530964
0.2649385845152622
0.3118713136537229
0.36294611448266
0.4195222204626313
0.4789592693603177
0.5437587848428693
0.6125810899320171
0.6834459847064789
0.7614745543018815
0.8360730197769506
0.9187491454280073
0.9964432675695906
0.006194223488734025
0.01710420450767604
0.03485377082267095
0.05078282868964186
0.06805742578268517
0.09291939135658775
0.11766438188747011
0.14878531064690725
0.18530653639517275
0.22480327682194545
0.2717928230341119
0.3233491518862147
0.37966859922279145
0.44242397248167625
0.5103865687766216
0.5843777259133354
0.6596979298252894
0.7413789782401838
0.8238316165574878
0.9104673497694599
0.9963215121129585
0.008856976646746246
0.014996096348081953
0.02363837890247543
0.03582448771476868
0.049109156421939304
0.06602865133428165
0.08518654349092145
0.11504765855328886
0.14719693738434847
0.1857560668826635
0.2295751752088061
0.28242246416396705
0.3429929497600748
0.40482906974068167
0.4770633862962598
0.5547835716801841
0.6372717654754461
0.720787542050066
0.813415514126192
0.9045495553757442
0.9984377291389992
0.007901071430313562
0.010940179554835151
0.012649720893733549
0.016513469730380065
0.02542795130598191
0.03818196076453145
0.055464936044602786
0.07849386685169352
0.10843182210006724
0.1457777712404174
0.18839862795511175
0.2409981844199417
0.3013290016838015
0.3684850766551875
0.4461059861827304
0.5256185776712856
0.6144472534635033
0.7092033915058238
0.8010810370462756
0.9017284123114977
1.0
0.01188104223852125
0.006506203666649897
0.0017782776757273994
0.0004983925303186643
0.0038209892312053018
0.01121550176170083
0.023478259474608965
0.04478085510132046
0.0714320051384899
0.10517522382076006
0.1509929409187053
0.2022016280830995
0.2629679143339993
0.334584135137681
0.41563342388632657
0.5035037392459158
0.593426522941501
0.6942340741905505
0.7943606092010765
0.9014143280093346
1.0
