0.0
0.03538973788540846
0.10373341860833038
0.18584625093555074
0.27837490858161273
0.3750244676050237
0.4790954214650156
0.5852773258171544
0.6915761019134488
0.7956632862891428
0.8901059009101069
0.9746749115373678
1.0
1.0
1.0
1.0
1.0
1.0
1.0
1.0
0.9987133935866498
0.0
0.03653623072082897
0.10553655044654632
0.18773150327310476
0.27509264343168943
0.3737943636494261
0.47859777370062223
0.5863980530763478
0.691047942105874
0.7954304803657699
0.8923089792554055
0.9787365521115827
1.0
1.0
1.0
1.0
1.0
1.0
1.0
1.0
0.9948966024589925
0.0
0.04151488710295976
0.10810156236091761
0.18505899848264287
0.27459031726072036
0.3727486645154827
0.476929271263455
0.5834279249273937
0.6908896908656139
0.7954599352909506
0.8936404320770761
0.9843071739464211
1.0
1.0
1.0
1.0
1.0
1.0
1.0
1.0
0.992800114153573
0.0
0.044228692371497944
0.10862413871901659
0.18633422169361336
0.27433321430788216
0.37027445656383473
0.475760264042872
0.5861913528527529
0.6912012844964854
0.7996745022258316
0.8979143205922495
0.9896275066064928
1.0
1.0
1.0
1.0
1.0
1.0
1.0
1.0
0.995647184095207
0.0
0.04596654412442413
0.10752754069833279
0.184365775124489
0.27234643536620473
0.37077342152727355
0.47549401456216434
0.5860133466295104
0.6939781869110327
0.8022339992880956
0.9028644366193979
0.9949639490678176
1.0
1.0
1.0
1.0
1.0
1.0
1.0
1.0
0.9998545740923048
0.0
0.04690773201206194
0.10940484180552613
0.1841091380162585
0.2720879399282132
0.3682461053917854
0.4767641240507341
0.5853537323287274
0.6943498763184482
0.8039555244287245
0.9065341440201353
0.9981281196238632
1.0
1.0
1.0
1.0
1.0
1.0
1.0
1.0
1.0
0.0
0.04607696878945275
0.1081582975290286
0.18356160127502022
0.27155553246306957
0.36772997310310823
0.4725301231691934
0.5838809961604992
0.6970700380583366
0.804508370371874
0.9119876294476339
1.0
1.0
1.0
1.0
1.0
1.0
1.0
1.0
1.0
1.0
0.000842317994465218
0.045649702053059495
0.10886246194560673
0.18353436742694684
0.26831206746905895
0.36903483762950734
0.47425600070199747
0.584527423363445
0.6985553429915797
0.8092539325650545
0.9133531834174881
1.0
1.0
1.0
1.0
1.0
1.0
1.0
1.0
1.0
1.0
0.003470434197323688
0.04797793027265223
0.10858186374413918
0.1800708430618153
0.2697836873232775
0.3665428341814532
0.4741057713636403
0.5851128683961041
0.6972484611796858
0.8108246249983639
0.9174367138771173
1.0
1.0
1.0
1.0
1.0
1.0
1.0
1.0
1.0
1.0
0.0029450463725986236
0.046400443071312907
0.10619426867533152
0.18107660913292373
0.2688133991510293
0.36460233989479934
0.47140270744795765
0.5859081236307959
0.7000249734834174
0.8123460408418237
0.9211717647431604
1.0
1.0
1.0
1.0
1.0
1.0
1.0
1.0
1.0
1.0
0.0
0.04646060987751456
0.10727487976902149
0.18076013316556158
0.2670258835817554
0.3651281211563408
0.47215167488168697
0.5868705958620182
0.6998395802381898
0.8127888543848891
0.9207325287919377
1.0
1.0
1.0
1.0
1.0
1.0
1.0
1.0
1.0
1.0
0.0014413305829894423
0.0457919276419865
0.10735204582653499
0.18168415616784217
0.27033056105501907
0.36252540718910886
0.47346280732712753
0.5866242990050767
0.7012550537476262
0.8147973938183055
0.9213256708983929
1.0
1.0
1.0
1.0
1.0
1.0
1.0
1.0
1.0
1.0
0.0
0.04590476388543256
0.1075113063845074
0.18022481224718245
0.2671479882285907
0.3681726539688861
0.47455605874452766
0.5868927770076565
0.7030468471298295
0.8141594459605515
0.9254736470306786
1.0
1.0
1.0
1.0
1.0
1.0
1.0
1.0
1.0
1.0
0.0
0.04662856772464198
0.1093859377400929
0.1837646064303479
0.27231706516671284
0.36883398043059873
0.4769927643703315
0.5896874583009653
0.7043765674264545
0.8182929524243885
0.9263039382229671
1.0
1.0
1.0
1.0
1.0
1.0
1.0
1.0
1.0
1.0
0.0
0.046308951305258236
0.11066142356791717
0.18526214771881716
0.274624082586867
0.3737670499706859
0.48130227587897695
0.5937784756720663
0.7082907974154801
0.8206173435233306
0.9276974739730042
1.0
1.0
1.0
1.0
1.0
1.0
1.0
1.0
1.0
1.0
0.0
0.048659729296521376
0.11109071642176416
0.18884486600547368
0.2795324037442847
0.378527620450184
0.48409499325321814
0.5982975591472365
0.7127243816220332
0.8244336878167056
0.9335624496287283
1.0
1.0
1.0
1.0
1.0
1.0
1.0
1.0
1.0
1.0
0.0
0.04930753990753852
0.11654575800413515
0.19375916631149057
0.2840806130619279
0.38489161465930444
0.4933273527638946
0.6050449028574727
0.7187855552121223
0.8314987752638088
0.9368635763484292
1.0
1.0
1.0
1.0
1.0
1.0
1.0
1.0
1.0
1.0
0.0
0.04991454443621393
0.11820077838651367
0.19878821619970027
0.2879830821349676
0.3912923757136604
0.49786366824383865
0.6098617474167431
0.7269487362226867
0.8363444668701208
0.9441683990025223
1.0
1.0
1.0
1.0
1.0
1.0
1.0
1.0
1.0
0.9974818879571132
0.0
0.05431823331961704
0.12239607719210574
0.20620413160302614
0.2963804639399401
0.39878170340742
0.507078830712223
0.6182408428679378
0.733706685041777
0.8431677366239432
0.9499784117768865
1.0
1.0
1.0
1.0
1.0
1.0
1.0
1.0
1.0
0.9948778084802313
0.0
0.05353642880949947
0.12761372462778547
0.21038795288394424
0.3042424418501446
0.40668033981898777
0.5139530636199617
0.6270505326595958
0.7387504197541389
0.8517167704819606
0.9568771525717624
1.0
1.0
1.0
1.0
1.0
1.0
1.0
1.0
1.0
0.9933515811993228
0.0
0.05631627982433411
0.1312227075921267
0.21530818787813266
0.30952415450850707
0.4135751183434897
0.5213260996996391
0.6349341377734201
0.7475451505770078
0.8553150318261638
0.9613038071125777
1.0
1.0
1.0
1.0
1.0
1.0
1.0
1.0
1.0
0.991847543305055
