0.019706532670435224
0.1380945868682989
0.2600924808509536
0.37907741895283453
0.5040996491866389
0.6228987952180618
0.7386809713866462
0.848845836918289
0.9464498214774476
1.0
1.0
1.0
1.0
1.0
1.0
1.0
1.0
1.0
1.0
1.0
1.0
0.010178533027060626
0.1228277303728771
0.23589701718722747
0.35531575451724173
0.4740628185160168
0.5879952421816788
0.6996866484435333
0.8033260225271165
0.9013669856369668
0.9874391822537929
1.0
1.0
1.0
1.0
1.0
1.0
1.0
1.0
1.0
1.0
1.0
0.004386380637289722
0.10915298481785522
0.21824094175075406
0.3314698518627651
0.4446672731934297
0.5522610862613655
0.6614582503103236
0.7616693265943066
0.8558308299956715
0.9401037874589745
1.0
1.0
1.0
1.0
1.0
1.0
1.0
1.0
1.0
1.0
1.0
0.0
0.096065214977155
0.20142975115547346
0.30929346077278075
0.4171029365313252
0.5207999378785164
0.6247960508645485
0.7207320564807418
0.8092267090293126
0.8902249708879539
0.962517712328478
1.0
1.0
1.0
1.0
1.0
1.0
1.0
1.0
1.0
1.0
0.0
0.08821522555867592
0.18559863469552582
0.28717566143599016
0.3888992741791799
0.4893348792671154
0.5878114145976383
0.6814524761907972
0.7652781261339072
0.8446564288596033
0.913500604385924
0.9720910121430308
1.0
1.0
1.0
1.0
1.0
1.0
1.0
1.0
1.0
0.0
0.08099377670285653
0.17369393943710087
0.26747547345318373
0.36192927043224954
0.45838105473854196
0.5492100343224949
0.6381492246915887
0.7220155538678179
0.7967562810575028
0.8671003603789912
0.9248844987298448
0.9738375672264343
1.0
1.0
1.0
1.0
1.0
1.0
1.0
1.0
0.0
0.07456521455449037
0.15920434172498044
0.24607336958497378
0.33603742927563485
0.4252982460463749
0.5135089867433087
0.5978324815375475
0.6784793597356349
0.7542837587955298
0.8198908305089051
0.8780240487729298
0.9306063709428609
0.9698155814757157
1.0
1.0
1.0
1.0
1.0
1.0
1.0
0.0
0.0676280210484978
0.14550473701019412
0.22688531227129877
0.30930747528532193
0.39264828663215323
0.47752294587402466
0.5564465558827304
0.6332943087882144
0.7071404607152527
0.7740538505707936
0.8334154043646811
0.8852251744494468
0.9287117724087802
0.964815896606611
0.9898185006490213
1.0
1.0
1.0
1.0
1.0
0.0
0.06326732610777314
0.1331810839283914
0.2066605127891059
0.28456310572920673
0.36152530475192773
0.43956586137243436
0.5155310673791891
0.5893912061071124
0.6600297120690501
0.7264623710067885
0.7858601392155402
0.840354080227365
0.888481925032026
0.9268896859690693
0.9599326089619941
0.9823152968583057
0.998632327944701
1.0
1.0
1.0
0.0009332972678275284
0.05591687232368191
0.11917154781705275
0.18550643989313312
0.2554266877722675
0.3271680446896832
0.398925175000908
0.47370814869610434
0.544581304415804
0.6131716450828889
0.6789665477072553
0.7428242757276676
0.7978441336182573
0.8482091348862313
0.8906690975137839
0.9274778061488733
0.9551946635328777
0.9787020628137405
0.990057673510003
0.9979723359861465
0.9987597589325368
0.003949546885627617
0.05053955451996943
0.10331165268478418
0.16239303786512702
0.2246408496056242
0.29052582802647725
0.3593755649261373
0.42914397780132374
0.49812213677699124
0.566035340890609
0.6319298049775524
0.694899321761493
0.7538486185104629
0.8073324897859502
0.8548613908373324
0.8966939757719188
0.9309456587430953
0.956776357085648
0.9786449978209032
0.9900101119754637
0.9970659691075017
0.006211463322185935
0.042975978209243496
0.0882400463789607
0.1374981542921339
0.1924048449403254
0.25136938864015973
0.3176770953752465
0.38426471906935633
0.4505997697506198
0.5171211339523984
0.5831340035591829
0.6476741174753384
0.7077731168486325
0.764370881433547
0.8193821068241796
0.8656714651291043
0.9046543702604342
0.9386044475757914
0.9639499359348092
0.9844565246676676
0.9949268704451603
0.004297998625383821
0.03504941337888748
0.0680122302341607
0.11020945484799868
0.15826883524642693
0.21076346638523186
0.26974812003518567
0.331022144264563
0.3991070312065893
0.4654602971940764
0.5311987140097918
0.596027541874897
0.663426699583479
0.7235379279045774
0.7810083308420959
0.8349129879313937
0.8771043305263868
0.917629204839088
0.9517208943303588
0.9765108926747338
0.9945450872642159
0.0064230090334880426
0.022410359689906782
0.04837143038883643
0.08083948751757905
0.12144707643511403
0.16904663364011677
0.22219757873114138
0.2799869499629913
0.34564875209829965
0.41161809899925483
0.47862807931488194
0.5451194607917363
0.6121224360928104
0.6777019519043758
0.7413963171277356
0.8006329330872988
0.8530859919651939
0.9013069651609984
0.9396376878549616
0.9686286157269094
0.993078870798021
0.004682531091075751
0.010813214147001093
0.02635854664830929
0.04953997819418861
0.08285306804888239
0.12227004649516027
0.1702999885294039
0.2267131975872487
0.2866755359448122
0.3514613154557251
0.42145241949289686
0.49197579046226314
0.5631756687407449
0.6338428394458179
0.7029646400106666
0.7662069591277506
0.826217700984463
0.878455898457149
0.9262049422661796
0.9611234618185024
0.9894479304819704
0.005476833710764149
0.0
0.0013643997008432884
0.01596018933602239
0.03933981330984557
0.07583686306408774
0.1181509650382992
0.16827708362662874
0.22770441029923663
0.29271176929981135
0.3621209560632711
0.4372143435488629
0.511785104262878
0.5876523970705825
0.6599653292651786
0.7326659854804662
0.7979210057978285
0.8589646566588879
0.9109712087284838
0.9564597523804247
0.9898706055412609
0.0002667870962407261
0.0
0.0
0.0
0.0
0.02331945881531547
0.060420530768230174
0.1068124567543437
0.16667255933891906
0.22745616481612568
0.29969784106941477
0.3772951402465862
0.45516282855623325
0.5367663511694295
0.6166278369055445
0.6953493076171151
0.7685290050033169
0.8358796980082871
0.8974094767201468
0.9495981277416755
0.9900300028820003
0.0
0.0
0.0
0.0
0.0
0.0
0.0
0.044649271046506345
0.09980119143652372
0.16289005131215567
0.23477118762127525
0.3133821990625978
0.39884930740066693
0.48517339418624406
0.5705011057883895
0.6578386128260114
0.7414811025875294
0.8154631001327892
0.8852215879686121
0.9440460572623579
0.9889760503989204
0.0
0.0
0.0
0.0
0.0
0.0
0.0
0.0
0.030979292559603244
0.09526452694500803
0.16786893953863335
0.24947342614948703
0.3403903161279004
0.4334786053074921
0.5235373187672825
0.6193322698776107
0.7087201094490088
0.7961255036186209
0.8677035078474574
0.9355837505340189
0.9906810553634946
0.0
0.0
0.0
0.0
0.0
0.0
0.0
0.0
0.0
0.023588678805867735
0.09818313582806876
0.1843058821293903
0.27737448222505356
0.3740289857934683
0.4774402701004952
0.5787435913453935
0.6793197052329514
0.7702419008382476
0.8555956589705975
0.9298657487617389
0.9911940535100425
0.0
0.0
0.0
0.0
0.0
0.0
0.0
0.0
0.0
0.0
0.02849185470245663
0.11552196810205517
0.2133317217929674
0.3167648664417604
0.42693716160128764
0.5349159380065287
0.6438123679831416
0.7475368133878038
0.8393089557677726
0.923575788393159
0.9936316372154258
