0.0
0.0
0.0
0.0
0.0
0.0
0.0
0.0
0.0
0.0
0.0
0.03541732493521732
0.09710273498907074
0.1720101666711067
0.26094191275658296
0.36290815239337665
0.47595265739862824
0.6000669580926478
0.7269967318043163
0.8585413083569944
0.9877725848478071
0.0
0.0
0.0
0.0
0.0
0.0
0.0
0.0
0.0
0.0
0.0
0.03714676644871484
0.09792757214165382
0.1751739550516771
0.2620988358916667
0.36512264681744383
0.47617768029837754
0.6008124650110814
0.7265780356104674
0.8577834608984893
0.9881622613004111
0.0019242101379849017
0.0
0.0
0.0
0.0
0.0
0.0
0.0
0.0
0.0
0.0
0.043481548681115534
0.10421264076885028
0.17909731129455508
0.26795779022337274
0.3711269602538414
0.48449699890726566
0.6029516439343965
0.7313385895502797
0.8600743602900957
0.9890608983633425
0.004312263352270849
0.0
0.0
0.0
0.0
0.0
0.0
0.0
0.0
0.0
0.011039430954659313
0.05606414954819139
0.11619950565234938
0.19025667681662706
0.27687873085174197
0.37864540728633755
0.4906057333521889
0.6098520322894836
0.7347822683196203
0.8634472304711468
0.9918324663980789
0.003698669512219705
0.0033050667548952944
0.0
0.0
0.0
0.0
0.0
0.0
0.0
0.0
0.02246133005472839
0.070481921662219
0.13226453910020264
0.20598287736895948
0.29075347547471964
0.3902368615754565
0.5009088319169707
0.6195707591812014
0.7439388679757435
0.8682903560286738
0.9950325614626048
0.006360944746582274
0.005781704921875755
0.0027096369281494753
0.0
0.0
0.0
0.0
0.0
0.0
0.011814023904687387
0.04548250046398539
0.09032361103872
0.14985474963361423
0.22225957369856075
0.3098391463133117
0.40597857111257096
0.5154323401332158
0.6307958183036837
0.7512028668516861
0.8737739176533699
0.9957732837232117
0.0052731884295359474
0.011284326398829099
0.010746635690933676
0.005890374408615201
0.000460607828648818
0.0
0.0
0.0015328061481372224
0.014760210272442342
0.03497411354347879
0.06978093164046606
0.11580577065601716
0.17358667502928182
0.24486496177051897
0.32775384482265374
0.42418539715570197
0.5287258536276984
0.6418767255984706
0.7597785317647492
0.8810302220883297
1.0
0.005151229534618926
0.014486174792428745
0.019365234123788766
0.018299456213053317
0.016950515451042758
0.017687037682061507
0.01882814121866888
0.02599791312510996
0.0381459379393293
0.06398281476381057
0.09434219031049002
0.14064584423846388
0.2001211273175173
0.2686672380520831
0.3503862337237184
0.4453697232985543
0.5482670684262689
0.6559494698032264
0.7709530403428528
0.8874449436941418
1.0
0.006140095700548726
0.022056339521352514
0.027780589014808482
0.032310430224267675
0.03583472309407504
0.03770969483775233
0.04222652272187083
0.05202511249735997
0.06686369876702053
0.09117488514000771
0.12455213991947917
0.17011793032499106
0.22764554706093826
0.2965575293607765
0.3761183138527202
0.4660504561571702
0.5662284457790145
0.6703454524385635
0.7798608550202076
0.8927143652222842
1.0
0.0063296698746847825
0.024739117419421905
0.040519396764053105
0.048290896029521066
0.05689794265224454
0.061141919438603615
0.0684553789277011
0.07970702373118788
0.09898530031277142
0.12191998517958708
0.15818390306128882
0.20269471436990016
0.2564791792703511
0.32369285547282844
0.4017962694575829
0.49108002295762554
0.5850550264255798
0.6878300993754707
0.7932034955844387
0.901765239883246
1.0
0.00730973581501166
0.03354148838951333
0.0501792592629585
0.06487467724597958
0.07586373473515645
0.0849829288928412
0.0962288144796109
0.1101042036353988
0.12946704597551234
0.1544323653873642
0.18831353660109446
0.23236175869554182
0.28874707210179307
0.35125554987037216
0.4286837346426747
0.5096402206121177
0.6035918014040119
0.7011050288145421
0.8022049369124364
0.9047858956422785
1.0
0.0069677268860487964
0.03806534907904492
0.06294117576337419
0.08212421344562955
0.09471725699600747
0.10790560220357581
0.12175090602982358
0.13687680276045533
0.15969016892884652
0.18635897329327494
0.22011417611407758
0.2635780785652487
0.3165364314020496
0.38121818094097243
0.4533087999273464
0.5346360418430223
0.6215821749487134
0.7157077392450708
0.8132472297979709
0.9094819092845079
0.9990968515784466
0.005744062817032449
0.04321374897226775
0.07401567052341905
0.0977825897323407
0.11646987397860376
0.13312119179881185
0.14815501840076412
0.16775360491939556
0.19037828553989405
0.21800886532503866
0.25256226406252363
0.29609692960111433
0.3481650622333634
0.409353662935687
0.4783195382659076
0.5558989679863872
0.6401597679716402
0.729958794818885
0.8205110354781919
0.9119620654784105
0.9987463627165499
0.004439703915314617
0.04770780602767581
0.08283603645401082
0.11033947009296266
0.1318470144349096
0.15627146165693379
0.1732885798351057
0.19438259342890254
0.2177752203128585
0.2490525060339231
0.2815667612719035
0.32621659985528784
0.37553517276416676
0.4362871000261362
0.5026142009558415
0.5791643671050468
0.6569528576107538
0.7429979157060642
0.8296904445389321
0.9152601287304766
0.9969902245506012
0.005207244463381382
0.05282484307331919
0.09171342339437125
0.1232226156265617
0.15237910916802108
0.17519264101101967
0.19741138338238387
0.22179192152096525
0.24455931882366233
0.27554485522284394
0.3110816656139192
0.35346301666707763
0.401250921681972
0.46128572159928943
0.5271177611061719
0.5989858440031328
0.6733820244769969
0.7554320882443138
0.8363750529553243
0.9187690646675868
0.99637524561519
0.004503282140788803
0.05602084558714941
0.10115481830656989
0.13513549418470094
0.16696185534875208
0.19570393349031237
0.22117597547053824
0.2444789815117837
0.272050063119434
0.3016186966396132
0.33768783913363826
0.37845743481481586
0.42959950324181273
0.48685426196525317
0.5490151646107331
0.6155456168470824
0.6936423419000648
0.7683070584375575
0.8478624013113032
0.9229029792952251
0.9938857388440254
0.0038164114295867017
0.05764940298520965
0.10898795804699202
0.14757020062939016
0.1826798561674877
0.2115722155774204
0.23811317470505533
0.26755498883148865
0.2966511544880037
0.3278006494628388
0.36086795455259935
0.40235147449025593
0.4530192745575198
0.5081589984274285
0.5691460053680195
0.6371988175057661
0.7088327179613738
0.7819536695950363
0.8550882492634728
0.9266299143645385
0.9936549284812531
0.0035461944147364144
0.06158069471097859
0.11564269006458183
0.156729696222637
0.194785730445768
0.22694368074735435
0.259146914210553
0.2879619534669675
0.3174797229255122
0.3497656960732295
0.3862436228749586
0.42727829120098154
0.47614941170740843
0.5293042922336519
0.5904172872742132
0.6555007245105928
0.7257971823938139
0.7942996618617146
0.8670893325599965
0.9346254206265318
0.9971793799540459
0.0028630461732841866
0.06740731501876177
0.11999183011566952
0.1695697803497172
0.20760341453616765
0.24282145212345824
0.2743408281136402
0.3054226307706625
0.33816549497063014
0.3710806645508677
0.408749570750608
0.4523300383715909
0.49984828589876595
0.5530967258532637
0.612148078325337
0.6771635596293513
0.7431405188640083
0.8127363701007448
0.8805515502811962
0.9437854137218424
0.999493675532009
0.0022994335055777247
0.06977244418451621
0.12841934284710976
0.17498673262971642
0.21900272880871532
0.25522675341792106
0.2911607647141041
0.32428041630031873
0.35673708124603554
0.39129194463427447
0.43252730712212595
0.4744677275907019
0.5232279169898855
0.575056395950901
0.6341678862483922
0.6975133685265631
0.7632056820309443
0.829603866188556
0.8944155516165877
0.9541598443568219
1.0
0.006993555887126194
0.075797459399314
0.13454746454920113
0.1865020738871277
0.2290860476761808
0.2695733846106911
0.3045194683436728
0.3405149653200083
0.37592997431072084
0.4126503971093607
0.45267202090508396
0.49822593090120976
0.5458867815503523
0.6012894240064576
0.6595352835088422
0.7225051948416812
0.7866615853779577
0.8493703557283885
0.912507241117001
0.971309320683174
1.0
