0.0
0.14024099869730122
0.2737749251177357
0.40049098646479614
0.5183494534071194
0.6288624282845405
0.7252198674295063
0.8141566683809194
0.8888477390111094
0.9527208620260463
1.0
1.0
1.0
1.0
1.0
1.0
1.0
1.0
1.0
1.0
0.9951262809012251
0.0019181310675222727
0.1354435329285817
0.2618039053663927
0.3869659898346913
0.5029688568977669
0.6087441938331903
0.7039712173430475
0.7874130763022218
0.8623428532712172
0.9262484094257093
0.9735936019504585
1.0
1.0
1.0
1.0
1.0
1.0
1.0
1.0
1.0
0.99903490208886
0.0030288281343641378
0.13273902503396373
0.2553524375572796
0.37279154693114663
0.4848667256281025
0.5862706802215367
0.6786960707164108
0.7625741720879173
0.8347748809413715
0.8933074062781783
0.943775134612173
0.9809519600032327
1.0
1.0
1.0
1.0
1.0
1.0
1.0
1.0
0.9983531777969851
0.002755935200864065
0.12579414254188515
0.2453124558765118
0.35973588040078636
0.4665428665446796
0.5657545400011467
0.6551372921461339
0.7345622217081824
0.8058092357733504
0.8636119047718187
0.9137261241004883
0.9516137941202731
0.9793651774023808
1.0
1.0
1.0
1.0
1.0
1.0
1.0
1.0
0.0030712893342738274
0.1226531475931257
0.23453437963955856
0.34408846580164687
0.4471095470478642
0.5432958910225135
0.6315607940896257
0.7078025908644026
0.7769494541156019
0.8337342875385132
0.880618719597522
0.9209156330400119
0.952398461460765
0.9732639796255211
0.990147498749467
0.9986663523219754
1.0
1.0
1.0
1.0
1.0
0.003722405394225582
0.11514284575401303
0.22303946248427364
0.32816424481931095
0.4274619807382467
0.5194629265827662
0.6057959287882839
0.6800341023346613
0.7474194829498724
0.8036208274225045
0.8510737964705033
0.8912865389800384
0.9212026093456843
0.945037292588077
0.9642343911054636
0.976090636659102
0.9859250055062188
0.9899527368585607
0.9952769880321181
0.9975944709578014
1.0
0.00415537510228917
0.11037395129351055
0.21108012977411622
0.3094973995976273
0.40673917280445226
0.4937650864702976
0.5769375828636167
0.6525481688837793
0.7163840532328933
0.7749168954392207
0.8221790910552076
0.8629917512056366
0.8945384922861205
0.9188802388975179
0.9413338481119395
0.9568119714153935
0.9707783449434251
0.9781504033588203
0.9863429277721278
0.9945759706389755
1.0
0.005255390931822423
0.09966671381380457
0.1969402273846329
0.291118221375976
0.38416976541715486
0.46829830328843086
0.5472979159871572
0.6209505368585574
0.6864845505971671
0.7434544710015545
0.7917376834192299
0.8344212832634571
0.8648424562879737
0.8952123780782261
0.9192102604076124
0.9368939932681923
0.9541936469409243
0.9659638623764873
0.9788742956903282
0.991187132486068
1.0
0.0054945397702765185
0.0935285632737787
0.18364585449783927
0.27372962230147696
0.36122845948921306
0.44325824527091806
0.5218257390244201
0.5919607063866509
0.6568414254152326
0.7144551118274359
0.763043999202258
0.8045121975859089
0.8425547662079232
0.8741279645305676
0.8980186284452233
0.9170124860692346
0.9368709324167495
0.9525842197793084
0.9694950002358181
0.9869069965328353
1.0
0.00148898555373187
0.0844596102084908
0.16747069603345976
0.2556659501382165
0.3358095156750367
0.41755594592621287
0.4914619807499605
0.562560642852489
0.6272473468263915
0.6838040312465283
0.7344807280509567
0.7792545795483143
0.8155982499772456
0.8510622695831491
0.8761748095980925
0.8989036787319029
0.9214924511595253
0.9423960758209123
0.9626132812187291
0.9836151867626015
1.0
0.0010031581259970555
0.07531893811500776
0.15401210338888874
0.23338726628895767
0.31395147056727485
0.3883980495513018
0.4643780080796543
0.5318505101115681
0.5944881194244539
0.6539551020029585
0.7034964809164994
0.7502318181553316
0.7880649119362882
0.8255924263645101
0.8558202875113355
0.8812213445359672
0.9071510800017272
0.9291331716132305
0.952608402710761
0.9774837873016936
1.0
0.0
0.06784077815036967
0.13904508426390735
0.21402693031624828
0.28766881347137013
0.3613020729599372
0.4329273839165571
0.4988804787919293
0.564140426165452
0.617810161487991
0.673446327644526
0.7228570299721876
0.7641863662902941
0.8011577215320019
0.8330700747409925
0.8662641706302745
0.8921698465531107
0.9226711525289709
0.9474309412712333
0.9756983508564847
1.0
0.0
0.054827112122182005
0.12337055094392269
0.19155549224636567
0.2646134265059044
0.3321897667712208
0.4016819623583363
0.46860685362897797
0.5294089104838406
0.5888754250140354
0.6442217361856385
0.6928060000279328
0.7354539073905029
0.7772545762310439
0.8133723808669909
0.8463789941006404
0.8790430285783865
0.9111052275881619
0.9395511067629524
0.9716668407404876
1.0
0.0
0.04728498586310541
0.10664178984853157
0.16940887855077386
0.23773715951820107
0.303857395585982
0.3698991938923432
0.43435233820455793
0.49730970766091515
0.5577255421569871
0.6105181161001105
0.662765729582318
0.7096015703299584
0.7509310903010165
0.7927023045216687
0.8287008840852418
0.8638813579871507
0.899505107013186
0.9312127721067215
0.967843501362351
1.0
0.0
0.03680327674628243
0.09139861787017112
0.1484466176727419
0.20996036224992304
0.27243014907780105
0.3386433780854112
0.3992130516157073
0.46264134471815366
0.522443312999568
0.5781991535439072
0.6322296568638753
0.6811540339333623
0.7272229961084324
0.7695879722352164
0.8106834965084679
0.850180671267971
0.8878620750498362
0.926121304583292
0.9627080048174416
1.0
0.0
0.027449603945675638
0.07416527534142217
0.1268259377352378
0.18423098884827732
0.24474662754326132
0.3061355893445117
0.366216613813995
0.4288782246408313
0.4872774685090755
0.5463432931347176
0.5974073985623621
0.6511259244613885
0.7009813600426811
0.7480210987529468
0.7909427053313292
0.8353655926309073
0.8763639475842412
0.9169708400970645
0.9595271428321519
0.9987490896868798
0.0
0.01892000451798872
0.05694071961921848
0.10501048799576304
0.15957610128142818
0.2145621510422846
0.27177003672361294
0.3324366591905589
0.3913994651826676
0.45031271369118664
0.509304098707723
0.5668722749736558
0.6210093122050393
0.6732443919603099
0.7210857934969772
0.7708973314439185
0.8196381641199699
0.8631821547580728
0.9101047499621233
0.9552680883164861
1.0
0.0
0.010443475748126221
0.04256221484072066
0.08125425885147533
0.1296534721378611
0.18162983384888576
0.2371707711612033
0.29545534683846225
0.35137789830328703
0.412798058414116
0.4711206897917154
0.5300715759449278
0.5886571308433548
0.6443090688747282
0.6973614062289242
0.7502533291063505
0.8018838579044005
0.8512544153538671
0.9019427747078947
0.9519336811380655
1.0
0.0
0.0015200975805954586
0.028157265874499682
0.06174725463365546
0.10473355642280428
0.14990558616524427
0.20316371345992573
0.2590636728524678
0.3162468985679744
0.374701934197745
0.4352790754268345
0.4953456373617394
0.5544031449460463
0.6138957775845314
0.6689670745277888
0.729081470332224
0.7822861477824943
0.8388015774502157
0.8946241716975594
0.9491909021006215
1.0
0.0
0.0
0.012334189721163638
0.042175591412548646
0.07577986957842262
0.11997726544770992
0.16784534691155004
0.2203153392645791
0.277490941639572
0.3344739582984165
0.3958709006032037
0.45722009754798165
0.5188872747475816
0.5807278120207237
0.6419964543684296
0.703816355444452
0.7628941788559235
0.8242157179979435
0.8823565275840011
0.9424418039260644
1.0
0.0
0.0
0.0011127715212181644
0.022775399780083888
0.053161821562480116
0.08884403565614177
0.13302747575067303
0.18275077593753947
0.23576326034256515
0.29188581573529165
0.35321419861453796
0.4181534122720778
0.48205953643009786
0.5450245837678989
0.6105342601026487
0.6779892573490209
0.7397619037067128
0.8080325245253779
0.8726939439649574
0.9354337036770773
0.9999705576269443
