0.0
0.0
0.0
0.0
0.0
0.0
0.0
0.0022009702394961694
0.020032871659923845
0.049038061407605915
0.08968210571273172
0.14257086433130178
0.20574656620554782
0.2808718923456943
0.36772726824594115
0.4613642533045219
0.5655591639271098
0.6748720141494212
0.7869265612310619
0.8991312856736597
1.0
0.0
0.005613065835934926
0.017604487387375786
0.026013663722752156
0.03227821868868985
0.03902860854681908
0.04936386222146483
0.06305230174314663
0.08280935190358796
0.11353764697994218
0.15395792959145116
0.20327573951589406
0.2666727882122862
0.3359558838455836
0.41625713224320726
0.5042763097209197
0.5995285611495265
0.7008974821604095
0.8030566036507182
0.9099070002523504
1.0
0.0
0.02252951595010713
0.04555955701928514
0.061077152456807865
0.07329197146679325
0.08770696631717564
0.10001359139560767
0.12021378811211264
0.14445694975461798
0.17723121008119613
0.21399115912164485
0.26354641155442726
0.32375499351336795
0.3876093140005384
0.4626817636461514
0.5467965817049267
0.6343836552750646
0.7272873690762369
0.8224768077221078
0.9143293923902378
1.0
0.0
0.038095252773564015
0.07001576403837612
0.09450916828680717
0.11464782631101757
0.13414464925961286
0.15396438319896438
0.17670367189627206
0.20295897189329917
0.2360448915897317
0.2751524641120277
0.3222255862870739
0.3778662748140387
0.4401995840388492
0.5102859283965793
0.5883425508370816
0.6661135761235233
0.7524228020679218
0.8383338821959953
0.9249717443310291
1.0
0.0024861812612171014
0.0509093577017968
0.08969837250302246
0.12339691622016458
0.1513248117782767
0.17693137404995846
0.2018359677861083
0.22821204583508967
0.2589658886235908
0.29580359864561
0.3338944502842043
0.3817961990286169
0.4333667644914604
0.49183051790794785
0.5562510141251262
0.6250258540406604
0.6995748778866202
0.7772685360075947
0.853541696401459
0.9301239472202922
1.0
0.0018848834500775867
0.06056890116634191
0.10965398757087508
0.15068827931963147
0.1848627396792763
0.2178375048311071
0.24887958558571716
0.27856048975293957
0.31480291732758586
0.3499851918484842
0.3901390311864066
0.43532567199265093
0.4875212766315377
0.5434392575478837
0.6023829959520012
0.6672270580730603
0.7310913148179118
0.8023280651309971
0.8696734063752029
0.9371775482512159
1.0
0.00391471744101648
0.07028996480553666
0.12462677059926766
0.1754864107847674
0.21771705631535873
0.2576000236807549
0.29408740511446296
0.33017433036982413
0.3660326987922583
0.40426133561449723
0.44743997782584854
0.4898710197376618
0.5381646129100242
0.5911055925698907
0.6474158769357111
0.7050315400083331
0.7647509279211147
0.8256672059952076
0.884741610731995
0.9444613945430768
0.9975656559854209
0.0006444949486438764
0.0762390844810008
0.13972432594220724
0.1974354517255557
0.24843107653768393
0.29383251205789296
0.3358381623189017
0.37645540062003835
0.4172190228442392
0.4589697571307233
0.5003773515722556
0.5444132401539995
0.5916846464024001
0.6405024784233803
0.6917407664321599
0.745278883113218
0.7959711447325127
0.8493566042703631
0.901333540506159
0.9487260571638633
0.9964696706981988
0.0
0.08210333087803995
0.15461386134191152
0.21880609081140867
0.278128465923991
0.32710940506553154
0.3751759883405707
0.4216187664288989
0.4646976458745093
0.5097080300519007
0.5521076811399263
0.5967746904035705
0.6399509322191202
0.6883830564698307
0.7351496716786354
0.7815708828157562
0.827779239955774
0.8726385833071564
0.9171909383653072
0.9579437619322111
0.9962924665006329
9.372762365618273e-05
0.08625541441669143
0.16698152044783737
0.23821451936781302
0.3015453056172269
0.3611110071554722
0.41154775690613304
0.4629086112678016
0.5108142725573737
0.5540761703471452
0.6026378450569609
0.6435323793652967
0.6889741917250957
0.7321714952133485
0.7757972006655945
0.8183078338143044
0.8576614486365145
0.8994556474921339
0.9333549615438144
0.9663219737544005
0.9953726303314895
0.0
0.09153452986165184
0.17871488463476762
0.2537231517838473
0.3259803839470553
0.38853932057059226
0.4477921880032705
0.5005213045614981
0.5512780964082591
0.5992625768075134
0.6443349570529142
0.6906352476504545
0.7298767270641495
0.7729301812053235
0.813302475593819
0.8486901535609893
0.8862896354751757
0.9204914647528631
0.9481056626734023
0.9741395795900594
0.9974039743957109
0.0
0.09539656072734154
0.18766948289604382
0.270057988810469
0.3455964602809515
0.4140073680343887
0.4785243918216318
0.5344743052816333
0.5890994635975217
0.6399253354552455
0.6857515948614826
0.7318144821118384
0.7729373340324016
0.8119577180017306
0.8499304598924053
0.8817129745772446
0.9147146224139338
0.9405745663585573
0.965688581156999
0.9847131070062772
1.0
0.0
0.10064121513268383
0.1949649981273665
0.28358049084706555
0.36362405340419435
0.43540018097859673
0.5044760052940294
0.5659697173776513
0.6231402372056717
0.672063724055083
0.72249285831032
0.7652813875859653
0.8077429982815224
0.8469052541375909
0.881182531631583
0.9116603161946026
0.9380851216509569
0.9595191765297292
0.9779314591371864
0.993058363707378
1.0
0.0
0.10292028529306246
0.2034021089263015
0.29478663434248475
0.37975848538830775
0.4563753492741389
0.5283454325103186
0.5909246067209788
0.65017313177823
0.7057686026239922
0.7551622655338474
0.7981376571787338
0.8391818481118357
0.8759047812673252
0.9063080873599332
0.9361938074553489
0.9604947779820336
0.9774316225062663
0.9917832807738365
0.9991059079963766
1.0
0.0
0.10450913824587514
0.20835508130287245
0.3036306073774804
0.39241278644222066
0.47107693579872334
0.5440956497827993
0.6128906615828907
0.6733933766727881
0.7298298797011115
0.7797161490334066
0.8244126011463254
0.8654781621238831
0.8996868348110109
0.9320093352908229
0.957705491338992
0.9775047648252647
0.9921626825908381
1.0
1.0
1.0
0.0
0.10841475969554397
0.21258228081213865
0.3107062460351592
0.4004471475405778
0.4824195665253178
0.5582413900762165
0.6284063146879723
0.6916146579808818
0.748391477692631
0.7989443142174023
0.8440665543073621
0.8856502495111293
0.9212435991930702
0.9503673339655654
0.9748349541785719
0.9909798504676266
1.0
1.0
1.0
1.0
0.0
0.10798665842414522
0.2155892737694806
0.31547568189487407
0.40616854922641416
0.4915496977175651
0.5685307932749363
0.6383366882509387
0.7024770234355989
0.7600225899980368
0.8152966978729044
0.8584798622603638
0.9016697379765457
0.9357599069595481
0.9627133198069692
0.9844815537552847
1.0
1.0
1.0
1.0
1.0
0.0
0.11187535412922417
0.21615136245821445
0.3177718530744314
0.4096901234628245
0.49373136117139504
0.573729416346737
0.646019977265323
0.7098899201374322
0.7684652604842191
0.821190983453603
0.8685842713144192
0.9070544100648789
0.9415081415475797
0.9697803717966362
0.9917714980694292
1.0
1.0
1.0
1.0
1.0
0.0
0.11427586286478934
0.22049704319728833
0.3186583571305258
0.41031239214491616
0.4965093170827457
0.5727256274923354
0.6467661518032878
0.7115374555721665
0.7673541980463165
0.8218099399506432
0.8699533148379563
0.9113888335388949
0.9451645520877736
0.9721576011347299
0.9945239872910929
1.0
1.0
1.0
1.0
1.0
0.0070651956522951465
0.11611805890691422
0.2225099440545821
0.3181104894058524
0.41123999240298725
0.4937597567808061
0.5731336725328442
0.6433853306367852
0.7070608102526545
0.7675709987125956
0.8191902837362384
0.8658080209520554
0.9079522606376301
0.93989038341523
0.9709347084520574
0.9901595475561829
1.0
1.0
1.0
1.0
1.0
0.014980372185599482
0.1229758691082204
0.2235765074749549
0.31895567727574825
0.40743141935527794
0.49045868966163453
0.5675974281265725
0.6388246157447672
0.7021695674210098
0.758367204759854
0.8117186525725948
0.8571020405617013
0.8969446149525534
0.9324537452332754
0.9635130196889461
0.9852162348816544
1.0
1.0
1.0
1.0
1.0
