0.0030057929346220197
0.20274938692998476
0.39358233577279145
0.571858987858707
0.7420390123669882
0.8901774406870919
1.0
1.0
1.0
1.0
1.0
1.0
1.0
1.0
1.0
1.0
1.0
1.0
1.0
1.0
0.9955737287886353
0.0027422687326617767
0.19848725368306422
0.38741813518127427
0.5620114447480091
0.721823963898067
0.8669568978585462
0.9914949855593322
1.0
1.0
1.0
1.0
1.0
1.0
1.0
1.0
1.0
1.0
1.0
1.0
1.0
0.9931943001458029
0.006457565458197381
0.19150226335303952
0.37560848827239185
0.5450769748315106
0.7018443392257923
0.8401934838200574
0.9606911326808427
1.0
1.0
1.0
1.0
1.0
1.0
1.0
1.0
1.0
1.0
1.0
1.0
1.0
0.9915930405322101
0.0058228330449617005
0.18797958092877085
0.36347453466062873
0.5299405495575835
0.6799951643852835
0.8152440601041354
0.9319517273620798
1.0
1.0
1.0
1.0
1.0
1.0
1.0
1.0
1.0
1.0
1.0
1.0
1.0
0.995196984151264
0.004426496324061758
0.1809393661875507
0.35090671410417407
0.510461491178237
0.6541527331878013
0.7840892310212854
0.8981198746680775
0.9938940994841137
1.0
1.0
1.0
1.0
1.0
1.0
1.0
1.0
1.0
1.0
1.0
1.0
0.9973512703610276
0.005127844078226394
0.17552891823788994
0.3368539367745197
0.4920382541678872
0.6288916208377091
0.75301921900643
0.8632083159492064
0.9544244317143786
1.0
1.0
1.0
1.0
1.0
1.0
1.0
1.0
1.0
1.0
1.0
1.0
0.9985780667829699
0.0014430859061095138
0.16542681420406785
0.3228436049378517
0.4700636245827275
0.6035239776955843
0.7216061082056939
0.826384494121402
0.9157789397779458
0.9857290973915969
1.0
1.0
1.0
1.0
1.0
1.0
1.0
1.0
1.0
1.0
1.0
0.9991258019317658
0.0009524486045247187
0.15782177701442768
0.30870794561721454
0.44952382549632464
0.5763304840385803
0.690801214814945
0.791051291180497
0.8729426672971046
0.9424985343974884
0.9972303563606699
1.0
1.0
1.0
1.0
1.0
1.0
1.0
1.0
1.0
1.0
1.0
0.0013873484504499235
0.15256062789935515
0.2950318720298697
0.42772776588379496
0.5480054999833885
0.6575245821987179
0.7521287203810405
0.8343212650123537
0.8984976064391756
0.9503766236315766
0.9897101275397842
1.0
1.0
1.0
1.0
1.0
1.0
1.0
1.0
1.0
1.0
0.0024288964453508363
0.14326917386072763
0.2790122989783498
0.40341525145374557
0.5215002756917517
0.6254098667188648
0.713647062007749
0.7930802447552716
0.8577139614969442
0.9075514679784413
0.9485422109445207
0.9757278078267149
0.9947747026339903
1.0
1.0
1.0
1.0
1.0
1.0
1.0
0.9999831718122794
0.000941248775630825
0.13469317403120135
0.2633346315005842
0.3815853189255334
0.4914928727886037
0.5922890393598577
0.6775339612339915
0.7536404539154955
0.8141807205136831
0.8660284081447854
0.9039541546018273
0.9354111089059258
0.9525955740522039
0.9653318480907687
0.9778123978267903
0.9795621284298585
0.9828957335389428
0.9850245795254912
0.9897145824754802
0.9936557668189634
1.0
0.0017663742431447806
0.12797973580107197
0.24832747856050896
0.3613595619580218
0.46560647533449023
0.5577688104728526
0.6430595154329358
0.7122699005429765
0.7748060534909087
0.8245746621546488
0.8633039576537391
0.8949924727300578
0.9163362377862143
0.933317661203136
0.9436135067780874
0.9555260367458911
0.9612511315202061
0.9701869644363066
0.9753313997315965
0.9877496110900515
1.0
0.0022496845349606084
0.1218177592497702
0.23232286055745244
0.3388568024249626
0.4382232371749271
0.5267150614686704
0.6057526259045428
0.6773258716294615
0.7359406042997771
0.7851971934799591
0.8233748479819646
0.8540131997136373
0.8798994081985443
0.9005896132215915
0.9165998078637299
0.9294817790953712
0.9408083975372583
0.9516911331236421
0.9648871178172173
0.9802573065727017
0.997855233835504
0.002218975667205929
0.11255907303544946
0.21789917325316085
0.319057652482901
0.41175776963821126
0.4991996543530236
0.5758469232298493
0.6420365998377843
0.6996564633981677
0.747135302155892
0.7887318392951032
0.821055153279504
0.847542919439833
0.8716956358054955
0.8890317063066276
0.9044829774968445
0.9210184181387094
0.9400390945621004
0.9556090402980091
0.976643783727198
0.996635781844488
0.005049076946743355
0.1068146405612697
0.20622952945207473
0.29909548642520056
0.3890144742956445
0.46818508690960936
0.5424781221862305
0.6078117679815535
0.6655375921036383
0.7122430404907705
0.7553281474831113
0.7883906828134006
0.8174778875937947
0.8432562624785569
0.8656823630540815
0.883641204610236
0.9051935630983458
0.9258066653266837
0.9447422083723178
0.969946785293528
0.9958789576795013
0.002893033651977883
0.09590014698567048
0.1940522725854577
0.2825143640610299
0.36675167667777725
0.4453331271639642
0.5156653538037882
0.5793738904964262
0.6362673035875608
0.683672947375224
0.7260716889787803
0.7620668497014574
0.7922851110825418
0.8219673386244137
0.8451463530372916
0.8680349595808797
0.891018121410009
0.9136506672070941
0.9385799113198507
0.9635940399909972
0.9949546889799495
0.0033594693892289246
0.09386757308827792
0.18078352838256653
0.26515872226830706
0.3464580677423259
0.4232370215080955
0.4923665264129319
0.5523601457550279
0.6116263672495965
0.659730794043681
0.7020141019908972
0.7404043269747156
0.773095082834967
0.8002969989947626
0.8300320593340029
0.8563914001834921
0.8821271194811259
0.9082010484235179
0.9325201067971246
0.9613645758415131
0.994874445325436
0.0031252860224101936
0.08589404573810897
0.17114082247674536
0.251966215000207
0.33066930895903435
0.40411137515440815
0.4739351408961294
0.5344695913323343
0.592300302646109
0.639844111273052
0.682377701511294
0.7225239814625145
0.757595055973278
0.7917131969632573
0.8202933333643287
0.8479328059062412
0.8739582612946896
0.9016304399604097
0.9335778232617277
0.964214018721445
0.9951057864342518
0.0
0.08069657254503856
0.1617362126633311
0.24068099047517877
0.31640684582887735
0.3899516520012343
0.4579330148408183
0.5188767327011862
0.575061487869756
0.6261463930294757
0.6700937320123566
0.7129119494040673
0.7476526385512033
0.7817640750750023
0.8114254915313274
0.8429685272165496
0.8701466190038745
0.9012727584052171
0.9318913208716734
0.965618841054158
0.9979631214888336
0.0
0.07515504384926275
0.15291091773271537
0.22893094389045543
0.3064497298664478
0.37971297189789655
0.4462282233599136
0.5073163951583008
0.5654667304299485
0.6177944140655195
0.6628981509317616
0.706048042639289
0.7447046142317495
0.7786468868652806
0.8118315343493411
0.8429723726307645
0.8754678960948102
0.9036291474829931
0.9353199873592426
0.9691519590397412
1.0
0.0
0.06856066493911248
0.1484116800956395
0.22385622694122725
0.30049536562924317
0.3715084123282143
0.4389391065019016
0.5016441063423093
0.5613178864364139
0.6135790094203929
0.6619666666153167
0.7067412253172358
0.7458366185787247
0.7811203728116044
0.814932466226319
0.8475943095788543
0.8790097853110794
0.9103655372514209
0.944279358504293
0.9765849763199909
1.0
