0.002854617137456751
0.09404175469878902
0.18032530993571375
0.2636815395560302
0.3429599816764021
0.41216814055205986
0.4747795695953433
0.5313218114680547
0.5819145219727814
0.6249430495190057
0.6644200662452011
0.7009708473282804
0.7363628005973921
0.767919606255856
0.8008925687300014
0.834496766247142
0.8665102680265612
0.899957175686374
0.9331983885518256
0.9640021470246025
0.9911800524234181
0.0016830919152299858
0.08500674181377314
0.1679249255564505
0.24467341101780826
0.3175411632351518
0.38490221345686804
0.4429894830185043
0.4983715496787321
0.5443106039340532
0.5884904614851714
0.6312113849437109
0.6688057992751726
0.7067904331254721
0.742801328516463
0.7779843960609695
0.8178528744015201
0.8538740800817253
0.8948266122064519
0.9289541054785
0.9649867444027441
0.9962263937321386
0.001420283941898707
0.07687610796813704
0.15293958946548408
0.2221839748976419
0.2890586156283223
0.35170500658763454
0.408161080856187
0.4594476644909956
0.5078795100347708
0.5504818799500686
0.5925878290804862
0.631192512697322
0.6716362148511474
0.7120284176682542
0.7524727427459006
0.7956715930034184
0.8370244355407468
0.8817496826914064
0.9258440441846377
0.965013522037133
1.0
0.0016231126952220107
0.06865375147045744
0.1364556026709625
0.19943634749956915
0.26161955819491195
0.31658146974772344
0.3708634713492059
0.4203174273303809
0.4635221489483698
0.5082483105600711
0.5511819819687199
0.5927568964578699
0.6342251371221639
0.678493634228691
0.7241346522968577
0.7715973946528037
0.8187866966683587
0.8669585023177788
0.9143007105102352
0.9628532089394867
1.0
0.0009797122262988557
0.06163888538068439
0.11813463989871045
0.17726232788680554
0.22795274289959566
0.28044231064408637
0.33041466182284973
0.37747288711419064
0.42172547292934776
0.4622885384460869
0.5051823887184168
0.5487202822610997
0.5983313164468247
0.6449869754761623
0.6913079674484754
0.7436666773027778
0.7968206990441736
0.8498117346975556
0.9070280787331025
0.957717594550228
1.0
0.0016679098714693524
0.05103535310456307
0.09881714967171266
0.15164889928448183
0.19905468968135961
0.24354162939495239
0.28819938584977983
0.3323661715150544
0.37303061840234714
0.4178549408196015
0.46230644436056756
0.5068115991497075
0.5570198400951107
0.6054936944931805
0.6594871195519283
0.7170568646038337
0.7760229619587729
0.8345172558454819
0.8936895706704073
0.9520061467318737
1.0
0.003043378876234735
0.04347399737673731
0.08255903169524482
0.12483815705338833
0.1656238630285962
0.20503162725485483
0.2462647910999034
0.28846839378947337
0.32833669902998436
0.37040644960877456
0.4163279627787465
0.4639992654093098
0.5145010267142032
0.5706288020637773
0.6273328620494294
0.6911005631797339
0.7536912654157284
0.817061257830203
0.8831279829282603
0.9475870440825936
1.0
0.0027318298998254345
0.03263941587924002
0.0654335146953724
0.1005998982808072
0.1336735199877002
0.17116318977744505
0.20561103807950626
0.24462484770100285
0.28339260312580183
0.32605024059598203
0.37193324263656
0.42353832070896946
0.4771250174413831
0.5346684928323038
0.5985431839475079
0.6642531744494264
0.7309420821847814
0.8031122869813455
0.8706551627229822
0.9415485654866173
1.0
0.0014662446285709217
0.02262051578758393
0.04814509698696204
0.0755026000962845
0.10318724111532368
0.13502255831348978
0.16529295541557018
0.2033120054386875
0.24238527753698907
0.28538443130563407
0.330563897371428
0.38375982859037816
0.4412401939308343
0.5039444797204298
0.5692664197176148
0.6398831074164906
0.7127750528595018
0.7867392044859198
0.8640162890668394
0.9339704583940327
1.0
0.0004706369746029443
0.013908592655142563
0.031430054712463615
0.05279938661344519
0.07418477091350001
0.1010134848275751
0.1302186543643459
0.16544676818457307
0.2032710761423269
0.24709262015177064
0.2947544274660961
0.3507298477102805
0.41065973006775824
0.4753982446868305
0.5435563619860174
0.6195818158267057
0.6956192243385932
0.7768215815187384
0.8549535758599398
0.9278027983812146
1.0
0.0
0.007349143969228873
0.015345975003848406
0.032083942882367544
0.04980087386298254
0.07111568722081221
0.09715190615054309
0.1308203152485437
0.1691607714621955
0.21254691704505418
0.263357388158981
0.31865762975090034
0.3804325626170557
0.4515875796720357
0.5209727253051191
0.6029759868496176
0.6830269035790956
0.7627526003057846
0.8460829800009676
0.9263185532704123
0.9985037821713472
0.0016146324126588823
0.0
0.0021606092090875745
0.011322790820576106
0.025537093802630778
0.044609850798663836
0.06866532707091771
0.10149671012422484
0.13962015124028815
0.1841211222431403
0.2337772318970841
0.2918884675977427
0.3576777343611889
0.42724280999198516
0.5059102153256781
0.5868423746475344
0.6692411120086592
0.7555156258558228
0.8385172156745583
0.9212879125033623
0.9980834534233366
0.003012505523439508
0.0
0.0
0.0
0.005375075490245074
0.023626916122758274
0.04657210043186105
0.07867750915605531
0.11211988568692222
0.15964401903435227
0.21135615863642243
0.2730059997841034
0.3386565769215401
0.41230793616156586
0.4906366032308277
0.5751497356784302
0.6601485982313112
0.7481140792905595
0.837840566423485
0.9206259700634877
1.0
0.0
0.0
0.0
0.0
0.0
0.00490919284304725
0.02666822930864632
0.05748813675517006
0.09534807150669433
0.1408020065486391
0.1964103310221248
0.25479771913714
0.3226839274379406
0.3997084277713311
0.48178801612391614
0.5652069726173988
0.6546649974918576
0.7448662366207082
0.834612106396346
0.9190369827562116
1.0
0.0
0.0
0.0
0.0
0.0
0.0
0.011739727749513706
0.04120962732820388
0.08051839532498223
0.12713675679556208
0.18230679290224466
0.24543842545545924
0.3143144437357087
0.39008553867456597
0.4734213600821245
0.5616440130459996
0.6529123957240037
0.7408129994270201
0.8329206851524784
0.9210141128232219
1.0
0.0
0.0
0.0
0.0
0.0
0.0
0.0002899387861657332
0.030978122066104785
0.0702110894553919
0.11783268303034372
0.17285243687314783
0.23809398680389993
0.3104961738064103
0.38727586768925165
0.4717618098340937
0.5598802126624843
0.6511941919305028
0.7418959618210587
0.8340304561048262
0.9212097915077025
1.0
0.0
0.0
0.0
0.0
0.0
0.0
0.0
0.025671111754075937
0.06465075780462565
0.11280144992264568
0.17046232921561966
0.2374201370514133
0.3067382960857688
0.38646854149010085
0.4716764545738357
0.559364309171904
0.6521682896561122
0.7444556304644392
0.8359023082902755
0.9226913331735412
1.0
0.0
0.0
0.0
0.0
0.0
0.0
0.0
0.02063790427595935
0.06224120418063828
0.11250483882388396
0.16899665765000588
0.23465281303787322
0.30883339336436044
0.38816535717065426
0.47207632460348403
0.5610788928985286
0.6525433943125827
0.7438949762567175
0.8358972097907996
0.9227720329584077
1.0
0.0
0.0
0.0
0.0
0.0
0.0
0.0
0.020124881188499144
0.06162099156792028
0.11085279759052907
0.17054477382319722
0.23596741363023094
0.3089170689287684
0.3884139204608194
0.47305951001324004
0.5628868962937447
0.6529600115522229
0.7445192286202136
0.8362431892149316
0.9234876730817824
1.0
0.0
0.0
0.0
0.0
0.0
0.0
0.0
0.0210480185682963
0.0636563772187268
0.11147827853972442
0.1707506215487582
0.23854796692344393
0.30933339339624266
0.3916261989245734
0.47571870994055987
0.5620807195666568
0.6543664193869438
0.7446177284511051
0.8344187498656751
0.9213959791523486
1.0
0.0
0.0
0.0
0.0
0.0
0.0
0.0
0.023178910872461433
0.06443222071372973
0.11564085354031978
0.17208007230089556
0.23936665992964679
0.3101164175479963
0.39028859082985184
0.4743947890327024
0.5631010941036525
0.6529243296446825
0.7432103577169256
0.8285759863240606
0.917385861273805
0.9988183953345501
