0.0031250883234210836
0.0
0.0
0.0
0.0
0.0
0.01373354057766546
0.04088894452856534
0.0754466591178094
0.11701905132861079
0.16800239385496607
0.22431087863781524
0.29057603860212294
0.36227423004211157
0.44176846528023517
0.5255694252870895
0.6156768089185365
0.707530207238714
0.8085412523578517
0.9090346894591814
1.0
0.00032548443417002
0.0
0.0
0.0
0.0
0.0
0.0
0.005243736204267435
0.039880109053756996
0.0817820746901084
0.1313385788614292
0.19105151843325546
0.2562992611399336
0.3286169625793359
0.409183832758185
0.49799774279381254
0.5892620863339935
0.6878292777197832
0.7903136026936346
0.8986757447897941
1.0
0.0
0.0
0.0
0.0
0.0
0.0
0.0
0.0
0.005131617382747589
0.047302384600755254
0.0973545987145138
0.15656190903758038
0.2229963972092706
0.2979211131632158
0.38260235479038746
0.4706910650150965
0.5648628721594499
0.6685832392874604
0.7758815282588144
0.8884601038960104
1.0
0.0
0.0
0.0
0.0
0.0
0.0
0.0
0.0
0.0
0.01646558532092729
0.06514351751258202
0.12601681677816923
0.1934039488218094
0.27060682983682705
0.3554278990904772
0.4480510420444952
0.5487697513959016
0.6540630745681802
0.7638269912189609
0.8815608859223425
1.0
0.0
0.0
0.0
0.0
0.0
0.0
0.0
0.0
0.0
0.0
0.03857075143722066
0.09849893410806954
0.16785550613454125
0.24548921876224855
0.33419321749931585
0.4293857030378727
0.5299599926615767
0.6390280223403368
0.7558536974746662
0.8760863593427295
1.0
0.0
0.0
0.0
0.0
0.0
0.0
0.0
0.0
0.0
0.0
0.012509872176253878
0.07332855522894466
0.14364068527793206
0.2244157545230272
0.3159234539768326
0.4121023445656207
0.5185607907272631
0.6292933992773854
0.7478200482972821
0.8732355421575293
1.0
0.0
0.0
0.0
0.0
0.0
0.0
0.0
0.0
0.0
0.0
0.0
0.05493840198370736
0.1260985640950414
0.20878465300632654
0.2993213685713163
0.4001823623058859
0.5074893864059551
0.6235149395988702
0.7460855191252087
0.8726955843182643
1.0
0.00023288833728472803
0.0
0.0
0.0
0.0
0.0
0.0
0.0
0.0
0.0
0.0
0.040129324564011526
0.11140129182410907
0.19597063630656952
0.2896515090659853
0.3886786323809732
0.5010612862389296
0.6169093687183624
0.7420030013651513
0.8727136082943007
1.0
0.0
0.0
0.0
0.0
0.0
0.0
0.0
0.0
0.0
0.0
0.0
0.027441684284765233
0.1045475337020868
0.187471753560024
0.27927877207024776
0.3840594353996802
0.49541742333480987
0.6157308104862673
0.7392876701974821
0.8741109943281389
1.0
0.0
0.0
0.0
0.0
0.0
0.0
0.0
0.0
0.0
0.0
0.0
0.02086251777817616
0.09586114146436353
0.18055055622300198
0.2775790141450082
0.38183086329521065
0.49412736080542236
0.6137628267878701
0.7390926902914815
0.8694636561674703
1.0
0.0
0.0
0.0
0.0
0.0
0.0
0.0
0.0
0.0
0.0
0.0
0.01853149555210909
0.09351823319559116
0.1800203891126423
0.27817714478624
0.3827077679378327
0.49441073496419063
0.6142460831770362
0.7412398809287987
0.8724906600352773
1.0
0.0
0.0
0.0
0.0
0.0
0.0
0.0
0.0
0.0
0.0
0.0
0.019114162186473105
0.09767807571254694
0.1851870899602438
0.2808744869299925
0.3863066260402543
0.49860716372982694
0.6169443849364891
0.7437645771305652
0.8736933532131392
1.0
0.0
0.0
0.0
0.0
0.0
0.0
0.0
0.0
0.0
0.0
0.0
0.027016622794184264
0.10486446137568395
0.1904225830650662
0.2876780948941435
0.39188645382264264
0.5044572915292094
0.6221560632178794
0.7459825704247529
0.8728656584952214
1.0
0.0
0.0
0.0
0.0
0.0
0.0
0.0
0.0
0.0
0.0
0.0
0.038224113691885386
0.11405837923741435
0.20411982851448318
0.2991526878715414
0.402588254031224
0.5115278835187724
0.6288367811873146
0.7488824824885437
0.8741539111438427
1.0
0.0
0.0
0.0
0.0
0.0
0.0
0.0
0.0
0.0
0.0
0.0
0.05209298322550593
0.13040291165206908
0.2188483219031795
0.3112409693508064
0.41369572083621664
0.52354569937136
0.6350637515730793
0.7558468701128405
0.8768153397199415
1.0
0.0
0.0
0.0
0.0
0.0
0.0
0.0
0.0
0.0
0.0
0.0018002804059149558
0.07292430886864598
0.15068220308642621
0.23532744932635302
0.3315334196633233
0.4307215836792691
0.5355682961889245
0.6453367422687292
0.7605907038268943
0.8781354451704453
0.9979561624192919
0.0
0.0
0.0
0.0
0.0
0.0
0.0
0.0
0.0
0.0
0.02478356770163037
0.09286307546007477
0.17440575173676243
0.25635805876052203
0.35057190920118536
0.4498384968757571
0.5516656017693624
0.6603026019147792
0.7702957744420105
0.8821111176558982
0.9952142831006109
0.0
0.0
0.0
0.0
0.0
0.0
0.0
0.0
0.0
0.0
0.05141008970957184
0.12025441190817399
0.19659844802471543
0.2842763281424955
0.3757660192635606
0.46939701188822586
0.5696946330065177
0.6735125331088266
0.7822749110646083
0.8877972649147206
0.9954544097072493
0.0010223280448138615
0.0
0.0
0.0
0.0
0.0
0.0
0.0
0.0
0.019369921932575473
0.07938985656663056
0.1503013621167984
0.22606205741124719
0.3110120168487338
0.4011455397816373
0.4918516544958168
0.5919586560188975
0.6884554048995535
0.7908019405435438
0.8956802511692176
0.9977721104445061
0.0037566990731120915
0.0
0.0
0.0
0.0
0.0
0.0
0.0
0.0
0.04926686363209998
0.11196652988387229
0.17823643320788307
0.2572904126544895
0.3376902558415224
0.4260664790407951
0.5161260450891196
0.6110081386605486
0.7069726919887188
0.8088038380600768
0.9044442348021592
1.0
0.010026551653150072
0.0
0.0
0.0
0.0
0.0
0.0
0.0
0.026580938564506662
0.07932178649461491
0.1408892920254815
0.2108489318910789
0.28842989998768326
0.36805614710120427
0.45440680230510366
0.5442126750549551
0.633760028226085
0.7277283251905287
0.8227547097798902
0.917384027749276
1.0
