0.0
0.04981996140967748
0.10086471402278763
0.14992792937393137
0.19372705269479615
0.24088252350264153
0.2846057937570363
0.3293720684278138
0.37569801336817454
0.4230823977461212
0.47109907754673463
0.5237205232478783
0.5804594653727262
0.63407212533344
0.6953814430623195
0.7501881590320993
0.8088240837632763
0.861898224889482
0.9146631418133407
0.9630251044891975
1.0
0.0
0.05156984905946351
0.10182258043771679
0.1458773261912953
0.1909841783314056
0.23548744693373247
0.27853151206098403
0.32185419951396727
0.3685032420833939
0.41513633800590427
0.46469746751853636
0.5167514672159323
0.5706968968521818
0.6265021095481249
0.6857704721771017
0.74438657021262
0.8000499859825431
0.8578707507197071
0.9111573258208948
0.9589525539567192
1.0
0.0
0.051477701482574745
0.10008714489224124
0.14283118843238782
0.1886143418010346
0.22988270395514354
0.27151120380135985
0.3146363500492575
0.3604301649800402
0.404653622284114
0.4547986397415645
0.5080623179034462
0.5621619572999406
0.6192218018511728
0.6784979092260495
0.7393685119259917
0.794723416337341
0.8541759133109104
0.9060639588947684
0.9587483654566518
1.0
0.001060600619170715
0.051880922576174625
0.09535282947614591
0.14013767305780347
0.17825564099809244
0.21966239382304478
0.26323015590887594
0.301910879233416
0.3466728256321138
0.3913458300273088
0.4431396379258991
0.496802340598723
0.5527190913174045
0.6087677037407873
0.6679078366616928
0.7288114673711159
0.7890751923529383
0.8478253707204706
0.9064243203961957
0.95619529710865
0.9999569121277587
0.00478107407140905
0.04942642925677052
0.09055652565946841
0.1287528917662757
0.16959034416957883
0.20802350969532596
0.2477138848160659
0.28877721621544633
0.33383056485496243
0.37915156385582477
0.43048606959863966
0.48469603745755896
0.5395908291100362
0.5994042654319058
0.6607713096873181
0.7220005702092809
0.7855245557477476
0.8473053042117311
0.9014203728992851
0.9536844082231081
1.0
0.005530877256029938
0.04652621886542905
0.08601557278828209
0.12336347675860448
0.1564798067646191
0.19336450089186658
0.22978559724768788
0.2718173870388259
0.3149809183316977
0.3612004270854253
0.41330282209496216
0.46626734605598597
0.5269366636337723
0.5887284079581246
0.6483034128833558
0.7147111687161849
0.7774244139774417
0.8380871144641475
0.8993620967150133
0.9533986058372398
1.0
0.006244965190634832
0.043325860926732324
0.07741426165060122
0.1090628178514837
0.14152154913599935
0.1774935720134258
0.2119552232485865
0.24991356747326865
0.2924441727382304
0.3396617850272171
0.39324835592535246
0.44981000629533807
0.507606334118406
0.5711840155180206
0.6354650260625259
0.7029457187599801
0.7699521422132777
0.8344278349087635
0.8956992322790959
0.9508984386332062
1.0
0.005932523195443158
0.03865109283203075
0.06502940517053746
0.09385494185455964
0.12264732548528347
0.15519538552721107
0.1904280613164417
0.2277423847003637
0.2688629219987497
0.31769638930683575
0.36742892709326364
0.42589391756934436
0.48843116767053907
0.5515632367813075
0.6208647650479504
0.6903235984520355
0.760691241927721
0.8245902758103913
0.8896011157605174
0.9479465254262016
1.0
0.005100295388055412
0.03086768340062719
0.05374156751116345
0.0800294566119324
0.10400689479270311
0.13122044795450796
0.16199945677845204
0.19986333704462333
0.24279993731764304
0.2908485563073335
0.3419450548228633
0.403686079178821
0.46461277054902045
0.5330104484303344
0.6038963733284842
0.6732219238999321
0.7493666445354713
0.8168939790365092
0.8837212924830266
0.946711544257891
1.0
0.006772279412652033
0.0241051043628389
0.04074926973266744
0.06049719595743969
0.08130969751659954
0.10527142456839078
0.13507496097926555
0.17134528761497228
0.2140726418525386
0.2618348613166642
0.31442474016924593
0.3774228264586134
0.44183273896214575
0.5103717618374812
0.5861308578054465
0.6605238145329774
0.7356398269886294
0.8070200441992962
0.8784632583655418
0.9433074430377207
1.0
0.0015370557496275131
0.014964705427092793
0.027601244239802897
0.040746302262416184
0.05932940418905902
0.07996174644185888
0.10816492942665512
0.14059135973114756
0.18224433516724414
0.23303071147602356
0.28677974262679234
0.34759908789694643
0.41571983658722156
0.48924196174253676
0.5655449298104711
0.6430940254394107
0.7223375609996225
0.798882981180506
0.8712769107659711
0.9417137981585125
1.0
0.0030549395331232712
0.00821475424055864
0.014573634107915137
0.021578077444495275
0.03367464296527348
0.05543964015659336
0.07965680398526312
0.11040633596859539
0.14937283393557776
0.20013124151176975
0.2544854772846516
0.31892872124131705
0.38885980070298315
0.4668017814259484
0.5430474886917847
0.6254884332513336
0.7101643291132138
0.7876808194598954
0.8651616832387683
0.93606383967223
1.0
0.001543696969914036
0.0
0.0
0.004380139990465881
0.012555875200830652
0.026256795778008296
0.04904324970767576
0.0807176378450119
0.11742977857632436
0.16727782355010462
0.2259377745398684
0.29081543061417386
0.3625539603867302
0.44317781718916505
0.5234107464146136
0.60831855481681
0.6955217351768952
0.778600937919216
0.8602090078223043
0.9336548690152287
1.0
0.0018008998135011303
0.0
0.0
0.0
0.0
0.0005654281070394673
0.02040929637701866
0.04684922339865194
0.08905489318546017
0.13709381778589275
0.19581535401916317
0.26361547894476667
0.3373537580306962
0.41856854371455554
0.503943450856748
0.5930619536875024
0.6826510046373548
0.7705410752776187
0.8539902449025937
0.93132224913513
1.0
0.0020122082700874924
0.0
0.0
0.0
0.0
0.0
0.0
0.020271628702856703
0.06013083306489175
0.10878565784981703
0.16553873025112087
0.2363548509838561
0.3127276016659023
0.39447568493383606
0.4830666572758381
0.5779811576029721
0.6678463022596466
0.7596515723103322
0.8485995226664624
0.9298129297017
1.0
0.0041930982618678505
0.0
0.0
0.0
0.0
0.0
0.0
0.0
0.02965301121770042
0.07900983241296677
0.1377270214426436
0.20895044799140566
0.28850658334640183
0.37471740985513224
0.4652864941723183
0.5615450945049667
0.6591099100966771
0.7522573901622143
0.8435124466627683
0.9275062252502074
1.0
0.006088201800081796
0.0
0.0
0.0
0.0
0.0
0.0
0.0
0.0013992387109134086
0.05141915196490887
0.11285458716869268
0.18546032771029008
0.2654967640983062
0.35169664012908286
0.44785909559256076
0.5467104391894895
0.6458580246534622
0.7418109313764447
0.8356655496952728
0.924492341140188
1.0
0.006349426472369598
0.0
0.0
0.0
0.0
0.0
0.0
0.0
0.0
0.025262522584612868
0.08747142171813149
0.15950025096079307
0.24253967111875924
0.3330097979342413
0.4293755767871912
0.5318575010087808
0.6313667622519357
0.7316972856297183
0.8294495320320412
0.9183108096380295
1.0
0.009975575618499072
0.0
0.0
0.0
0.0
0.0
0.0
0.0
0.0
0.0012968718206590735
0.06144243138869343
0.13545798107150142
0.21892546333510465
0.3105869076825076
0.4095660920735879
0.5137300095612809
0.6171171766165573
0.7201356551040063
0.8188907128766102
0.9117947228104245
0.9977633663437988
0.00806285262414924
0.0
0.0
0.0
0.0
0.0
0.0
0.0
0.0
0.0
0.03577148980776157
0.11034781351139233
0.19654097431851658
0.28893174733951077
0.389491461256712
0.49405373563187877
0.6012664214900754
0.7054230887860002
0.8057423405936874
0.8987408186204794
0.9868486243950615
0.00395841560097167
0.0
0.0
0.0
0.0
0.0
0.0
0.0
0.0
0.0
0.010703329375609916
0.08352451176561593
0.16976821306936118
0.2650381759260669
0.36568592471785655
0.47225100582031077
0.5787844126061421
0.6836586754168854
0.7871658547318712
0.8828232376005071
0.9704533665987916
