0.0
0.2097461739626946
0.41317603088009375
0.608272747845318
0.7833207977862114
0.9438550796392102
1.0
1.0
1.0
1.0
1.0
1.0
1.0
1.0
1.0
1.0
1.0
1.0
1.0
1.0
1.0
0.0033854475828154177
0.2239701314519294
0.43706563956697825
0.6411043995201535
0.8278067286235857
0.993027165918015
1.0
1.0
1.0
1.0
1.0
1.0
1.0
1.0
1.0
1.0
1.0
1.0
1.0
1.0
1.0
0.005849425535077229
0.23707852555067827
0.4573789333716299
0.6698700138791513
0.861924398771233
1.0
1.0
1.0
1.0
1.0
1.0
1.0
1.0
1.0
1.0
1.0
1.0
1.0
1.0
1.0
1.0
0.004444764116061085
0.24483969557928206
0.47491489882190946
0.6938519855528175
0.8960498065227946
1.0
1.0
1.0
1.0
1.0
1.0
1.0
1.0
1.0
1.0
1.0
1.0
1.0
1.0
1.0
0.9921003967911282
0.0010058564901624372
0.24906127465416303
0.48925307099302134
0.7168078803734514
0.9226591703858735
1.0
1.0
1.0
1.0
1.0
1.0
1.0
1.0
1.0
1.0
1.0
1.0
1.0
1.0
1.0
0.9877741692868173
0.0
0.25430888308558913
0.4999178363337077
0.7341893844115881
0.9492231451154908
1.0
1.0
1.0
1.0
1.0
1.0
1.0
1.0
1.0
1.0
1.0
1.0
1.0
1.0
1.0
0.9849419048108489
0.0
0.2606484351787246
0.5136494582205018
0.7508075750124226
0.9714378726840452
1.0
1.0
1.0
1.0
1.0
1.0
1.0
1.0
1.0
1.0
1.0
1.0
1.0
1.0
1.0
0.9879078399496629
0.0
0.2641144527112467
0.5233608760918724
0.7634144681336108
0.9881193865317913
1.0
1.0
1.0
1.0
1.0
1.0
1.0
1.0
1.0
1.0
1.0
1.0
1.0
1.0
1.0
0.9918276698646147
0.0
0.2676190623967082
0.5312374811613845
0.7771664274101379
1.0
1.0
1.0
1.0
1.0
1.0
1.0
1.0
1.0
1.0
1.0
1.0
1.0
1.0
1.0
1.0
0.994885691907695
0.0
0.2708417451719517
0.5344542843973161
0.7869612989611364
1.0
1.0
1.0
1.0
1.0
1.0
1.0
1.0
1.0
1.0
1.0
1.0
1.0
1.0
1.0
1.0
1.0
0.0
0.27450851966000567
0.54256815319816
0.7920330385537798
1.0
1.0
1.0
1.0
1.0
1.0
1.0
1.0
1.0
1.0
1.0
1.0
1.0
1.0
1.0
1.0
1.0
0.0006696910507440921
0.2771933324742687
0.5455572418781793
0.8000591326601472
1.0
1.0
1.0
1.0
1.0
1.0
1.0
1.0
1.0
1.0
1.0
1.0
1.0
1.0
1.0
1.0
1.0
0.0030099935655900816
0.28080626538909115
0.5476608570919939
0.8012238125366773
1.0
1.0
1.0
1.0
1.0
1.0
1.0
1.0
1.0
1.0
1.0
1.0
1.0
1.0
1.0
1.0
1.0
0.00353442974496116
0.28101048358893127
0.547788198641702
0.8007444011110986
1.0
1.0
1.0
1.0
1.0
1.0
1.0
1.0
1.0
1.0
1.0
1.0
1.0
1.0
1.0
1.0
1.0
0.008274393977273826
0.28078311183818516
0.5453273093770573
0.7992800933941282
1.0
1.0
1.0
1.0
1.0
1.0
1.0
1.0
1.0
1.0
1.0
1.0
1.0
1.0
1.0
1.0
1.0
0.008371099039038037
0.2798576950896486
0.5412418868364763
0.7921101814676382
1.0
1.0
1.0
1.0
1.0
1.0
1.0
1.0
1.0
1.0
1.0
1.0
1.0
1.0
1.0
1.0
1.0
0.007187655395236773
0.2749080866070178
0.5348980102886551
0.7810166919616022
1.0
1.0
1.0
1.0
1.0
1.0
1.0
1.0
1.0
1.0
1.0
1.0
1.0
1.0
1.0
1.0
1.0
0.00582176156024492
0.2714549921338916
0.525971119197304
0.7696318538531974
0.9950438839821467
1.0
1.0
1.0
1.0
1.0
1.0
1.0
1.0
1.0
1.0
1.0
1.0
1.0
1.0
1.0
1.0
0.0027107851255507675
0.26249497343302963
0.5144812859874339
0.7515078969157191
0.9731132943894399
1.0
1.0
1.0
1.0
1.0
1.0
1.0
1.0
1.0
1.0
1.0
1.0
1.0
1.0
1.0
0.9959771133231117
0.0
0.2537076167089989
0.4997304459578738
0.7331434700239292
0.9515913731505888
1.0
1.0
1.0
1.0
1.0
1.0
1.0
1.0
1.0
1.0
1.0
1.0
1.0
1.0
1.0
0.9926832340709917
0.0
0.24287104574139623
0.4815786244787871
0.7129854481063223
0.9235484425292706
1.0
1.0
1.0
1.0
1.0
1.0
1.0
1.0
1.0
1.0
1.0
1.0
1.0
1.0
1.0
0.9888121173195675
