0.010339468756957654
0.19010636516538593
0.36323804374763674
0.5280728529637401
0.683881858404153
0.826162272503851
0.960537375869716
1.0
1.0
1.0
1.0
1.0
1.0
1.0
1.0
1.0
1.0
1.0
1.0
1.0
1.0
0.003635523833202977
0.18782739496161086
0.36752335476704345
0.5358553364175552
0.6963594363552615
0.8449502085240967
0.979624337183519
1.0
1.0
1.0
1.0
1.0
1.0
1.0
1.0
1.0
1.0
1.0
1.0
1.0
1.0
0.0006763168710659693
0.19194344611432357
0.3777617270448577
0.5521125521071445
0.7164819548593795
0.8672403679036883
1.0
1.0
1.0
1.0
1.0
1.0
1.0
1.0
1.0
1.0
1.0
1.0
1.0
1.0
1.0
0.0
0.19777976616625093
0.38777192832821106
0.5683499299470596
0.7383671138390033
0.8937742981985178
1.0
1.0
1.0
1.0
1.0
1.0
1.0
1.0
1.0
1.0
1.0
1.0
1.0
1.0
1.0
0.0
0.20839841329759767
0.40339370086392407
0.5886175681439761
0.7621980674029778
0.9186544396715705
1.0
1.0
1.0
1.0
1.0
1.0
1.0
1.0
1.0
1.0
1.0
1.0
1.0
1.0
0.9942576367990509
0.003106711629811518
0.21489217392741694
0.4183922639091496
0.6086189644973725
0.7885632756345293
0.9493722030662322
1.0
1.0
1.0
1.0
1.0
1.0
1.0
1.0
1.0
1.0
1.0
1.0
1.0
1.0
0.9860414892653905
0.004270841284243864
0.22389085938391246
0.43340869434653984
0.6310350436488379
0.8119528078126063
0.9815938306969793
1.0
1.0
1.0
1.0
1.0
1.0
1.0
1.0
1.0
1.0
1.0
1.0
1.0
1.0
0.9842952038072301
0.005816948315572556
0.23171735132851046
0.44902435150550657
0.6541142026009681
0.8406312089024128
1.0
1.0
1.0
1.0
1.0
1.0
1.0
1.0
1.0
1.0
1.0
1.0
1.0
1.0
1.0
0.9819966226866356
0.007593796190002858
0.24229578892746395
0.46330497961918987
0.6741313465372482
0.8683158306347741
1.0
1.0
1.0
1.0
1.0
1.0
1.0
1.0
1.0
1.0
1.0
1.0
1.0
1.0
1.0
0.9837613593570865
0.0055889957550839305
0.24613328079494157
0.4769123581352646
0.6956129373768138
0.8931513346429245
1.0
1.0
1.0
1.0
1.0
1.0
1.0
1.0
1.0
1.0
1.0
1.0
1.0
1.0
1.0
0.9856047857823919
0.0036867648092351575
0.2558955649307815
0.4909849060722532
0.7132329636874207
0.9165664065035504
1.0
1.0
1.0
1.0
1.0
1.0
1.0
1.0
1.0
1.0
1.0
1.0
1.0
1.0
1.0
0.9890366773647221
0.00014021303166188463
0.25824519610102764
0.5035384083281036
0.730375832351797
0.9415141062415036
1.0
1.0
1.0
1.0
1.0
1.0
1.0
1.0
1.0
1.0
1.0
1.0
1.0
1.0
1.0
0.9905531015075568
0.0
0.26173055042864374
0.5124968501221773
0.7457860803770667
0.9628809366711025
1.0
1.0
1.0
1.0
1.0
1.0
1.0
1.0
1.0
1.0
1.0
1.0
1.0
1.0
1.0
0.9957363260675521
0.0
0.26468267989226174
0.5222949910803476
0.7620390268508235
0.9802111921085592
1.0
1.0
1.0
1.0
1.0
1.0
1.0
1.0
1.0
1.0
1.0
1.0
1.0
1.0
1.0
1.0
0.0
0.2665116633240828
0.5289331381764348
0.7740593927981205
0.9980329848831491
1.0
1.0
1.0
1.0
1.0
1.0
1.0
1.0
1.0
1.0
1.0
1.0
1.0
1.0
1.0
1.0
0.0
0.26732945463550445
0.5362030176649275
0.7861954088389534
1.0
1.0
1.0
1.0
1.0
1.0
1.0
1.0
1.0
1.0
1.0
1.0
1.0
1.0
1.0
1.0
1.0
0.0
0.2715329678700715
0.5429561546417354
0.7957946146169452
1.0
1.0
1.0
1.0
1.0
1.0
1.0
1.0
1.0
1.0
1.0
1.0
1.0
1.0
1.0
1.0
1.0
0.0
0.2736279127849084
0.5501499123574287
0.8077417292745657
1.0
1.0
1.0
1.0
1.0
1.0
1.0
1.0
1.0
1.0
1.0
1.0
1.0
1.0
1.0
1.0
1.0
0.0
0.27804197769891426
0.5570206200701414
0.816586577769608
1.0
1.0
1.0
1.0
1.0
1.0
1.0
1.0
1.0
1.0
1.0
1.0
1.0
1.0
1.0
1.0
1.0
0.0
0.2836824566635129
0.5639155119237169
0.8265857379411495
1.0
1.0
1.0
1.0
1.0
1.0
1.0
1.0
1.0
1.0
1.0
1.0
1.0
1.0
1.0
1.0
1.0
0.0
0.2924761649479112
0.5716369445288179
0.8330027416312311
1.0
1.0
1.0
1.0
1.0
1.0
1.0
1.0
1.0
1.0
1.0
1.0
1.0
1.0
1.0
1.0
1.0
