0.005475342136933179
0.23790882044377556
0.46891852632467457
0.69528832241531
0.9106706169101535
1.0
1.0
1.0
1.0
1.0
1.0
1.0
1.0
1.0
1.0
1.0
1.0
1.0
1.0
1.0
0.9972098010270739
0.00025231905426828836
0.22116381680258407
0.4444394389577848
0.6655305492914635
0.8733461975126151
1.0
1.0
1.0
1.0
1.0
1.0
1.0
1.0
1.0
1.0
1.0
1.0
1.0
1.0
1.0
0.9999535192925076
0.0
0.20551102824543413
0.41977372086958326
0.6295038519479272
0.8298414430065625
1.0
1.0
1.0
1.0
1.0
1.0
1.0
1.0
1.0
1.0
1.0
1.0
1.0
1.0
1.0
1.0
0.0
0.19256097445215603
0.39315616305921947
0.5930078583735845
0.7848210820473349
0.9620199113810474
1.0
1.0
1.0
1.0
1.0
1.0
1.0
1.0
1.0
1.0
1.0
1.0
1.0
1.0
1.0
0.0
0.17728248012173733
0.3677431118575724
0.5554985278338638
0.7364637629947867
0.9054941277992961
1.0
1.0
1.0
1.0
1.0
1.0
1.0
1.0
1.0
1.0
1.0
1.0
1.0
1.0
1.0
0.0
0.16354351990849325
0.3385657760155236
0.5139671978265408
0.6848162968157174
0.843242717072349
0.9905689965498359
1.0
1.0
1.0
1.0
1.0
1.0
1.0
1.0
1.0
1.0
1.0
1.0
1.0
1.0
0.0
0.14923550866895
0.3107537466889384
0.47238425133400663
0.6307450138821242
0.7809185381105811
0.918252318628315
1.0
1.0
1.0
1.0
1.0
1.0
1.0
1.0
1.0
1.0
1.0
1.0
1.0
1.0
0.0
0.13414888421014823
0.2813856044129428
0.4297775547754182
0.5750408516591435
0.7136743881530785
0.8424744413621867
0.9566238107613302
1.0
1.0
1.0
1.0
1.0
1.0
1.0
1.0
1.0
1.0
1.0
1.0
1.0
0.0
0.11662090293620074
0.2530019591168191
0.38587597893846604
0.5182683046354086
0.6456799170438383
0.7645163864790512
0.8715170564670734
0.9634951275768205
1.0
1.0
1.0
1.0
1.0
1.0
1.0
1.0
1.0
1.0
1.0
1.0
0.0
0.10582596152632082
0.222817762809491
0.34397676752594597
0.4623566472354176
0.5775377379495504
0.6838781999570442
0.7840301766247092
0.8726949140532099
0.9492593470220775
1.0
1.0
1.0
1.0
1.0
1.0
1.0
1.0
1.0
1.0
1.0
0.0
0.09550700534636683
0.1962027172981915
0.3002206421452935
0.4066003365191606
0.5093359123371812
0.6054663842054036
0.696958052316508
0.7801185169997235
0.8515038259703849
0.9146881286703387
0.9661905561464399
1.0
1.0
1.0
1.0
1.0
1.0
1.0
1.0
1.0
0.0020723269038239213
0.08195081815578975
0.16801251402294132
0.2587423881878369
0.3516803617156601
0.4423530529881907
0.5311926159797573
0.6137000586532104
0.6901343424810804
0.7558151780757743
0.8189515545278037
0.870233984323623
0.9138049558761926
0.9495154998725753
0.9773087388095696
0.996638413400995
1.0
1.0
1.0
1.0
1.0
0.004050572000831148
0.07120409631301089
0.1396727706524128
0.22007291730802692
0.2973703217918724
0.3763839541210349
0.4543834384136718
0.5301161147100537
0.6001084711957516
0.6649574205878482
0.7243547177475185
0.773902855715008
0.8242929314586677
0.8646527014886534
0.8986422838142359
0.9276651981109522
0.9520568594878702
0.9707237714544668
0.9839273846408382
0.9948192781261737
1.0
0.007953498288836056
0.057965351645710296
0.11483041180656967
0.17853601688097287
0.24487315162211587
0.3150589622741658
0.3830900130229744
0.45074687919662054
0.5153077526725889
0.5767060171068448
0.6349614619332069
0.6892679006537604
0.7377914778979153
0.7858392107028269
0.8246222973078241
0.861061348491923
0.8966087340522999
0.9259002590752967
0.954585697092163
0.9788925790289316
0.9973464492466626
0.00925566792680344
0.04339918841925256
0.08918952783729849
0.1412558071064561
0.19615240817601343
0.2557663257189229
0.3149824441753874
0.3770906051008028
0.4334209553287479
0.4917920555883392
0.5478704413488972
0.6011825210194056
0.6549859095187736
0.7056994989458681
0.7552549140634146
0.7986389752353181
0.8456010444200683
0.8878640214851816
0.925287975518873
0.9623239611891483
0.9938430606032943
0.011900938098310731
0.03340485626153599
0.06557733580169345
0.10591114686961865
0.15219329243403892
0.19872526766137333
0.25046054612328733
0.3024292025444534
0.3586179895348869
0.4140738750505036
0.46844495780101614
0.5233273763062691
0.5775908084096262
0.6334883215551241
0.6901605821526542
0.7447694407227252
0.797809960865926
0.8488946737754691
0.9008715789633599
0.9489103668498261
0.9931345416075953
0.005354970058622471
0.01986491091747935
0.040565101194542236
0.06934011260305861
0.1050539899025229
0.1452771525031755
0.18905742035881168
0.23578791008989408
0.2862414611624535
0.33927457412269324
0.391718773639803
0.4480488481771134
0.5085117006027804
0.5670922760135098
0.629583799787143
0.6911956668596034
0.7545833283564467
0.81702501766001
0.878006787793762
0.9382736495941535
0.9933212234618519
7.948054160657832e-05
0.005531223242169821
0.017669464596131834
0.03683733156266758
0.0644211060898596
0.09675346032978763
0.13370408778946002
0.1764259773091341
0.22307891429170446
0.2717764874494557
0.32643576687648196
0.38207036729885435
0.4439491496672848
0.5076258909978013
0.5747205159260522
0.6429590684957266
0.7176841015210117
0.7875623964464735
0.8587169514003415
0.9299827822747684
0.9939998580384948
0.0
0.0
0.0
0.005456541122557224
0.02541604281848514
0.04980845615862228
0.08276823110830892
0.11943087496764915
0.16394026173901682
0.21273632083926797
0.2652027255294478
0.3227442508038072
0.3863297358704241
0.4558697372941758
0.5274186849167952
0.6029635658889811
0.6800785824997309
0.7602714513651124
0.8428562279298214
0.9206509246355847
0.9979788625404884
0.0
0.0
0.0
0.0
0.0
0.009699044825698389
0.03731089913177632
0.07015933340407193
0.11115788549959715
0.15898807893191585
0.21193887522335447
0.2714837083611305
0.3359495183338234
0.4100967729472852
0.4861134068783874
0.5669198830615669
0.6517724092241638
0.7417158388427187
0.8291376775667052
0.9152872450691578
0.9993744745367681
0.0
0.0
0.0
0.0
0.0
0.0
0.0
0.027917384589472627
0.06477800227955582
0.1111861245104962
0.16573025511510675
0.22595549327919118
0.2930187383179958
0.369561839995282
0.4530810502297798
0.5362530580659974
0.627366296480809
0.72260380251053
0.8170311750623928
0.9117376081918429
1.0
