0.004787817246783521
0.1703093812115605
0.3338153259019784
0.4914824075282294
0.643771320767772
0.7893181325426989
0.9243242426454297
1.0
1.0
1.0
1.0
1.0
1.0
1.0
1.0
1.0
1.0
1.0
1.0
1.0
0.9968313349986804
0.004129401849612109
0.18148092246424447
0.3550981341116647
0.5198019582240484
0.6794584585644798
0.8274941105780108
0.9693323576547065
1.0
1.0
1.0
1.0
1.0
1.0
1.0
1.0
1.0
1.0
1.0
1.0
1.0
0.9933055864425951
0.004854202332223773
0.19561574629167514
0.37711041045296273
0.5506390674256629
0.7162937078296305
0.8725230921480458
1.0
1.0
1.0
1.0
1.0
1.0
1.0
1.0
1.0
1.0
1.0
1.0
1.0
1.0
0.9917516052642813
0.006510959406993094
0.2067651453235987
0.3984420992936368
0.5818669187050156
0.7569676075344001
0.9161365540455204
1.0
1.0
1.0
1.0
1.0
1.0
1.0
1.0
1.0
1.0
1.0
1.0
1.0
1.0
0.9927928756550918
0.007052358640921283
0.21772572853584674
0.42146052759283537
0.6125831648206073
0.7939520936342545
0.9613673660066714
1.0
1.0
1.0
1.0
1.0
1.0
1.0
1.0
1.0
1.0
1.0
1.0
1.0
1.0
0.9940700594100905
0.0055170094020779
0.23069581545412207
0.4436565987649998
0.6443596835203034
0.8320964416176256
1.0
1.0
1.0
1.0
1.0
1.0
1.0
1.0
1.0
1.0
1.0
1.0
1.0
1.0
1.0
0.9939032593567886
0.008347498262759332
0.2425883971171078
0.46527725742659287
0.6739122039128814
0.8697229957965212
1.0
1.0
1.0
1.0
1.0
1.0
1.0
1.0
1.0
1.0
1.0
1.0
1.0
1.0
1.0
1.0
0.005553385923079225
0.25065715569149316
0.48448412587687706
0.7016702798247716
0.9066077947720118
1.0
1.0
1.0
1.0
1.0
1.0
1.0
1.0
1.0
1.0
1.0
1.0
1.0
1.0
1.0
1.0
0.007231743541100607
0.2613931012377018
0.5024427007516574
0.729160421017599
0.9366949982924414
1.0
1.0
1.0
1.0
1.0
1.0
1.0
1.0
1.0
1.0
1.0
1.0
1.0
1.0
1.0
1.0
0.0043523008512002855
0.2702115675870017
0.5205021812582461
0.7544718178572283
0.9672683091594143
1.0
1.0
1.0
1.0
1.0
1.0
1.0
1.0
1.0
1.0
1.0
1.0
1.0
1.0
1.0
1.0
0.0034464512366286972
0.2771855977337658
0.532885567335712
0.7744591125959441
0.9952311092556133
1.0
1.0
1.0
1.0
1.0
1.0
1.0
1.0
1.0
1.0
1.0
1.0
1.0
1.0
1.0
1.0
0.0024300256088716143
0.28392923199042985
0.5451765440181384
0.7932959997437812
1.0
1.0
1.0
1.0
1.0
1.0
1.0
1.0
1.0
1.0
1.0
1.0
1.0
1.0
1.0
1.0
1.0
0.0014003431669448855
0.28732433692036025
0.5565565610018943
0.8058726806022514
1.0
1.0
1.0
1.0
1.0
1.0
1.0
1.0
1.0
1.0
1.0
1.0
1.0
1.0
1.0
1.0
1.0
0.0
0.28795324286543944
0.5626055943500192
0.8188718442970673
1.0
1.0
1.0
1.0
1.0
1.0
1.0
1.0
1.0
1.0
1.0
1.0
1.0
1.0
1.0
1.0
1.0
0.0
0.2928873988172262
0.5695354342109351
0.8262895793125212
1.0
1.0
1.0
1.0
1.0
1.0
1.0
1.0
1.0
1.0
1.0
1.0
1.0
1.0
1.0
1.0
1.0
0.0
0.29204655856162964
0.5734419444959458
0.8339020624115686
1.0
1.0
1.0
1.0
1.0
1.0
1.0
1.0
1.0
1.0
1.0
1.0
1.0
1.0
1.0
1.0
0.9999403237538597
0.0
0.2940111152844752
0.5741874504072684
0.835057512298882
1.0
1.0
1.0
1.0
1.0
1.0
1.0
1.0
1.0
1.0
1.0
1.0
1.0
1.0
1.0
1.0
0.9966138472500405
0.0
0.2930009702791566
0.5757287501799291
0.8376447265427108
1.0
1.0
1.0
1.0
1.0
1.0
1.0
1.0
1.0
1.0
1.0
1.0
1.0
1.0
1.0
1.0
0.995173473735602
0.0
0.29453958904058397
0.5746860892738153
0.8358335091934034
1.0
1.0
1.0
1.0
1.0
1.0
1.0
1.0
1.0
1.0
1.0
1.0
1.0
1.0
1.0
1.0
0.9983226626103407
0.0
0.2942220359680218
0.5733098610897973
0.8350989993381052
1.0
1.0
1.0
1.0
1.0
1.0
1.0
1.0
1.0
1.0
1.0
1.0
1.0
1.0
1.0
1.0
1.0
0.0034973485575286066
0.29750988227496156
0.5741872549200375
0.8330952536723322
1.0
1.0
1.0
1.0
1.0
1.0
1.0
1.0
1.0
1.0
1.0
1.0
1.0
1.0
1.0
1.0
1.0
