0.0010276633987142709
0.0
0.0
0.0
0.0
0.0
0.0
0.0
0.0
0.02537821469617796
0.10532690816824036
0.1940663666409645
0.2914425577560275
0.39194733015140903
0.49793380746519966
0.600540147687464
0.7007992822920917
0.7943683795312665
0.874989188612771
0.9453262482093329
1.0
0.0
0.0
0.0
0.0
0.0
0.0
0.0
0.0
0.0
0.037999282492977904
0.11474693291912519
0.20480242144570593
0.30131944693093754
0.4031780800770782
0.5050048382464175
0.6092478157116977
0.7084791809827821
0.7994842134456424
0.8792494320253659
0.950041767715852
1.0
0.0
0.0
0.0
0.0
0.0
0.0
0.0
0.0
0.0
0.04542577223408201
0.12156319895081552
0.211458177306095
0.30733042281563344
0.40769690438088
0.5111080491352211
0.6124065178646083
0.7109140433458201
0.8015412303865339
0.8825963300530028
0.950757481816124
1.0
0.0
0.0
0.0
0.0
0.0
0.0
0.0
0.0
0.0
0.04920055503190307
0.1294550635770012
0.2163704921229634
0.3102882228044714
0.4111488173493243
0.513051513398797
0.6153382033042505
0.7094382183483969
0.8007228266214426
0.8814107812110966
0.9521044880684615
1.0
0.0
0.0
0.0
0.0
0.0
0.0
0.0
0.0
0.0
0.0538951696523709
0.13098009910819602
0.21687134689680493
0.3108073813099756
0.40966212925950235
0.5104823780686172
0.6095479702594572
0.7088054669214715
0.79713895632967
0.8799402987532399
0.9492097082670854
1.0
0.003138971294503197
0.0
0.0
0.0
0.0
0.0
0.0
0.0
0.0
0.05408421838641847
0.131034944711246
0.21685733270863455
0.3096519225576165
0.40647990802708434
0.5047616444338987
0.6056542913740176
0.7005024982125874
0.7934788300812188
0.8737364870201085
0.948339257092927
1.0
0.004787055808599085
0.0
0.0
0.0
0.0
0.0
0.0
0.0
0.0
0.05141566903229339
0.12760751667711112
0.21129288826834197
0.2988981667941204
0.39830686526632436
0.4972730923233807
0.5968824717792538
0.6938388711225615
0.785159713444913
0.8708060560838476
0.9428289583053773
1.0
0.005031543879342016
0.0
0.0
0.0
0.0
0.0
0.0
0.0
0.0
0.04636561874728601
0.11904463519638081
0.20158664978566554
0.29166168292870914
0.3878196075703296
0.4851320343678376
0.584817522017907
0.6804142416555927
0.7760747097476215
0.8606862936878493
0.9371367123421426
1.0
0.0077462438835036035
0.0
0.0
0.0
0.0
0.0
0.0
0.0
0.0
0.036847824825973374
0.1107491409803279
0.19055970826938656
0.27799222271236573
0.37170274117892843
0.4715709101897644
0.5706775017713241
0.6685149861017226
0.7624333222101161
0.8513596698093857
0.9304264530822424
0.9992013423220274
0.004860188933966196
0.0
0.0
0.0
0.0
0.0
0.0
0.0
0.0
0.024995542208167354
0.0949726839909305
0.1742123738718886
0.2616500458279082
0.35659167106099926
0.4546557451331697
0.5509174457250103
0.6525049184857167
0.7501176832644892
0.8419377636371325
0.924219476712566
0.9976876500355335
0.0037815422224346975
0.0
0.0
0.0
0.0
0.0
0.0
0.0
0.0
0.009337697358530295
0.0784574848892664
0.1581997980293423
0.2450948505283309
0.3379896851129111
0.4354059462629919
0.5370237073061748
0.6366230506656101
0.7352025256510182
0.8302529920674478
0.9194379798728524
0.9968292794480179
0.002264050121576227
0.0
0.0
0.0
0.0
0.0
0.0
0.0
0.0
0.0
0.06076405550226993
0.13667152065158028
0.22354573202023442
0.3167729931643984
0.4145517893996114
0.5156930371655963
0.6185877539087992
0.7207104474885375
0.8196927538172193
0.9126351866391766
0.9972995442422558
0.0
0.0
0.0
0.0
0.0
0.0
0.0
0.0
0.0
0.0
0.03991356396482448
0.11337519270952423
0.19878746499931016
0.2901600851714983
0.3913439782178578
0.49406037386906926
0.5987726428873286
0.7050911254864793
0.8091166628232331
0.9067984427244327
0.9968907757595155
0.0
0.0
0.0
0.0
0.0
0.0
0.0
0.0
0.0
0.0
0.0168212989970582
0.08947426724019936
0.1739008805723422
0.2685391350281245
0.3681336367669007
0.47297252845028903
0.5798716819614523
0.6892293549510176
0.7974476315829114
0.9004571341305805
0.998292938294319
0.0
0.0
0.0
0.0
0.0
0.0
0.0
0.0
0.0
0.0
0.0
0.06578851199727531
0.14824887129294284
0.24180285616676023
0.3422622065263848
0.44948270097568094
0.5580661088918304
0.6727672176102263
0.7837973030877433
0.8941572893458491
0.9988295575793963
0.0
0.0
0.0
0.0
0.0
0.0
0.0
0.0
0.0
0.0
0.0
0.03787302824661476
0.11941524206459364
0.21301365939393158
0.31657612165376375
0.42446229067256486
0.5371046659548371
0.6550928622575294
0.7712439159018949
0.8880926838936072
1.0
0.0
0.0
0.0
0.0
0.0
0.0
0.0
0.0
0.0
0.0
0.0
0.009100689249434635
0.08979460512059256
0.18545682942461084
0.28603762204248634
0.39964590140859463
0.5158891893128503
0.6400032689878086
0.7604021083193349
0.879082501137906
0.9999611993084576
0.0
0.0
0.0
0.0
0.0
0.0
0.0
0.0
0.0
0.0
0.0
0.0
0.06076739212944737
0.15612800151853623
0.2597495332639753
0.3731441036290313
0.4927337218964933
0.6178195164815448
0.7467783014682714
0.8722231104609915
1.0
0.0
0.0
0.0
0.0
0.0
0.0
0.0
0.0
0.0
0.0
0.0
0.0
0.030334127229227126
0.12228440261036899
0.22948687497491171
0.34541150452149577
0.46773550733536595
0.59861895560962
0.7304932370662489
0.8658119870034819
0.9983458157391631
0.0
0.0
0.0
0.0
0.0
0.0
0.0
0.0
0.0
0.0
0.0
0.0
0.0
0.09272366297353263
0.19936458417349145
0.317063483067792
0.44383256493814915
0.5770334512306128
0.7152584295518432
0.8545598075800532
0.9956269175930232
0.0
0.0
0.0
0.0
0.0
0.0
0.0
0.0
0.0
0.0
0.0
0.0
0.0
0.05881420024534856
0.16664073303540006
0.2849266388618015
0.41652030899051556
0.5558516511013614
0.6974554091888522
0.8424666964947203
0.9893079572235284
