0.01065202531177754
0.3825281740151448
0.7230539997089142
1.0
1.0
1.0
1.0
1.0
1.0
1.0
1.0
1.0
1.0
1.0
1.0
1.0
1.0
1.0
1.0
1.0
0.9885676844677466
0.006214401901486544
0.3824479446428793
0.7238379238258557
1.0
1.0
1.0
1.0
1.0
1.0
1.0
1.0
1.0
1.0
1.0
1.0
1.0
1.0
1.0
1.0
1.0
0.9873388003816964
0.0007447699670682687
0.38056680630588663
0.7283333201635683
1.0
1.0
1.0
1.0
1.0
1.0
1.0
1.0
1.0
1.0
1.0
1.0
1.0
1.0
1.0
1.0
1.0
0.986092984466015
0.0
0.38088406665178937
0.7288027503005821
1.0
1.0
1.0
1.0
1.0
1.0
1.0
1.0
1.0
1.0
1.0
1.0
1.0
1.0
1.0
1.0
1.0
0.9869728608470758
0.0
0.38357768700862777
0.7300647666620924
1.0
1.0
1.0
1.0
1.0
1.0
1.0
1.0
1.0
1.0
1.0
1.0
1.0
1.0
1.0
1.0
1.0
0.989972547511502
0.0
0.3830205479980499
0.7273114162792131
1.0
1.0
1.0
1.0
1.0
1.0
1.0
1.0
1.0
1.0
1.0
1.0
1.0
1.0
1.0
1.0
1.0
0.991258157917567
0.0
0.3830393334699233
0.7283185261245639
1.0
1.0
1.0
1.0
1.0
1.0
1.0
1.0
1.0
1.0
1.0
1.0
1.0
1.0
1.0
1.0
1.0
0.9952076682545072
0.0017226894794083378
0.38411272038815547
0.7258766012975219
1.0
1.0
1.0
1.0
1.0
1.0
1.0
1.0
1.0
1.0
1.0
1.0
1.0
1.0
1.0
1.0
1.0
0.9981615889050046
0.005148044780737943
0.38044269109509876
0.7194840327867005
1.0
1.0
1.0
1.0
1.0
1.0
1.0
1.0
1.0
1.0
1.0
1.0
1.0
1.0
1.0
1.0
1.0
1.0
0.005989302943152148
0.376831371595186
0.7103284456155575
1.0
1.0
1.0
1.0
1.0
1.0
1.0
1.0
1.0
1.0
1.0
1.0
1.0
1.0
1.0
1.0
1.0
1.0
0.007082765699913752
0.3728511506794019
0.7000579582164794
0.9822616771457642
1.0
1.0
1.0
1.0
1.0
1.0
1.0
1.0
1.0
1.0
1.0
1.0
1.0
1.0
1.0
1.0
1.0
0.00699283688937642
0.36529508385647774
0.6842929605354625
0.962755716748967
1.0
1.0
1.0
1.0
1.0
1.0
1.0
1.0
1.0
1.0
1.0
1.0
1.0
1.0
1.0
1.0
1.0
0.006670699943241997
0.358397045727157
0.6700792083065897
0.9392466151888337
1.0
1.0
1.0
1.0
1.0
1.0
1.0
1.0
1.0
1.0
1.0
1.0
1.0
1.0
1.0
1.0
1.0
0.0071089936894194235
0.34735423407802885
0.6494372763665522
0.9114189585689124
1.0
1.0
1.0
1.0
1.0
1.0
1.0
1.0
1.0
1.0
1.0
1.0
1.0
1.0
1.0
1.0
1.0
0.004439599118515544
0.3371148499420335
0.6262376858276377
0.8825552454079255
1.0
1.0
1.0
1.0
1.0
1.0
1.0
1.0
1.0
1.0
1.0
1.0
1.0
1.0
1.0
1.0
1.0
0.0018186959791426263
0.3246039361758429
0.6068874222513995
0.8523414079597389
1.0
1.0
1.0
1.0
1.0
1.0
1.0
1.0
1.0
1.0
1.0
1.0
1.0
1.0
1.0
1.0
1.0
0.0
0.31013311019492557
0.5826620241912545
0.8200638182734712
1.0
1.0
1.0
1.0
1.0
1.0
1.0
1.0
1.0
1.0
1.0
1.0
1.0
1.0
1.0
1.0
1.0
0.0
0.2966729770144584
0.560084862835719
0.7876745592387234
0.9761048381132408
1.0
1.0
1.0
1.0
1.0
1.0
1.0
1.0
1.0
1.0
1.0
1.0
1.0
1.0
1.0
1.0
0.0
0.2839177584437728
0.5381914257274423
0.7547495430873681
0.9381940844888201
1.0
1.0
1.0
1.0
1.0
1.0
1.0
1.0
1.0
1.0
1.0
1.0
1.0
1.0
1.0
0.9998222244012697
0.0
0.2743062831851029
0.5148591368272772
0.7226443437945197
0.8971893774080142
1.0
1.0
1.0
1.0
1.0
1.0
1.0
1.0
1.0
1.0
1.0
1.0
1.0
1.0
1.0
0.9946982057493683
0.0
0.26312707147458914
0.4960598026841875
0.6974860542926632
0.8622038247400782
0.9968148800806196
1.0
1.0
1.0
1.0
1.0
1.0
1.0
1.0
1.0
1.0
1.0
1.0
1.0
1.0
0.9905781714554307
