0.0
0.10276973758641826
0.21240629478392004
0.32612946849990165
0.4375735257191121
0.5490725758311991
0.657701188355133
0.7601315599600066
0.8541463537450373
0.9399265865239659
1.0
1.0
1.0
1.0
1.0
1.0
1.0
1.0
1.0
1.0
0.9901955393118608
0.0
0.10196154288196657
0.2139211736195294
0.3258467356752854
0.4438727761415566
0.5559952321525213
0.6645943405246902
0.7718171932536146
0.8673255043459831
0.9578164562574296
1.0
1.0
1.0
1.0
1.0
1.0
1.0
1.0
1.0
1.0
0.9860588401725372
0.0
0.10374260052421658
0.21555367528197084
0.3297730264709841
0.44578709085818335
0.5596128146757026
0.6724205712830413
0.7804346119405732
0.8823850154094787
0.9730799042725626
1.0
1.0
1.0
1.0
1.0
1.0
1.0
1.0
1.0
1.0
0.9862433062757932
0.0015601730054863381
0.10527317560572065
0.2161289540500388
0.3306952629655075
0.4475219280302195
0.5640906502886127
0.6799175124320028
0.7900488868493643
0.8921765067036265
0.9846061524596854
1.0
1.0
1.0
1.0
1.0
1.0
1.0
1.0
1.0
1.0
0.9896395446302054
0.002868920807794056
0.10542299426488491
0.2164137938555547
0.3304400315913872
0.4476663387778258
0.566747123556401
0.6829749559173077
0.795281992243223
0.9002294208554296
0.9963769098365585
1.0
1.0
1.0
1.0
1.0
1.0
1.0
1.0
1.0
1.0
0.994243521922254
0.004289946024384598
0.10418892481033844
0.21155786736813795
0.32734413883473135
0.44404420357923446
0.5636404578878966
0.6818875664880495
0.7951660239005194
0.9037756243098938
1.0
1.0
1.0
1.0
1.0
1.0
1.0
1.0
1.0
1.0
1.0
0.9979335696100637
0.004941497837594615
0.10309619994069863
0.21092266502895152
0.32184912788364284
0.43871816356612625
0.5569986761156742
0.67474621052058
0.7916355816131848
0.9020703226356139
1.0
1.0
1.0
1.0
1.0
1.0
1.0
1.0
1.0
1.0
1.0
1.0
0.006467159296309425
0.09958864620924968
0.20339518896325043
0.31377689398137765
0.4288266886261504
0.5474170708518787
0.66555035571007
0.7816972875654976
0.8932769835393888
0.9973469644479589
1.0
1.0
1.0
1.0
1.0
1.0
1.0
1.0
1.0
1.0
1.0
0.005646481472899716
0.09420167020370096
0.19369740953003206
0.30169828610800864
0.4144413879110908
0.53318744795456
0.6502847843290739
0.7663124400183738
0.8799164931382002
0.9832585852050522
1.0
1.0
1.0
1.0
1.0
1.0
1.0
1.0
1.0
1.0
1.0
0.0028219289983311053
0.08790317873658571
0.18193138189337765
0.2858037187207051
0.3961273802278543
0.5130726089217372
0.6288264893199835
0.7452980825945048
0.8613208296700957
0.9664355719624547
1.0
1.0
1.0
1.0
1.0
1.0
1.0
1.0
1.0
1.0
1.0
0.0028898420768034257
0.07913420118871808
0.16992320037163844
0.26799657061095306
0.3750769720765437
0.4845130768100474
0.6037065359901825
0.7198618544942482
0.8342433710210835
0.9400954597346802
1.0
1.0
1.0
1.0
1.0
1.0
1.0
1.0
1.0
1.0
1.0
0.0
0.07040021437965252
0.15280791839386904
0.2450010149608443
0.34942625478171185
0.4597467203888329
0.5724242963139683
0.6890667047800262
0.8015582230324674
0.9072657126898512
1.0
1.0
1.0
1.0
1.0
1.0
1.0
1.0
1.0
1.0
1.0
0.0
0.05979410139123432
0.13582827324582475
0.22542129629340002
0.32291229167784374
0.42781694742570864
0.5406587269823198
0.6538658860046256
0.7643532603491814
0.8722222257864588
0.9720281660787338
1.0
1.0
1.0
1.0
1.0
1.0
1.0
1.0
1.0
0.9980104248737127
0.0
0.051352656691383135
0.11681112420271315
0.20074870764522287
0.29446513667986907
0.39616820561395777
0.5033253754931862
0.616266124010828
0.7246567650694671
0.8350457834357883
0.9358653228546443
1.0
1.0
1.0
1.0
1.0
1.0
1.0
1.0
1.0
0.9955023394504625
0.0
0.03801268350210848
0.10115988682385726
0.17566318301210945
0.2664893341201535
0.36153411298602256
0.46862067928623075
0.5771730424183815
0.6861409530028701
0.7924448865728417
0.8963302983492262
0.987720000800042
1.0
1.0
1.0
1.0
1.0
1.0
1.0
1.0
0.9919313006243734
0.0
0.029575578002545243
0.08519394194988772
0.15242441077331473
0.23576397751839517
0.32938645116282567
0.42969056149759294
0.5358079909938009
0.6451366464081157
0.7511275122107237
0.8535532537861259
0.94792409216179
1.0
1.0
1.0
1.0
1.0
1.0
1.0
1.0
0.9879975252620976
0.0
0.020566335196140602
0.0666319097427119
0.13128277023304283
0.20525304109753584
0.29482780463866315
0.3925691694046593
0.49596796249701475
0.605184068809004
0.7100247803766913
0.812679305329598
0.9078623665531177
0.9938132885740754
1.0
1.0
1.0
1.0
1.0
1.0
1.0
0.9894323885586903
0.0
0.01348675631347905
0.052919165607931994
0.10882365474815188
0.1809831383176218
0.2617134400760805
0.3578756504123356
0.46016383762598273
0.5647993333776777
0.6731964851722148
0.7750447796713569
0.8730351554197814
0.9572086094870096
1.0
1.0
1.0
1.0
1.0
1.0
1.0
0.9914883757854389
0.0
0.008136643731130086
0.04132272594939853
0.09156198296002385
0.15720882624570748
0.23574204062742507
0.32599481907996725
0.4260816947241744
0.5304335142536054
0.6364199068616402
0.7405254128950712
0.8373177376259084
0.925836198864852
1.0
1.0
1.0
1.0
1.0
1.0
1.0
0.9951399562037463
0.0
0.004566570776623306
0.03170171515662115
0.07560890572030772
0.1348083006049753
0.210540796928154
0.2990296528297924
0.39512602441613975
0.49983895955787205
0.605338171864083
0.70666374295284
0.8090119945993932
0.8982729408016086
0.9756042974098237
1.0
1.0
1.0
1.0
1.0
1.0
1.0
0.0024699621405304645
0.0053275385236231515
0.022568581069172672
0.061081391381816286
0.11799171628463724
0.1910652373574228
0.27651485871367226
0.37091525137342124
0.47269388316410843
0.5768818381699203
0.6826121698184959
0.7832973598773341
0.8779418740294773
0.9546543670916449
1.0
1.0
1.0
1.0
1.0
1.0
1.0
