0.04239141175094769
0.05529978483898749
0.07397642685629469
0.09282193008783943
0.11950636096762302
0.14934954680300805
0.18910518437975055
0.23113284261451109
0.28361953528422956
0.34117789311991487
0.4061498414801434
0.4724003393234686
0.5460691668609884
0.621975532531434
0.6951479498632606
0.768604829154828
0.83492950743347
0.8940447927092721
0.9419593591476136
0.9761959862786576
0.9934419877445293
0.019909134936136514
0.035144810114723354
0.05281796330594067
0.07449255176643982
0.09981239275028601
0.13160278634886602
0.1676930289742291
0.21219032161708426
0.2646116320377947
0.3235755625309303
0.3877567444317528
0.4609127617754193
0.5353850016037146
0.614078972276259
0.6897616329560056
0.7629958216260235
0.832554186645067
0.8921604011611336
0.9427713894281163
0.9768919642481162
0.9950775385113003
0.006588735512972359
0.02398716285935667
0.04071425025471734
0.06248029428371975
0.08566087478823152
0.11860518002798875
0.155470520018848
0.20115835319142583
0.25398612676832555
0.3090631514126444
0.37598447420028724
0.45034375068460974
0.5265055097786329
0.605565065831055
0.682875641484981
0.7591320272939794
0.82812042676501
0.890129557712135
0.9410921282623199
0.9769443027535424
0.9950710540523119
0.0
0.015486447231028218
0.03399170266859665
0.055763031662532464
0.0814612415987362
0.11137903053367962
0.15103338301068683
0.19316741027751846
0.24554356156025606
0.306265746626845
0.3706848969378602
0.44436966672452094
0.5205934787812021
0.6010644743555036
0.6777045862880936
0.7554345780296867
0.8273023860218948
0.8884847239213977
0.9384649508988201
0.9760500195394783
0.99603736350292
0.0
0.012002979324772234
0.032672951930673766
0.05364526782489856
0.07743708908237174
0.11141755018499891
0.14817977357452464
0.19145288617806425
0.24375716265351696
0.3041152350204746
0.3689901680538846
0.4409292985435288
0.5186738644305806
0.5964060947321316
0.6765937883556045
0.7530757453062716
0.8258689778489123
0.8875264362237546
0.938906649228636
0.9755398216346499
0.9909066911937922
0.0
0.013595832516371316
0.032749980250388375
0.05631261458907112
0.0833798600952862
0.11346543158483857
0.15244994702665438
0.1946044308552334
0.24747140112452742
0.3057548799600628
0.37108851733494075
0.4449239356183286
0.5166102714997302
0.5964910507785987
0.6756209910436467
0.7523273653911385
0.8219700021550072
0.8848694286207818
0.9360195317717154
0.9734785682005368
0.9906706472948108
0.0
0.01823646539584072
0.03914171627383749
0.062361566438369556
0.08957566231621247
0.11985416678097133
0.16025398798782667
0.20298814819435623
0.25167054628132735
0.3116812360793183
0.37831291154689095
0.4471491616742279
0.5232431359761409
0.5954609752932553
0.6775823876623196
0.7517715353484734
0.823405396926282
0.8874346865359116
0.9378604379944443
0.972228196519881
0.9900587694918803
0.0
0.020653884925268373
0.043871092366453625
0.07323765775637323
0.10010583793328329
0.13247554377631748
0.17022158840292462
0.2157295698970947
0.26172354403063863
0.3184797156321208
0.3840982230117682
0.4534929150419066
0.5268164271098028
0.6031106788612
0.6811121065420453
0.7535535684673922
0.8245738441698207
0.8870410541805773
0.9352640493952354
0.9735315456880657
0.988569772382299
0.00175762557378224
0.027989313203930725
0.05552651646753803
0.08224715968551012
0.11063460970671368
0.14316839568033024
0.18097485359952184
0.2254564165899205
0.2756348502716529
0.3304138034018214
0.3921279253610292
0.4613056567882251
0.5337796576740438
0.6080115317791017
0.6863178203631554
0.7573631113529655
0.8269099371338174
0.885422346199237
0.9379663057016676
0.9736867247462733
0.9889540373217894
0.00593275859768086
0.033550704343660934
0.06463779213243005
0.09129548397216047
0.12441922354271842
0.15747118162139928
0.19512060862992478
0.23847006213209024
0.2888899603827263
0.34248445014940143
0.4029177750249788
0.4706607937876645
0.5393797208540502
0.6150522370282773
0.6903723979285884
0.7631596916768321
0.8309338574233385
0.8912205480287392
0.9411181293668348
0.9722555809218107
0.9916627118586641
0.007065109722984482
0.036922827601718
0.07086574358101329
0.1037954739215392
0.13572342226972106
0.1699940324075171
0.2089143865892626
0.25224544832970824
0.30016627880292696
0.3572934001707532
0.4173680861380949
0.48280333221878574
0.5527067011351573
0.6252751608647331
0.6960635329732456
0.7665467622879785
0.8351929432128066
0.8934851336699199
0.9435170395199077
0.9739028303501511
0.9929796045982154
0.007390594099193735
0.04251554469721853
0.07880779031127622
0.1130999634847761
0.14911121190695287
0.18388639988439348
0.22384668090679577
0.26632685690603874
0.31518836313740944
0.3725538423648863
0.4305229556486295
0.49528967759967213
0.5615655352329756
0.6337584731665271
0.7047743187185436
0.7767378450699447
0.8393790577118313
0.8961078044781003
0.9444088527222402
0.977458109369019
0.9980033821494698
0.004443472664651347
0.04691955659890778
0.08587509671679797
0.12185643527302123
0.16138896990212054
0.196753963746777
0.2398324397865166
0.2838024450827889
0.32965470822086235
0.3849619617971316
0.4430764793396921
0.5100768868487123
0.5732992671739018
0.6428467200641059
0.71247319660949
0.780008825853707
0.8429631756341542
0.9005566054153489
0.9455564292721286
0.9815462153606127
0.9977490187218565
0.003824879116135543
0.0501742432793356
0.09098877135662815
0.13216009976338713
0.1714027301295994
0.21171547133504193
0.25384488413718354
0.2995564709937955
0.34734490771402615
0.40143712400585196
0.45864004590720087
0.5206308913731454
0.5856326574665258
0.6528640305624241
0.7218968707593133
0.7872744918347481
0.8493335309081061
0.9054240404816764
0.9504515676278931
0.9845410492481992
1.0
0.0
0.05034150524366091
0.09580481861217638
0.13993029746755128
0.18319917094351798
0.2252327388599329
0.2672708635201607
0.3158260163052866
0.36525960961878096
0.4174051692591232
0.47400243302157163
0.5361188793436706
0.6004034611796052
0.6651469217723568
0.729254476385619
0.7962574496497077
0.8537217365455257
0.9084459728295434
0.9527694402099267
0.985975283573895
1.0
0.0
0.04956538541304833
0.10073507856561298
0.14892764431380237
0.1939071396118599
0.23793606717379878
0.28495833433813145
0.33268861926611837
0.38056227170544527
0.4328251326660765
0.489427911007778
0.549194213722061
0.6097028131846253
0.6743419262053582
0.7391286466255138
0.8011866579935293
0.8579529001799384
0.9110725054252574
0.9552707398496202
0.9868039302159879
1.0
0.0
0.05143838217321388
0.10668213271465302
0.1584410686578194
0.20554717066923808
0.2540102694843281
0.29985264098329334
0.34856679597717816
0.39975181129260146
0.4523980999014074
0.5062760698958085
0.562395728893731
0.6248999465032719
0.6870445720600573
0.7496545271529675
0.8086791061198035
0.8673218333525442
0.9156171668499049
0.9547087180784352
0.9887339596530992
1.0
0.0
0.0541403651270721
0.11174100459167005
0.16807393200335807
0.21875343124150126
0.2701806318972825
0.31698580238683843
0.36603156148466676
0.41739818770225234
0.46912142455170924
0.5249603383243172
0.5811547168608843
0.6400049306435689
0.7008464531008388
0.7595612361362959
0.8181478743870354
0.8701272344291037
0.9181058412097495
0.9579168634277896
0.9894268285698582
1.0
0.0
0.05921917580209862
0.12118229103973834
0.17966165722663072
0.23410399088482958
0.28585287544184035
0.33683396380427355
0.38566013096082746
0.4380554305169888
0.491815985804637
0.5452716885884424
0.6000764705169187
0.656909587468298
0.715726816840977
0.7728523342583508
0.8294438946242307
0.8783726380277422
0.9243505578616203
0.9607242049994585
0.9889257485967617
1.0
0.0
0.06593944097777157
0.13444592604799843
0.19447480266862682
0.2523892729751845
0.3084932035376166
0.35851709243925706
0.41119337076774437
0.4638539235749731
0.5143291153227794
0.5688074857518061
0.6217144757301635
0.6768339396991981
0.7315064968605474
0.7870164144250305
0.837537091281322
0.8875517896348957
0.929863134039617
0.9643530483564485
0.9888378300210456
0.9996227109700453
0.0
0.07764585604170743
0.15054374567737905
0.2129216539587466
0.27458847015357774
0.332157114514543
0.38522201902587583
0.43988737751232365
0.491270642864732
0.5406658724772064
0.5935384745078893
0.6462974927366539
0.7001971619235926
0.7524161463555544
0.8063575056129282
0.8533101985973616
0.8987381556022003
0.9358637157841436
0.9687050425639006
0.9901873545061862
1.0
