0.0
0.0
0.0
0.0
0.0
0.0
0.0
0.0
0.0
0.0
0.0
0.057211680115030084
0.1269921274848521
0.2074942844340787
0.29474722467590936
0.3944324730333813
0.503245788592753
0.620450429094419
0.7427221837092463
0.8706624924477089
1.0
0.0
0.0
0.0
0.0
0.0
0.0
0.0
0.0
0.0
0.0
0.03254208238234435
0.09022441079484378
0.15668506517909087
0.23313878703942303
0.3200991479200983
0.41715675757731047
0.5176514182903389
0.6304028442870881
0.7468428087113546
0.8743739138850151
1.0
0.0
0.0
0.0
0.0
0.0
0.0
0.0
0.0
0.0
0.01776479457259711
0.06615788336306055
0.12289075782081094
0.188013861834692
0.26277103171380345
0.34568656957456684
0.4380186358833253
0.5367035859314988
0.6397760234802408
0.7558801808191257
0.873475213012439
0.9981141796378469
0.0
0.0
0.0
0.0
0.0
0.0
0.0
0.0
0.01767651058945402
0.05489325923538235
0.10301097780578738
0.15849794809203543
0.22077691986306752
0.2923275395431385
0.37311526021288055
0.46014848728826474
0.5534993972290074
0.6552171418148733
0.763645549741514
0.8765626650650472
0.9957630041530947
0.0
0.0
0.0
0.0
0.0
0.0
0.0
0.02057324533187882
0.05253299013882606
0.09214753215055632
0.13823229869230508
0.19411238568869615
0.2565496143928958
0.3249802417022436
0.4006670820515973
0.4853086717609266
0.572833223887717
0.6710624734332349
0.7725127486602229
0.8786994225044645
0.9893122298217295
0.0004313911986960283
0.0
0.0
0.0
0.0
0.00623830835917577
0.02731210815912566
0.05281950481082148
0.08804203540385785
0.12755205770679257
0.17522829892757047
0.2313931697507261
0.29195925351608765
0.35854251157981165
0.4302153028079734
0.5097945673968692
0.5976118399596178
0.6869654832890697
0.7828496719605921
0.8847262035446177
0.9892355613831931
0.0008495668576570512
0.0
0.0
0.0031553168435562717
0.013119599553064465
0.030618286928563526
0.05428719068779242
0.08670115308784904
0.12129450368192851
0.16619505211341884
0.2135888747899493
0.2653509769221292
0.3260804135605584
0.3913153860513399
0.46280368566722907
0.5362060554239795
0.6181245305861558
0.7041448924195135
0.794337977808759
0.889887951031577
0.9901819344294779
0.0
0.0003005704067631787
0.006461533274461709
0.01634889308481663
0.034977821093128025
0.05699535902791106
0.08690300071017151
0.12040921790633469
0.15849243382113865
0.2018342107323176
0.25191076341383206
0.30393279210526153
0.3616942586745105
0.4271575856769923
0.4951225597738033
0.5657814757715183
0.6422848205842219
0.7228769674824767
0.8068499294254659
0.897474667099487
0.9873407656747222
0.0
0.0038905386380949647
0.014469918888376232
0.030680745205230134
0.054695709489534394
0.0824518160283364
0.11246631185012287
0.15166346597728222
0.19159696175577212
0.24047732140601008
0.2890582380203055
0.34316269093568874
0.4006192840824198
0.4614530677136769
0.5265299348632954
0.593478974018474
0.6657484936057212
0.742134190857064
0.8232128183299978
0.905519257558837
0.9901546055482927
0.0
0.005264175988907112
0.02314164398302225
0.0457296538121285
0.0749414685627261
0.10595864100158117
0.14278512334926788
0.18194594864963143
0.22828802020805236
0.27703845947094663
0.32484779988362067
0.38059268054761064
0.43884385608031096
0.4968859991202824
0.557871146364489
0.6255622364218272
0.6923903259235016
0.7652487385002509
0.8410349078697817
0.91407230924255
0.9918666469689403
0.0
0.007961871008437663
0.031683072366868875
0.059986959040357876
0.09249232044175448
0.1303741657313813
0.1693252534321092
0.21278125258417166
0.2603410694133881
0.31145689314703223
0.3640122303295213
0.4190388203942725
0.4752439704801551
0.5302728218108012
0.5906838402330246
0.6555402169346076
0.718387993567953
0.7833415655697271
0.8540408598912348
0.9241623667857256
0.9951061557134646
0.0
0.015342666309396284
0.04116983911506345
0.07434410646157934
0.11021271512213798
0.15438298757875835
0.19866451539804791
0.2429258016127132
0.2929326854678991
0.3451554777470279
0.39921897029552245
0.4528803157916605
0.5108893392615829
0.5669590628209399
0.6232998138506605
0.6836767064313101
0.7441541571832313
0.8055884881097721
0.8689177610908445
0.9331722040602284
1.0
0.0
0.01863942305395433
0.05111799481168384
0.08782136835966253
0.12837845356329872
0.17487702820449028
0.22306184739098084
0.272946631458828
0.3262230711603979
0.37965908401164905
0.4347395486949509
0.4882351383515961
0.5442795785153027
0.6006147661121581
0.656490441412002
0.7114383859888768
0.769778366631733
0.8259716471256939
0.8842963722605157
0.9435710401311891
1.0
0.0
0.02426365507220249
0.058313557131917756
0.10224653421227209
0.14734634670023689
0.19549927734699474
0.24829469492344952
0.30147710669609995
0.3552680712848377
0.41185402256571585
0.4696771857072871
0.5236335701748345
0.5792889443336362
0.6313325391594707
0.6877730233921888
0.7422339995939203
0.7937282218217618
0.8454852417000405
0.8987660116519528
0.9520138291454454
1.0
0.0
0.030951586185971543
0.07070410777548629
0.11537066080443685
0.16326017887194552
0.21696302156691225
0.27008791848722313
0.32760489695789957
0.38311595521299746
0.442552560707212
0.49851969359529236
0.5563966361879903
0.6114106900890592
0.6654419713244624
0.7171645274752325
0.765870765895033
0.8175426827007279
0.8661779008855173
0.9128493191753284
0.9581738118923627
1.0
0.00028921177211928045
0.03907007873919369
0.08139893730811251
0.1287041648789841
0.1809897055471958
0.23572923745989896
0.29626148860946633
0.35441222179857995
0.4139143067798921
0.4720138923820827
0.5294261926012085
0.584834588709242
0.6390709477675104
0.6930310739605403
0.7443235846077517
0.7929893369556846
0.8379517187749225
0.885729559786084
0.9234129773968627
0.9653922795275215
1.0
0.004431840264903257
0.04318062392950221
0.08886240086653127
0.1398774443908734
0.19788491254521579
0.25620945664025374
0.31583164717077633
0.375907076369818
0.43855141458233005
0.49880245440503235
0.5578528533243082
0.6133834460770864
0.6682279208635914
0.7192496826408203
0.7685801483325119
0.8148373829464487
0.856823162531002
0.897519504741726
0.9376772242057763
0.9699649264344746
1.0
0.007913655761585358
0.04951210854431129
0.09624767961610056
0.15189087164636036
0.20931045663812764
0.26999901609490606
0.3346295341004158
0.3951976693116001
0.45865331015112465
0.5220451391078911
0.5805977026259367
0.63659197665256
0.6914893519913511
0.7427718330307643
0.7888689009199001
0.8342360321811958
0.8718532247301677
0.9109128727592831
0.9429701016209314
0.9729989767384614
1.0
0.007274632474114803
0.04974001972370021
0.10382437922180301
0.15830346316485588
0.21771473752287154
0.28253446036052027
0.3477054317225211
0.4144846528985289
0.4786934780562182
0.540333815455946
0.6016529221161036
0.6571037578243079
0.7138065699696667
0.761048647226297
0.8080880545516149
0.8477570657211851
0.8875374385161707
0.9194571612152477
0.9482883535943221
0.974017194891425
0.9939330684978567
0.0038890447860080455
0.050210721141292936
0.10263763485412952
0.16228067267055188
0.2244658748106912
0.2897169620636322
0.3562929739482786
0.4255878944223979
0.4921342568357985
0.555642163586348
0.6174854918392292
0.6740566619382993
0.7277260280059523
0.7773287099117565
0.8218928226489276
0.8609718837010002
0.8963436892636458
0.9262611667000251
0.9497100560571795
0.9709600531091277
0.9856675278618846
0.0003409455030377569
0.045718432287870196
0.10145874521042816
0.1624961438085789
0.22661492613494733
0.29366810956941497
0.36560717937756126
0.43160313853164134
0.49986683507455865
0.5655666469994349
0.6271074635913781
0.684141617582531
0.7389237476380244
0.7866303999410811
0.8312590996081353
0.8683487481647205
0.9035562837457907
0.9278076959054871
0.9483572307033239
0.9659838742740003
0.975403086149802
