0.004981764789712172
0.0
0.0018786660553667955
0.01805688825690213
0.040434257510257726
0.07102937361072317
0.11167745140570629
0.15789204425754452
0.21075769521117751
0.26921621127769824
0.3288547232847491
0.39416766117898744
0.4614389901716317
0.5286491365456227
0.5969796351048604
0.6637192333166304
0.7321604747152717
0.7990410337124871
0.8665131648736879
0.9324011517144816
1.0
0.0033118988115289107
0.008046405771223432
0.022280052428883118
0.045769555256812755
0.0787722203189351
0.11801531177451416
0.16324313934257156
0.2158972827570603
0.27418403261801116
0.3325265339838259
0.3969784131298586
0.4607491643529482
0.5285958853924783
0.5906421315674185
0.6557594144606507
0.7171995933755769
0.7780830569129136
0.8367045998175278
0.8921983802156483
0.9477996457379939
0.9998708229690725
0.002897210051468177
0.018814425272078727
0.04179345414608085
0.07477226217689292
0.11560083401331502
0.15992409735560534
0.2139909609942634
0.271093593370616
0.332668750006699
0.3957321699674371
0.4623267284004896
0.5285274712003254
0.5912706266500144
0.6546559893173235
0.716319964254215
0.7724523876250137
0.8225210120645812
0.8724969016352555
0.9204731478405426
0.9616702170789956
1.0
0.005503315650727401
0.029832647493304356
0.06119788502117703
0.1039113302670233
0.14942537147760188
0.1998892853053631
0.26156331602828115
0.3254510929563055
0.388853285821342
0.4585286880866857
0.5257979187139574
0.5928166593141871
0.6554744077166352
0.7159652178591648
0.772587952893919
0.8232337871339256
0.8709248509499272
0.9088324643663102
0.9443190839856576
0.973667947422571
1.0
0.010555269043893294
0.04102774159602822
0.08092588019590297
0.1270328884667885
0.18267544552825948
0.24159025386202965
0.30713134931945313
0.3739948582009208
0.4440705042543926
0.5132301358636333
0.5859486507533241
0.6535974991464963
0.7153262700111388
0.7722888382149979
0.825092687553276
0.8727264130692042
0.913046210756507
0.9440421689029007
0.9674663851512458
0.9876401521112962
1.0
0.013433533012191256
0.050502026968705295
0.09629202585027363
0.15199787434679238
0.21307313155416926
0.2776702641477499
0.3472765339696334
0.42091102481946086
0.49444843214274237
0.5670176561548431
0.6395004900116653
0.7081377405575097
0.7706524832247437
0.8267356219175441
0.8776691945686383
0.9186265527775251
0.9515857025415617
0.9772096642339146
0.9929988224276572
1.0
1.0
0.015825236366034678
0.05843517050966214
0.11353705340632318
0.17435293919043443
0.23857289904703505
0.3102174813490385
0.3831160415345929
0.4625732838405457
0.5387092522500835
0.6138418667613497
0.6877629387229782
0.7580975395210586
0.8212006732715189
0.877322914732615
0.9222781588377698
0.9604220734287552
0.9878712941844694
1.0
1.0
1.0
1.0
0.013345347265928962
0.0659730551428761
0.12447210376994806
0.19285730449417238
0.26373858383606613
0.3388919630504309
0.4184423241438916
0.4979934891128252
0.5798594876371767
0.6577165105567958
0.7323869342328714
0.8025967775963518
0.8666313547203501
0.919214273270666
0.9640994232781989
0.9977405630237808
1.0
1.0
1.0
1.0
1.0
0.012070175598407389
0.06926798891044765
0.13493611457806465
0.2083514233425154
0.28387729047446364
0.3615052409739875
0.4444262883726367
0.5299587407624483
0.612024885954758
0.6940277665209131
0.7711671446333431
0.8415595718636649
0.903977924253809
0.955950802554097
1.0
1.0
1.0
1.0
1.0
1.0
1.0
0.009926097009656286
0.07512534524552898
0.14438718950591117
0.2204936623781954
0.29867533794244444
0.38220810694104757
0.46997656262869847
0.553336558141928
0.6399391875585987
0.7244670770437454
0.8028648061680712
0.8743671482689006
0.9362319697368546
0.9880550166105029
1.0
1.0
1.0
1.0
1.0
1.0
1.0
0.008071858664063718
0.0760610388274364
0.14901169184338037
0.23077015583450688
0.3115198075712394
0.3978218960354503
0.486117609180726
0.5751428900781824
0.6627604542448035
0.7463571841296552
0.82895424577901
0.8990122314684801
0.9635850494887777
1.0
1.0
1.0
1.0
1.0
1.0
1.0
1.0
0.005418413302631643
0.07837023253403384
0.15674097572718387
0.23728794764557107
0.3228818863563594
0.4099890781600617
0.5003092194745987
0.5942141863572699
0.679574783908037
0.764466704352197
0.8462234934945281
0.9208870944101182
0.9845844704755349
1.0
1.0
1.0
1.0
1.0
1.0
1.0
1.0
0.005867562518533402
0.08161938102603394
0.15946998145792304
0.2430868151799864
0.3295988671381701
0.4184007037820585
0.5111273845983669
0.6025124074836871
0.6932086484611097
0.7798680157568525
0.8596362119089718
0.9347943066965385
0.9972322753854064
1.0
1.0
1.0
1.0
1.0
1.0
1.0
1.0
0.003489804409265111
0.08103617241514338
0.1611242498095351
0.24645607912985584
0.3342491288711818
0.4260652118114525
0.5172704671354239
0.6075430883938632
0.6991214972967152
0.785693853878694
0.8684661779991256
0.9438811501205688
1.0
1.0
1.0
1.0
1.0
1.0
1.0
1.0
1.0
0.0017103163288115335
0.0815436507867276
0.1617557448323293
0.2478426155110709
0.33613872888883395
0.4251056525976026
0.5164058873479531
0.6107698989110003
0.7017966370659853
0.7860366966459542
0.8728836727840492
0.9443247511284282
1.0
1.0
1.0
1.0
1.0
1.0
1.0
1.0
1.0
0.0
0.08036504015138035
0.16221363101317446
0.24925106207491415
0.3346477539580264
0.4237023867920656
0.5169794269981924
0.6096912904309906
0.7005073567968819
0.7871273564414725
0.8681198996772053
0.9445998083417012
1.0
1.0
1.0
1.0
1.0
1.0
1.0
1.0
1.0
0.0
0.0784520733442859
0.16266052336654085
0.24740940869031752
0.33485648139093455
0.42366616587153433
0.5140554530112438
0.6027828344980286
0.6924058707218179
0.782367522966689
0.8602175292836847
0.9388658654778544
1.0
1.0
1.0
1.0
1.0
1.0
1.0
1.0
1.0
0.0
0.08128899450212465
0.16261901409205484
0.24433654752931683
0.3276048645453973
0.41795156463199684
0.5065639189799099
0.5978799473227918
0.685486455750191
0.7703684965956226
0.8514530514020705
0.9274142983972506
0.994382619497628
1.0
1.0
1.0
1.0
1.0
1.0
1.0
1.0
0.0008314909723785078
0.0787143536367578
0.1594435776265772
0.2413900374428633
0.3243989723984354
0.4110545212749616
0.49707819026942124
0.5821734784513355
0.6708870221811736
0.7569696049961039
0.8376145504065147
0.912096919372736
0.9797762837399557
1.0
1.0
1.0
1.0
1.0
1.0
1.0
1.0
0.0006929763338836406
0.07898246035741137
0.15641361079457236
0.23338169472155187
0.31596608265575904
0.4004404307919945
0.4849052851504645
0.5709893580920845
0.6563770966611322
0.7406718673652803
0.820997246622128
0.8946522881389817
0.9607490251030618
1.0
1.0
1.0
1.0
1.0
1.0
1.0
1.0
0.0012832816333253035
0.07619894087670634
0.15025834219524703
0.2307189900770108
0.3092448544694332
0.38794729895637264
0.47103820891649434
0.5535833588978891
0.6355629151016908
0.7180458532169584
0.7980537369775473
0.872837164299221
0.9408325032415741
0.9981071508112098
1.0
1.0
1.0
1.0
1.0
1.0
1.0
