0.0
0.020540235719334516
0.07352652585703001
0.13723765521612247
0.2047349487081573
0.2755067694264853
0.34831489811491245
0.42126305312846396
0.49400709835986334
0.5671675874442642
0.6330371222696376
0.6957154664116081
0.7526527153846543
0.8056454333960985
0.8488496687054709
0.8871342033168383
0.9197625167030304
0.9446702511654136
0.9621854616190293
0.9766533162064485
0.9820506176134179
0.0
0.022207965531235774
0.06811447588005694
0.12238291124316315
0.18347740120047853
0.24662426821961697
0.3151760299149508
0.38472734014445703
0.45265349690311957
0.5217933594155488
0.5864489865177025
0.6510258588845182
0.7070734431348694
0.7630356675432416
0.8100501567646884
0.8540313849339233
0.8921215994999433
0.9229376602792695
0.9499406772954738
0.9731263537815871
0.9893362169441907
0.0
0.017553633703930243
0.05913566326765033
0.10535458782350912
0.15734096485780366
0.21444885362436328
0.2754816275580878
0.3405128202359403
0.40607111759516645
0.4693565164752665
0.5377175157779225
0.5990746641750301
0.6585550596285252
0.7174655273382534
0.7692173568525518
0.8186235147991858
0.861180406738191
0.9013777195457249
0.9372600905409031
0.9674090069383886
0.9941669814151955
0.0
0.013810714762922123
0.04376272827241917
0.08280444885637385
0.12805617348453074
0.17965810531686738
0.23407196839168712
0.29251592669773885
0.35595206317777595
0.4172742976962336
0.4819944832057565
0.5443858394603445
0.6075897757965614
0.6677502779225166
0.7233959264640634
0.7778449271637198
0.8257069024283891
0.8742835869450996
0.9191170233119522
0.9600654560136271
0.9974339550637733
0.0
0.00876352836533422
0.027595235294127773
0.058309119513608496
0.09608534004129148
0.13665255878891572
0.18800741769184323
0.24144438449652386
0.2982918663524027
0.35804604200980544
0.4215436422166825
0.486109263400762
0.549260122104156
0.6116495800333372
0.6751752693752481
0.7335543762964799
0.7911373559680872
0.8479251647989131
0.9003564240852024
0.9521965072931698
0.9993098535935664
0.0
0.0
0.010239776032026943
0.03194168723715994
0.05881832197957762
0.09541003836112022
0.1359446846005629
0.1865707225558935
0.2409182526915015
0.29927885222636896
0.35799788887244544
0.42247309836685387
0.4891593660365149
0.5571045554796901
0.6229296284706495
0.6896717159006693
0.7526029238955106
0.8186761543098339
0.8803967379908072
0.9416927395251491
1.0
0.0
0.0
0.0
0.0048911738440776675
0.02226660959597329
0.052011216424430184
0.09006359469805478
0.13084728211147706
0.18062143512739143
0.2350852466671104
0.29585946035870203
0.3604281942065646
0.4270335898196509
0.4965100543016566
0.5700403257565554
0.6410828440880145
0.7140131396279793
0.7866533263179792
0.8595247624747209
0.9303832999449152
1.0
0.0
0.0
0.0
0.0
0.0
0.009711070135449529
0.03895355860685773
0.07498341472418563
0.11965151979089145
0.17359527881485098
0.23117227165706222
0.29652682158045823
0.3635021059930347
0.4394437407612713
0.5145079955895424
0.5912530336895628
0.6746560027261151
0.7549251395098566
0.839130236725077
0.9184476198902363
1.0
0.0
0.0
0.0
0.0
0.0
0.0
0.0
0.021191340998602926
0.06016373054746549
0.1091313522338701
0.16887962992614636
0.23258093404554825
0.30264062200043684
0.3791861298225257
0.4616687258136781
0.5472536469029126
0.6332085118957391
0.7250228847252298
0.8149370624164187
0.9099764563507174
1.0
0.0
0.0
0.0
0.0
0.0
0.0
0.0
0.0
0.0067800197599448
0.05081102551038358
0.10606397340701107
0.17127889536151342
0.24315252960639383
0.3232799911822985
0.407676787401536
0.5003743945459193
0.5943531342556003
0.6953091898874338
0.7962990664654984
0.8978991928692697
1.0
0.0
0.0
0.0
0.0
0.0
0.0
0.0
0.0
0.0
0.0
0.048794739582833535
0.11322240088678315
0.18598165686942852
0.26688550521732374
0.3598461118966488
0.45604647623913885
0.5589431589260629
0.6659769023022556
0.7758163022263026
0.8897890860371777
1.0
0.0
0.0
0.0
0.0
0.0
0.0
0.0
0.0
0.0
0.0
0.0
0.05889571600526777
0.13335950907810235
0.21875500597823416
0.3119039952685961
0.4134283060018241
0.5226821613431145
0.6384043503895478
0.7576973420591883
0.876673151814812
1.0
0.0
0.0
0.0
0.0
0.0
0.0
0.0
0.0
0.0
0.0
0.0
0.009774092614375562
0.0855587440019534
0.1729909860202733
0.2716154512923511
0.37821346802091127
0.49119385077427846
0.6150613279167233
0.7410866141417425
0.8699448447934853
1.0
0.0
0.0
0.0
0.0
0.0
0.0
0.0
0.0
0.0
0.0
0.0
0.0
0.04358017657560043
0.1304082001359177
0.23335061631110465
0.3459294629034534
0.46626535325968654
0.5933056941998036
0.7261904417440949
0.8639292406899312
1.0
0.005402692569446737
0.0
0.0
0.0
0.0
0.0
0.0
0.0
0.0
0.0
0.0
0.0
0.00908980512012214
0.09951587185132493
0.20275308085192956
0.3188834044704475
0.4421444777890384
0.5742940347769909
0.7124260432777217
0.8582485518651266
1.0
0.009002904761341727
0.0
0.0
0.0
0.0
0.0
0.0
0.0
0.0
0.0
0.0
0.0
0.0
0.06789187554100051
0.17530933074369603
0.2973591376883066
0.4230570473256658
0.5605623313379953
0.7053079168380489
0.8525601441358169
0.9999029138873682
0.012122292732367028
0.0
0.0
0.0
0.0
0.0
0.0
0.0
0.0
0.0
0.0
0.0
0.0
0.04746828602449882
0.15595841313485792
0.2782336729084588
0.40935087744603516
0.5487584939015647
0.6950675473967642
0.8467529769396469
0.9993536361232215
0.014067810523832658
0.0
0.0
0.0
0.0
0.0
0.0
0.0
0.0
0.0
0.0
0.0
0.0
0.03387143214209587
0.14236801592939963
0.26414014761201154
0.3965433650339441
0.5393770091342099
0.6906256886426902
0.8427864562290922
0.996486878276691
0.011925286089215378
0.0
0.0
0.0
0.0
0.0
0.0
0.0
0.0
0.0
0.0
0.0
0.0
0.021690519344843007
0.1318024054161716
0.25452718109568495
0.3888169070217743
0.5331117646983529
0.6814658738540811
0.8349760998384455
0.9924531561887319
0.006765489522483899
0.0
0.0
0.0
0.0
0.0
0.0
0.0
0.0
0.0
0.0
0.0
0.0
0.015038012289233182
0.12475045950063313
0.25172810202851137
0.38430324868676985
0.5266977817074976
0.6759380339308986
0.8292804388363464
0.9842212676858777
0.0
0.0
0.0
0.0
0.0
0.0
0.0
0.0
0.0
0.0
0.0
0.0
0.0
0.012025629733547483
0.12250451372003812
0.24554819375587988
0.38015335704925735
0.5211632107977918
0.6707844908132774
0.8206583081004891
0.9727322481783277
