0.0
0.08938673223918707
0.20526683244979577
0.32806758883340875
0.4516262950818817
0.5753799473812375
0.6944505805511934
0.8102454916428102
0.916936277697229
1.0
1.0
1.0
1.0
1.0
1.0
1.0
1.0
1.0
1.0
1.0
0.9898618710946997
0.0
0.09907740297763959
0.21454561973667285
0.3336713591430456
0.4552843562986406
0.5738444045318771
0.6935365926026045
0.8030048926397393
0.9102799559464163
1.0
1.0
1.0
1.0
1.0
1.0
1.0
1.0
1.0
1.0
1.0
0.9987666456034199
0.0
0.10193780359786138
0.21474993596021952
0.3329016998692216
0.4509766348126632
0.567627703289876
0.6825136627957435
0.791556889804639
0.8944955212448893
0.9863068696014694
1.0
1.0
1.0
1.0
1.0
1.0
1.0
1.0
1.0
1.0
1.0
0.0027989526407554434
0.1038837612976536
0.2090457466931962
0.3230377130194191
0.4396469429580646
0.5499749856766409
0.660680275370886
0.7677024837349407
0.8686961996058037
0.9596491206917139
1.0
1.0
1.0
1.0
1.0
1.0
1.0
1.0
1.0
1.0
1.0
0.0004808491668048479
0.09802302553288011
0.20548210987484636
0.311319607003303
0.42040162839465
0.5303841033209615
0.6373813534033957
0.7398051665214784
0.8352678160635475
0.9249113041865554
1.0
1.0
1.0
1.0
1.0
1.0
1.0
1.0
1.0
1.0
0.9999007774656479
0.0019006472820904795
0.09313245698051498
0.1922401487233953
0.2966218014668791
0.40005056211712714
0.5040397335822505
0.6048137339619538
0.7062901021265955
0.7987886888808771
0.886852965395273
0.9646736915358429
1.0
1.0
1.0
1.0
1.0
1.0
1.0
1.0
1.0
0.9974077324931426
0.0
0.0850676089863329
0.180332738109713
0.27869485571456626
0.37719999468613996
0.4783437915122858
0.5751318528442845
0.6705369054622887
0.7617633181211128
0.8445279077506549
0.9235252344277163
0.9913190087164523
1.0
1.0
1.0
1.0
1.0
1.0
1.0
1.0
0.994661593980841
0.0
0.07963735193821495
0.16690221427517832
0.25903337497545387
0.3527578580532672
0.44559129261761543
0.5407606465735726
0.6328372818906295
0.7190718756423613
0.8030750590006672
0.8803802604061064
0.9468718341756583
1.0
1.0
1.0
1.0
1.0
1.0
1.0
1.0
0.9911668444385187
0.0
0.07137004033493138
0.1521706056582725
0.23788593484827497
0.3288880138659962
0.4171773374739291
0.5072700028624486
0.5949501332129898
0.6800878647921926
0.7583146563609882
0.8346062280907591
0.9021874512616135
0.9588307083158498
1.0
1.0
1.0
1.0
1.0
1.0
1.0
0.989692798771654
0.0
0.06629755812811887
0.14025912958522263
0.21948540865960198
0.3028125539881993
0.3845902188925028
0.46973207135234185
0.5561361536187626
0.6366551365493162
0.7181412794255908
0.7904933459318525
0.8569897025057021
0.9187305838923696
0.9698028624418563
1.0
1.0
1.0
1.0
1.0
1.0
0.9935214285476129
0.0
0.05789442980071492
0.1262626473136747
0.20150009236869754
0.2769443454113144
0.35406860393733663
0.4342254449883603
0.5161189607643489
0.595355598980881
0.6707623840926125
0.74392072386144
0.8142599060890752
0.8765249065733229
0.9304585283517587
0.973545037722143
1.0
1.0
1.0
1.0
1.0
0.9970257438131798
0.0
0.05309080371613125
0.1138113702456216
0.17927756821387159
0.2509742421385628
0.324469713434497
0.400662472554559
0.47729262399396155
0.5538002595521074
0.6295867619141702
0.702238243235749
0.7719879823142926
0.8322519078230053
0.8906845485012109
0.9376963469037976
0.978490824533327
1.0
1.0
1.0
1.0
1.0
0.0002721287985522798
0.047919562715166765
0.10021921259137813
0.16159488956798704
0.22707521079558426
0.29394686708010953
0.36493859867179107
0.43842374655661925
0.5117754861473135
0.5870655707298926
0.6602206630406964
0.7285469198140253
0.7932565766943488
0.8535609733987443
0.9062669601284161
0.949272222851605
0.9836533929150156
1.0
1.0
1.0
1.0
0.004277842686878438
0.04438721682623524
0.08791961601587367
0.14189701334359459
0.20039948131335197
0.2600422020210908
0.3281940232465718
0.40055365140408916
0.47072908356683324
0.5449379350299411
0.6160593313347338
0.6860946108689663
0.7546798349046769
0.817353745672848
0.8704745676116622
0.9204338608569963
0.9608630639966643
0.987739844398002
1.0
1.0
1.0
0.005617276015858284
0.036569321378906706
0.07495746485158865
0.12155334533123979
0.17267903641897178
0.23052361944461977
0.29206671703487874
0.3595171468977661
0.4307673527450948
0.5025721663718163
0.5731287907789007
0.644866530266466
0.7172382387955107
0.7796117151874296
0.8390393903829643
0.89135836739018
0.9365440933943844
0.9728513881161142
0.9981572230789378
1.0
1.0
0.009094616757822319
0.03121087644172102
0.06001509228206189
0.09870412351951247
0.1451436331691957
0.19891281796556087
0.25792581216383764
0.3201680072186882
0.3881734078394533
0.45886720815604604
0.5309179124827218
0.6032794282965437
0.6729365704544711
0.7413079271315302
0.8055943721902095
0.8628284781364666
0.9130212593753652
0.9531438140028489
0.9836438010377828
1.0
1.0
0.010043361081970348
0.023765665855084668
0.04559020637902859
0.0789176261955787
0.11791505423122592
0.1662542315925658
0.2210764680966053
0.280363050691648
0.3461135928832126
0.41418458847005724
0.4862101256639201
0.5598473508458385
0.6332664328615185
0.7027214553798886
0.7711075673280021
0.8325672580638084
0.8871584922712921
0.9344025622468534
0.9712442113703668
0.9970046533591789
1.0
0.010719065523486587
0.01576440045690481
0.030662783821078593
0.05647420905903992
0.08804552370253053
0.13027606561232585
0.1830589237210667
0.23906885294262287
0.3019920852886357
0.3708071125116626
0.44203156994171205
0.5188457116014658
0.5921778324674676
0.6669233223379093
0.7346927245553411
0.8021758273885659
0.8620993093742021
0.9132436104644248
0.957005731732278
0.988425427581221
1.0
0.010740089080570243
0.005877277485242777
0.01252446533190113
0.03159008461066469
0.059623145450743265
0.0955270267846019
0.14148863579394821
0.19734862335875344
0.2602477591274583
0.3250407171571702
0.3980470640399326
0.4730946747432879
0.5519159980197718
0.6267925487998919
0.7013862656173501
0.7675438666234962
0.8328692376234536
0.8921317220172447
0.9377197525553995
0.9768755905827886
1.0
0.00846355057560729
0.0
0.0
0.007518628222764001
0.02812465944286477
0.059420518432691
0.10156616999252813
0.15486043224742904
0.21226089873779036
0.2809045715535291
0.3522398476422622
0.42966302946478424
0.5085349044456375
0.5874156155172577
0.6636162758003099
0.7367238923932515
0.8062814598928625
0.8653324877459375
0.9195695397521191
0.9606398726414653
0.9938446446390248
0.0012018853101425954
0.0
0.0
0.0
0.0
0.023822016573389754
0.06217266470699967
0.10826456827710734
0.16861130314165468
0.2346460727033906
0.30658434848178445
0.3829595909398496
0.46404706050286526
0.5450155487078508
0.623104878903009
0.7030357775710318
0.7712399087466176
0.8374846841745438
0.8970865489073088
0.9425130656689037
0.9811705397824175
