0.01668754548756948
0.10574013817173582
0.19008021446102852
0.26964919072255145
0.3452985712807375
0.4125824829956629
0.48031650228790673
0.5376518040850428
0.5945638303620687
0.6490300586900479
0.696690791784348
0.7440364510690206
0.78552578967029
0.8277347352991447
0.8638859319701336
0.8965778159298403
0.9273013923710262
0.9518280149554249
0.9702884988447883
0.9822995796515155
0.985340529126075
0.004188210327603033
0.0890674670014021
0.1716907922384585
0.24883988722342104
0.3223638118836036
0.3898568200087311
0.45077316559561625
0.5070580788021842
0.5630913974806059
0.6121634922991838
0.6641605919128646
0.7102601472194826
0.7547367720285576
0.7961887176954303
0.836143707958817
0.875884102175046
0.9121689847023478
0.9402109242548257
0.9663933107595203
0.9829126285387882
0.994741354855677
0.0
0.07924868609084333
0.15856553775094967
0.23263080219422722
0.2990296645140414
0.36141144197724084
0.4207355327167152
0.4769663117433567
0.5276728741570077
0.5775161775358242
0.6273548128738975
0.6713763990380124
0.7190599731452767
0.7616619476642031
0.8091592492704115
0.8480390469897321
0.8904491411445915
0.9242256827256747
0.9569306892963304
0.9820415819706667
1.0
0.0
0.07321759436228344
0.14770316587219412
0.21469445480264335
0.2771505985116304
0.33747438886535586
0.3915880085505597
0.4426048615668912
0.48912488260414233
0.5366173958551793
0.5840635859420457
0.6325462075903855
0.6767815244756425
0.7266515025371966
0.771027958186118
0.8182447248110527
0.8635562559827252
0.9047994330316447
0.9437736332783684
0.9741777158452312
1.0
0.0
0.06669389920263753
0.13677860634797806
0.19703021354527847
0.2580604204558851
0.3120937041735841
0.3620714144666174
0.407975532313911
0.45400463429400634
0.49751995214111505
0.5451442924202728
0.5887386223825481
0.6375265792441361
0.6845441884283656
0.7385316508318615
0.7868802479288128
0.8360960300797479
0.8827757900990365
0.9292445724146935
0.9668211353332017
1.0
0.0
0.0648648352940922
0.12789298522023526
0.1861022402684948
0.23703611578402206
0.285750956137382
0.32996383304332544
0.36988739842505797
0.4130275710653516
0.4548807226473393
0.4976007610907407
0.5446410955493399
0.5940921645691595
0.641163496508347
0.6966088773856874
0.7512970101916554
0.8041932261591485
0.8618725385133662
0.9104641917873019
0.958150132479128
0.9983910764738854
0.0
0.06196194719772204
0.11900700678850487
0.1705212400083883
0.21576649555954264
0.2576906019164277
0.29519828058818015
0.33604276118836685
0.37264439050683806
0.4112426362617163
0.4533593907976403
0.5001402816882744
0.5474410067714398
0.6012378237520072
0.6559339572270589
0.7152703225427174
0.7751864802963995
0.8351814517961044
0.8920278451562492
0.9473251087773725
0.9922470525106419
0.002973405489837192
0.058843246768291384
0.11065672329449171
0.15465858050475711
0.19443486183660694
0.22850474799050713
0.2631604420326392
0.29404444942816366
0.3290676342205394
0.3675114899163363
0.40653281419717824
0.4514176376241765
0.5020218374119465
0.5549613735291451
0.6139160767074066
0.6759971988100376
0.7430837561349374
0.8074555813864246
0.8736693097464578
0.9336030928627287
0.9897608622589099
0.005047002298155702
0.056148498873896655
0.1003222014755048
0.13847766647524634
0.17094508481360812
0.20000133783996907
0.22962114378547377
0.25620458539252955
0.28761178030585033
0.31975009304630253
0.35876014096407743
0.403284009844165
0.45520620547502
0.5110287305984317
0.5743857582711216
0.6392899497649223
0.7113595742675177
0.7837112082332811
0.8523089203849183
0.9228944752171814
0.9858405819780901
0.005848463314708037
0.05321862907406405
0.08856772383918934
0.12008419863053019
0.14705772527921435
0.1699097853845327
0.19398607188528177
0.21699868734978278
0.24379102318976295
0.2736206423673926
0.30990981627103764
0.3561057051761176
0.4067390116366132
0.4656056090684397
0.533221108584417
0.6051093768809616
0.6805011181268144
0.759221674607619
0.837416454130796
0.914461395685632
0.9839197706069401
0.006783031672496214
0.04410997145287181
0.07753621909196501
0.10302923001469744
0.12292656800096778
0.1406299155493729
0.15818390235937238
0.17620076546510335
0.19713753894329278
0.22777889601407353
0.26341602118544377
0.30727183169242706
0.36106450999326317
0.4221474551989606
0.49197475164761434
0.5678547042887212
0.6506369746701972
0.7353121745824875
0.8193349476445675
0.9038155993949576
0.9826187571054201
0.00425789991450654
0.03944306924639648
0.06520501313788514
0.08480596661952419
0.09926273761497088
0.11002823112245311
0.12061818881326225
0.13619886407367754
0.15478583181575106
0.18168982829385327
0.21503465642439462
0.26005720715913216
0.3155611848454404
0.37852172319465127
0.4530708991827793
0.5342512535623176
0.6212318483803496
0.7129617170248453
0.808002689619495
0.8966132428983102
0.9832941104681708
0.002294389926926209
0.032119009321232295
0.04928690980515436
0.06661480890619265
0.07219002412691386
0.07960737184749048
0.08628245811899349
0.09385834865979864
0.11044825486979265
0.1338401496388994
0.16821171676133007
0.21270723370612543
0.26881296400169946
0.33624585131365475
0.413699011331503
0.49987785814734975
0.5952442395229787
0.6917589841750889
0.7920279509997455
0.8909021273306458
0.9830474776246495
0.0
0.023732850577614567
0.03706875862298524
0.04397621198244828
0.04619384851129346
0.04857345617022535
0.04940152148376159
0.0542858473751362
0.06778757222123866
0.09015708893751001
0.12241980220988713
0.1677934005407108
0.2239807651789033
0.2941129299527182
0.3761161625040751
0.4661674947004335
0.5672045225468911
0.6728828659335404
0.779910747587736
0.8858988487307111
0.9843514806308118
0.0
0.014490582808957833
0.023397779452296832
0.024484186439618916
0.022467710725953327
0.018517837411670013
0.015262092685122297
0.01792837609297565
0.026132123742275415
0.04580476503231917
0.07714791382244951
0.12303591309904383
0.18222654797017368
0.25431409058605636
0.34062226985214716
0.43724549103725247
0.5415804662107624
0.6540291722623547
0.7688862837327329
0.8796313434094333
0.9878379818005719
0.0
0.0048556571756359634
0.009665308106203724
0.0057137978459183
0.0
0.0
0.0
0.0
0.0
0.003665824748542157
0.03556597470166567
0.07920461720824323
0.1386535312919115
0.21556777335923172
0.30387799472349925
0.405552639460422
0.5161055404184272
0.633171256045429
0.7563982704951037
0.8759353690719875
0.9951841730672869
0.0
0.0
0.0
0.0
0.0
0.0
0.0
0.0
0.0
0.0
0.0
0.038123556782648005
0.09897196788935403
0.17668255338743943
0.2704594961812423
0.3756987122462574
0.49007217232511063
0.6172508925687787
0.7441282577476365
0.8718573078554985
0.9974454344991355
0.0
0.0
0.0
0.0
0.0
0.0
0.0
0.0
0.0
0.0
0.0
0.0
0.06256072693804438
0.13976021217017165
0.23679127706024972
0.3454359159276227
0.4670812103691582
0.5972219926772597
0.7309926451475572
0.866755615699273
0.9999991755729842
0.0
0.0
0.0
0.0
0.0
0.0
0.0
0.0
0.0
0.0
0.0
0.0
0.023454530480634506
0.10309695524247342
0.20340681693478235
0.3134403401664133
0.4432232583052575
0.5774624329439311
0.7183688056795735
0.8585138093021405
0.9995434165140278
0.0
0.0
0.0
0.0
0.0
0.0
0.0
0.0
0.0
0.0
0.0
0.0
0.0
0.06868585592196208
0.170512501116997
0.2860623476975557
0.4142257177004296
0.5543808036504403
0.7029538335229998
0.8519699905196165
0.9983371894164896
0.0
0.0
0.0
0.0
0.0
0.0
0.0
0.0
0.0
0.0
0.0
0.0
0.0
0.03453065924905563
0.13865588686700125
0.2553174402163191
0.3899263064573353
0.5340850689486684
0.6837170861008528
0.8410801716688463
0.991894429248379
