0.017037718499235466
0.1442618154044349
0.27623591006446513
0.41553561372611747
0.5578159194230511
0.7002584604313615
0.8359680949530752
0.969624985595063
1.0
1.0
1.0
1.0
1.0
1.0
1.0
1.0
1.0
1.0
1.0
1.0
1.0
0.011204509203326898
0.13549957708408644
0.2736497561165063
0.4120843718093745
0.5568702229133153
0.6996416717637299
0.837475382473226
0.9701420433733757
1.0
1.0
1.0
1.0
1.0
1.0
1.0
1.0
1.0
1.0
1.0
1.0
0.9986638313756891
0.007331650713756532
0.1344770575091493
0.2718721361906987
0.41425210695302833
0.5590470477000734
0.7010588803401177
0.8390709124090987
0.9676740712333268
1.0
1.0
1.0
1.0
1.0
1.0
1.0
1.0
1.0
1.0
1.0
1.0
0.9987521631394882
0.0031482327920288925
0.13607234459502762
0.2731928950324536
0.41701772279488486
0.5611390791872295
0.703173170998802
0.841169803766291
0.9690868076248704
1.0
1.0
1.0
1.0
1.0
1.0
1.0
1.0
1.0
1.0
1.0
1.0
0.9962876570557968
0.003224755383486835
0.1362833250995183
0.27708790421665763
0.4214063504331529
0.5669942005651167
0.7067699363090065
0.8434485137563811
0.9705021734042432
1.0
1.0
1.0
1.0
1.0
1.0
1.0
1.0
1.0
1.0
1.0
1.0
0.9953789292003508
0.0023313489765753657
0.13796305263509479
0.2820973072916091
0.4263798667382992
0.5690833804210318
0.7099316206540707
0.8452731788259396
0.9700581788369251
1.0
1.0
1.0
1.0
1.0
1.0
1.0
1.0
1.0
1.0
1.0
1.0
0.9942743054920096
0.0013610124521479159
0.14258493416792536
0.2857965731722245
0.43003868961314734
0.5731339324319472
0.7130326811715808
0.8459043884145985
0.967113804869702
1.0
1.0
1.0
1.0
1.0
1.0
1.0
1.0
1.0
1.0
1.0
1.0
0.9934001118291802
0.0035661992727513024
0.14412682646193328
0.2903762877004086
0.4343801311432594
0.5782141560899081
0.7161951328446492
0.8473497145154124
0.9658458889163267
1.0
1.0
1.0
1.0
1.0
1.0
1.0
1.0
1.0
1.0
1.0
1.0
0.9939528620825456
0.005075458252101637
0.1457625382885334
0.29352389334651985
0.43885551475681345
0.5802292380252102
0.7162735388475736
0.8425950845891791
0.9631310275180913
1.0
1.0
1.0
1.0
1.0
1.0
1.0
1.0
1.0
1.0
1.0
1.0
0.993697322610474
0.006963242730699991
0.14875537784288057
0.2954610146394585
0.44116808638489174
0.5804970414601777
0.7143298803842628
0.8371415852382267
0.954390512570579
1.0
1.0
1.0
1.0
1.0
1.0
1.0
1.0
1.0
1.0
1.0
1.0
0.9933475853200933
0.0039030759920034752
0.15061147818036624
0.2962424009528465
0.44086608799219185
0.5788119193405785
0.7095553170621127
0.8307566365731992
0.9422171874122572
1.0
1.0
1.0
1.0
1.0
1.0
1.0
1.0
1.0
1.0
1.0
1.0
0.9924431338779666
0.0028179368826772447
0.15287564550706784
0.29701378409968937
0.4400216168207306
0.5752417461826498
0.7028362333030607
0.8210122402326667
0.929303724567138
1.0
1.0
1.0
1.0
1.0
1.0
1.0
1.0
1.0
1.0
1.0
1.0
0.9945370723062055
0.003512719814576717
0.14828518638199079
0.29337512059055504
0.4349388462545015
0.568758915923148
0.6938287981390114
0.8080005979219602
0.9098890945760535
1.0
1.0
1.0
1.0
1.0
1.0
1.0
1.0
1.0
1.0
1.0
1.0
0.9952682007234244
0.0008726337480445397
0.14753597427287735
0.2930505196696328
0.4273919747009436
0.5572938340511054
0.6774073065623811
0.7916767046748128
0.8898254529015739
0.9745019601558292
1.0
1.0
1.0
1.0
1.0
1.0
1.0
1.0
1.0
1.0
1.0
0.9954338003226897
0.0
0.1459527335828104
0.2856210099721283
0.42132704445728864
0.5458389107294812
0.6626715760790511
0.7662092309861775
0.8603419372996546
0.9448831434540466
1.0
1.0
1.0
1.0
1.0
1.0
1.0
1.0
1.0
1.0
1.0
0.9969874636695978
0.0
0.14205900405797622
0.278067606255729
0.40679962746077003
0.5318000651505514
0.6382237328022975
0.741383383165042
0.8306526351378398
0.9090701607641247
0.9736285585253226
1.0
1.0
1.0
1.0
1.0
1.0
1.0
1.0
1.0
1.0
0.9969376714882661
0.0
0.13744384767254314
0.2682128290093693
0.3953948552807376
0.5129223137099993
0.6162051698212209
0.7124729247938124
0.7949818074655176
0.870160121813435
0.9318734758890799
0.9822001466445012
1.0
1.0
1.0
1.0
1.0
1.0
1.0
1.0
1.0
1.0
0.0
0.1321768225774267
0.26149776842142014
0.37967715479025105
0.4899363072406352
0.5901311345289431
0.6793394142188045
0.7574918859691387
0.8245327287453967
0.8843445950578959
0.9339257725660837
0.9708768462151338
1.0
1.0
1.0
1.0
1.0
1.0
1.0
1.0
1.0
0.0
0.12709491136825515
0.2511046012377196
0.3632249843567965
0.4662935553828292
0.5595988688154035
0.6429888422258384
0.7163533537910062
0.780220141201985
0.8342925556896317
0.8801571978610476
0.9176690506684533
0.9497494981335977
0.9757209230801966
0.991169594205935
1.0
1.0
1.0
1.0
1.0
1.0
0.0
0.12419868961497303
0.23894323949570176
0.34430388210703367
0.4410402476796909
0.5277129630317052
0.6045870818589555
0.6740751448052722
0.7308517000683488
0.7837920915965204
0.8263892476457817
0.8673409159084735
0.8967946423581346
0.9254986747368947
0.9464393408086895
0.9671479834586496
0.9809191477619743
0.997648794202078
1.0
1.0
1.0
0.0024427097158219047
0.120650439100305
0.2277619516068422
0.3264671811048434
0.4150111980084953
0.4952697452445666
0.565905747269646
0.627481619476864
0.6820765793071019
0.7305899657270766
0.7727457694520029
0.8115895486263967
0.842059681927888
0.8738612999058615
0.9025761470820953
0.9255086026452946
0.948055472441977
0.9732787443394637
0.9910774634221604
1.0
1.0
