0.0
0.0
0.0
0.0
0.0
0.0
0.0
0.0
0.0
0.0
0.0
0.0
0.0
0.04128835150179622
0.15984680290674336
0.28851726500116603
0.42530774905370833
0.5618551467428337
0.7063667989519422
0.850172778413413
0.9979486707942162
0.0
0.0
0.0
0.0
0.0
0.0
0.0
0.0
0.0
0.0
0.0
0.0
0.0
0.08596846110719147
0.1976825024853769
0.32287330759337984
0.451467610943978
0.5859986054202174
0.7215226855846366
0.8621041980576654
1.0
0.005769588827838991
0.0
0.0
0.0
0.0
0.0
0.0
0.0
0.0
0.0
0.0
0.0
0.02662052581669616
0.1276150692108584
0.2373482111024906
0.3565683422455741
0.47704722528803545
0.6073806593036363
0.7366718144813155
0.8715371062115538
1.0
0.009899922753327704
0.0
0.0
0.0
0.0
0.0
0.0
0.0
0.0
0.0
0.0
0.0
0.07815001858938075
0.17314561894617841
0.27834260587151116
0.39084105773234623
0.5065948748443598
0.6268677875692639
0.7527628799214048
0.8774155867034699
1.0
0.01133369974329214
0.0
0.0
0.0
0.0
0.0
0.0
0.0
0.0
0.0
0.0
0.04470581493331849
0.1286660766949641
0.22046591218647515
0.31956208041190837
0.42386805299328467
0.5346992399565952
0.6486096364482968
0.7659093296779704
0.8861281968879985
1.0
0.010271330681887382
0.0
0.0
0.0
0.0
0.0
0.0
0.0
0.0
0.0
0.029136643389675143
0.09974383986374125
0.18044779943227934
0.26595845485083125
0.3620892669208103
0.4590104492331199
0.5648581980086436
0.6692913934181316
0.7797926160774685
0.8920230185090022
1.0
0.010018038824687495
0.0
0.0
0.0
0.0
0.0
0.0
0.0
0.0
0.026442447079738307
0.08696200714251656
0.15507403756607335
0.23043294566215167
0.3136098779605644
0.4028960872963113
0.4936444593698806
0.5891208620416426
0.6899548977148381
0.7905228953067308
0.8967709428871644
1.0
0.006701330497750953
0.0
0.0
0.0
0.0
0.0
0.0
0.0
0.03480905491652253
0.08628264338243696
0.1459246950197587
0.21149532373843544
0.2849142701400405
0.3628554656294223
0.4432091125759961
0.5292511180780016
0.6167354727840969
0.7100835373619236
0.8061860552026259
0.9005321266290247
1.0
0.0014492427089479807
0.0
0.0
0.0
0.0
0.0
0.01370638941776331
0.04832708954528986
0.0965734980597514
0.14611613432503145
0.20358638168293142
0.26820184500464805
0.3363617985039507
0.408477882327627
0.4857258371402322
0.5639005788480441
0.6446438484054673
0.7287987352090086
0.8172158892744658
0.9092025729270268
1.0
0.0
0.0
0.0
0.0
0.006613039844275359
0.030273826848314866
0.06092636662751255
0.1062918624189701
0.15288279490268536
0.20443582736947685
0.26079254873887303
0.32081812440628393
0.3872680750017205
0.45545201175348776
0.5254724931910841
0.599799416035131
0.6718701032070267
0.7493397938415347
0.8317634720114495
0.9133033770211547
1.0
0.0
0.0
0.003628361446090078
0.02032121833768563
0.04430364398437822
0.07605211682826693
0.11454266671919863
0.15767601150913865
0.20742444377525235
0.2611148552986317
0.3144955150336981
0.3749144325669798
0.43686491840420927
0.4973509354893605
0.5636994500049767
0.6281438819080417
0.6983381697256641
0.7694864765728826
0.8416584445277562
0.9213171283499166
1.0
0.0
0.0020617671204034294
0.020955768481926845
0.04886718915948886
0.08014884506788483
0.11829015218787806
0.16425406636281292
0.21058430660760452
0.259571382621263
0.3131023763096499
0.36950472671849055
0.4236286871275499
0.48229365214639197
0.5417168243429358
0.599600142273706
0.6593797372829857
0.7227039335273561
0.7852553930038785
0.8530259494326974
0.9249272358736182
1.0
0.0
0.01177776050496189
0.03884556468303411
0.07670674004966953
0.11662090278390203
0.15964160967695684
0.2102141071642693
0.2580901023602083
0.3097750985941895
0.3652486002903251
0.4193664806124562
0.4705722895864636
0.5261277514311953
0.5811815336585135
0.6321408589434068
0.6862049296336349
0.7430042201784561
0.8016793049730631
0.8617590670404801
0.9293802915518969
1.0
0.0
0.02001011155998875
0.059686747226241385
0.1031993714242396
0.15069605377778095
0.20278858872755698
0.2516654739289273
0.30419401257755085
0.35699010627922945
0.41120679119289116
0.46328354525162796
0.5144781309822084
0.5665922697256445
0.6141316909813328
0.6632304657562428
0.7128854887092577
0.7631393561957103
0.8135331113076413
0.870280330159215
0.932974547997664
1.0
0.0
0.02858941709861963
0.07575848369086727
0.12902392362743018
0.18178423173901737
0.237742402835441
0.292415070730106
0.34691391905384283
0.4006982861227288
0.45338436104756225
0.5041356346712548
0.5520144934732217
0.6007253601151308
0.6444308144432762
0.6907883122714064
0.7324711433730892
0.778070083532445
0.8257726400906779
0.8795915093660895
0.9364737656041242
1.0
0.0
0.039945505905755
0.09401217427975171
0.15476105907756454
0.21330555466128692
0.2718819659667981
0.32933943816693656
0.38495284028879934
0.43813379206255854
0.4927282879633369
0.5396519190226773
0.587339324614651
0.6289363379323794
0.6703882227577267
0.7119055502220659
0.7502990611177804
0.7915674730048969
0.8332783787569522
0.8844808488554865
0.9396419140404842
0.9995198084411149
0.0
0.05071744924381462
0.11443575873832729
0.17841005899330567
0.24085972821041765
0.30516461197868283
0.36366539586778684
0.4198094205764485
0.4743183651932804
0.524483664802666
0.5725020324644763
0.6136772076372145
0.6542754918378764
0.6935037451139309
0.7296086091774593
0.7647882426700092
0.8032362332744891
0.8436305630521976
0.8884403389328436
0.938098541911924
1.0
0.0
0.062268623132016275
0.1319148751811399
0.20082766718931572
0.26691765128807654
0.33360576021597543
0.39341826273450636
0.4504341335189216
0.5048363186813098
0.5538431919119066
0.597163327115812
0.6378267871547949
0.6751711693153752
0.7096870926781873
0.7444751301139424
0.7769435536344446
0.8090940794560106
0.8468326922802596
0.889615373581246
0.9395812604751066
0.9958532155114844
0.007778247738105712
0.0777104218056414
0.15163719778412832
0.2217995917115651
0.2930387687640955
0.3575308862785691
0.4187085089908299
0.4784275031450024
0.5293807998852761
0.5770211405781616
0.6188895437643699
0.6565915064925513
0.6898690370405645
0.7215883763990912
0.7532852288736588
0.7830522288647133
0.8123172756664296
0.8484716143240953
0.8907956607876666
0.9372963280813985
0.9933951849224417
0.01656049222887818
0.09381333894881247
0.16981317705680704
0.24830825568363946
0.3143547361653706
0.3801401578522006
0.4428511647377523
0.49908919685744835
0.5502371072266288
0.5954118719840564
0.6344544407858095
0.6716110450571428
0.7031797424998515
0.7302562150715712
0.7576292501646882
0.7875142724579451
0.8124674482239735
0.8477755369287656
0.8870924518426585
0.9336710257774851
0.988275490835787
0.03196319043200541
0.11271346971463395
0.19127766822613956
0.26480381697705446
0.338576021532107
0.402437355187241
0.46215410877805785
0.5168110993844168
0.5669052022650911
0.6082640635864293
0.6464987273923135
0.6766929259543106
0.7065965523996551
0.7333390254580665
0.7583976925682316
0.7834395981775252
0.8126450137170186
0.8445076499030248
0.8814035689196413
0.9275625174805623
0.9827316214378643
