0.008282410360119513
0.0
0.0
0.0
0.0
0.0
0.0
0.0
0.0
0.0
0.045880870743509994
0.10275794334639299
0.1724612219120062
0.2510684642496364
0.34219332375184014
0.4386692056708784
0.5444430391233757
0.6544788857183339
0.7670038052398584
0.8777741964102231
0.9861411883148969
0.005187053052764884
0.0
0.0
0.0
0.0
0.0
0.0
0.0
0.0
0.0
0.033784434911618644
0.09264690288348454
0.1644116669882849
0.24621754681320446
0.3368388749830189
0.4375018959155325
0.5429991899619893
0.6541704765734742
0.7699742212329452
0.8824419250608347
0.9907251964711742
0.003343668126746551
0.0
0.0
0.0
0.0
0.0
0.0
0.0
0.0
0.0
0.034159765780718554
0.09329999918593401
0.16676655406532692
0.24870356505103297
0.34185247289828014
0.4423836858222621
0.5502831836393789
0.6618357611212446
0.7761414419184683
0.8855205877769394
0.9942856178917264
0.0035841856367983026
0.0
0.0
0.0
0.0
0.0
0.0
0.0
0.0
0.0
0.043070849728993665
0.1040664630877508
0.1768726664317105
0.2599409972175629
0.35346481163706733
0.4530495955774494
0.5591312756759588
0.6704222481546669
0.7843117273261767
0.8925911533958872
0.9982339106779028
0.003933568287843985
0.0
0.0
0.0
0.0
0.0
0.0
0.0
0.0
0.009818418686885877
0.06178661787788642
0.12200322860992197
0.19731285782779484
0.2805221039637673
0.3707370781550585
0.4724588299408887
0.5757971427329212
0.6860952777101653
0.7943853126464219
0.8994747474645758
1.0
0.0023836552769315672
0.0
0.0
0.0
0.0
0.0
0.0
0.0
0.0
0.03706850607408785
0.08830614338147447
0.15189143979348202
0.2264678497427156
0.3070641935432216
0.39851902709660364
0.4969882979072796
0.5995719864039679
0.7041424859651748
0.8071926168953211
0.9084237598041144
1.0
0.004518363504539674
0.0
0.0
0.0
0.0
0.0
0.0
0.0
0.027896871040477167
0.07276027125040058
0.12666025896054012
0.18949352572102707
0.2634468572079035
0.34403310780344715
0.43327702403333707
0.5273008165838284
0.6268323346416677
0.7257162065321988
0.8240079342030237
0.9199520787609001
1.0
0.0016247765320720462
0.0
0.0
0.0
0.0
0.0
0.004955733527021333
0.031752488090930564
0.06832371379925029
0.11418251899192183
0.16958373411863953
0.23535024130431498
0.3068805593591545
0.3853668396762536
0.4730448239930478
0.5635060332630775
0.6551940931512065
0.750970517242963
0.8420659272749773
0.9288755491623177
1.0
0.0022852769483115683
0.0
0.0
0.0
0.005517052461914668
0.020886634267166776
0.044394763028759276
0.07962372775763515
0.11826738387473146
0.16712036519761386
0.22276253327344986
0.28764039296793126
0.3588012954467134
0.43441541419236734
0.5173743659202246
0.6031148224260405
0.6915100434348465
0.7774845985034323
0.8622887285863257
0.9421340800478751
1.0
0.0
0.002807136765557293
0.011123344876526484
0.020661015218754686
0.038810872959993886
0.06166995605819631
0.09213099909831929
0.12760274831962942
0.17353735652301994
0.22340666129393955
0.2812151738034678
0.3467436488370142
0.41608602603146033
0.48964552240300463
0.5672441294859268
0.6483642074609504
0.7297933387578663
0.8064218140227731
0.8842141697887492
0.9516553138584286
1.0
0.0
0.00988276431629094
0.026274503943806038
0.05057553441414331
0.07292227899709264
0.10596130818366092
0.14235030005788027
0.18438463224962645
0.23433649219423067
0.28701099090359333
0.34535277641609474
0.4103386264957116
0.47699009671712833
0.5490220557751521
0.622739649475095
0.6962590177560183
0.769859964242305
0.8398686513484619
0.9062838249454664
0.9611789879769829
1.0
0.0
0.02034495007252422
0.04850778718743811
0.07985804137666214
0.11407550428097414
0.1551360230695703
0.19751924783551286
0.24622233906752816
0.29949737258021253
0.3554585231452245
0.41484307214166943
0.4786346986666514
0.5453081923658901
0.6124829902622574
0.6802406195853382
0.7492057200955179
0.8120794075098635
0.8734037497437683
0.9259222965867526
0.9740303493235266
1.0
0.0
0.0314521986823251
0.07132978906593586
0.11094876002602438
0.1582160433863894
0.20811299318666499
0.2587086068940296
0.3130450880827316
0.36903998332580423
0.4287784677715615
0.4889455386593873
0.5497811886912407
0.6147599368651486
0.6785346966703141
0.7383045842393462
0.8005839478555574
0.8550063178697744
0.9061707725980215
0.9478172523839064
0.9825712921802943
1.0
0.0
0.04313299217721855
0.09400610481702519
0.14659863806860912
0.20501641385869449
0.2618210383981943
0.3193836885090843
0.38020698520273555
0.44212385256756914
0.5026323468251637
0.5654594729302549
0.6281384657378413
0.688291623554108
0.7465036762166708
0.8009501594326249
0.8532845538550005
0.8984175442697226
0.940640016170871
0.9714164147012027
0.9940990945847163
1.0
0.0
0.05558422138541516
0.11953952315376423
0.184851686376145
0.2511407277861858
0.3184433595728122
0.3848408798811086
0.45261750085234553
0.5168723577205756
0.5817249305509233
0.6436523853303563
0.7032453970320508
0.759150770828486
0.8151072903642241
0.8632814555086938
0.9093863165673669
0.945146416846799
0.9747286083738279
0.9951871290268464
1.0
1.0
0.0
0.07164412824244684
0.14863844319602418
0.22406284372761678
0.3004732966097515
0.377027193853636
0.4507647738116588
0.5233932066158906
0.592520319456833
0.660203475936511
0.7227170018926303
0.7811855646625685
0.8337564965283297
0.8845705773241769
0.9299960842299182
0.9629051993168097
0.991041362198342
1.0
1.0
1.0
0.9984962211590247
0.0
0.08895909934229133
0.17536683959234847
0.26589807442362695
0.35221637813372186
0.43777780683240575
0.5185297410787333
0.5974721242242574
0.6709950947883843
0.738312387442896
0.8003613484145037
0.860483576851705
0.910967770542169
0.9561330897471069
0.9894303749794782
1.0
1.0
1.0
1.0
1.0
0.996772134153803
0.00023629365421279586
0.10348609618657333
0.20829265695320084
0.30673280112713136
0.4037223048085683
0.4974178270164775
0.586551363943312
0.6686773944811337
0.7475105445856318
0.8176857353204336
0.8791347450949494
0.9336575342623794
0.9829678765869925
1.0
1.0
1.0
1.0
1.0
1.0
1.0
0.9938050836605472
0.006233194025120046
0.12191303854066796
0.23629953295268952
0.34836651894874926
0.4552187109333179
0.5568883557083404
0.6535926952597886
0.7406459975212201
0.8205620041239978
0.8946453861375478
0.9552781622761635
1.0
1.0
1.0
1.0
1.0
1.0
1.0
1.0
1.0
0.9954001363831853
0.011816477129986923
0.14172102751408022
0.2685123100279684
0.39317220136558806
0.5067475135301085
0.6173779844874845
0.7182861036939319
0.8116244744447589
0.8930318808092955
0.9679534853877907
1.0
1.0
1.0
1.0
1.0
1.0
1.0
1.0
1.0
1.0
0.9980414497491951
0.020130218202297195
0.16366985986984356
0.30087342556455665
0.43352768634969524
0.5574664747215042
0.6741925503770849
0.7816970950335367
0.8783307279654958
0.9659874439363065
1.0
1.0
1.0
1.0
1.0
1.0
1.0
1.0
1.0
1.0
1.0
1.0
