0.007541311825302319
0.032977259986945694
0.06345475384801864
0.10522887361962328
0.15112225142445773
0.20255800838951743
0.259676513474164
0.32195589350562953
0.38764124932841
0.455576935673306
0.526493863747925
0.5953777226569006
0.6639826824061754
0.7315382863368419
0.7930944772803307
0.8478229988962419
0.896549035433132
0.938867337121354
0.9713410782034312
0.9932798302933055
1.0
0.011117993229548382
0.032877898859554756
0.06439422642562209
0.10023640046066179
0.14383777027836486
0.19617984990777187
0.2526566965291046
0.3155905760883275
0.380030837650008
0.44869377007686795
0.5189963459645901
0.5873178633763029
0.655707361223031
0.7240574281028875
0.7867580779913242
0.8431509108873566
0.8947574627977257
0.9369887782702946
0.9690995990879928
0.9942396576711415
1.0
0.012346635072594005
0.030394384976094115
0.05983306996587374
0.09335297973446532
0.13531735281018262
0.18500744748336406
0.2405695051583566
0.30272900067132
0.3654012852075383
0.4353489392006853
0.5014905374140572
0.5734103670270608
0.6441794662511582
0.7129502701822141
0.7769830789096792
0.8342433589490204
0.88674621031282
0.9304032024304427
0.9672118665409233
0.9930349483817709
1.0
0.013626314576443721
0.027837354178067437
0.04957642241555059
0.08496945640807796
0.12469136801064311
0.16900508664873706
0.22319409942497406
0.2823547336701638
0.3454825739679398
0.4136451940925141
0.4829540618422954
0.554577697512288
0.6248489406406524
0.6950605924811487
0.7595183248271323
0.8204610790363326
0.8767435859449088
0.9233216212539079
0.9613875872343983
0.9896550671046577
1.0
0.009833789244318733
0.02220630803835277
0.04327715248718689
0.06962000686487643
0.10593331179397293
0.15029063536342682
0.20083955191115355
0.26008667705294725
0.3208538646259166
0.3893780798942459
0.4585954649770687
0.5301258144444276
0.6037435910543212
0.6736117675802843
0.7414350083569063
0.8048151743129227
0.8651031411684268
0.9126240992550919
0.9566939615803
0.9864906126361902
1.0
0.007105516930479349
0.014498183155838444
0.0316170189683133
0.05341636610635994
0.08741569606465542
0.12910844152962886
0.17768169368336348
0.23253327856699982
0.29353204527432497
0.36127789646377173
0.43083693126769257
0.5028756200569867
0.5783267446147154
0.6498454875666667
0.721876202729379
0.7873799581716409
0.8475336026679101
0.9033671407240476
0.9464519524238136
0.9837736821078306
1.0
0.003791389445614654
0.007420744905233617
0.01878066934620852
0.03723153361757875
0.0676227846398611
0.10566343297310371
0.15186400676579823
0.20690940126661977
0.265988997959465
0.3306417372193183
0.40110187853133883
0.47501286866747106
0.5486911603809248
0.6260280501999357
0.6980639138389643
0.767654768659827
0.8309996236365641
0.8889266721257119
0.9384862150748343
0.9784481240093309
1.0
0.00023720338631028895
0.0
0.0024090615452773273
0.019375336581987923
0.04585241439580512
0.07976754513871559
0.122971938436611
0.17521395799674178
0.23403815226303495
0.2990392378286957
0.36770080674541483
0.443141874429391
0.5169674072785135
0.5971513110960784
0.6732010457805324
0.7462940981530901
0.8145106588307525
0.8769095265191019
0.9286167873502127
0.9724751313824873
1.0
0.0
0.0
0.0
0.003844543683407975
0.025210104048130816
0.055335932610986405
0.0962521970266792
0.14634057193143604
0.20131053143322236
0.26581436185691854
0.3349701386701255
0.4099463350862035
0.4884722585926332
0.5671041180177447
0.6474586960047533
0.7224793395755126
0.7951721449814444
0.862892549239551
0.9208407277237355
0.9701535456857
1.0
0.0
0.0
0.0
0.0
0.0045116546496345444
0.03079221426724238
0.06804017863786072
0.11432001058915153
0.1706266660214314
0.23143725240065677
0.3012482645473403
0.37527981308292635
0.45559985292049443
0.5391699175643755
0.6202211646644542
0.7029442771144188
0.7778335987201972
0.8494207641524676
0.9110309384809662
0.9675263330610135
1.0
0.0
0.0
0.0
0.0
0.0
0.00806485124954498
0.041171034876265666
0.08530430432342412
0.138671611849082
0.1992715524201265
0.27093712872460374
0.3437374848870762
0.42751873238623994
0.5092346699845317
0.5927677314856582
0.6764291879858992
0.7596713481650004
0.8361548832559658
0.90365330252291
0.9629177819591134
1.0
0.0
0.0
0.0
0.0
0.0
0.0
0.011537496532390557
0.05547657014278995
0.10655186685084361
0.1684549577146055
0.23684287164369783
0.31308133139630095
0.3956429150944151
0.4801175957806686
0.5689682919444157
0.6567350046698427
0.74161766945454
0.8220473157093533
0.895270011316706
0.9584523398158922
1.0
0.0
0.0
0.0
0.0
0.0
0.0
0.0
0.02948422940178841
0.07846222167216849
0.13706392803578343
0.20730378694635354
0.2841178545871324
0.36453213401794987
0.4550566413906728
0.5443314488291235
0.6337205984435588
0.7231397420731577
0.8102313542578028
0.8847461286610468
0.9537586637941087
1.0
0.0
0.0
0.0
0.0
0.0
0.0
0.0
0.003367477976804034
0.05148444493539628
0.10968863776764293
0.17823367694565467
0.2549347893008862
0.33845404975370075
0.42930185169386825
0.5223033264768513
0.6164503163002065
0.7063579928433429
0.794916995807285
0.8750158033131011
0.9487749879610409
1.0
0.0
0.0
0.0
0.0
0.0
0.0
0.0
0.0
0.026291602930002433
0.08204065597510635
0.15066624394305134
0.22958603501107638
0.3161121392276431
0.40601627844406946
0.5011165743258188
0.5948860607807219
0.6899479547308871
0.7828399011201774
0.8689398554177481
0.9453497427743534
1.0
0.0
0.0
0.0
0.0
0.0
0.0
0.0
0.0
0.005559678589035055
0.06049479820394971
0.13150447384270697
0.20823868192241574
0.2914428048658234
0.38462033228092785
0.4838765936816839
0.5798587102163202
0.6789981637124144
0.7708772001640022
0.8596239453706174
0.9385902468914084
1.0
0.0
0.0
0.0
0.0
0.0
0.0
0.0
0.0
0.0
0.04020593750599716
0.10907753421716537
0.18880561163858434
0.27570450359788534
0.3683735863768974
0.4672292203448819
0.5646560762466396
0.6632293963911279
0.7614508941404499
0.8512021767880988
0.9303921974328601
0.9996042995688191
0.001164274802588901
0.0
0.0
0.0
0.0
0.0
0.0
0.0
0.0
0.029282168702212452
0.09472340422418246
0.17354281322415166
0.2616716524079388
0.3547401359678278
0.4519271752861651
0.5534336968434106
0.6544268329985603
0.7497856617623138
0.8425490938806405
0.9257487372996265
0.9982525853615445
0.011303735046406563
0.0
0.0
0.0
0.0
0.0
0.0
0.0
0.0
0.019765721943586556
0.08740245972780403
0.16412579405360705
0.25242142764246284
0.3463030446655461
0.44314671474601014
0.5460802461802075
0.646236676489243
0.7455118059466745
0.8382156548181012
0.9221402943638595
0.9939455857096484
0.021498570360373837
0.0
0.0
0.0
0.0
0.0
0.0
0.0
0.0
0.0165285661419457
0.08443992105488013
0.1617062649582588
0.24808457921100163
0.3408087325398861
0.4399862035175704
0.5421250366646133
0.6438520278320031
0.7409977377068137
0.8331280465225002
0.9201196798191894
0.990928953748562
0.04008823753360704
0.0
0.0
0.0
0.0
0.0
0.0
0.0
0.0
0.021679778204009514
0.08565676944140505
0.16243499281236534
0.24747360169920735
0.34157912396331747
0.44092308856739626
0.5421470823802699
0.643154201584009
0.7406379482850955
0.8321845214481732
0.9172350959965374
0.9884204396702977
