0.0006156149013551333
0.1642451574630888
0.335272507732004
0.5148601553243508
0.6921769569167752
0.8745071089440324
1.0
1.0
1.0
1.0
1.0
1.0
1.0
1.0
1.0
1.0
1.0
1.0
1.0
1.0
1.0
0.00705013635787249
0.16275688546536232
0.3274065889802961
0.4987464972666559
0.6750245365775696
0.8453951345194181
1.0
1.0
1.0
1.0
1.0
1.0
1.0
1.0
1.0
1.0
1.0
1.0
1.0
1.0
0.9995160883986041
0.011787614968436765
0.16067140607281222
0.3191958305860431
0.481439216644262
0.6491601276617466
0.8166070037397872
0.9796237168684799
1.0
1.0
1.0
1.0
1.0
1.0
1.0
1.0
1.0
1.0
1.0
1.0
1.0
0.9976537635582187
0.01387952504617505
0.15428884459157366
0.3038799458284632
0.4625340906872647
0.6236697225639278
0.7830371369700977
0.9416222438910726
1.0
1.0
1.0
1.0
1.0
1.0
1.0
1.0
1.0
1.0
1.0
1.0
1.0
0.996838861578843
0.014740261299193784
0.14688904930146973
0.290081883248442
0.439367675658624
0.5931073434933767
0.749342861721473
0.9007332614772413
1.0
1.0
1.0
1.0
1.0
1.0
1.0
1.0
1.0
1.0
1.0
1.0
1.0
0.9961083799861785
0.01705092862247171
0.13786126820407507
0.2721602359429811
0.41452236727238434
0.5622338436147265
0.7104000116464946
0.8570651250512428
1.0
1.0
1.0
1.0
1.0
1.0
1.0
1.0
1.0
1.0
1.0
1.0
1.0
0.9957705736520553
0.01086910944604079
0.12777848613207943
0.2517210917356693
0.3872462800778923
0.5283518778796115
0.6731622999738727
0.815135933372088
0.9518843384075385
1.0
1.0
1.0
1.0
1.0
1.0
1.0
1.0
1.0
1.0
1.0
1.0
0.9948436068244222
0.008416027034080793
0.11415751857311456
0.23332721699751263
0.3609767435371874
0.49457315332561064
0.6329659814593448
0.7685626275350357
0.9030891228943638
1.0
1.0
1.0
1.0
1.0
1.0
1.0
1.0
1.0
1.0
1.0
1.0
0.9938381563617396
0.004745902973781381
0.101319322136498
0.2123449970136156
0.3318903473254121
0.4588405060075239
0.5913885646513986
0.7233445464696712
0.8550078985316233
0.9775247833182961
1.0
1.0
1.0
1.0
1.0
1.0
1.0
1.0
1.0
1.0
1.0
0.9956307099722839
5.40943717045266e-05
0.09094943352442798
0.19297644457403224
0.3055297108449918
0.42661340817444304
0.5515332220085709
0.6816928501730981
0.8096460535802439
0.9288183789197872
1.0
1.0
1.0
1.0
1.0
1.0
1.0
1.0
1.0
1.0
1.0
0.9962435890341355
0.0
0.07687369177379086
0.17135042108891888
0.2789823604982604
0.3943957339876156
0.5137204638354004
0.6388809122705299
0.7606347973996082
0.8825190652363433
0.9913738598099815
1.0
1.0
1.0
1.0
1.0
1.0
1.0
1.0
1.0
1.0
0.9978940114586973
0.0
0.06445000924854237
0.15490986913213198
0.25436369135794673
0.36406289757012034
0.4801446717827215
0.5981403565343058
0.7211319885890646
0.8356136644228814
0.9444731631795895
1.0
1.0
1.0
1.0
1.0
1.0
1.0
1.0
1.0
1.0
0.9996421116914087
0.0
0.05779892881529236
0.1363624388690754
0.23267821493437382
0.33718668699225807
0.4470258775855547
0.5641382093375691
0.6814365788705772
0.7947837069369957
0.9034346920111521
1.0
1.0
1.0
1.0
1.0
1.0
1.0
1.0
1.0
1.0
1.0
0.0
0.050074762885254434
0.12598169653104846
0.2133885682819306
0.31078579366737374
0.4194093221038835
0.5313668573178435
0.645028967397003
0.7570062346743969
0.8615042993268396
0.9599113220446349
1.0
1.0
1.0
1.0
1.0
1.0
1.0
1.0
1.0
1.0
0.0
0.04320685906016405
0.10982731892083925
0.19652984514737026
0.29139944663775574
0.3924584841280873
0.5036432814804959
0.6113884393407394
0.7235249804993066
0.8274795769097403
0.9256137944281899
1.0
1.0
1.0
1.0
1.0
1.0
1.0
1.0
1.0
1.0
0.0
0.039916658122957395
0.10380830401959894
0.179341259865169
0.2714874124701562
0.3712800809394435
0.476769816095978
0.5855411932277584
0.692703338396776
0.7978847103010483
0.8956124515447129
0.9793718976609915
1.0
1.0
1.0
1.0
1.0
1.0
1.0
1.0
1.0
0.0
0.037318435156379476
0.09694251263430997
0.17053375915921293
0.2581248318534237
0.35247820898528126
0.4549609718739622
0.5610213323267463
0.6690631537136005
0.7707764532395167
0.8657559412868033
0.9522478032371271
1.0
1.0
1.0
1.0
1.0
1.0
1.0
1.0
1.0
0.0
0.03624458606701403
0.09089496592747097
0.1602091990908093
0.245119667410144
0.3402469294423237
0.43646988808341985
0.5417696061166222
0.6448626091600009
0.7465885654270858
0.8420197353348307
0.9293130125774007
1.0
1.0
1.0
1.0
1.0
1.0
1.0
1.0
1.0
0.0
0.03455414234739326
0.08686629538231991
0.1556800694298378
0.2357095915128572
0.3270716053693594
0.4241756793873006
0.5269016538662206
0.6284743508801098
0.7300610505462678
0.822434184562311
0.9094448136268899
0.982317113801644
1.0
1.0
1.0
1.0
1.0
1.0
1.0
1.0
2.0735873300943873e-05
0.03431167289679572
0.08423806495608142
0.1486437455933789
0.22667076581210016
0.3154047411794008
0.41200384390414235
0.5119571515579999
0.6120305488772194
0.7099858666275607
0.805775477186772
0.8911513481360538
0.9656374125059172
1.0
1.0
1.0
1.0
1.0
1.0
1.0
0.9981294950935807
0.0
0.02984478162511627
0.08054679525867153
0.14627218922708748
0.2214796659874221
0.3078252015068564
0.4032379335941997
0.49857092720826984
0.5996551854858116
0.6971103218316949
0.790108302876206
0.8738239197076678
0.9495726067365455
1.0
1.0
1.0
1.0
1.0
1.0
1.0
0.9948247896817535
