0.021744593801220485
0.10498807793443882
0.2087318252936467
0.3191620081259332
0.4393890293085382
0.5645996585991605
0.6927490288567968
0.8234783259490078
0.947641752800899
1.0
1.0
1.0
1.0
1.0
1.0
1.0
1.0
1.0
1.0
1.0
0.9841292254584108
0.01407123641622875
0.09978572145975295
0.1974285644978986
0.3026679498542859
0.4185263812338611
0.5383357240581064
0.6614109139438802
0.7859422279547945
0.9068583944034196
1.0
1.0
1.0
1.0
1.0
1.0
1.0
1.0
1.0
1.0
1.0
0.9922759047414579
0.008079941244994327
0.09074091511927983
0.1850288586051405
0.2850947542194722
0.3962371881545117
0.5097584252396196
0.630416259653079
0.7490325209846047
0.8646662060196559
0.9757877512055579
1.0
1.0
1.0
1.0
1.0
1.0
1.0
1.0
1.0
1.0
0.9971860642566986
0.0027013264336191046
0.08252268554428954
0.17261735246350618
0.2701293974259441
0.3764461185361192
0.4858109222907545
0.6005758537116429
0.7135613981617963
0.8257466835389489
0.9343306827244172
1.0
1.0
1.0
1.0
1.0
1.0
1.0
1.0
1.0
1.0
1.0
0.0
0.07846249769554339
0.16351525526084423
0.2599673567973961
0.36107490790486374
0.4664097055963394
0.5739559925245354
0.682803202852164
0.7915126135168
0.8935724897694837
0.9904997910710329
1.0
1.0
1.0
1.0
1.0
1.0
1.0
1.0
1.0
1.0
0.0
0.07303481774904572
0.15811509689870917
0.2474269445190708
0.34637986317110603
0.4483407665229113
0.5520786851711652
0.6571746631528661
0.7588472786911564
0.859499343603221
0.9505394529881527
1.0
1.0
1.0
1.0
1.0
1.0
1.0
1.0
1.0
1.0
0.0
0.06965675342331759
0.15349860932577564
0.2430681943768294
0.3359723946203601
0.4343119861629166
0.5335418537251965
0.6332447681846392
0.7357016804136485
0.8325709970987076
0.9199813522409994
1.0
1.0
1.0
1.0
1.0
1.0
1.0
1.0
1.0
1.0
0.0
0.06918724230655013
0.15086099061118052
0.23871876839161277
0.3301896812337019
0.4252049393989088
0.519998931447251
0.6183839795719409
0.7152337485901813
0.8070792069973671
0.8961162494900208
0.9726861581279826
1.0
1.0
1.0
1.0
1.0
1.0
1.0
1.0
1.0
0.0
0.07042744158094519
0.15236421862884014
0.236406217730545
0.32558833284878896
0.41886032043376625
0.5137102316473822
0.6072929930279326
0.7010614728573022
0.7901309685430055
0.8741671989729143
0.9513224129940957
1.0
1.0
1.0
1.0
1.0
1.0
1.0
1.0
0.999741133658926
0.0
0.07260645674906895
0.15659301916457669
0.2413997014113214
0.33125979991513466
0.42058042496924286
0.5128657882283987
0.6038842326695392
0.6942982853293643
0.7811125779805737
0.8613506270768267
0.9373037699241131
1.0
1.0
1.0
1.0
1.0
1.0
1.0
1.0
0.9995659801218201
0.0
0.07534138322609976
0.16090514723856097
0.24542267197303388
0.3352547739845192
0.4239416783744222
0.5152164489781328
0.6050394739086785
0.6915558533747614
0.7769182846070826
0.8545613195274939
0.9296350539300478
0.993905051293832
1.0
1.0
1.0
1.0
1.0
1.0
1.0
1.0
0.0
0.08026670945269286
0.1663739250930512
0.2547560372905782
0.3416126702679651
0.4330100451159391
0.5216112302548073
0.6122716920863811
0.6993973816149868
0.780847718467911
0.8590773375256827
0.930670945545298
0.9883732529926681
1.0
1.0
1.0
1.0
1.0
1.0
1.0
0.9977253762661807
0.0007834262099134331
0.08646171937474786
0.17458170644568094
0.26279356113281443
0.3554057045423888
0.4446734073469828
0.5325515001371904
0.6212341983497867
0.7079991936011412
0.7892384433814739
0.8641039178189986
0.9341629913880516
0.9925495206081216
1.0
1.0
1.0
1.0
1.0
1.0
1.0
0.9978331348449382
0.0038040987821694656
0.09460297023228773
0.18370405603472129
0.27741139715580454
0.3709525761136986
0.45980487163412054
0.5516842462072032
0.6403317907482806
0.7238234440204881
0.8038142713598029
0.8779788300423009
0.9442877496990252
1.0
1.0
1.0
1.0
1.0
1.0
1.0
1.0
0.9985983134088893
0.0059725432844295965
0.10179736908967145
0.19746159555830584
0.29267731268984537
0.38680145141227684
0.480635998638316
0.5716132946307179
0.6598792952293032
0.7445982323523501
0.8234993644291164
0.8971531367282901
0.9607262948239059
1.0
1.0
1.0
1.0
1.0
1.0
1.0
1.0
0.9952753316489832
0.006694811527142029
0.10620056599195121
0.20807735768255814
0.3076592899786884
0.40757973086638755
0.5034077221901967
0.5951164328614642
0.683794861105752
0.7705588041654512
0.8468035170381015
0.919437994801217
0.9820884770871181
1.0
1.0
1.0
1.0
1.0
1.0
1.0
1.0
0.9979001229435202
0.0050775670966093376
0.11196528096724545
0.21946877813040838
0.3242070708370278
0.4251943663552682
0.5246588238398846
0.6208294016961636
0.7115139281050352
0.7968095659912159
0.8748344940413373
0.9472253677231959
1.0
1.0
1.0
1.0
1.0
1.0
1.0
1.0
1.0
0.995446719134779
0.0037544133844326106
0.11469571913781397
0.229527177653682
0.33868547650363334
0.4447963694617244
0.5484629978130096
0.6467875820531164
0.7405789307481059
0.8276997115269514
0.9070049482849888
0.9753496958432575
1.0
1.0
1.0
1.0
1.0
1.0
1.0
1.0
1.0
0.9936021698456735
1.953626324069019e-05
0.1190821809694117
0.2372954840455312
0.3550474928582368
0.46654752830781737
0.5750479745325343
0.6767201591452885
0.7722483205949104
0.8597216118677362
0.9388628504606542
1.0
1.0
1.0
1.0
1.0
1.0
1.0
1.0
1.0
1.0
0.9927518443940361
0.0
0.11816842778207225
0.24492365437939967
0.3678389026134471
0.48729356565402093
0.5984525376596692
0.7046764423347522
0.8039599213610606
0.8929634088885674
0.9730432206630342
1.0
1.0
1.0
1.0
1.0
1.0
1.0
1.0
1.0
1.0
0.9904941944718091
0.0
0.11715655494441048
0.2505796653905084
0.3801320433710785
0.5048980004690886
0.6204075964971651
0.733940533561541
0.8348382193516757
0.9259262762823248
1.0
1.0
1.0
1.0
1.0
1.0
1.0
1.0
1.0
1.0
1.0
0.9879292007621071
