0.0
0.0
0.0
0.0
0.004639782364646267
0.05799955212439911
0.12059131316698574
0.19918791711765885
0.2842028724541432
0.38134295169626964
0.47451255216810717
0.5737073583520733
0.6659985821999495
0.7531541863759732
0.8316805724390361
0.8993945656573601
0.9523521331209849
0.9912302664702384
1.0
1.0
0.994466775144964
0.0
0.0
0.0
0.0
0.0
0.032611123476358445
0.09523516077671262
0.16851846450322544
0.2525418099869192
0.3436928258908498
0.43943753405075386
0.5325783863920668
0.6270574462166867
0.7173846802442643
0.7963460517159104
0.8672055043588791
0.9246345884383955
0.9668460278913232
0.9940861594655986
1.0
0.9926050560929636
0.0
0.0
0.0
0.0
0.0
0.017797566985749413
0.07206114188455681
0.14179387371332405
0.22377863935178685
0.31088902759510906
0.403374901563848
0.4987622698317549
0.5922291140697362
0.6817574716333775
0.7639513503562165
0.836521839745867
0.8976327191654588
0.9460148566815265
0.9791421247757693
0.9952372725155083
0.9916098455837434
0.0
0.0
0.0
0.0
0.0
0.00113080375118646
0.054898470415153944
0.12053518310453643
0.1951774757090712
0.2814504037718374
0.37231668653753913
0.4629090781563636
0.5571393638351553
0.6471678518941512
0.7320501508134118
0.8081825785188661
0.8731945595113593
0.927555977949631
0.9641915058483282
0.9878557355384738
0.9940342669758893
0.0
0.0
0.0
0.0
0.0
0.0
0.03882628582803799
0.10002160733760973
0.16941461688345
0.2544427415227234
0.33862340634980176
0.43167486573551583
0.5254032340256745
0.6153349232247819
0.7012030741668374
0.7792984825005485
0.8499728351692367
0.906986248427796
0.9528608102349333
0.9811466655014038
0.9940237013004264
0.0
0.0
0.0
0.0
0.0
0.0
0.0256570088410924
0.08130621679084832
0.15143721905199897
0.22891782971367458
0.3125769284206476
0.4013922005836184
0.4950337803785644
0.5842507318276831
0.6730411108648193
0.7543654317714291
0.8258148433099116
0.8918798649319113
0.9415062127875953
0.9767714406356053
0.9994421640512079
0.0020693813966962127
0.0
0.0
0.0
0.0
0.0
0.011101402111428182
0.06430597739571087
0.1293724377033903
0.20372831106538636
0.2872561725464679
0.37391822894604676
0.46261407487624445
0.554746254774376
0.6434069862877723
0.7275569080975443
0.8058578503471395
0.8719422658328685
0.929195490235904
0.9728578264511182
1.0
0.005547956392504239
0.0
0.0
0.0
0.0
0.0
0.002658996231379551
0.052498740834113655
0.11435136646463412
0.1830877915701195
0.2629362574951573
0.34686193704999263
0.4360089600924331
0.5285685610246685
0.6159685536035552
0.7023730224649506
0.7839500745684476
0.8542267051758374
0.91610713058062
0.967230891562863
1.0
0.006922301659605231
0.0
0.0
0.0
0.0
0.0
0.0
0.03917181321011831
0.09662577131966149
0.1643073953989937
0.24049022984466928
0.3216057347783324
0.4113792061374668
0.5039178272986193
0.5920716457870677
0.6800582013211924
0.7624214971648359
0.8395002884019754
0.9029920956924499
0.9602486011267447
1.0
0.007982539628397687
0.0
0.0
0.0
0.0
0.0
0.0
0.03009851371003286
0.08229184031973302
0.14644948566391175
0.2197063576139886
0.30185503452799584
0.38755657878903854
0.4775018424418868
0.5687899172320741
0.6569271825028761
0.7432131194033051
0.8208001066237903
0.8943055491433312
0.9565746465690665
1.0
0.009133140792318136
0.0
0.0
0.0
0.0
0.0
0.0
0.021576167807445756
0.07067477671235128
0.1316855249359526
0.20255885940940327
0.2794654419164664
0.36600370653771375
0.45443538631318825
0.543795920080681
0.6359121508788781
0.7217251427475775
0.8055317442805997
0.8800980928573789
0.9480082170185369
1.0
0.011717280299750573
0.0
0.0
0.0
0.0
0.0
0.0
0.01427254751192003
0.060659322609366906
0.1195402058211959
0.18725261345525218
0.2619690376034644
0.3465500221361617
0.43174040745831915
0.5218360297337623
0.6132571168821289
0.7042509339210143
0.7908915590543973
0.8703553102813834
0.9440373083827398
1.0
0.011698403089171956
0.0
0.0
0.0
0.0
0.0
0.0
0.009813277956810584
0.052300584684799256
0.10696284818073692
0.1711050130843514
0.2440283687691031
0.32454070152305103
0.41305830474327127
0.5022685177680462
0.5953646921942397
0.6852811143268478
0.7759138498920652
0.8591047280099565
0.9344199181874856
1.0
0.007826896530176725
0.0
0.0
0.0
0.0
0.0
0.0
0.003867996434055887
0.04655872206142142
0.09771750807931051
0.15871581373962335
0.2313511891981656
0.3072088324192763
0.39428666168749854
0.48508832630083487
0.5755675383625773
0.6693831694722318
0.7600695421001129
0.847246264624058
0.930067423457044
1.0
0.006884837978117654
0.0
0.0
0.0
0.0
0.0
0.0
0.0016404725560960065
0.04086472517024098
0.08867780682314214
0.146984761706362
0.21649098777944042
0.2943174003858166
0.376963906046307
0.4665244628967099
0.5585009834751398
0.6529335587582878
0.7465054628100212
0.8367038830683737
0.9230113409619641
1.0
0.006665508299198707
0.0
0.0
0.0
0.0
0.0
0.0
0.0
0.034824949413263695
0.08175338567478668
0.1374151535424083
0.20290419421647005
0.27876763568701546
0.3629784244775899
0.4513884490168758
0.5423677974000563
0.6377182235213019
0.7337434380605005
0.8271138749587763
0.9168791462115837
0.9997186832005818
0.005802093014498478
0.0
0.0
0.0
0.0
0.0
0.0
0.0
0.031120217929140104
0.07503430292813179
0.12944460500142269
0.19213956772688573
0.2646030160108791
0.34715458019722173
0.4333097453513043
0.5295317816452283
0.6255089254706947
0.7223056982695581
0.8197035491118965
0.9099572269262538
1.0
0.00531737525153821
0.0
0.0
0.0
0.0
0.0
0.0
0.0
0.027174095646302854
0.06882621136031153
0.11787885867124653
0.18096888195546135
0.2534397991419852
0.3316343212234191
0.41994648341029417
0.5160802062666501
0.6108224756520511
0.7095634340351397
0.8078125054946879
0.9073604552706749
1.0
0.0034627161808219844
0.0
0.0
0.0
0.0
0.0
0.0
0.0
0.022987927764652916
0.060248955414525185
0.1112593344261858
0.16802061848441147
0.23895180558332468
0.3184264981671884
0.4056598995342901
0.4993075697359096
0.596554224322133
0.7001118195093606
0.8007415678620599
0.901731409421308
0.9973017147175363
0.0005980188653669207
0.0
0.0
0.0
0.0
0.0
0.0
0.0
0.018689528965332214
0.05253902787267012
0.10116274519182111
0.1575249881459616
0.22624552788813218
0.3047413914589232
0.39076275055388665
0.48368900351648597
0.5854536831761632
0.688175668010416
0.7928013642781115
0.8948598098975756
0.9952938322185727
0.004501893701200292
0.0
0.0
0.0
0.0
0.0
0.0
0.0
0.012147219120434483
0.04403430327655172
0.09075677382112729
0.14460342851722896
0.2116205838820472
0.2906163459050844
0.3740576865604424
0.4702009018090707
0.5709561616970975
0.6734467069669662
0.7816111030795552
0.8906920936785381
0.9935688110416457
