0.0
0.13803922480978492
0.30429379922966737
0.4614249352852448
0.6137917484642363
0.7569782366400284
0.8810048897432319
0.9954944008855917
1.0
1.0
1.0
1.0
1.0
1.0
1.0
1.0
1.0
1.0
1.0
1.0
1.0
0.0
0.13776990844888254
0.29150167412400385
0.4383539048902356
0.5832395460307942
0.7162078952561988
0.8353015732558804
0.9437222675945333
1.0
1.0
1.0
1.0
1.0
1.0
1.0
1.0
1.0
1.0
1.0
1.0
1.0
0.0
0.13290770188447443
0.2761703289864086
0.41512500371698197
0.550510355745218
0.6767425279445474
0.792354348183222
0.8944587237692809
0.9845931006769874
1.0
1.0
1.0
1.0
1.0
1.0
1.0
1.0
1.0
1.0
1.0
0.993962306440399
0.0
0.12806225875141528
0.26089896833128257
0.39284381084416203
0.5200291709406915
0.6404253907115641
0.7495148412530204
0.8488913318406395
0.9359580465220863
1.0
1.0
1.0
1.0
1.0
1.0
1.0
1.0
1.0
1.0
1.0
0.9910248838533846
0.0
0.12150131233262955
0.2476045093675655
0.3717799261124861
0.4922528978542386
0.6042950480922613
0.7116155823514356
0.8058795801810213
0.8906752254121177
0.964063106558027
1.0
1.0
1.0
1.0
1.0
1.0
1.0
1.0
1.0
1.0
0.9911785614185669
0.00016869904531287847
0.11575272106136814
0.23383553354210684
0.353361343394539
0.4671226888966759
0.5747589924504999
0.6743909640311241
0.7683950894464722
0.850892728561299
0.9246015111388297
0.9833201561178144
1.0
1.0
1.0
1.0
1.0
1.0
1.0
1.0
1.0
0.9922804803743833
0.0
0.10960182975892141
0.22343983884419463
0.33194780356586434
0.4426747939672677
0.5465168038490469
0.6456016151025695
0.7359620706151937
0.8156570194108896
0.8865471415605286
0.9476536562323004
0.9990638013986861
1.0
1.0
1.0
1.0
1.0
1.0
1.0
1.0
0.993840414735853
0.001105215347659581
0.10710301098488742
0.21311033008329328
0.31854821030282826
0.42329766145977665
0.524322792890606
0.6209609825579346
0.7088012115166873
0.7900690440268934
0.8606371608436394
0.920899008487257
0.9717189659947911
1.0
1.0
1.0
1.0
1.0
1.0
1.0
1.0
0.9962774622231776
0.0015021406320364647
0.10067104357835144
0.20356091624613226
0.3062691449411117
0.40844779632753325
0.5069657993371196
0.5996568497645218
0.6859875823395105
0.7656240611054382
0.8347020924622421
0.898041331580544
0.9506811260787218
0.9953661024368319
1.0
1.0
1.0
1.0
1.0
1.0
1.0
1.0
0.002957486944282866
0.10043306257255818
0.19701328110889627
0.296496195379997
0.3960532405287981
0.49339515322570393
0.5847657518103683
0.6704676787512616
0.7494913287012774
0.8210010891011166
0.8840216485077339
0.9372086589574673
0.982539259639494
1.0
1.0
1.0
1.0
1.0
1.0
1.0
1.0
0.005546461995808386
0.09670339636791683
0.19313047705674224
0.2919397610355804
0.38890133462460874
0.48522725796192134
0.5757966179196659
0.6619154377097762
0.7398804070732223
0.8105993192669168
0.8737919165418405
0.9274694840552622
0.9757859640536154
1.0
1.0
1.0
1.0
1.0
1.0
1.0
1.0
0.005111797510982245
0.09691462261871708
0.19118285428963083
0.2875892809267554
0.3876265340041669
0.4797263867199091
0.5699314585870539
0.6552513479863294
0.7353823496811485
0.8066941952755249
0.8704611049822907
0.9283382059113469
0.9751623732108399
1.0
1.0
1.0
1.0
1.0
1.0
1.0
1.0
0.00686201941001558
0.09737785350781912
0.19246673106907003
0.2876915001867244
0.3853050666527668
0.4788397467853972
0.5718995865872685
0.6578573930515268
0.7374651473764564
0.8109845872963133
0.8787497864395482
0.9310462779454063
0.9789941177410726
1.0
1.0
1.0
1.0
1.0
1.0
1.0
1.0
0.008239659131400285
0.09952670641967153
0.19344592728554738
0.2908793657239197
0.38834005420838313
0.4860989828206356
0.5763559221883543
0.6642227837058459
0.7463043172460102
0.8185473206419627
0.885392915802488
0.9417169372856805
0.989623311778868
1.0
1.0
1.0
1.0
1.0
1.0
1.0
1.0
0.009163851007861342
0.10202072498926587
0.19809850631937814
0.2982139226004217
0.3963721621591846
0.49203384725611216
0.5866415098808943
0.6751620103245243
0.759696277357134
0.8301233187191723
0.8998752685544942
0.9580970917407408
1.0
1.0
1.0
1.0
1.0
1.0
1.0
1.0
1.0
0.008489127363796594
0.10323545196699224
0.20247256245151513
0.30397339607260815
0.4064906488672325
0.505397272433332
0.6004762867051319
0.6909442511639674
0.7738317111791608
0.8519499335437745
0.9191887344785172
0.9768013998411271
1.0
1.0
1.0
1.0
1.0
1.0
1.0
1.0
1.0
0.003913076297048821
0.10583263654393006
0.20792486462905152
0.3111857215304901
0.41678124088508095
0.5204849019854683
0.6185940039138142
0.7107715698407995
0.7965893821108231
0.8765306629881271
0.944196823326341
1.0
1.0
1.0
1.0
1.0
1.0
1.0
1.0
1.0
0.9990834785344168
0.0029893883556364135
0.10546009859744405
0.212693767486553
0.3208090965975505
0.42976237698774705
0.5347610162575465
0.6387242956208756
0.7331005067362624
0.8211911648742982
0.9009651510516741
0.9729684359828155
1.0
1.0
1.0
1.0
1.0
1.0
1.0
1.0
1.0
0.9984258314868164
0.0
0.10692436661898061
0.218959863697945
0.3302003426691502
0.44347434260120466
0.5529756552202784
0.6579793418887456
0.7569556489963778
0.8472462687811977
0.9323823682095403
1.0
1.0
1.0
1.0
1.0
1.0
1.0
1.0
1.0
1.0
0.9989086209710718
0.0
0.10428750196026737
0.21980519799318887
0.340013889096467
0.458055807991071
0.5707919133852819
0.6790686898812004
0.7828263080797079
0.8768557607254608
0.9641087778261838
1.0
1.0
1.0
1.0
1.0
1.0
1.0
1.0
1.0
1.0
0.9967100813640105
0.0
0.09961676085047227
0.2224787129389374
0.3456810916822913
0.4692023778909575
0.5890825028163882
0.7023729866105326
0.8096142283455908
0.907151369707374
0.9922976615534789
1.0
1.0
1.0
1.0
1.0
1.0
1.0
1.0
1.0
1.0
0.9967278301163234
