0.0
0.09599570268231344
0.21599061067035064
0.34204276168148906
0.46684531394939455
0.5927752913577231
0.7103179671655315
0.8230465818916732
0.9231788862463715
1.0
1.0
1.0
1.0
1.0
1.0
1.0
1.0
1.0
1.0
1.0
0.9780651377304302
0.0
0.0927892540342348
0.20475975619937664
0.3231849635863827
0.44274862901609996
0.5617186413651861
0.6766607670925666
0.7820693483021075
0.8842759526756836
0.9734544286265698
1.0
1.0
1.0
1.0
1.0
1.0
1.0
1.0
1.0
1.0
0.9880752417688511
0.0
0.08690244025943661
0.1906787548276854
0.30186902784202585
0.4149736827699057
0.527411159076363
0.6366829395269265
0.7390507865400908
0.8341676021702681
0.9230283985459742
1.0
1.0
1.0
1.0
1.0
1.0
1.0
1.0
1.0
1.0
0.9970518776835573
0.0
0.07924698503360511
0.17585478914735064
0.2779561550790644
0.38366148446201087
0.4881990686562286
0.5916288363962091
0.6922089274416416
0.7845838386973063
0.870109933944244
0.9444784815377667
1.0
1.0
1.0
1.0
1.0
1.0
1.0
1.0
1.0
1.0
0.0
0.07319228985726917
0.16015223123271424
0.250596464463157
0.34804835198651973
0.4452993809942467
0.5439973871375896
0.6382553671295228
0.7294303705822442
0.8113217944707372
0.8886354966798927
0.9547113373840033
1.0
1.0
1.0
1.0
1.0
1.0
1.0
1.0
1.0
0.0034247669384250383
0.06614971684374385
0.1414365227892703
0.22325072042053395
0.31179620718606055
0.400409928604623
0.4920339607338137
0.5818325240006488
0.6685977265920167
0.7497661164931733
0.8270225087057674
0.8955427934304668
0.9534167818530968
1.0
1.0
1.0
1.0
1.0
1.0
1.0
1.0
0.006532851417495784
0.06043991583316881
0.12238655159666223
0.19449269654822549
0.27210820028395266
0.354746885857377
0.4383994901794284
0.523541951638241
0.6076192070273341
0.6879432130982894
0.7636837082176182
0.8328582966584338
0.8948364034269236
0.9477712059504134
0.9908538719329161
1.0
1.0
1.0
1.0
1.0
1.0
0.008515328080045882
0.048824819840558795
0.10279600561264927
0.1640068909697348
0.23200651117239965
0.3052625651616335
0.3849477583033306
0.46414213006528243
0.5464460068896043
0.6258917158274567
0.6974629200554124
0.7706208530167752
0.833656020354287
0.8924844635813549
0.9422543895892472
0.9804043357723514
1.0
1.0
1.0
1.0
1.0
0.011301107823254207
0.03913309478171713
0.0808911284885354
0.13067654675810167
0.19071218116788555
0.25882171930163816
0.33204237686087984
0.40815591394993295
0.48445296144179983
0.5603806700436826
0.6359483193364648
0.7069836394219261
0.7751408998481087
0.8375309690447426
0.8919294840958515
0.9356770544389034
0.9730862775892799
0.999454004042004
1.0
1.0
1.0
0.010728024292607628
0.028652056380653504
0.058506383487277
0.1011378869760332
0.1529987154344036
0.21133473799461544
0.27653744240210903
0.3497972039437514
0.4240206543757789
0.4987856836256991
0.573236793157705
0.6448921080793483
0.7176517068434655
0.783623882524771
0.8424155322896719
0.8934041758414824
0.9388723498110683
0.9726217636102974
0.993946080380889
1.0
1.0
0.0093247813571505
0.01887937927277177
0.03820710585792664
0.07146558160740142
0.11417324670636672
0.1653267849412418
0.2266051805768499
0.29529202469768845
0.365152654552233
0.4383316549624663
0.5123977814296596
0.5897255808924871
0.6612715065034435
0.7318223363049557
0.7961128860856743
0.8550328567677512
0.9038803005963302
0.9468476808975475
0.9762971769515006
0.996557057330034
1.0
0.010850433567625009
0.007738102133458005
0.017636441380619816
0.04300730727658897
0.07574236929945494
0.12356441128501883
0.17945696555821894
0.24394543511249547
0.3108974380456728
0.38141644703409233
0.4584949723706722
0.5360992561872658
0.608988243022721
0.6838268006890488
0.7520265938357509
0.8163342533665903
0.8728579964095007
0.9204851781615437
0.9615733454586789
0.9869486437338774
1.0
0.00910844923734888
0.0
0.0
0.01482749379395823
0.042301231668163325
0.08482177900507759
0.1325892948454869
0.19274578568646145
0.26044137411383195
0.3321597956053992
0.4069357035979887
0.4852437109867914
0.5650186917685526
0.6404347408874617
0.7125491936373209
0.7822592828443554
0.8420429427043921
0.897154697558517
0.9439211736546125
0.9769269949693793
1.0
0.009015492719403995
0.0
0.0
0.0
0.011156486095437373
0.04738188572946617
0.09506598879961392
0.15049626509299127
0.21359276411224482
0.28697001384034526
0.3614080000626133
0.43976713336893736
0.5195692769103821
0.6002607843879806
0.6777974226633814
0.7480069483263239
0.8161028683437311
0.8766528060447958
0.927269128442093
0.9710143376372056
1.0
0.00577289826218222
0.0
0.0
0.0
0.0
0.014739696732515656
0.060268295054345555
0.11447742664106708
0.1761773345065576
0.24697211766006782
0.3237832173233268
0.4016890345965485
0.48316004099499965
0.5663426152256869
0.6449192798169595
0.7208228545781264
0.7935953248212232
0.8565705519442672
0.9150109325306423
0.9619410683417249
1.0
0.0018217246825527438
0.0
0.0
0.0
0.0
0.0
0.027800894705772683
0.0817580226695589
0.14193089673019993
0.2145364966456622
0.2899608660718109
0.36927394223142224
0.45217942360022645
0.5353362369309156
0.6171190507099121
0.6972651058118524
0.7723249731101108
0.8421816072329518
0.9011783177089668
0.9575489539167001
0.9990609473754389
7.257395960525988e-05
0.0
0.0
0.0
0.0
0.0
0.005327683928127325
0.055253050627496136
0.11525861939264176
0.18574827099457836
0.2608984277570262
0.3424155616836569
0.42722698557863686
0.5127004983919585
0.5969059980092462
0.6789889339766545
0.755213538939707
0.8290943153811146
0.8953675959027668
0.9518033493798228
1.0
0.0
0.0
0.0
0.0
0.0
0.0
0.0
0.03888683066804011
0.0974757718261709
0.16638438806193806
0.24168901058211706
0.3244604705282394
0.40919823723473897
0.4946862845259553
0.5796471570128383
0.6635097089285186
0.7449507475908368
0.8180790464832091
0.8861579344993277
0.9464520672433361
1.0
0.0
0.0
0.0
0.0
0.0
0.0
0.0
0.024475002892572595
0.08359419533923723
0.15393169163518466
0.22964219777399175
0.3110231216567424
0.3950059839398704
0.4836041244337198
0.5692934041780647
0.6537236479833377
0.7356501947615953
0.8100306378480314
0.8821267381999771
0.9455503548043231
1.0
0.0
0.0
0.0
0.0
0.0
0.0
0.0
0.02136360236794954
0.08063902793306937
0.14975863942033046
0.22402433492160684
0.308133506730239
0.3898298488439191
0.4769606997074241
0.564412171736431
0.6495398334155658
0.7281728229867949
0.8086522517739648
0.8776120123986706
0.9431886882349462
1.0
0.0
0.0
0.0
0.0
0.0
0.0
0.0
0.024914403992740697
0.08342388973429121
0.1516965539630023
0.2272965871921817
0.3076791532263421
0.3933424206372
0.4779081630002074
0.5646015474152798
0.6513628324331852
0.7297273952225
0.8067836310438182
0.8788751668546447
0.9425346316657189
1.0
