0.001673299795888955
0.058321842882758095
0.11698497875075961
0.1718550250114827
0.23349135720511308
0.2930039873864721
0.35074140544632865
0.4095608402546078
0.4673766621190494
0.523970937330508
0.5782354632826139
0.63241659394932
0.6859997977268464
0.7322737158407454
0.7752231007223618
0.818024734523455
0.8566772392428323
0.895039185193621
0.9287143572878728
0.9611298202314601
0.9929302087999917
0.00025087180772364725
0.05628670311111418
0.10781856479960518
0.16338458580878265
0.218507908929749
0.27489577205717763
0.3304697236234581
0.3881390745499744
0.4423702508275804
0.49820006723915194
0.5494559129289677
0.6047017815853952
0.653334948107552
0.702833302848381
0.749811370155533
0.7940558667571261
0.8387865932545951
0.8800462704217238
0.9195619790367138
0.9578723277603979
0.997002271919504
0.0009626443346321138
0.0525070579482519
0.10410667109271426
0.15471671548465912
0.2049146343889383
0.25698604130408415
0.309911550106968
0.3611700774779202
0.41337253896654136
0.4660371295004441
0.5177189812013742
0.5682489023269307
0.6198129170096556
0.6712219784038118
0.719745294080693
0.7684081844063608
0.8145356999101323
0.8615222531575888
0.9048983683856797
0.9513567497858092
0.9969618266614085
0.0038136203468215005
0.05097714053818472
0.09630684949243389
0.14442448333889255
0.19175119545963978
0.23837635138453447
0.28669334590289175
0.3339316865306427
0.38608971191187214
0.43367872595539736
0.48257454093919067
0.5340804454077872
0.5836310674017746
0.635388588211175
0.6877508741758749
0.7366696289239653
0.7882755307817597
0.8416468739197424
0.8925002626461549
0.942621224163248
0.9970059018648294
0.003291389177874522
0.0476504764471426
0.08970466092006249
0.13509936997752614
0.17540101471630626
0.21912063706360457
0.2633884185825122
0.30916763754658694
0.3536340968201785
0.3995539966936735
0.4479192894177947
0.4973561197538786
0.5470250701410548
0.5992398336002898
0.6525143663032452
0.7076251967594793
0.7624642091374724
0.8186327740304663
0.8770040580492755
0.9372724510972565
0.9972925065292989
0.0015677014502501769
0.04433855753040237
0.08211977458025711
0.12427789353254143
0.1608141666999136
0.20132137589579935
0.2398659665289435
0.27970046061279336
0.3224788527270554
0.3657556385481455
0.4127619396505491
0.4606948479920664
0.5097802099928326
0.56485879076997
0.6180926030611656
0.6758255654449619
0.7370109693338741
0.8001825444546243
0.8638203015780577
0.9289869377926743
0.9961968726086179
0.001235028773763957
0.041039692172338466
0.07618587514336365
0.1129540255755132
0.14862631466694198
0.18177922362227192
0.21839166653554326
0.2531370961816021
0.2939669383095941
0.33240683178943153
0.37728583945950556
0.422434428382095
0.47413200643312114
0.5270336503752742
0.5856325924363517
0.6452605271691062
0.7110675273082995
0.7798600897410982
0.8491443804885672
0.9228563827987017
0.9984233238913839
0.00033110467372449067
0.037533371450013765
0.07362280007960031
0.10486569876809038
0.13435508809026486
0.1653662322149188
0.19578116709987045
0.2278468505466087
0.26313254314741125
0.30074910280709777
0.3419218425077088
0.38866677983349274
0.4388389563982963
0.4947047088930675
0.553742038569921
0.6184043071673683
0.6872747044410855
0.7590608770964316
0.8355057366425078
0.9164708433142632
0.9990176760453374
0.0005542961081714593
0.03544244272805404
0.06537715806693323
0.09599129035459589
0.12256283376341648
0.15033191645632704
0.17487403397297877
0.20404841075422758
0.23629488915608263
0.27276460617150045
0.3105628721960822
0.35421826763723496
0.40434301762576014
0.45982947877733027
0.5214469496930524
0.5898256260796462
0.662717840576742
0.7415078754004265
0.8238047510013228
0.9098741298284753
1.0
0.00018031522716447312
0.03256861670870205
0.0619528630723463
0.08868200175592886
0.11133813974496075
0.13479313319192493
0.15889508436576436
0.18510772976055487
0.21249637759991566
0.24559189321643204
0.28054230036730454
0.3229544454826713
0.3749634270099277
0.43154615175113614
0.4935966688080157
0.5661462820825935
0.6436031254455503
0.7240500825438148
0.8125478667448292
0.9061130216032048
1.0
0.0
0.03157684732505363
0.057123226258733964
0.08088527523827461
0.10202140572441395
0.12101277991980422
0.14288232529455905
0.16426032209351377
0.1877622670128259
0.21770811913041616
0.25425665320849505
0.29445451543398427
0.34526513440618506
0.4025189035089587
0.4680728711784995
0.5415916696845765
0.6219975873642027
0.708864295542701
0.8024183586136101
0.9011645866838751
1.0
0.0
0.02775313551982242
0.05338861114339533
0.0778614008640738
0.0950769540103788
0.11105617363879441
0.1302461021427857
0.1475839271209932
0.17056647946262743
0.19698368903469066
0.23276442526344637
0.2713180119715896
0.31941256264891343
0.37847029598582754
0.44116667845467045
0.5188672253839335
0.6029108156702705
0.6938852091228283
0.7946060094760116
0.8986050906194327
1.0
0.0
0.026179223784398187
0.05055053663916655
0.07190860104906958
0.08804348596909048
0.10267870779442859
0.11656965738614916
0.13455108067462715
0.15235702089261638
0.17690002955027373
0.20752109498976995
0.24988196107553468
0.29770622032355526
0.3552384727393085
0.4226609801877629
0.4976907052101254
0.5876366290761266
0.6829261174731336
0.7846690458716359
0.8953554227461574
1.0
0.0
0.02415239101965146
0.04895691339811144
0.06815743797487553
0.08316501219997499
0.09629317241242241
0.10851517015259066
0.1231225134006993
0.14114952101392986
0.16259570265719836
0.19203322401248502
0.2276685593158579
0.27730987650253797
0.33388458080116157
0.403170214035829
0.48159911427886637
0.5706266093403167
0.669583379459097
0.7769790150562449
0.8901551699735816
1.0
0.0
0.023576624952789654
0.04943208805714088
0.06807970343656591
0.07965228011924397
0.09046971601423914
0.10392010374745472
0.11300628326059653
0.12992649870641476
0.1481991560544777
0.1774203444568596
0.21598200452131144
0.26054792080250105
0.31682005848975975
0.38615209711275084
0.4684464537578829
0.5571377835234029
0.6572431061787263
0.7681055553307912
0.8862628131797897
1.0
0.0
0.02227082761982766
0.04901871652290406
0.0663030320652854
0.07913778824591025
0.08952314683354684
0.09716458431016703
0.10732525965449013
0.12023744705718503
0.13964219543749962
0.16604005734849475
0.20109679070359315
0.24825972497690846
0.3023550316017673
0.3731488610124072
0.45338126762914843
0.5448485604384901
0.6459984042967195
0.7626752397424973
0.8809588364207549
1.0
0.0
0.020642897683765045
0.04768225058741354
0.06687007868694929
0.0788561250789023
0.0872174172686358
0.09571209853077867
0.1052295781965163
0.11590361420975154
0.13300462535617785
0.15980398556622505
0.19259065405178205
0.2371350039234848
0.29395629483856706
0.36084612868347904
0.44225037698077196
0.534252207744547
0.639809198086479
0.7545274336154915
0.876824980731926
1.0
0.0
0.023339291305796497
0.04877934424044625
0.06628226832737932
0.08268684566275121
0.0915197660816949
0.09632546503185177
0.10326828216667444
0.11777665481005944
0.13138855401692384
0.15187189634635057
0.18697843897987848
0.2277536161031114
0.2870952257820742
0.3535581013061146
0.43621230169790975
0.5289048798535216
0.6331647559913999
0.7460708271235232
0.8718278411788536
1.0
0.0
0.02428580456724424
0.05262545990469911
0.07374982652453135
0.08551099599174522
0.09493739193663397
0.10022506787264965
0.11084399940018647
0.11762150101714852
0.1323480798734183
0.15701450728088828
0.1884130198540363
0.22936408759500393
0.2826603267926716
0.3509106851755063
0.4321928950049869
0.5237652123340724
0.6292435927798439
0.7452583841759769
0.870415494254661
1.0
0.0
0.026626872523256715
0.05572587871406085
0.07842515197091132
0.09341789624681782
0.10237864944112138
0.10908477105480507
0.11554512196109867
0.12596240929862323
0.13995735070238952
0.16149114449496454
0.19167451125784168
0.2342109635357208
0.28735534946036234
0.35246436688314564
0.43144039781189175
0.5241524732828662
0.6278045799461852
0.7437189987417381
0.8671070790085104
1.0
0.0
0.030795626806158966
0.06264988984501033
0.08749349333956674
0.1009950593005918
0.11287420894409728
0.12122695428870187
0.12848984504031663
0.13685209168790946
0.14998370741240075
0.17192131784242698
0.1994374697088392
0.24135823965399683
0.29482777785640435
0.3594821331724017
0.43769335777818036
0.5281143592048598
0.630230018020062
0.74561550909931
0.8706641936826244
1.0
