0.023867900098654
0.21757470737346474
0.3952773232957315
0.5546277411561321
0.691714968729835
0.8090658482172614
0.9047712225346026
0.9828820276429245
1.0
1.0
1.0
1.0
1.0
1.0
1.0
1.0
1.0
1.0
1.0
1.0
0.9960898887054898
0.006944971272487944
0.206302574271032
0.39103423002859455
0.5563342675471813
0.6995186546581115
0.8250790015784759
0.9263645003261435
1.0
1.0
1.0
1.0
1.0
1.0
1.0
1.0
1.0
1.0
1.0
1.0
1.0
0.9963022461232585
0.0
0.20107628341227562
0.3931559588212955
0.5614057184059531
0.71304810072098
0.8418668195082722
0.9497813208108071
1.0
1.0
1.0
1.0
1.0
1.0
1.0
1.0
1.0
1.0
1.0
1.0
1.0
0.9982062542754702
0.0
0.19807377548233715
0.3930247311507302
0.5696486604010682
0.7244255162869163
0.8605258792566973
0.9720632137033803
1.0
1.0
1.0
1.0
1.0
1.0
1.0
1.0
1.0
1.0
1.0
1.0
1.0
0.9985180265748841
0.0
0.19867591581709998
0.40002517505483814
0.5803455438178577
0.7400771608510374
0.8782026397491188
0.996050088718679
1.0
1.0
1.0
1.0
1.0
1.0
1.0
1.0
1.0
1.0
1.0
1.0
1.0
1.0
0.0
0.20259746471828144
0.40559026531684456
0.591111178260689
0.7537972323656486
0.8965123324723626
1.0
1.0
1.0
1.0
1.0
1.0
1.0
1.0
1.0
1.0
1.0
1.0
1.0
1.0
1.0
0.0
0.20755747242327446
0.4145353408826593
0.6029639776157449
0.7706553313248834
0.9158624105149769
1.0
1.0
1.0
1.0
1.0
1.0
1.0
1.0
1.0
1.0
1.0
1.0
1.0
1.0
1.0
0.0
0.21360814371039305
0.42212199835337527
0.6131448646128275
0.7844956824624084
0.9351174996724836
1.0
1.0
1.0
1.0
1.0
1.0
1.0
1.0
1.0
1.0
1.0
1.0
1.0
1.0
1.0
0.0
0.2194782096851191
0.43088248698499815
0.6272010357210421
0.7992014805429163
0.9520488865099327
1.0
1.0
1.0
1.0
1.0
1.0
1.0
1.0
1.0
1.0
1.0
1.0
1.0
1.0
1.0
0.0
0.2248660221769035
0.43825736243842245
0.6339553712886545
0.8120863043682496
0.9671588850114992
1.0
1.0
1.0
1.0
1.0
1.0
1.0
1.0
1.0
1.0
1.0
1.0
1.0
1.0
1.0
0.0
0.2303262432935688
0.4438725181340134
0.6406063609273114
0.8206354554841256
0.979029441645325
1.0
1.0
1.0
1.0
1.0
1.0
1.0
1.0
1.0
1.0
1.0
1.0
1.0
1.0
1.0
0.004121259493138544
0.23318563556530722
0.44660209567833326
0.6482505579256976
0.8308140557608329
0.9894260378121992
1.0
1.0
1.0
1.0
1.0
1.0
1.0
1.0
1.0
1.0
1.0
1.0
1.0
1.0
1.0
0.00325076988755879
0.23638961086262428
0.4526705431474481
0.6505891311318764
0.8340679502572925
0.9959954546917618
1.0
1.0
1.0
1.0
1.0
1.0
1.0
1.0
1.0
1.0
1.0
1.0
1.0
1.0
1.0
0.006555591420162198
0.23584075896134005
0.45350177998603164
0.6524020953343355
0.8357344798788168
1.0
1.0
1.0
1.0
1.0
1.0
1.0
1.0
1.0
1.0
1.0
1.0
1.0
1.0
1.0
0.9994614182803112
0.008323784054993316
0.23597723898039066
0.4514211050875853
0.6551229331585907
0.8397690037697042
1.0
1.0
1.0
1.0
1.0
1.0
1.0
1.0
1.0
1.0
1.0
1.0
1.0
1.0
1.0
0.9956650811667389
0.004958903857904462
0.2330981444300291
0.44997351665394164
0.654250699299992
0.840833738830557
1.0
1.0
1.0
1.0
1.0
1.0
1.0
1.0
1.0
1.0
1.0
1.0
1.0
1.0
1.0
0.9890795520276029
0.003142797390364151
0.2347546791955405
0.44989898996303657
0.6520904905406129
0.8399044128677183
1.0
1.0
1.0
1.0
1.0
1.0
1.0
1.0
1.0
1.0
1.0
1.0
1.0
1.0
1.0
0.9896840685753163
0.004793889155009003
0.23135035874614185
0.448616602697967
0.6516765913115733
0.8367055042942072
1.0
1.0
1.0
1.0
1.0
1.0
1.0
1.0
1.0
1.0
1.0
1.0
1.0
1.0
1.0
0.9849299754862861
0.006347099751013786
0.23271386646457656
0.44890405884969764
0.6529245560342043
0.8395517877575011
1.0
1.0
1.0
1.0
1.0
1.0
1.0
1.0
1.0
1.0
1.0
1.0
1.0
1.0
1.0
0.9865209902057255
0.011879079797807666
0.2371251926270024
0.45345338641651994
0.6571080406261849
0.8424885686943799
1.0
1.0
1.0
1.0
1.0
1.0
1.0
1.0
1.0
1.0
1.0
1.0
1.0
1.0
1.0
0.9917884132378377
0.0216828617055259
0.24577650512626992
0.4605625726069414
0.6627486634084654
0.8496808468480516
1.0
1.0
1.0
1.0
1.0
1.0
1.0
1.0
1.0
1.0
1.0
1.0
1.0
1.0
1.0
1.0
