0.010990264603622762
0.013794976557117922
0.021302454159118675
0.032906308429037134
0.049761895460948974
0.07407929559836615
0.10592715682798182
0.1476823684621056
0.1926470038022235
0.25208622159194655
0.31510900098651745
0.38689042393245093
0.46293784327204646
0.5390649338699275
0.6204297477379308
0.7013113509143913
0.7773209416570598
0.851566029809462
0.9173407061490676
0.9730923495091105
1.0
0.012048559316587135
0.008849115043485095
0.008594579763060162
0.016496069910536593
0.026408440978722775
0.0441903628920631
0.07254368976367176
0.10945579928955645
0.15467865896812816
0.21051425111372796
0.269984260446699
0.34372268913638643
0.4191621033347177
0.5001722943128749
0.5803952126679508
0.6652395565324667
0.7450572321149339
0.8225084164954555
0.892854053674452
0.9595264753807368
1.0
0.012133674057977278
0.0027981399167767984
0.0
0.0
0.003324543812911862
0.019704226648411177
0.04527420921251346
0.07662007087897871
0.11946901975067098
0.17014458671403265
0.2348910555323126
0.30283835078523513
0.38340473256733015
0.4636940940730098
0.5469023681939513
0.632292137490849
0.7163322965953318
0.7969494465001773
0.8739671047034901
0.9426725054607218
1.0
0.015320410365291215
0.0
0.0
0.0
0.0
0.0
0.014724315708781133
0.047054773713684606
0.08955639089331258
0.14135443055118224
0.20267807695944373
0.27252365227581565
0.34991034444088187
0.4324262584161281
0.5219633594173199
0.606964155289827
0.696433961045985
0.7795098831447221
0.8600096409954288
0.9328495321710896
0.9964391895745115
0.011099283864540814
0.0
0.0
0.0
0.0
0.0
0.0
0.02291899051798102
0.06616177242116938
0.11684260355833842
0.17842449230771312
0.24867459828758676
0.3270405965130384
0.4122339516550217
0.4990543014696691
0.5906885312425583
0.6794254288447865
0.7664830761466845
0.8478859918221728
0.9238614770951719
0.9916327616378402
0.010877958466773719
0.0
0.0
0.0
0.0
0.0
0.0
0.006564831301305751
0.045323267415395996
0.09839934906068987
0.1603874766953619
0.23116166390455917
0.31060002208928644
0.39567330478743323
0.48390110783649615
0.5760871949923871
0.6665851465432739
0.7580298049227063
0.8423355162924445
0.9210768572897989
0.9917648925171731
0.008478635445766398
0.0
0.0
0.0
0.0
0.0
0.0
0.0
0.03261822027827166
0.0846549137147995
0.1464416050884882
0.2174779607838368
0.3001384346609235
0.3872319683053609
0.47756488630238125
0.5701844797671252
0.6625185521679703
0.7527875577238191
0.8389180700670122
0.9185090749144078
0.9903909890843864
0.0041741263921747495
0.0
0.0
0.0
0.0
0.0
0.0
0.0
0.02484744934837274
0.07828798751249372
0.14178104885667042
0.21821825127832217
0.2958824074976646
0.3853981067678475
0.4777478729346606
0.570844750142917
0.6642248612089765
0.7537630666472035
0.8409810732834669
0.9193596505144603
0.9913336714925567
0.0011044684897982106
0.0
0.0
0.0
0.0
0.0
0.0
0.0
0.020804214676029054
0.07816141388768844
0.1421043877202533
0.2174009105441957
0.2992910226331454
0.3893690715196571
0.4815957376629613
0.5732205450382901
0.6687020884618715
0.7568820970384745
0.8436284937057235
0.9221608048703381
0.9921185811119262
0.0
0.0
0.0
0.0
0.0
0.0
0.0
0.0
0.02425572498136952
0.08267939262253898
0.14847028163783954
0.22366830416685657
0.3082447716719373
0.3962951391731417
0.4903430808939065
0.5833404611299455
0.6759651506561107
0.7659459313479291
0.8484397944867775
0.9248785485817188
0.9951114503567694
0.0
0.0
0.0
0.0
0.0
0.0
0.0
0.0
0.033476408431800164
0.090369432501675
0.15941631240481385
0.23982602491470262
0.32311261596470325
0.4103178278982514
0.5036415216227614
0.5955318835267079
0.689415455927989
0.7759782488343413
0.8581695267770136
0.9313809486458545
0.9960204187287879
0.0
0.0
0.0
0.0
0.0
0.0
0.0
0.0
0.045069482604103595
0.10626939934266111
0.17665096249821394
0.257061755922758
0.34184819056206295
0.4307243734499585
0.5210676835900283
0.6136501384520527
0.7031393369579215
0.78837976473893
0.866026688555227
0.9358243169246675
0.999405011646387
0.0
0.0
0.0
0.0
0.0
0.0
0.0
0.008618294679247351
0.06110948822696077
0.12487205075752922
0.2001525788666204
0.2784339185897334
0.3658465423718729
0.4535272123131127
0.5457285267921168
0.6348935912283873
0.7207480030054405
0.8002032868752083
0.8783038138040717
0.9441771532638683
1.0
0.0
0.0
0.0
0.0
0.0
0.0
0.0
0.02544779556401716
0.0803290200645086
0.1497793945676888
0.22288462395501235
0.3067387409778115
0.39127858714830815
0.48235307010787765
0.5710464366276364
0.65819627255464
0.7391108100227686
0.8172339894240707
0.8884069964875579
0.9496224826522506
1.0
0.0
0.0
0.0
0.0
0.0
0.0
0.0
0.0438209180115835
0.10325376051031016
0.17360025591678596
0.2507357619593952
0.3360832904134228
0.4218485301038837
0.509962888712238
0.5980644154901494
0.6830801353235832
0.7613030127595637
0.8342452754010001
0.8997117842991864
0.954845107808329
1.0
0.0
0.0
0.0
0.0
0.0
0.0
0.013872343189432923
0.06564797379779569
0.13071365235532723
0.2036409174938465
0.2812577317213037
0.3657477020206109
0.45200326510953714
0.5423070224334869
0.6269439019808977
0.7084169268402487
0.7845308967065971
0.852254879122004
0.9129737057775029
0.9621516513660495
1.0
0.0
0.0
0.0
0.0
0.0
0.0
0.030647247785206055
0.0883548237598703
0.15539629708781244
0.23102781243496473
0.31485911188112914
0.3986549933455934
0.48534893714028987
0.5722709811676955
0.6552735338157606
0.734914671233246
0.8076624654884121
0.8708884533315993
0.9251596426008089
0.9692742582188366
1.0
0.0
0.0
0.0
0.0
0.0
0.005674260524658747
0.05390752506226032
0.11342593041001903
0.1814562020823539
0.26105089601307946
0.3451731045462726
0.4301867531751826
0.5201601885299934
0.6028565755206012
0.6867448379167788
0.7603485717181018
0.8305833490352736
0.8880032372561014
0.9363028644634989
0.9754250349419606
0.9993545623216529
0.0
0.0
0.0
0.0
0.0
0.017349214358761966
0.07241342166736386
0.1327487281152454
0.20817294298267114
0.2897123245940365
0.37501165476430803
0.4635036658313414
0.5527068076054288
0.635501509897711
0.7146899003483306
0.7857947403292702
0.8508753234974857
0.9053671712654917
0.9488637038551778
0.9784748867862039
0.9980150418825305
0.0
0.0
0.0
0.0
0.0
0.030753919963067866
0.08789034307349841
0.1555910377233942
0.23206200081544387
0.31525508800915136
0.4027947582992525
0.495092392749368
0.5800875264759798
0.6655613426167899
0.7434900896003176
0.8116024645739889
0.87135955069807
0.9198330407861638
0.9585148934467285
0.982984264005285
0.9967763993994456
0.0
0.0
0.0
0.0
0.0
0.04073937709221137
0.0998130811834457
0.17363720282659195
0.2544475152378865
0.3410799072004795
0.43176416480587787
0.5214885620016148
0.6085230206166983
0.6909693746838783
0.7662573543019918
0.8344383144434527
0.8903335294453617
0.9320664862565037
0.9674279569024049
0.9834349748363249
0.9941529317865173
