0.005505036170617943
0.06767265539459077
0.13817101148742045
0.2180710814709001
0.3036915568436769
0.39588823348760105
0.4888068921930903
0.5826863173025637
0.6748938984386723
0.7658204299559291
0.8460512632525979
0.9238870738596253
0.9891053345830385
1.0
1.0
1.0
1.0
1.0
1.0
1.0
1.0
0.004877395743987467
0.0640973337717537
0.13336968450940623
0.21162214531263002
0.296652704658356
0.38594938940763857
0.4756415586640079
0.5706302606094821
0.661563426335367
0.7532630949903394
0.8348056988319843
0.9120646720335637
0.9783103474058612
1.0
1.0
1.0
1.0
1.0
1.0
1.0
1.0
0.0012229282392796016
0.0612675598700892
0.12959855767088319
0.20665281995044713
0.28925100212515487
0.3772794774323054
0.46727239418446564
0.5584852752492486
0.6503780105108237
0.7414817301077041
0.8232439083353588
0.8986920143054681
0.9686997199423433
1.0
1.0
1.0
1.0
1.0
1.0
1.0
1.0
0.004554849770526845
0.05918524992199714
0.12697740036034028
0.20269190959814884
0.28299996150243717
0.36728191829185985
0.4570969701629368
0.5495068989779472
0.6384404715332526
0.727188462804434
0.8068557116478516
0.8865082372309392
0.9543577571310538
1.0
1.0
1.0
1.0
1.0
1.0
1.0
1.0
0.004689211414442758
0.05905103939406523
0.12518306761370115
0.1960081252811
0.2762662773039648
0.36083669343802915
0.4483166967256056
0.5366346034817666
0.6242555300908943
0.7097055091788509
0.7949713376567361
0.8693987126551226
0.9385468928565062
0.9968776256461079
1.0
1.0
1.0
1.0
1.0
1.0
1.0
0.0035463584128931904
0.05858874324390348
0.12245523174376592
0.19365533975234145
0.2708025196852746
0.3532394257369134
0.43893139887450316
0.5246888450065736
0.6127469141710364
0.6943295243821677
0.7779745820065085
0.8544309553367516
0.9228269373153594
0.9818598582352747
1.0
1.0
1.0
1.0
1.0
1.0
1.0
0.0017633660381357946
0.05785890974866479
0.1215715911307218
0.19105508088560408
0.26514259469598883
0.3440205050343661
0.42886753365270824
0.512980068493484
0.5967045083844
0.6791743197415976
0.7615441437510505
0.834408848007917
0.9043736260306554
0.9645493124716269
1.0
1.0
1.0
1.0
1.0
1.0
1.0
0.0028093519144734517
0.057654545299925024
0.12069910833641807
0.1885370640542606
0.2604581858356414
0.33821150814631534
0.41911388634055746
0.5007815522314755
0.58458084944581
0.6639472088478064
0.7452692902843319
0.818703957037546
0.8864124248299877
0.9478370812183939
1.0
1.0
1.0
1.0
1.0
1.0
1.0
0.0019762287136698463
0.05716487527628274
0.11912265572481925
0.18553405529557887
0.2570841601387637
0.3318589968525194
0.4091528641917542
0.48771536600731996
0.5683662827725127
0.6461971474482053
0.7263137399854099
0.798912459546081
0.8681954977639885
0.9280912287753627
0.9835568238609312
1.0
1.0
1.0
1.0
1.0
1.0
0.0018046774477054079
0.05611278513047796
0.11611565043143537
0.18327344212492794
0.25245999881448944
0.32613887947640197
0.3990944767801762
0.4790262842215534
0.555276703846897
0.631172401084809
0.7087176548622394
0.782026858899384
0.8488659371319954
0.9103295663252189
0.9643420547709797
1.0
1.0
1.0
1.0
1.0
1.0
0.0008154640537282957
0.05579553824545134
0.11780684272320904
0.18107215522463171
0.249611021104499
0.31940205083465895
0.3943259785696417
0.4669951056982291
0.5426351710985776
0.6178269070219636
0.6928197610379523
0.763506740205556
0.8318162822091216
0.8920933157024588
0.9452986664308813
0.9916362474489282
1.0
1.0
1.0
1.0
1.0
0.0
0.05656399347202737
0.11563360482265066
0.18048411987633298
0.24685135342450462
0.31688221651226656
0.38711767896637783
0.4583307176336672
0.5326354464435977
0.6045375573706008
0.6764957903376932
0.7472637567367172
0.8124186410315609
0.8750495540130336
0.9274422005565116
0.9738548327205679
1.0
1.0
1.0
1.0
1.0
0.0
0.05934372546330721
0.12049490484562661
0.18123204218360986
0.24694081642405905
0.316028604993285
0.3831600236330874
0.45458913626013886
0.5250524594091301
0.5953272787859246
0.6652178633866483
0.7310086695116454
0.7977583015501407
0.8552489421201029
0.9116461085995603
0.9583830864213724
0.9912318470760849
1.0
1.0
1.0
1.0
8.526406261499071e-05
0.058443815278678535
0.121030182268696
0.18461702268173916
0.25200212760400353
0.315461135137691
0.38333219950365094
0.44929874172602824
0.5192673345297432
0.587248447147165
0.6549922338347481
0.7191210582611971
0.7828424694035071
0.8428259415276013
0.8979842689512034
0.9441533727202649
0.9791140654169667
1.0
1.0
1.0
0.9986645390697624
0.0
0.05981975117333836
0.12335874632934263
0.18875104134703374
0.2527630518127809
0.3183930789377301
0.38509099797694096
0.4513489465851988
0.516419459745652
0.5828440020869992
0.6483033652515383
0.7118769021355511
0.7731270602238017
0.8323107484461287
0.8847544520376536
0.9325399025985329
0.9669131781156337
0.9936509777178134
1.0
1.0
0.9973547941696175
0.0
0.06380567677436683
0.13098252001967176
0.19594945297713773
0.26176902851542666
0.3246809032516832
0.39086532962277365
0.4558445721500193
0.5193108887238747
0.5826372498230425
0.6463165376135693
0.7084019598202793
0.7655509901437896
0.8228015422104054
0.87457687748163
0.9202281062699496
0.9596593732801737
0.9859396982266561
1.0
1.0
0.9931659468661755
0.0
0.06911021016082516
0.1370434565628054
0.20669649757650446
0.2722820347503622
0.3365763977721886
0.3981809385568932
0.4627376561674258
0.5257291837952782
0.590254220569723
0.6487786837539061
0.7094583764515161
0.765703590705993
0.8196413621744041
0.8717442778923261
0.9174219278717628
0.9529007168283606
0.981471656154255
0.9967179947440233
1.0
0.9901690742634761
0.0030561572056540124
0.07425321040165707
0.14716627529142728
0.21852711767022648
0.2841731382835758
0.35125213148267953
0.4142613165616438
0.47649755158747903
0.5372373866539462
0.5980084846959839
0.6569867141408267
0.7139169415189828
0.7688687084144754
0.8220779524246575
0.8696916015085202
0.9122163008025039
0.9485702266455683
0.9761697222296859
0.9940195058866776
1.0
0.9914668578824394
0.006655283924820339
0.08455254233931025
0.15925568827399578
0.2318909895219185
0.30393694094599233
0.3682942489441342
0.432161263386467
0.49203423688160247
0.5554109946613788
0.6124609869642526
0.6716893172208935
0.7262018514856637
0.7792809731721642
0.829888033725391
0.8771023544994291
0.9155184768691491
0.9515346007488611
0.9785088914515636
0.9954203324073947
1.0
0.9949133041961282
0.010343393244839417
0.09518005562456698
0.17606416357583635
0.25123007134224823
0.3213531807156615
0.3905056099682135
0.4562807368826879
0.5171809382810191
0.5783403379731632
0.632976486313405
0.6909801692330283
0.7448004261388692
0.7948529928276773
0.8430809313879986
0.8880596782760007
0.9259401208954013
0.9601085808416723
0.9850762556042362
1.0
1.0
1.0
0.01790526734178939
0.10721844029552066
0.19164985175742497
0.2710705960953452
0.34488211030509885
0.4178367703309555
0.4822016743020131
0.545375178199521
0.6034719642010288
0.6628241093853963
0.713917911390497
0.7665787166703516
0.81689853612283
0.8645614269856912
0.9050767652017995
0.9435800393463255
0.9740751686607473
0.9977724791256882
1.0
1.0
1.0
