0.0
0.03399969612281713
0.07599686915628275
0.11469423707218782
0.15312131303151116
0.18727095970117097
0.221382180759297
0.2523992604076283
0.28680898227391916
0.32047376810866113
0.35662488634797773
0.39940834800172687
0.4433948311315548
0.49263922248729153
0.5486457991634134
0.6080417139421488
0.6745854549144287
0.7470039135222004
0.8269988832501741
0.9121955802305591
1.0
0.00366251078126836
0.04772043449871239
0.08863953253619598
0.12785177712785617
0.16460195280441028
0.19655811509465326
0.2285395734617194
0.26237906700365005
0.2932754625931262
0.3270966872253367
0.36490037647624995
0.40197441823583263
0.4476018584320116
0.4950774987783761
0.5501390092477715
0.6091105906965413
0.674794912968705
0.7495728917498223
0.8276984025906057
0.9130049593183635
1.0
0.009332926687308889
0.05172009400931493
0.09070189716501927
0.13047102890234152
0.16639747603256563
0.20058246877917252
0.23292176928744812
0.26165368316122767
0.2962994646914789
0.32769599583062403
0.3625071930783983
0.4046733431019254
0.4484639660622308
0.49285606203621557
0.5486231695157409
0.6084612411214373
0.6758483006565684
0.7492323191853653
0.8275879510584092
0.9135101074788832
1.0
0.013643074616448172
0.05548302789720522
0.09460377467619821
0.1328850365420397
0.16570741831521824
0.20046288124050476
0.23206813604472382
0.26418244159322674
0.29455010723329467
0.326655389009022
0.36105565933454964
0.4022972587886913
0.4424151141304976
0.49199775429984927
0.5452958900097161
0.6046956068556424
0.6701273242692347
0.7446553506799796
0.8238672131396606
0.9111118983096691
1.0
0.012629748666379462
0.0545275364139199
0.09362118161981138
0.13056871169309772
0.1643888317754953
0.19497585502789372
0.2264543819209938
0.2577633954149712
0.28882786659316895
0.32104975329875474
0.35586447747858285
0.3932009292285279
0.4364804134987328
0.48394304337494365
0.5366499522250437
0.5985190641664108
0.6662733516936239
0.7386791699201332
0.819737609879974
0.9083781586514912
1.0
0.01093039377861035
0.05201540488676049
0.09060630100643809
0.12708920762888426
0.15917499640736857
0.1910771716697359
0.22169284443041812
0.2531467794796157
0.28117559530186176
0.3135341745287415
0.3477489294089272
0.3848026289505231
0.42910050049259535
0.474845493004414
0.529777364630138
0.5914737134504521
0.6586266484451029
0.7335191373594883
0.8152877245687353
0.9044983907633796
1.0
0.009040299626813868
0.04817540443711778
0.08566277420174581
0.11846498437529537
0.15076146753070968
0.18133659186585718
0.21113757078169149
0.24104081231908536
0.2684485805339685
0.30398995212848584
0.3346640462232594
0.37524327000069
0.4170676989257235
0.46421054412021084
0.5163747329936814
0.5820375540145617
0.6495563708132422
0.7260940693958607
0.8083009785336978
0.899315928481543
0.9993141974636031
0.008717246164570251
0.04578250082962911
0.08065215364227311
0.11299325420020301
0.14401649049307347
0.1716612072132347
0.1985730203297175
0.22825546613827902
0.25717963787858833
0.2875090086458854
0.32258348940146386
0.36229892046710527
0.406091920744137
0.45105734797358776
0.5068782825287362
0.569291744352473
0.6408795308341599
0.7175024688807445
0.8054421421418196
0.8975883652945458
0.997587681512605
0.006198999517508993
0.03892947728944835
0.07206882092320724
0.10372652306924507
0.13225360425512628
0.15870367612914954
0.18845530460903953
0.21366584267447006
0.24075738121099377
0.27349712155255257
0.3069320593666461
0.34380045117279945
0.3889975316321457
0.438215250473766
0.49446419274125963
0.5599323342608589
0.6299720572485841
0.7109604877758162
0.7982266174666367
0.894390134947421
0.9993045471097677
0.005335012412836564
0.03526091747346768
0.06316270149906283
0.09432052780610975
0.11865697940439489
0.14485398722514325
0.17135114466701556
0.19722480089680228
0.22498165799581984
0.25664694718595527
0.2915997545396368
0.3289027945747736
0.37366071756951047
0.42453199676723824
0.48296724007030156
0.5464887943178242
0.6203533220937365
0.7031585450078646
0.7923711889308295
0.8922568191521149
0.9998638819925146
0.004319108458391839
0.029836112699024656
0.05575205479561193
0.08167307170509425
0.10518916075870435
0.12764447155298075
0.15544760232900207
0.179973152594342
0.20610317020050362
0.23602363870229603
0.2697193602852085
0.31051068529614906
0.3541805493162759
0.40774203896309164
0.466995312239583
0.5329730318659369
0.6119638022196389
0.6950322057105259
0.7873868078681266
0.8925183678823052
1.0
0.003446515264892709
0.026338988860189788
0.0458156005211848
0.06915179980241155
0.09004397461552062
0.1112293300998699
0.13486590937895576
0.15654707210791244
0.1840881840980073
0.2143034818660507
0.24843701483713526
0.2890175009196095
0.336908163312788
0.38785755693289775
0.4500138102497619
0.5196867781114682
0.5993280799990108
0.684242835646681
0.7847430096187888
0.8897616792356557
1.0
0.00305924886220146
0.020253678109245152
0.03723581551678918
0.05131002289236396
0.07150393913590805
0.09078587750421405
0.10993899123023126
0.13334404192814958
0.1609287752084076
0.19096884342223353
0.225189232460961
0.26535244031000177
0.3145893836196385
0.36905232404812927
0.4321516503804647
0.5051630477866489
0.5869750324793557
0.6763162665780182
0.7795059316921105
0.8874355866654124
1.0
0.00040198441375786096
0.011604588231953608
0.023782528874705958
0.03851674544542405
0.053127909271676516
0.07023491709639412
0.0888721362048269
0.10848371980815347
0.1352613869549859
0.163664486394764
0.1990600264302274
0.24193266216458376
0.2923370467233085
0.34739647138269425
0.41593695037513767
0.49008328639841303
0.576001018876275
0.668133528213102
0.771580764381898
0.8857882362591293
1.0
0.0
0.006063980434272281
0.012474257953252244
0.021645172562546527
0.03327841270292442
0.04708377353254506
0.06198066984064582
0.0836099740466868
0.10598456543593099
0.13693264764537333
0.1732515164129475
0.2151274107754262
0.26631120773369277
0.32651573158268304
0.3967123112300422
0.47336644802227057
0.5599380609270695
0.6585382557423984
0.7673155509157092
0.8813102269384802
1.0
0.0
0.0
0.0
0.0021215580996017114
0.009255878328685768
0.019937143565147447
0.034752018671189044
0.05305773082237564
0.07851208522796016
0.11021624593018048
0.14381341699408373
0.18879158126336032
0.24088595022253678
0.3060734436988821
0.3753111067096908
0.4551796419809671
0.5468417031535155
0.6487066669307808
0.7603696838007604
0.8813536921776702
1.0
0.0
0.0
0.0
0.0
0.0
0.0
0.004458999915054107
0.022874840494566784
0.04532642899174982
0.07557719002298763
0.11426686105156575
0.1612600917404659
0.21379116322034114
0.2787480753285062
0.3532461423493355
0.4372093861916167
0.5340658365365132
0.6370045498485677
0.7527895953407336
0.8773230638524723
1.0
0.0
0.0
0.0
0.0
0.0
0.0
0.0
0.0
0.013464443636064916
0.04317617690265474
0.08264112370480542
0.13047995930097406
0.1865546634853959
0.2534229753926789
0.33094547094982835
0.4193432392747403
0.5151885467277371
0.6266001691656355
0.7445855064796845
0.8744734192184593
1.0
0.0005611669009457557
0.0
0.0
0.0
0.0
0.0
0.0
0.0
0.0
0.009755679055974575
0.04985098698745383
0.09763756445687022
0.15974357807194783
0.22821298021789782
0.30965956209178763
0.40084538643139156
0.501817149371809
0.6162618758452447
0.7364404494196913
0.8701213764079316
1.0
0.003697256477790857
0.0
0.0
0.0
0.0
0.0
0.0
0.0
0.0
0.0
0.01824668095389459
0.06857210259097668
0.13070179362404843
0.2015177420243064
0.28663289588696655
0.38078108445575526
0.48558411330685863
0.6008132948511984
0.7259548138115046
0.8646332694850103
1.0
0.007785341941716509
0.0
0.0
0.0
0.0
0.0
0.0
0.0
0.0
0.0
0.0
0.037044547083811885
0.10381265073178236
0.17842584604245915
0.2641617471762385
0.3646578104711758
0.47305828801808036
0.5914239787163775
0.7219187507528065
0.8574784295127629
1.0
