0.0
0.027541817626482282
0.06471036157365351
0.09964403782226
0.12814695139942
0.1535509544726527
0.1781427910624715
0.19843661872983734
0.2248933850882749
0.2517036900972293
0.2814742169964419
0.3196851039510625
0.3616204849245579
0.412911979275558
0.4722955265141855
0.5380381695350374
0.6186610087441834
0.7049886625621286
0.796764695076058
0.8992459959593423
1.0
0.0
0.039555084562490274
0.08144498076299524
0.11963032033895175
0.1492265115947137
0.17672811742994926
0.20306653984073358
0.22755730246426983
0.2540880035908455
0.2807763467130786
0.313827611795576
0.3519051060157521
0.39267612177599837
0.4419899812695916
0.502403929139905
0.5643460671806501
0.6381565677740277
0.7187849849844761
0.8074709802070041
0.9037938844982274
1.0
0.001298443964587102
0.050290133422510375
0.09633359999767534
0.13538492518694847
0.16911644064492035
0.19969449113178994
0.22645551359316132
0.25495717418878666
0.28431579797136614
0.3115563741273138
0.34543464155071935
0.3816230408099878
0.42426713726873544
0.47316300156632246
0.5297496542013267
0.5918650644895447
0.6602018903548279
0.7390446535635599
0.822049823100283
0.9079463232147054
1.0
0.005831279306336325
0.059377281620386975
0.10919524222975241
0.1481916843341893
0.1853502664508467
0.2193752096117163
0.25192668628823994
0.282031211099667
0.3108197938346763
0.3434759454899168
0.37729236678029054
0.4160887440676191
0.45759634435273244
0.5049967860129521
0.5612445774200455
0.6191240549893078
0.6870595309372356
0.7576244271716308
0.8359706163926555
0.914673353351094
1.0
0.008305664036685749
0.06526954966119596
0.11660461646701269
0.16112440542092685
0.20044310749676705
0.2384550293627542
0.27238692810296067
0.30761023315776215
0.34040541490743503
0.37499555125822176
0.41029977738224976
0.4506039980096075
0.49250698842759233
0.5393905784890952
0.5928389562620152
0.6485323473111905
0.7099412153312592
0.7773108759017862
0.8485020708403154
0.9241927987442985
1.0
0.008866753299417308
0.06993787875224308
0.12320640868924265
0.17225942495851337
0.21679763841474886
0.25596653797070396
0.2940063562830003
0.33117711720951865
0.36804045706073435
0.4036182239733452
0.4415636032584299
0.4843772848964132
0.5277502527901877
0.5743376012911616
0.627008539270988
0.6793930388851673
0.7376601351783088
0.798911848145138
0.8649215544208289
0.9296989481899084
1.0
0.008109021828683989
0.07340175744191527
0.130513075299938
0.18232160295867478
0.2287618849805183
0.2737687978835999
0.3155600418389598
0.35438045769071563
0.3954444371508658
0.43437405445975225
0.4752636252217073
0.5197961406949436
0.5642833974279309
0.6103974589909169
0.6604301035473006
0.712768478256684
0.7651338291032596
0.8214732679533611
0.882094719629616
0.9403174342549481
0.9991113715471699
0.007396659897973926
0.07382252612807386
0.13389134011036813
0.19111110243605384
0.2415038512944266
0.28943137513392064
0.33494716388137347
0.3799535962467411
0.4254944479135183
0.4647392820250522
0.5098019164325789
0.553459170695207
0.5994336550765752
0.6495158641989387
0.6963807355631548
0.7461676237170212
0.7961065078295388
0.8457202909699044
0.8980443268593716
0.9493044080121621
1.0
0.008317421108381252
0.075554268723966
0.14018057781899723
0.1990922293935622
0.2536088512224473
0.3045096539650373
0.3550704483216677
0.40268110757661757
0.4488281432927789
0.49534455825759327
0.5445015207197074
0.590043336111965
0.6366608546567772
0.6828439544465201
0.7321980597034882
0.7788538763521086
0.8255876506256902
0.8706701036509118
0.9144782608114586
0.9571114501834891
1.0
0.008254475984968097
0.07914731726520358
0.14144490477113678
0.2053583642184528
0.26267879008065403
0.31907597882711314
0.37261871669608526
0.42329299436751766
0.47527540773446575
0.5253710264550434
0.5745899711978447
0.6243940506448653
0.6717403837582073
0.718712374198804
0.7678103554516886
0.809040169963253
0.8501572488004565
0.8928528181881991
0.9313316097919005
0.9667029949696768
1.0
0.005300859362756297
0.07865522254834828
0.14726459659800012
0.21135756067260603
0.2727601461367151
0.33058607127892603
0.38910860515893175
0.44416065732123405
0.49819979136764975
0.5522475035125206
0.6070601992067626
0.65654792098581
0.7049336924895363
0.7537770423591733
0.7982475971738019
0.8415241117492723
0.8797020026626388
0.9148674754769153
0.949003437952128
0.9762503089963541
1.0
0.008802075315812452
0.07987815110975582
0.14993581405712184
0.21578201692454568
0.28153321059815284
0.34242242180726723
0.40265682031692085
0.46199862031544053
0.5212935525436568
0.5777254057914032
0.6338367316719676
0.6883488599237294
0.7372795813839932
0.7854048586880111
0.8311391539871993
0.8698832349781617
0.9070866311799111
0.936778461023974
0.9640325268395605
0.9855392228605883
1.0
0.007236567177256311
0.0788041504146465
0.15166816595173754
0.22049322415244166
0.28550472254333753
0.35241975541722875
0.415322431387077
0.4797263683137284
0.5399658608975177
0.5991799539054325
0.6584043834096136
0.7141699963464796
0.7665043197730396
0.8133530953332605
0.8575065898029487
0.8978836017387765
0.9291377688889302
0.9569823570638922
0.9791692641997547
0.991317197053782
1.0
0.008885993094237677
0.08065596957676183
0.15470158107213042
0.22265439725421576
0.29253173327118764
0.3594845380323792
0.42551329828458484
0.49267352117923713
0.5558998335047883
0.6198646506465609
0.680972283407915
0.7376822791259647
0.7938202455157264
0.8419312357068225
0.8843376763249554
0.9205969076912627
0.9522117568490305
0.9740135131452871
0.9902815514348493
0.9995019006905072
1.0
0.007641652604669074
0.0832438070153956
0.15463014418989618
0.22579000704453125
0.2966189725111095
0.36596415874679605
0.4343861820303545
0.5028724131728729
0.571018934823925
0.6377121080154522
0.7006803035933611
0.7592376562036095
0.8136220604591287
0.8625084877289987
0.9068908942426616
0.9424400864586909
0.9706964049799888
0.9902110342581453
1.0
1.0
1.0
0.008424447029371849
0.08042670962604662
0.15413319793964905
0.226678914942193
0.29675899054810806
0.36943538356582156
0.4406842998026369
0.5113903601401286
0.5817733407903031
0.6496541345315924
0.7140074448756694
0.7777148285165181
0.8308024143758258
0.8821712740899206
0.9252812666238222
0.9603796894038242
0.9840666298729202
1.0
1.0
1.0
1.0
0.008813639485937002
0.08220759537214918
0.15446363930111018
0.22788792160031396
0.29839841253512
0.37141283175270706
0.44585596968067953
0.5152768049053847
0.590127443118753
0.6602571912078796
0.7261005560880535
0.7901084565841723
0.8461322672743903
0.8983539227542454
0.9404209937238857
0.9757500524620261
0.9993102129399074
1.0
1.0
1.0
1.0
0.008288902979815917
0.08176111600204988
0.151948795408579
0.22599538433479435
0.29934845121089315
0.37584385569373474
0.44755008797093077
0.5212985638459409
0.5928910821600355
0.6682964085811937
0.7350203262312812
0.7972408255830952
0.8583205943569299
0.9080639542120063
0.9500937218335503
0.9866761758295051
1.0
1.0
1.0
1.0
1.0
0.01012708143632558
0.0813720117311675
0.15377047056088824
0.22424180092219648
0.2999041549321623
0.37394741742240134
0.44789568910332805
0.5234007105603687
0.5976594346862845
0.6688247998197917
0.7399233405495736
0.8066505118219447
0.8641112259095698
0.9183670372681285
0.9580479418810607
0.9916686065640588
1.0
1.0
1.0
1.0
0.9986101421875433
0.010316013611201673
0.08034120416531748
0.15079631696142962
0.2217320924005158
0.29630489143553895
0.36927379032427143
0.4462727172647014
0.5226642452873986
0.5978252887606111
0.6734372019260856
0.741009592576287
0.8065478742049552
0.8697002312929033
0.9203260297027575
0.9675739042412806
0.9987004802191031
1.0
1.0
1.0
1.0
0.9987756489668449
0.011382718113445711
0.07735958799077391
0.14882482307017947
0.2195534765028226
0.2919605037148286
0.3670862820972392
0.4422924436892125
0.5201049443429957
0.5961118227830982
0.6712216054454191
0.7428182676898313
0.8085441621193066
0.8697490179813598
0.9249705040818447
0.9686265432273478
0.9995615807175456
1.0
1.0
1.0
1.0
1.0
