0.0
0.002036369478931717
0.026702753392545853
0.05596801067291625
0.08053380525252007
0.10465453406323791
0.13284949985504135
0.16295376709359888
0.19400010763042172
0.23249931356804304
0.26998989618433694
0.31967426544866717
0.370144126628648
0.427901870260056
0.4922157277113567
0.5621269954520769
0.6389605843227979
0.7192866069409808
0.8063732686502838
0.8964791629550708
0.987161759454838
0.0
0.024308065827037793
0.05328180615570786
0.08256483111442908
0.11155212033389927
0.14122837832270435
0.17125425642686792
0.20262109278111923
0.23682822264054149
0.27293421163985987
0.3124780840995518
0.35721459151481666
0.4076326609050702
0.4635745677295224
0.5277219245274456
0.5947277313318775
0.665589977315691
0.74443933187022
0.8274780250722238
0.9108138215827565
1.0
0.005186079065005028
0.039057413894121304
0.07349989956132275
0.10881214611505693
0.14028263322015655
0.17325137615568295
0.2058566944416267
0.2390736403769181
0.2744780507715329
0.3105682798952504
0.3562350082048942
0.396246151989737
0.44804009039347537
0.5010440493387474
0.5614202850188816
0.625369241043581
0.6927060641298447
0.7643221160910247
0.8447132900521362
0.9268454484848394
1.0
0.009543750704946835
0.05161445179919355
0.09132846623220596
0.13090827655613232
0.16563559096013034
0.20414754094602305
0.2411116422735251
0.27680441153070096
0.31504413881915905
0.3530765345905419
0.39348210082908275
0.4377439894958521
0.4846591907454085
0.5366067017007597
0.5921010300644562
0.6516839837470683
0.7191752069118532
0.7866308625451313
0.8600623162002308
0.9351078698251416
1.0
0.012751516398326918
0.060612192823079225
0.10636695923322272
0.15079641012614683
0.19379842287381316
0.23335208954491554
0.2748300857164368
0.3138434581308799
0.35307005362088273
0.39483087724953253
0.43654165327131733
0.4803779978246667
0.5262223954368759
0.5739846919196048
0.6251426523040269
0.6841611645365903
0.7431275952380747
0.8076987641399759
0.8754878541298886
0.9427965490359786
1.0
0.014338815654304414
0.06468782948995169
0.11871290454297134
0.1698993848252624
0.21926476051116717
0.2670366203645601
0.3098625991581362
0.35303694962574683
0.3972612481864751
0.43784340830196766
0.47845712632794357
0.522787126834019
0.5677904485901245
0.61370011483014
0.6637268026139695
0.7133460244867036
0.7686823780926884
0.8254803989723831
0.8860144059533095
0.9511961689392723
1.0
0.010882005854562588
0.07199425644034689
0.13070098456071702
0.1895828506911346
0.24437065176393896
0.3000193405213748
0.3487225466711982
0.3952304542382564
0.44057285507679445
0.4819852739107842
0.5256969880298067
0.5685935345275498
0.6116738744669663
0.6562086153225631
0.6988720076617342
0.746699876592429
0.7949760966015924
0.8483697011134175
0.901200764471141
0.9544303962186262
1.0
0.008415689131352388
0.07639537985879868
0.14421703828333401
0.21146705624239473
0.2727825977191888
0.33175112124560296
0.3883013966172174
0.4407556561476745
0.48868934174292705
0.5333155231784933
0.5776100268319855
0.6194119727976305
0.6578639758311867
0.7002654252698146
0.740623639195976
0.7820029882992698
0.8243869182120627
0.8695429870263938
0.9133914180592154
0.9599645679663816
1.0
0.00563052715407035
0.08350261602004837
0.15976565385347757
0.23365628881541217
0.30428460799786305
0.371464535693211
0.4317003562361139
0.4876027082998795
0.5403660698323537
0.5873692514994276
0.6307920546577317
0.6732631390683135
0.7107070977510795
0.7486733410433228
0.7847652315894211
0.8217501254017004
0.8573808887975969
0.8946098081455373
0.9292857464205817
0.9660811991606794
1.0
0.000598151187707484
0.08930372720109211
0.1760277989999564
0.25744917194046846
0.3376855585965517
0.4103168982856114
0.4768504750125534
0.5388840566141144
0.5941023405638877
0.6429396159985021
0.6895061829795428
0.728574920751107
0.7662587006392695
0.8006973310957605
0.8326650547161475
0.8623777231348798
0.8901091385900503
0.9188966878822403
0.9478820140819451
0.972451007629568
1.0
0.0
0.09656351685104916
0.19502922431721348
0.2861060533983801
0.3718337332360987
0.4527082928413547
0.5281166278316606
0.5948300789204398
0.654052644547226
0.7057867884275834
0.749839466225314
0.7922662492393446
0.8256029391162244
0.8576371964763111
0.8821124247409509
0.9070822438278765
0.9268806272242953
0.948078208256478
0.9658946980288519
0.9833996317019158
0.9999158969426657
0.0
0.10794248801567119
0.21416633943093855
0.31524179746202086
0.4112306045742079
0.5010680341964935
0.5803013405129231
0.6519604818232848
0.7165005826122489
0.770983571717158
0.8175793908739287
0.8576309740276374
0.8902665128489422
0.9145556522172616
0.93553427218991
0.9542526356310581
0.9677526554032971
0.9794572838820575
0.9866658923604497
0.9942308655102639
0.9990347077586232
0.0
0.11944541054215932
0.23512988015295555
0.3483209138579486
0.4514299935167775
0.5498701413987146
0.6365252778914836
0.7141136529661153
0.7819039918049491
0.8390970737001897
0.8881270778675932
0.9254200339670948
0.9556724193313433
0.9786309339432084
0.994558716665518
1.0
1.0
1.0
1.0
1.0
1.0
0.0010552803286266806
0.13277186564632362
0.260033762742132
0.3818712416269838
0.49570172450422423
0.6013823493442565
0.6959455273776215
0.7780058707165922
0.8511571771302635
0.9095640218501326
0.9572892549686667
0.995543876726823
1.0
1.0
1.0
1.0
1.0
1.0
1.0
1.0
1.0
0.0005036105540053502
0.146204679881309
0.28503741508900193
0.41823912429998145
0.5391108031202103
0.6560508561369471
0.7551115583126946
0.8417472441940284
0.9190536490690625
0.9805465378116534
1.0
1.0
1.0
1.0
1.0
1.0
1.0
1.0
1.0
1.0
1.0
0.0025748297956369078
0.1594486579887076
0.31111700679201204
0.4545269855226654
0.5862140152464015
0.7077159828341661
0.8146392854566742
0.9100165423180928
0.9881161180826755
1.0
1.0
1.0
1.0
1.0
1.0
1.0
1.0
1.0
1.0
1.0
1.0
0.004638300509152473
0.17550039070629495
0.3352602624575891
0.4898461218678283
0.6302767907267309
0.7598886940008515
0.872839444649007
0.9720262050428901
1.0
1.0
1.0
1.0
1.0
1.0
1.0
1.0
1.0
1.0
1.0
1.0
1.0
0.006940712386264909
0.18747183565276096
0.3587245522404481
0.5203716800042271
0.6722276287158089
0.8107671463329351
0.9319711105026022
1.0
1.0
1.0
1.0
1.0
1.0
1.0
1.0
1.0
1.0
1.0
1.0
1.0
1.0
0.0053833898708343505
0.19696683576742902
0.3800280161018066
0.5542583100059997
0.7113903437622443
0.8570326049766338
0.9828078928162618
1.0
1.0
1.0
1.0
1.0
1.0
1.0
1.0
1.0
1.0
1.0
1.0
1.0
1.0
0.00024925609562363585
0.2032540051336299
0.39948592098616764
0.5788360901634821
0.746521227903478
0.8954794620455455
1.0
1.0
1.0
1.0
1.0
1.0
1.0
1.0
1.0
1.0
1.0
1.0
1.0
1.0
0.9992273508417223
0.0
0.20688075153265317
0.409680539432646
0.6016851749933684
0.7757144932308108
0.931319166582223
1.0
1.0
1.0
1.0
1.0
1.0
1.0
1.0
1.0
1.0
1.0
1.0
1.0
1.0
0.9883525868648617
