0.0
0.0
0.0
0.0
0.0
0.0
0.0
0.0
0.0
0.0
0.0
0.0
0.022017609100868918
0.11953292085347678
0.2300523751568101
0.3525169757702055
0.4791019588938542
0.6114054167207315
0.7433574132990827
0.8733767342174994
0.9975920200266346
0.0
0.0
0.0
0.0
0.0
0.0
0.0
0.0
0.0
0.0
0.0
0.0
0.04838153393217193
0.14350442392367457
0.25239130788074704
0.3696178111924075
0.493012244835502
0.6219692884729415
0.7528639581227525
0.8784131146438598
1.0
0.00209724400256363
0.0
0.0
0.0
0.0
0.0
0.0
0.0
0.0
0.0
0.0
0.0
0.07322521909517166
0.16462958752784418
0.2697196694235251
0.383907115412188
0.50526326719644
0.629972011601716
0.7563649300462845
0.8848280984902474
1.0
0.005569344628665287
0.0
0.0
0.0
0.0
0.0
0.0
0.0
0.0
0.0
0.0
0.023133748188716496
0.0977189681945827
0.1864285177170375
0.28819917804506245
0.39757336600772736
0.5145883232516346
0.6381098796500588
0.7619754836698193
0.8857054701822701
1.0
0.006607451337832105
0.0
0.0
0.0
0.0
0.0
0.0
0.0
0.0
0.0
0.0
0.04902952280584838
0.12142379618571775
0.20857901928457734
0.30521743011919916
0.4142222261323215
0.525818291857453
0.6434020613606861
0.7681883186306395
0.8833106373257748
1.0
0.0061292068225440085
0.0
0.0
0.0
0.0
0.0
0.0
0.0
0.0
0.0
0.020576253390018118
0.07741100916843313
0.14766455361683672
0.2296604710327288
0.32577628012377396
0.42702528173882415
0.5367711031309733
0.6507553851725485
0.7674027320708178
0.8868140730101541
0.9987483449625105
0.009137238609154788
0.0
0.0
0.0
0.0
0.0
0.0
0.0
0.0
0.008788878113311083
0.05223047060767927
0.10698944034859315
0.17485567151232928
0.2547291062410509
0.3467199522060844
0.44353424504022515
0.5504685246833042
0.6573229448232689
0.7724502904851119
0.8851526091991644
0.9953149000748095
0.005502151463519097
0.0
0.0
0.0
0.0
0.0
0.0
0.0
0.008792138042449993
0.04168418308364441
0.08181775936725194
0.1377543573277092
0.20446503705460967
0.28082477142119006
0.36471940662922275
0.45987646780016617
0.5626295911248287
0.6686004339739499
0.7755729326592055
0.8886672697963304
0.9935701270748496
0.005064622668950002
0.0037693784718350817
0.0
0.0
0.0
0.0
0.005980257905980335
0.021743568920173872
0.042903255207062174
0.07781509695296657
0.11802223518587751
0.17246563349390037
0.23559656900215065
0.30629139852145015
0.3894548064704917
0.48020846220415847
0.5771851457209016
0.6797188286177069
0.7830185495414151
0.8903512531801517
0.9928408528719407
0.0043733500038002256
0.008335313332681601
0.009363347275898895
0.014880017243041277
0.017974611992806117
0.026594916183172557
0.03741128050127257
0.05485364680728955
0.07802854438513712
0.11140110331657144
0.15591107512406982
0.20576676183063264
0.2678909795684136
0.33519703722818095
0.4144475298699446
0.49908173070637
0.5920041440545857
0.6902546531563329
0.7887839457252777
0.8927712390678288
0.9943178087493328
0.0019213979874523218
0.01519748820654264
0.02224463136249373
0.033682302926172816
0.043232146773116126
0.05426364779832679
0.06881474753812838
0.09124383277943593
0.11654707646328416
0.15033103141667203
0.1922719337633652
0.2406602414583141
0.3014025704356666
0.36764696225701005
0.44192515226808315
0.5250143780031977
0.6124341161075477
0.703980690731058
0.7983866638184413
0.8969849651083102
0.9940743265827344
0.001141658466160279
0.018346133375841032
0.036953441727178016
0.0507329330775696
0.06627177096583348
0.08308146029498115
0.10321004630491515
0.12748614088510302
0.15536452597870104
0.1875497348810813
0.22927296814477877
0.28016023576003546
0.33629656812270575
0.396181349708332
0.4692118583192819
0.5467169826168043
0.6305301136459183
0.7199939490389716
0.8120523917477596
0.9043467333210449
0.9966858018846949
0.00025723649492894276
0.024683654112266945
0.0459332160048037
0.0692802531222057
0.09050610927775718
0.1104603862366092
0.1361868683149108
0.1617291210163489
0.1936521643496445
0.22849227511259096
0.26981399208303086
0.31721020387202936
0.36709565524668364
0.43029991551218033
0.4980855862085216
0.5714606537577496
0.6520021869985548
0.7351290024214417
0.8220415987350576
0.910841145444359
0.9987696013727567
0.0
0.028767364373013717
0.0590447009257542
0.08719907332317839
0.11486724104400038
0.14278612461217338
0.16809686732928372
0.19913100058718514
0.23003457827623938
0.26769052902838386
0.309857394627955
0.35555482929628196
0.40699061767737055
0.4653117036373313
0.527031987123014
0.5983297150524914
0.6733326917064476
0.7534462927872334
0.8338412292584871
0.9182734337533718
1.0
0.0
0.03582989107842062
0.0706541837493996
0.10661262975535074
0.14052880679977175
0.16939898678346874
0.20340874362164957
0.2348355558464706
0.2703914530267698
0.30693313602181116
0.3475568946042142
0.3920699263528583
0.4440701613681758
0.4994634675787246
0.5592851553767864
0.62502980183474
0.6951653590905265
0.7693465690605564
0.8476345046244902
0.926906981642233
1.0
0.0
0.04005233308972224
0.08439215177330467
0.12577083697946506
0.1626340486551289
0.1998902174537005
0.23635039784577971
0.272797158487625
0.3093412547222488
0.3465129045192996
0.3895553434962389
0.4339786403917353
0.48299006895795427
0.5323830484343823
0.5919789255959335
0.6541599810893227
0.7187152064043079
0.7879327022177229
0.8593113375551307
0.9363224510174163
1.0
0.0
0.04700105758164649
0.09895110667829199
0.14471349891441354
0.1900335567604103
0.2323423816605462
0.27148759100833725
0.3116449577188024
0.349359129044518
0.3876121495588435
0.4275572600821572
0.4722997305860013
0.5189598276304022
0.5671187200725681
0.6213930027667964
0.6793790514619601
0.7416407660573419
0.8042215315018834
0.875231097119981
0.9430430315878205
1.0
0.0
0.05339473103232811
0.112742783104549
0.1654091344266936
0.21382392536458408
0.2609816248674158
0.306173640545432
0.34752785105118156
0.3879416908472081
0.42863269429617723
0.4700275884426005
0.5121441747568337
0.5558230981969835
0.604227972900274
0.651041221873782
0.7069765548918072
0.7645841291703936
0.8251732327684973
0.8859350058039629
0.949424328155194
1.0
0.0
0.06674946499792159
0.12934279660103598
0.18792870725648889
0.24312999386640066
0.2964075748257961
0.34197437140448134
0.3844571792856886
0.42949289388085027
0.4709891302231958
0.5104121293351731
0.5505946478909017
0.5930780299422218
0.6371244217277359
0.6834181172574235
0.7356350502229967
0.7845839321059978
0.840950798696562
0.8982876455847235
0.955818139217243
1.0
0.003592572915063098
0.0783523555206951
0.14755728580950028
0.21143108220917756
0.2711242136407329
0.3275944639184363
0.37890787641970197
0.4247007735475064
0.46902487948950544
0.5103229623231226
0.5511708373351758
0.5897192069155828
0.6305645282759377
0.6734081140903022
0.7137302439819151
0.7581095107791027
0.8078766710369182
0.8559771766572822
0.9085225858470003
0.9640829618374631
1.0
0.009544316564743586
0.09127790818154813
0.16695412233061813
0.23695565568457352
0.3020870183662061
0.36142277313336973
0.4175464411227762
0.46418378874322275
0.5095144325313518
0.5516617812175438
0.5908983716186352
0.627548298836039
0.6673154106555598
0.7033948076714558
0.7427466894537149
0.7851800938804973
0.8291663983635756
0.8731399261196635
0.9165374069542596
0.9651110835227854
1.0
