0.005674615201793565
0.1332071299301935
0.2577974771487702
0.37571553359174203
0.48677319264951263
0.5891770582071394
0.6814372209016649
0.7607819274763206
0.82881936620815
0.8838179527221686
0.929157092009864
0.9596432494088261
0.9828906516112293
0.9972541911274583
1.0
1.0
1.0
0.9987288446391062
0.997630374544465
0.9965722155496396
0.9975921970761349
0.003882953378354384
0.12307087892193304
0.23851775096930167
0.3500712763154027
0.45376722939188663
0.5473860743949696
0.6326124958017523
0.707268124613263
0.7676884915316606
0.8216198025512602
0.862626155417073
0.8955856053912434
0.9178468615501809
0.9363874517980281
0.9492612841858776
0.9587890253503374
0.9641470345746315
0.9698119819436031
0.9781184118342349
0.9896782658561698
1.0
0.0015907300967996272
0.11256708482080646
0.21825398656641448
0.3205098330641654
0.41417365742948875
0.49975788772154106
0.5745393416669407
0.642533707676254
0.7011553662339505
0.7514063272785748
0.7902821888310767
0.8237193084744302
0.8471150466408989
0.872071432368984
0.8869251470686703
0.9021419754834257
0.9184373715551175
0.9339536426509141
0.9559972992559063
0.9783935791471787
1.0
0.002410760981947556
0.10057334024355095
0.1975029292709166
0.28625226551117755
0.3705795171630494
0.44932093204442697
0.5136280610525936
0.5751393524319232
0.6265135194232861
0.6708351723240866
0.7101294425896516
0.7432071996562519
0.7714278472886056
0.7953236043644384
0.820141290168552
0.8391110390315861
0.8662047211486054
0.8950731441043833
0.9254070823757345
0.9612083202198712
1.0
0.0004524348292442959
0.08660964774713853
0.17211045272857417
0.25223488272699485
0.32279529113515976
0.3887800776177958
0.44777749130386585
0.5020253343981043
0.5477154317130842
0.5885568420788639
0.6244577120971129
0.6559118377160656
0.6846346344278826
0.7149617111413706
0.7439220321732031
0.7757687833476359
0.8101761992029373
0.8493737349852134
0.8946593984508802
0.9448210476326206
1.0
0.0
0.07393990466951612
0.14519423047920363
0.21269320392357283
0.27326483284674014
0.329959163395518
0.3800031823438255
0.4222204550882057
0.46193299488656475
0.49842230407027216
0.5311778721620113
0.5643410486194357
0.5963855334379983
0.628347921178499
0.6658867807975388
0.7069137246019533
0.7507709795200972
0.8006425302106877
0.8595143668758525
0.9270731660968269
1.0
0.0
0.060232013161192796
0.1176280801925526
0.17144360962831526
0.22059769640842997
0.2645318810707314
0.3032424618871629
0.33948199912783317
0.37267700664100684
0.4043355472249849
0.4376660112015692
0.46798916509429866
0.5020580956965989
0.5396729251814524
0.5840208520815318
0.6309672386199492
0.6893187771951315
0.7527548122641934
0.8248015475574169
0.9079856258407263
0.9994080560613628
0.0
0.04273646950579308
0.08928222792053984
0.12981093083960737
0.1661452384076736
0.20076562064368966
0.2266789924485156
0.25595904603947217
0.28343388901994193
0.30914056002658385
0.3379736065509893
0.3734988202232862
0.4087774093291152
0.4510713493321392
0.5016563160594969
0.5599178792611703
0.6271531477066697
0.7051951498064772
0.7917294719677431
0.8886952699348842
0.9927225353168925
0.0
0.028808552936205444
0.05800888360980078
0.08717729976360825
0.10994160745664848
0.1309995782981524
0.15041436054061683
0.1698183811167819
0.1922068998236101
0.21357691285278896
0.23991264635323573
0.27447755427343207
0.3122151962980485
0.3610201371495424
0.41861062978208213
0.48592535105511997
0.5661839010045653
0.654686046103373
0.7553268317283084
0.8709132566754604
0.9949083065584283
0.0
0.014637564313803239
0.0332037632274268
0.041398216785500375
0.05572632294488833
0.06454215362490168
0.07440619355707992
0.08317906637706501
0.09969362028668993
0.11695429673788699
0.1407548501302046
0.1751987607210967
0.2196665786910007
0.27137833290038116
0.3375642732873791
0.4148551252071793
0.5052889855311218
0.6093715060563862
0.7250103778100282
0.8553221687792234
0.9946968137058536
0.0
0.00031543910684280613
0.0031213835933298073
0.003524920084696709
0.0008625837867882458
0.0
0.0
0.0011196290990593272
0.006901201376912525
0.023286158546038882
0.0462372765620912
0.07977725563148652
0.12436322056095994
0.18323000411005386
0.2583459998260461
0.3445166329792242
0.448899335870696
0.5674044360784833
0.6941802862891021
0.8401230358348791
0.9955071928499634
0.0
0.0
0.0
0.0
0.0
0.0
0.0
0.0
0.0
0.0
0.0
0.0
0.03780056708186463
0.10413945255054446
0.18110006583679406
0.2805424544225601
0.3926358237461063
0.5239714521443793
0.6672607933591443
0.8267945880483506
0.9978529683827794
0.0
0.0
0.0
0.0
0.0
0.0
0.0
0.0
0.0
0.0
0.0
0.0
0.0
0.023042669667167504
0.11166794347012554
0.2165121687544338
0.34187900683455885
0.48481771051536976
0.6427153362740353
0.816231829340907
1.0
0.0
0.0
0.0
0.0
0.0
0.0
0.0
0.0
0.0
0.0
0.0
0.0
0.0
0.0
0.04325156101408767
0.1597440886136371
0.29274397831216636
0.4498570907718499
0.6217130184658538
0.8059932132952281
1.0
0.002643094211186001
0.0
0.0
0.0
0.0
0.0
0.0
0.0
0.0
0.0
0.0
0.0
0.0
0.0
0.0
0.1049445327188595
0.24956917324302796
0.4154166111433186
0.5982337327243623
0.7961043766538126
1.0
0.0071300963903953365
0.0
0.0
0.0
0.0
0.0
0.0
0.0
0.0
0.0
0.0
0.0
0.0
0.0
0.0
0.05491347326838136
0.20971936066278352
0.3847463398191865
0.5801524351202898
0.7902514581418475
1.0
0.008900352403486491
0.0
0.0
0.0
0.0
0.0
0.0
0.0
0.0
0.0
0.0
0.0
0.0
0.0
0.0
0.006790401964467785
0.17106460806512236
0.35396725747876046
0.5578069506164052
0.7784374924311426
1.0
0.009874773725378996
0.0
0.0
0.0
0.0
0.0
0.0
0.0
0.0
0.0
0.0
0.0
0.0
0.0
0.0
0.0
0.13513902774758224
0.3274766484373157
0.5386304215863225
0.7668138836824698
1.0
0.008257629388806854
0.0
0.0
0.0
0.0
0.0
0.0
0.0
0.0
0.0
0.0
0.0
0.0
0.0
0.0
0.0
0.09916764415513124
0.2988397762592221
0.5192525035729061
0.7554512122994084
1.0
0.005044458923746582
0.0
0.0
0.0
0.0
0.0
0.0
0.0
0.0
0.0
0.0
0.0
0.0
0.0
0.0
0.0
0.06431406332606748
0.27278787712638763
0.4960252339478341
0.7399051439232948
0.994873336561052
0.0
0.0
0.0
0.0
0.0
0.0
0.0
0.0
0.0
0.0
0.0
0.0
0.0
0.0
0.0
0.0
0.0322780810876393
0.24284452599004414
0.47289348189271635
0.7183149366238615
0.9806000371118272
