0.016061193682381496
0.1139096206315207
0.2044554229572066
0.2992966355971512
0.39242958650754567
0.4865548831839156
0.577677867384918
0.6696595023180405
0.7587548341585724
0.8429976382106625
0.9196600274497724
0.9963527312200631
1.0
1.0
1.0
1.0
1.0
1.0
1.0
1.0
1.0
0.002438789374213513
0.0963849477616604
0.1870132247244503
0.274222071122749
0.3667797920469933
0.45814112004662455
0.5508907272961134
0.6420392334914202
0.732675334669628
0.8206627074663485
0.9024761604639253
0.9801919036753046
1.0
1.0
1.0
1.0
1.0
1.0
1.0
1.0
1.0
0.0
0.0819277007115822
0.16725445545496156
0.25409682542453504
0.34369366441000443
0.4335073530846939
0.5241361868055042
0.6190392573246252
0.7072776123643909
0.7971013233090485
0.8832813130367594
0.9607089343471826
1.0
1.0
1.0
1.0
1.0
1.0
1.0
1.0
1.0
0.0
0.06567137466083377
0.14987304774758942
0.23408229707606482
0.32110018029988835
0.40671336883453246
0.49784219506515814
0.5917237137396372
0.681959034063727
0.7729380029094715
0.8593167075455845
0.9416332582675077
1.0
1.0
1.0
1.0
1.0
1.0
1.0
1.0
0.9982256650194463
0.0
0.05786016369689696
0.13218165446296834
0.2136251333355205
0.2945742173269995
0.37938475152536033
0.4696686091408075
0.5600670775252852
0.6534147215319128
0.7443524064278424
0.8328855079883177
0.9152762009577962
0.9898473047687111
1.0
1.0
1.0
1.0
1.0
1.0
1.0
0.9942327195400876
0.0
0.0505888175535071
0.12006819848588099
0.19319003396803097
0.271800304178458
0.3545959967907014
0.4394434372641647
0.5307343980951058
0.6216563876673473
0.712389520086688
0.8031466747197284
0.8881334117851023
0.9624583825960354
1.0
1.0
1.0
1.0
1.0
1.0
1.0
0.9960240797923849
0.0
0.04432294559324972
0.10659170956895202
0.1758767823501563
0.24641471320506045
0.3272313668243955
0.4104226538316113
0.4977592030512544
0.5895487037180008
0.6849950679700068
0.7701895087390861
0.8592699801937187
0.934979194892623
1.0
1.0
1.0
1.0
1.0
1.0
1.0
0.9948378520127387
0.0
0.041229356711386354
0.09607851678029995
0.1560804710427863
0.22392524124936797
0.29636363671225313
0.3767604962936278
0.4619851598902723
0.5535293096737861
0.6432749343838139
0.734732218874818
0.8217683203073551
0.903580578423284
0.9754465084068855
1.0
1.0
1.0
1.0
1.0
1.0
0.9951751202019021
0.0
0.03705057214092771
0.08234205800387487
0.13448757499487135
0.1990612129339149
0.26610203674117106
0.34514341477555244
0.42860287964143473
0.5163766949104109
0.6066919917988332
0.6973800460000649
0.7851418551855464
0.8683062124039347
0.9434708513233862
1.0
1.0
1.0
1.0
1.0
1.0
0.9961724603276817
0.0
0.032895668021604235
0.07030435216589012
0.11528086491073514
0.17343387383432385
0.2346009551279727
0.30933572263572706
0.3888866926835696
0.47433898070180036
0.562041411196545
0.6553001609036294
0.7458972544231225
0.8319403485256737
0.9091168289951631
0.9763233513349794
1.0
1.0
1.0
1.0
1.0
0.9993644960257231
0.0021444447168051475
0.026025104905009665
0.0570757078200232
0.09699094737514155
0.14564183423023103
0.20303356578802276
0.274136780543542
0.3461930880919092
0.43138663195505667
0.5216653074712192
0.6121687660315532
0.7030445963226891
0.789560367930715
0.868970545199224
0.9429837844140084
0.9984227975734488
1.0
1.0
1.0
1.0
1.0
0.006214330365669716
0.023062384918659612
0.04367320034577514
0.07599958248615095
0.11912677021538473
0.17006065633395662
0.231668345980782
0.30387946606321903
0.3870742045256007
0.472865812651765
0.563504635403329
0.6559640616097803
0.7462206880701829
0.8286419793657923
0.9041171533003931
0.9667744724528821
1.0
1.0
1.0
1.0
1.0
0.00909952914850642
0.01548031433214931
0.0305729852060016
0.05386713287353731
0.08798418525430504
0.1341467454471853
0.19132062541493494
0.261521769056277
0.3406385901601147
0.42529854774123055
0.5158960527010148
0.6073428209841438
0.6978659074688146
0.7837312573416244
0.8651481197541353
0.9307226806024052
0.984370605719951
1.0
1.0
1.0
1.0
0.01116095305905275
0.00846394470448776
0.012520149682604953
0.02927956548037912
0.0572829928422636
0.09865269015672495
0.1503495945987391
0.21593080387295302
0.2920327038883446
0.3722087890937494
0.46410461182803786
0.5547794444291064
0.6501608556576443
0.7397677813843602
0.8211405541290867
0.8935206983308329
0.9555174904707378
0.9975563246455779
1.0
1.0
1.0
0.011424757719005092
0.0
0.0
0.004507306310020914
0.027748021893022473
0.06042346707449289
0.10748935041787869
0.17062313615972471
0.24252075271399504
0.3206382676060856
0.41195256977208106
0.5064427142800206
0.5990133997619689
0.6917243995259525
0.777785286913695
0.854670534172069
0.9214733495222684
0.9708870546699009
1.0
1.0
1.0
0.007433362268575011
0.0
0.0
0.0
0.0
0.024494324768547876
0.06587641667478195
0.1250796011105822
0.19397056944872546
0.2726570356586975
0.35942145704791756
0.45302421836913104
0.5496130337967827
0.6440093716623586
0.7352647649265216
0.8182619610432695
0.8903384624015834
0.9459322060538228
0.9877244350620892
1.0
1.0
0.002184689308883017
0.0
0.0
0.0
0.0
0.0
0.026571684528282458
0.07882962795902798
0.14515659797206792
0.224206987689815
0.3089185041733323
0.40421023709851545
0.5008608578306603
0.5982152714490963
0.6904201610751355
0.779004664319898
0.8570212306914743
0.9213674156451613
0.9672009603103562
0.9985862621985218
1.0
0.0
0.0
0.0
0.0
0.0
0.0
0.0
0.03692364356063854
0.10016932468461465
0.17475520386352839
0.2607387561596204
0.35531087664466093
0.4541049598800112
0.5527638067952648
0.6494062519613625
0.7398019714340793
0.8242454517307665
0.8959394619046016
0.951942905328576
0.9901225254572948
1.0
0.0
0.0
0.0
0.0
0.0
0.0
0.0
0.0
0.05800463558993729
0.13215224607769044
0.21662564915645427
0.3120607207184136
0.4095648059676845
0.5096843352439979
0.612065140446935
0.707858624533438
0.797159004830557
0.8738038859220819
0.9365886762629706
0.9847615378584971
1.0
0.0
0.0
0.0
0.0
0.0
0.0
0.0
0.0
0.021948276267407585
0.09157586286579517
0.17582723106093773
0.26998707255031634
0.37045018441675387
0.473792294637547
0.5765789323989494
0.6751922346041164
0.7710298974722926
0.8528719086667041
0.9229476516146073
0.9815007952032646
1.0
0.0
0.0
0.0
0.0
0.0
0.0
0.0
0.0
0.0
0.05938624718954044
0.14265578279473806
0.23498742797864253
0.33383976620987327
0.4405609440129941
0.5446620047251539
0.6495470168478563
0.748804007280404
0.8390928981351662
0.9159594744036127
0.9787525321471309
1.0
