0.0022809357007827014
0.0
0.0
0.0
0.008225155680310348
0.03431800881325231
0.06879272680345155
0.11365275389086027
0.1675145569397246
0.2285161912383104
0.2967381875298387
0.36758913407733496
0.4437141227329396
0.5204109308736348
0.5995653891303895
0.6740382430926877
0.7473437771796402
0.8183490675141467
0.8828979565035852
0.9467201858960911
1.0
0.0019351327643711757
0.0
0.0
0.0
0.015509646612440892
0.04374733695998417
0.08003245318221036
0.12601685624580738
0.1795377504368077
0.24233427149726555
0.30759197993234905
0.38117913498173067
0.45486409786654936
0.5303812277496623
0.6056630654600095
0.6815653930236559
0.7522705956176374
0.8210706163134239
0.8854913051366298
0.9429005056815153
0.9973910091938802
0.0
0.0
0.0
0.006243944682397057
0.025232212838791346
0.05496803389258745
0.09405284968174138
0.14156629214600422
0.1960275809421722
0.2583979442459221
0.32386964731186874
0.3952566892124232
0.4702879918173031
0.5430676100076633
0.6165130268000394
0.6892685576288877
0.759251438407436
0.8245919965383396
0.8875023976416248
0.9438721950936876
0.996942446301136
0.0
0.0
0.0
0.013508225614057873
0.03876226230403232
0.06960018901458004
0.1100255988130465
0.15743746989447252
0.2141802635248226
0.2776116143990126
0.3433931673842606
0.4155547256237938
0.48774640629090243
0.560822818453351
0.633741718059543
0.7021699931488097
0.7692788968274923
0.8322423459592555
0.890388054910383
0.9435578696822936
0.9924210418974964
0.0
0.0
0.006186734243589551
0.02530987677340628
0.050864897603526915
0.08606362487616381
0.12795177141434566
0.17947934615536937
0.23478536214325715
0.29891844130586387
0.3651845384995709
0.43498785022147746
0.5048123916965898
0.5769296785677871
0.6468251759180976
0.7142910076120921
0.7801908368113303
0.8395655646216905
0.8949258438227784
0.9478288430369038
0.993846381784723
0.0
0.002100644278252184
0.015585125390697493
0.0373152602182288
0.06702112652333148
0.10266246125357051
0.14985671149854066
0.2020471449484101
0.25928561009474727
0.32069940531734953
0.3878312344772152
0.4583798725744001
0.5275545046144943
0.5980590675473915
0.6647835483339841
0.731130279150657
0.7921697894696922
0.8502086036954828
0.9044430456906452
0.9499836281115115
0.9931669814991226
0.0
0.006149662334204387
0.02359425820682154
0.0523833641777819
0.08406417147640677
0.12159164116311588
0.17092716243400904
0.22196991181641304
0.2844986673763619
0.3464490164409396
0.4108351955493915
0.4788990285354833
0.548983845659099
0.6159072971438576
0.6823605029155017
0.7448804815038429
0.8049023195633029
0.8592231310808846
0.9079270150337552
0.9542928278905343
0.9941609339507074
0.0
0.011994422132304713
0.03524568826952256
0.06570744639658925
0.0998078789844739
0.1443667499083457
0.19145723975574472
0.24826751069852393
0.3061745031722773
0.3693183835730506
0.43501127318917177
0.5018471682087324
0.5699346552032635
0.6359424687338633
0.6998123129929814
0.758895105607788
0.8178137746380695
0.8678368978206291
0.9150670292834201
0.9581929332631814
0.9966178919400769
0.0
0.01953016533299609
0.04619635378377888
0.07821783862996255
0.11647128034666002
0.16320419506705564
0.21300330651528115
0.26858853680332756
0.32515908545471073
0.39227183868111104
0.45594010060362156
0.5229977375199428
0.586689852692094
0.6504712507790751
0.7124682183057371
0.7710843350798684
0.8267557977186194
0.8770263172862868
0.9210260614405337
0.9612866248777967
0.9981716078686701
0.003653418248977521
0.02523283322249608
0.056502084107160594
0.09174259080566052
0.1326813454404785
0.1789998535658438
0.23204005703009128
0.2869359453016828
0.3465865969880684
0.4075851094235418
0.47465527859280743
0.5395707641138657
0.6023504241712584
0.6647522280615249
0.7260837727734357
0.7806587526976454
0.8335643208128825
0.8822445176078311
0.925479605474089
0.9654065504021935
1.0
0.006740320183057156
0.033918674824058546
0.06485698335081483
0.10346309158797456
0.1443942354397366
0.1903617843879813
0.24639104854441427
0.302978996788291
0.36251575209479514
0.42397663478210834
0.48746935370187694
0.5535383207929998
0.6126909423559869
0.6756431865867963
0.7331945218690884
0.7881110545367219
0.8397011422058276
0.8860894096571094
0.9269407065180701
0.9654736972077101
1.0
0.009425602357519434
0.03932872130991662
0.07301705490768987
0.11218407483175427
0.15537358491871558
0.2059235947053468
0.26050090946069315
0.31411721866067277
0.37458335108871904
0.4360562565305566
0.5003029333435697
0.56096110681165
0.622912480291209
0.6783026911116182
0.7371818096377144
0.7922829271594469
0.8415262312614935
0.8880075196333344
0.9297471182649052
0.9675904592500453
1.0
0.011250570956560684
0.043393025376329705
0.07662300270434416
0.11777794640524619
0.16368348724749307
0.21293101894996283
0.26524976682662715
0.321787913010934
0.3804291265540164
0.4400812359576299
0.5024637916813927
0.5642649445429455
0.622443157323928
0.682104489165594
0.7386483244972342
0.7903038830245814
0.8395241659725632
0.8851219918227473
0.927245935984048
0.9659882966406997
1.0
0.014573313581919298
0.04535932680271529
0.08203829165848765
0.12268479707398747
0.16643357216419336
0.21569997585921216
0.26598663268637845
0.32296016102876696
0.3798182940347037
0.44049040906574066
0.5005807053503015
0.5603356028012749
0.6191124830295728
0.6771752727832433
0.731116181822996
0.7826075743344989
0.8349329611858235
0.8797674891309386
0.9244266564273302
0.9643443214687522
1.0
0.01468229123788204
0.04385751580282151
0.08339305167457278
0.12315590619079819
0.16604872597732112
0.21419197437725396
0.2651694079137151
0.3184440626866227
0.37623635322983073
0.43488895732941796
0.49229372073750954
0.5515808274656708
0.6089453909867343
0.6655745139849782
0.7223030406972145
0.7774296455120191
0.8259422561344151
0.8725574251696749
0.919183618881979
0.9599521065868213
1.0
0.011557186031674145
0.043283142191186855
0.07912310297322928
0.11748459749552959
0.16015925070503678
0.20694697680912513
0.2559484166748476
0.3095592537455241
0.36152434937102307
0.4199815815596571
0.4772862777705595
0.5365186236478465
0.5927690296997222
0.6499526157273572
0.7051695395030066
0.761797154753918
0.8118860963806475
0.8637993432268567
0.9088378763349337
0.9573205428827736
0.9980604344319194
0.007570070606724403
0.03919096995388756
0.07186985627678759
0.10700721662972315
0.14695643569429598
0.19184878152255752
0.24177076515708457
0.2921190524442487
0.34602171757013905
0.3993582211273734
0.45743614343361005
0.5121027078507724
0.5704859715762898
0.6308892749501115
0.6858763968540851
0.7418500600253132
0.7966516328276891
0.8489929478004288
0.9023612642296611
0.9501981610162239
0.9975831400074411
0.0021705483151605786
0.028093087789655344
0.05823702675435141
0.0928793695114871
0.13011997718700136
0.17192424497391387
0.21896852464558725
0.2657257321297569
0.31912122002390714
0.3731981344972151
0.4284999350056312
0.48629925916842903
0.5442047299957522
0.6043980302129042
0.662499558903038
0.7195852179655069
0.7775898123478763
0.833568270975814
0.8895081176736116
0.9432012014781423
0.998813592804855
0.0
0.01742890188851265
0.04236152193626844
0.07214144172637924
0.1090202038891546
0.14877934781001378
0.18905135890572153
0.2369821521447725
0.2872247701935905
0.34109758472966234
0.39491345353599955
0.45182464345643397
0.5095589150906594
0.5729657876405301
0.6344529307849384
0.6927909057584851
0.756122881756629
0.8172703771127423
0.8776563726805178
0.9379960624431745
0.9988507325598552
0.0
0.00018717126110739946
0.02362129149984568
0.05071923682261596
0.08161196695057928
0.11701016800542649
0.15620123973586875
0.20139032285351927
0.2515126546840409
0.3018431986573834
0.3563815357101396
0.4147803790302713
0.4748343238746818
0.5371258486472724
0.6026318239001008
0.6663628378460341
0.733234819485602
0.7980798495969902
0.8648342773921994
0.9331024890223645
0.9997476698638631
0.0
0.0
0.0
0.0241662710184557
0.050062616170556906
0.08353871049554581
0.11981863925672628
0.16148640742055928
0.20888908859958163
0.25784173733278326
0.3173205825959312
0.3721898728951373
0.43679634438605386
0.49953498730700163
0.5670223765282322
0.636590199277255
0.709152780714119
0.7809394966860426
0.855607434287459
0.9294531179971958
1.0
