0.0
0.19237505547643177
0.4085289061906501
0.6092986192096641
0.7951822254006058
0.9641785929499698
1.0
1.0
1.0
1.0
1.0
1.0
1.0
1.0
1.0
1.0
1.0
1.0
1.0
1.0
0.9824629756405068
0.0
0.21904870419699213
0.44365321512676315
0.6510934116240072
0.8410355690160409
1.0
1.0
1.0
1.0
1.0
1.0
1.0
1.0
1.0
1.0
1.0
1.0
1.0
1.0
1.0
0.9927018625601177
0.0
0.23515478975059093
0.4669063368169124
0.6796551255967291
0.8740396658540535
1.0
1.0
1.0
1.0
1.0
1.0
1.0
1.0
1.0
1.0
1.0
1.0
1.0
1.0
1.0
1.0
0.0
0.250575245813334
0.4828298631555382
0.7019490105184473
0.9015083911487197
1.0
1.0
1.0
1.0
1.0
1.0
1.0
1.0
1.0
1.0
1.0
1.0
1.0
1.0
1.0
1.0
0.0016176897860032736
0.2541992373804717
0.4935581374933151
0.7170274065706437
0.9213938545494375
1.0
1.0
1.0
1.0
1.0
1.0
1.0
1.0
1.0
1.0
1.0
1.0
1.0
1.0
1.0
1.0
0.0
0.2585684205677654
0.5003678143957218
0.7297828458692133
0.9366458457467209
1.0
1.0
1.0
1.0
1.0
1.0
1.0
1.0
1.0
1.0
1.0
1.0
1.0
1.0
1.0
1.0
0.0
0.2615003015767735
0.5099333976897374
0.7361708166785863
0.9487020976137986
1.0
1.0
1.0
1.0
1.0
1.0
1.0
1.0
1.0
1.0
1.0
1.0
1.0
1.0
1.0
0.9993223695975372
0.0
0.25931615128650454
0.5116914640707708
0.7443276328106921
0.9571031743616693
1.0
1.0
1.0
1.0
1.0
1.0
1.0
1.0
1.0
1.0
1.0
1.0
1.0
1.0
1.0
0.9969639102239553
0.0
0.2618743679698712
0.5133722577164125
0.7484421037532749
0.9613649090101223
1.0
1.0
1.0
1.0
1.0
1.0
1.0
1.0
1.0
1.0
1.0
1.0
1.0
1.0
1.0
0.9942087387741856
0.0
0.2626165894707876
0.5154852892825155
0.7530819051805703
0.9674241511698322
1.0
1.0
1.0
1.0
1.0
1.0
1.0
1.0
1.0
1.0
1.0
1.0
1.0
1.0
1.0
0.993019149774571
0.0
0.26258399871915894
0.5169211846191889
0.7532066502604753
0.9705561157860519
1.0
1.0
1.0
1.0
1.0
1.0
1.0
1.0
1.0
1.0
1.0
1.0
1.0
1.0
1.0
0.9939809496210827
0.0
0.2610634913902852
0.5167445141511389
0.753312073546977
0.9669400623166194
1.0
1.0
1.0
1.0
1.0
1.0
1.0
1.0
1.0
1.0
1.0
1.0
1.0
1.0
1.0
0.9938395158873337
0.0
0.26418851191430764
0.51627345335138
0.748505085045404
0.9634301142680389
1.0
1.0
1.0
1.0
1.0
1.0
1.0
1.0
1.0
1.0
1.0
1.0
1.0
1.0
1.0
0.996740031234771
0.0
0.2621493506659358
0.512648230371106
0.7439164541061019
0.9564427114864696
1.0
1.0
1.0
1.0
1.0
1.0
1.0
1.0
1.0
1.0
1.0
1.0
1.0
1.0
1.0
0.9989711174727646
0.0
0.260809719187186
0.5081374631573725
0.7366830809684881
0.9468922501282848
1.0
1.0
1.0
1.0
1.0
1.0
1.0
1.0
1.0
1.0
1.0
1.0
1.0
1.0
1.0
1.0
0.0
0.2589618511316307
0.5001957751050405
0.7256147823430573
0.931526365176654
1.0
1.0
1.0
1.0
1.0
1.0
1.0
1.0
1.0
1.0
1.0
1.0
1.0
1.0
1.0
1.0
0.0
0.25091134704371454
0.48842275961464127
0.7095764708948518
0.9124109073524195
1.0
1.0
1.0
1.0
1.0
1.0
1.0
1.0
1.0
1.0
1.0
1.0
1.0
1.0
1.0
1.0
0.0
0.24434619120840226
0.4756181294737418
0.6904557722759581
0.8891782476207434
1.0
1.0
1.0
1.0
1.0
1.0
1.0
1.0
1.0
1.0
1.0
1.0
1.0
1.0
1.0
1.0
0.0
0.23116252291773834
0.4569566188160898
0.6684250328506047
0.8616468117008993
1.0
1.0
1.0
1.0
1.0
1.0
1.0
1.0
1.0
1.0
1.0
1.0
1.0
1.0
1.0
1.0
0.0
0.21783183908455883
0.4370130509905509
0.6414765986071451
0.8294932013019491
1.0
1.0
1.0
1.0
1.0
1.0
1.0
1.0
1.0
1.0
1.0
1.0
1.0
1.0
1.0
1.0
0.0
0.20243082593626835
0.41373975078712605
0.6128835387877075
0.7942417020235714
0.9623120786455258
1.0
1.0
1.0
1.0
1.0
1.0
1.0
1.0
1.0
1.0
1.0
1.0
1.0
1.0
1.0
