0.0231265530273498
0.051678614924808026
0.09280090089044739
0.14146412404166653
0.19907230713448307
0.2686582168887606
0.33889383243689186
0.42007027026619753
0.5043995499894782
0.5893349698125829
0.6739357788999468
0.7550522526936725
0.8314190068238397
0.8998556730648595
0.9606467972766967
1.0
1.0
1.0
1.0
1.0
0.9952522003029179
0.01382173299408044
0.03480363409156978
0.06564544755151432
0.10581371003812283
0.15638393811629853
0.22074054232840856
0.29231830451773155
0.36950889099917733
0.4531256260226924
0.540753144389727
0.6271987745151338
0.7110310191699575
0.7904966964862971
0.8639106354563787
0.9280876041376606
0.9776484954087965
1.0
1.0
1.0
1.0
0.9921005543352766
0.006385561409654174
0.015967577972061064
0.038954013061596515
0.0713564761373786
0.1204182975525487
0.17696235132156513
0.24555499179807294
0.32359435591274366
0.4036857230007313
0.49177631527211685
0.5841215552923028
0.6703245631242811
0.7547489926080087
0.8308305284965048
0.8990349434099301
0.9534504278010894
0.9951905187438184
1.0
1.0
1.0
0.9889503925537567
0.004682729169432697
0.0021096824867420025
0.016304573332050654
0.04041870173255273
0.0824064293532883
0.134534780794287
0.20267881894822765
0.27619767904575443
0.35897449502154477
0.44903348921907116
0.5399753204499207
0.6313645101004249
0.71969253860037
0.7987930291211179
0.8721058977204889
0.9335981754402511
0.97737958955693
1.0
1.0
1.0
0.9850458477581868
0.0017765634450724096
0.0
0.0
0.011491706740474367
0.04546059940311101
0.09458544193301222
0.15839084905991815
0.23251683502673062
0.31398854701550816
0.40488837024711594
0.4967658422790946
0.5914505638980359
0.685924244366403
0.7686521854175079
0.8442981971978054
0.9113061752175696
0.9609124863580677
0.9965948938309848
1.0
1.0
0.9860087615569866
0.00020721331771526917
0.0
0.0
0.0
0.013749441968869625
0.05579410520196745
0.11590127621935042
0.18988531780850715
0.2733977234570135
0.3642211789614202
0.46066352234129326
0.5574612861677419
0.6537606574484197
0.7419252596453799
0.821118847560246
0.8918240651128363
0.9478098455595064
0.9850316877510235
1.0
1.0
0.9877094555322614
0.0
0.0
0.0
0.0
0.0
0.022437376216787097
0.07747356620348805
0.14962785134544698
0.2319183198222904
0.32350109537879135
0.4236280891081011
0.5230278850131246
0.622330156586492
0.7141318715724201
0.8003832240029324
0.875509576657003
0.9335849686149518
0.9759263526479098
1.0
1.0
0.9914051840411217
0.0
0.0
0.0
0.0
0.0
0.0
0.042967900270061976
0.11331030794611296
0.19343666761156175
0.28611661001829847
0.3885626768006929
0.49195204513375645
0.5936317107461805
0.6890456459752373
0.778240105138214
0.8568916963553744
0.920539115073783
0.9652672388144196
0.9981448444445166
1.0
0.9951200085934908
0.0
0.0
0.0
0.0
0.0
0.0
0.007859553761175031
0.07643493372735588
0.1591174676675286
0.25298334058903316
0.3550679405385718
0.46057472253955617
0.5655188604652928
0.6651351310732608
0.7601837081653541
0.8410534076622342
0.9099035957563976
0.9593976851829313
0.9903861562561221
1.0
0.9971572907973013
0.0
0.0
0.0
0.0
0.0
0.0
0.0
0.04249485494488314
0.12813610162901895
0.2214324479953066
0.32557991437387956
0.43495170927665994
0.5398315207843541
0.6450201482576989
0.73979391440762
0.8274979050592657
0.8970483522878812
0.9528606537118439
0.9902906835180604
1.0
0.9998342598248788
0.0
0.0
0.0
0.0
0.0
0.0
0.0
0.014001755525975379
0.09884224713622891
0.19317448495574752
0.2973556350212569
0.4067179446263941
0.5197343943411765
0.6238484957659219
0.7250263015802846
0.8142978717033659
0.888661913468667
0.9462414585692912
0.988528877332588
1.0
1.0
0.0
0.0
0.0
0.0
0.0
0.0
0.0
0.0
0.06920942935618035
0.16665855581528854
0.27379539691273924
0.3824091807920196
0.4983234151913517
0.607302672931328
0.7102010072365625
0.8022044776043453
0.878879940397122
0.9413139960065564
0.9834551754887149
1.0
1.0
0.0
0.0
0.0
0.0
0.0
0.0
0.0
0.0
0.046854934150101335
0.14224876678909987
0.2506625480492297
0.36264651396090875
0.47806085499984785
0.5904997529834176
0.6966329913517942
0.790224034795772
0.8707205778193623
0.9337699540130269
0.9792021314457977
1.0
1.0
0.0
0.0
0.0
0.0
0.0
0.0
0.0
0.0
0.023195291853444988
0.12059552117111061
0.22898076536137846
0.34299685837582017
0.4584772378933019
0.5746761793228394
0.6818162353290673
0.7789205901919732
0.8622638055500573
0.927533512339544
0.9778703311692097
1.0
1.0
0.0
0.0
0.0
0.0
0.0
0.0
0.0
0.0
0.004935204325199227
0.10329316552930085
0.21257154640629677
0.3269952436522242
0.44404345877702833
0.5582139303268974
0.669386381207879
0.7663982931307566
0.8525727277020472
0.9202945806348151
0.9696308462130702
0.9987377977391461
1.0
0.0
0.0
0.0
0.0
0.0
0.0
0.0
0.0
0.0
0.08638970858682699
0.19578207024937044
0.3116963888200492
0.4292696267872459
0.5465463110854656
0.6559578983937989
0.7571971094540385
0.8426050575369018
0.9137543692778629
0.9641339876657827
0.9975796236153397
1.0
0.0
0.0
0.0
0.0
0.0
0.0
0.0
0.0
0.0
0.07007516150301119
0.17886620416253546
0.29593647891075275
0.4164896831235494
0.5306297203458411
0.6451578715346178
0.7448404342023894
0.8346990190892947
0.9057357232005887
0.9593247169049078
0.9911688733414622
1.0
0.0
0.0
0.0
0.0
0.0
0.0
0.0
0.0
0.0
0.06080350715275351
0.16819452969045084
0.28288583645230253
0.4048136315721559
0.5202667781528564
0.6309169613452896
0.7339758818509314
0.8239987601067209
0.896617226370112
0.9495083245423502
0.9841873589217008
0.9988825765649845
0.0013338513191041208
0.0
0.0
0.0
0.0
0.0
0.0
0.0
0.0
0.05201581283887935
0.15931237168961615
0.2739987559100087
0.39228166571531775
0.5088187298667066
0.6215613414455953
0.7233145852481807
0.8130312072798782
0.8854178762239331
0.9401661686768709
0.9773251275738595
0.99385144610586
0.004967358179405695
0.0
0.0
0.0
0.0
0.0
0.0
0.0
0.0
0.04389765700868381
0.15013430412109574
0.2659740321415214
0.38513432860877245
0.5002249694331452
0.608941629239749
0.7146675374082443
0.8012091483192914
0.8768745967709942
0.9319844650582301
0.9672617381566936
0.9852846761647962
0.008400354081489042
0.0
0.0
0.0
0.0
0.0
0.0
0.0
0.0
0.03846988067989676
0.14419418025746056
0.2569652297111345
0.37467378328070866
0.4891218041055581
0.6017274775358435
0.7014577307395929
0.7927869088501002
0.8654884906723735
0.9224854714421646
0.9592306107502154
0.9753273043541105
