0.017158525762827427
0.10733944828907795
0.19853028613913992
0.28485510372034406
0.3723332248107669
0.4552719840425267
0.5339036935648005
0.6105989830330114
0.682469359891465
0.7458876654664057
0.8058707084264322
0.8567795106100815
0.8988763762402505
0.9365787360447715
0.9633632244848449
0.9836546640621785
0.9954502055276224
1.0
1.0
0.9992345007640485
0.9903970653715026
0.00753141137694006
0.10091586209473033
0.1956850085643403
0.2884440621224854
0.3786826439191965
0.4619743085011083
0.546276360770825
0.6235719054665811
0.6975645398393593
0.7653758874916632
0.8232706527313757
0.8739045216063175
0.9188140832332533
0.9533670094628071
0.9805513823236373
0.9991165177507575
1.0
1.0
1.0
1.0
1.0
0.0
0.09856590597298538
0.19737150386346033
0.2916589537250459
0.3824264929509788
0.47174992070343646
0.5583552582989991
0.6381255769404779
0.7096112135972903
0.7767068959280959
0.8360540251672115
0.8879097100500362
0.9316935216517159
0.9648062927375802
0.9916664083385562
1.0
1.0
1.0
1.0
1.0
1.0
0.0
0.09827148044356245
0.1992306001469786
0.2951626583099385
0.3906528013821201
0.478697181356755
0.5650822640857409
0.6444911597529803
0.7172326337600232
0.782899981369966
0.8427773360524357
0.8950453762846411
0.9370454777158237
0.9700516008754702
0.996848795331595
1.0
1.0
1.0
1.0
1.0
1.0
0.0
0.10103897190327092
0.20011723083065655
0.2981789741551796
0.3946965816604042
0.4851705884972104
0.5683714563527024
0.6482836110594332
0.721649557983596
0.7890411587259829
0.8467838587431906
0.8985311311073062
0.9397843139603368
0.9743722738523974
0.9992964850254942
1.0
1.0
1.0
1.0
1.0
1.0
0.0
0.10102014612584041
0.20265410493349084
0.3019114972258552
0.3956333124581258
0.4862723015215446
0.5693543607295425
0.6514649609807102
0.7238613633619037
0.7909179718065693
0.8462022882950753
0.8966512998795206
0.9393366533251342
0.9724188558903789
0.9966461011072567
1.0
1.0
1.0
1.0
1.0
1.0
0.00011189034346750348
0.1026240757313012
0.20634054665130752
0.30074104532186385
0.39681011346014045
0.48496334704534116
0.5707471801064761
0.6481700572683491
0.7202438508097992
0.7866309299175951
0.8440062004940159
0.8916207162938055
0.9355249826406775
0.9679246260566843
0.9933703072470267
1.0
1.0
1.0
1.0
1.0
1.0
0.003827926234058795
0.1061785126069899
0.2041808967362523
0.3022332917597801
0.3939835339789798
0.4834041207635036
0.5659747203362919
0.6451145828637241
0.7162185997287577
0.7783557813780075
0.8360381393720887
0.8885788370472815
0.9267663634155812
0.9589930158293539
0.9856420058040092
0.9999928405185851
1.0
1.0
1.0
1.0
1.0
0.003393191446341245
0.10630992133900385
0.20491055021246182
0.3004705721511423
0.3909011785105119
0.4784740345855979
0.5601649697796015
0.6379627224641542
0.708284167475275
0.7712083757326023
0.8292967353590182
0.8769491036416572
0.918800854232716
0.9521172586684785
0.9767432043829065
0.9932796796977353
1.0
1.0
1.0
1.0
0.9980009358950918
0.005879760637182247
0.10806128944882851
0.2052030364657893
0.2970838648588141
0.3858775559277129
0.47357725691121866
0.5520008679263746
0.6275978794908366
0.6948608244582903
0.7605031755708065
0.8169584432022751
0.8648360455501887
0.9065095564118361
0.9413776727517555
0.9675378025416501
0.9870788579668826
0.9989182912600821
1.0
1.0
1.0
0.9958812284077881
0.007423461241154889
0.10644160919673062
0.2030240965998752
0.29298687545246227
0.38030947987582253
0.4639139598555374
0.5417079704091948
0.6169169254288528
0.6847954620373178
0.748874663664322
0.8047765949092631
0.854540544446454
0.896197480512521
0.9309304398083221
0.958166035856324
0.9791285424624065
0.9910305764835877
0.9989441007964044
1.0
0.9993705483616179
0.9932746514888594
0.0071808415343248624
0.10274283665329151
0.19726782601548654
0.286987501382313
0.3690526205235386
0.4524529358990872
0.5302837966195708
0.6036304573334061
0.6704809751910331
0.7332943308059
0.791817191896194
0.8402202635504852
0.8832815810693169
0.9215023524691816
0.9511584633257018
0.9716979492034722
0.9861449677148801
0.9954980927758534
1.0
0.9971498679768112
0.993822428305771
0.008270306379428867
0.10127620165152293
0.19235024357683544
0.27767264168065675
0.3627424587458339
0.4424186291291706
0.5182443551146814
0.5907095944979122
0.6594801204397251
0.7210478282083729
0.7789082628459146
0.8293097213879403
0.8721403655015183
0.9108508174092169
0.94240348123865
0.9662098872208287
0.9807847554232318
0.9945012078807859
0.9990457772973508
0.999199088814379
0.9915466975634681
0.005602525273988346
0.09821919823182881
0.18701094146841188
0.2724978821855705
0.35122708437764594
0.43267515345681107
0.5052826795224616
0.5770588077214787
0.6445966084588663
0.7086029159078643
0.765491208059307
0.8168335461014362
0.8629858710499163
0.901829075484188
0.9365655671442447
0.9607476485547075
0.9804150448588017
0.9920952400321302
1.0
0.9987169674701846
0.9966647902122022
0.003032001026936616
0.0940401888609782
0.18034803482435086
0.2633853240796388
0.3435328041653155
0.4191708594421114
0.4928274686144483
0.5630408094023118
0.6313813183543758
0.6931097770664638
0.7534818042597038
0.806480175001604
0.8532874654970034
0.89808142034631
0.9291296635594429
0.9585024649998166
0.9794320928423268
0.9927628674973653
0.9984460913715045
1.0
0.9995652340929162
0.0017787117615391053
0.08863789597340815
0.1736452234978365
0.25614144063783867
0.33396939111053703
0.4120461289002124
0.4823008301475501
0.5527717334866272
0.6213050307054673
0.6838590536404191
0.7409849389942962
0.796726253344797
0.8469491361909895
0.8873193614723758
0.9240941431071841
0.9548771747195703
0.9769594294915411
0.9943199247156238
1.0
1.0
0.9996874587934307
0.0
0.08447822424445951
0.1696855069949063
0.24733936290306763
0.32445236475280215
0.3992476018572565
0.47419317569625963
0.5425447694886063
0.6088726376358105
0.6728273494532413
0.7349787858757433
0.7887741463021052
0.8391464763031976
0.8847922229663063
0.9220778157193714
0.952503105821503
0.977653488491666
0.9942656857059564
1.0
1.0
1.0
0.0
0.08108853249606994
0.16438281859305998
0.24301693986131362
0.31859143472045637
0.39308317367414125
0.46405052758460175
0.5324445828097336
0.5994393600054975
0.6687935704678596
0.7258068946702857
0.7831931005719653
0.8359144566955319
0.8791443067750119
0.9188437812752132
0.9521245074993314
0.9753528724450399
0.9946479234908405
1.0
1.0
0.999248209770494
0.0
0.08067141394359433
0.16027993158559614
0.23891856033470327
0.31348972714700957
0.3863451632708268
0.4576778036960044
0.5261348046093131
0.5926281901231385
0.6597630703105347
0.7188115608330956
0.7789771453135025
0.8279141630031179
0.8754989732055605
0.9174963655583852
0.9514430269049985
0.9747446166579528
0.9945956746310204
1.0
1.0
0.9992709613386072
0.0
0.08130580282768388
0.16130788189964956
0.23631212253594397
0.312703842260789
0.3827257401010457
0.45394704439601885
0.5218796733406507
0.5894268139556083
0.6534469545261108
0.715334808697925
0.7740723948830233
0.8251304853784592
0.8738326572715794
0.9147471984375655
0.9487060761006063
0.974555074631216
0.9915946961370563
1.0
1.0
0.9912193809414153
0.0
0.08221476234267269
0.16375690392604397
0.23671626402864188
0.3133525917077665
0.38313580484416254
0.4528910626720545
0.5207691515902859
0.5879130710315095
0.6510948887581414
0.7136777930934005
0.7706814098572197
0.8239125961057104
0.8703225156064237
0.9109500593041477
0.9452337222167981
0.9695756087139358
0.9849681267891126
0.9942573261865957
0.9928046604511037
0.9820465414621933
