0.009012604811058115
0.16720580306445118
0.3119337741340575
0.4483546990380338
0.5732314972813422
0.685274948660968
0.7832928028502251
0.8717581089265378
0.9494360898908527
1.0
1.0
1.0
1.0
1.0
1.0
1.0
1.0
1.0
1.0
1.0
1.0
0.007148563966050049
0.15413359745237698
0.29467582378451596
0.42555340388169083
0.5433771663732427
0.6490553395234038
0.7457656756666452
0.8334943660839624
0.9104671855569944
0.9757967978502713
1.0
1.0
1.0
1.0
1.0
1.0
1.0
1.0
1.0
1.0
1.0
0.0023000152951672447
0.1448062032180469
0.2782524874946152
0.400889293036607
0.5146595591515818
0.6199616085689128
0.7133241546642608
0.7967876973860331
0.8740093787057743
0.9394745421052743
0.996788016197202
1.0
1.0
1.0
1.0
1.0
1.0
1.0
1.0
1.0
1.0
0.0
0.13649276613349975
0.26376102186303063
0.3835013549702516
0.49030862370886635
0.591895969400229
0.6835896619692676
0.7646919211238492
0.8394377745941768
0.9052848866540042
0.9663159559511216
1.0
1.0
1.0
1.0
1.0
1.0
1.0
1.0
1.0
0.9992945222116594
0.0
0.12845946855317153
0.25068985728023585
0.36429867999354265
0.46957739851464425
0.5654662326514246
0.657113047666213
0.7354890278934596
0.8093441398070864
0.8794769586534283
0.937607349574907
0.9900197581633897
1.0
1.0
1.0
1.0
1.0
1.0
1.0
1.0
1.0
0.0
0.1227806261931307
0.23932032955649035
0.3490315567330464
0.45171418148070563
0.5471764043679206
0.6308618505841649
0.7102067861120428
0.7846697317687542
0.8540834691756283
0.9146856421803106
0.9698241883508494
1.0
1.0
1.0
1.0
1.0
1.0
1.0
1.0
0.999889551194727
0.00010038634627439289
0.11827043889879087
0.23248503684964297
0.3365607447568284
0.43545255220294965
0.5281623315796502
0.6114471006052997
0.6914854241840931
0.7653225494123483
0.8313778509139994
0.8946114923030004
0.9521877383651651
1.0
1.0
1.0
1.0
1.0
1.0
1.0
1.0
1.0
0.0
0.11510864325250955
0.22382983711543158
0.32520015270545427
0.42208898318241495
0.5117990531294198
0.5944681817592119
0.6740730483860975
0.7461492212334263
0.8144100356090718
0.8770461939034693
0.9366065612926129
0.9897773903265901
1.0
1.0
1.0
1.0
1.0
1.0
1.0
1.0
0.0
0.11368827210119553
0.21940272118674659
0.3173732862079731
0.4112040134920405
0.49796062415454717
0.5823061123894913
0.6580157079343142
0.7292617427919931
0.7980704368142377
0.8645975712607543
0.9220276322006853
0.9779599253080745
1.0
1.0
1.0
1.0
1.0
1.0
1.0
1.0
0.0
0.10943980299673858
0.2130152452656041
0.3101341610457896
0.3996745417526131
0.48580598167450745
0.5674904083130686
0.6436015112024607
0.7174205950348851
0.7843604454862334
0.8491547071993899
0.9097835416671043
0.9661198071084158
1.0
1.0
1.0
1.0
1.0
1.0
1.0
1.0
0.000508134850982834
0.10720497153903176
0.20855031376124178
0.3020360145465
0.39022112186849833
0.4746100065813973
0.5547490653247398
0.631310224744144
0.7032738947655369
0.7704027961896753
0.8359317640705431
0.8969063084739113
0.9551930694015114
1.0
1.0
1.0
1.0
1.0
1.0
1.0
1.0
0.0
0.10292982727886692
0.2018537330543474
0.2934102705667623
0.3828522628216485
0.46267957286839634
0.541129615590293
0.6163670110765835
0.6873310596320796
0.7571528022682393
0.8221422004033766
0.8879246087664516
0.9456404698783316
0.996827989025731
1.0
1.0
1.0
1.0
1.0
1.0
1.0
0.0
0.09937012618418174
0.19606654953680913
0.28425838642086226
0.37183338862805626
0.45103324248837884
0.5288428996088724
0.6023251420964376
0.6714445483898291
0.7437286163538905
0.8089485329577537
0.8725352432813557
0.9331079485655959
0.9864393290231368
1.0
1.0
1.0
1.0
1.0
1.0
1.0
0.0
0.0958849490656699
0.18796338258793513
0.2755219028119529
0.3611738753839399
0.4387388630090852
0.5153370696377407
0.5883247553862885
0.65996034506284
0.7276459031336979
0.79355196640028
0.8578990331316406
0.9182196061655905
0.9732727012641958
1.0
1.0
1.0
1.0
1.0
1.0
1.0
0.0
0.09081563657381293
0.1835172097213208
0.26656215148275536
0.34965396746494065
0.4288936722507353
0.5004264023866036
0.5722409137697797
0.6421150891471578
0.7100454345806745
0.7746880274601694
0.8400793306657076
0.9022608622742833
0.956498893868061
1.0
1.0
1.0
1.0
1.0
1.0
1.0
0.0
0.08777419753875415
0.17603630707832302
0.2605777174031976
0.3373940665627742
0.4140220765778214
0.48557033302624053
0.5556061209601939
0.6256491138030514
0.6932202825905018
0.7568331483385489
0.8225794564721749
0.8851203814480872
0.9406909286579868
0.9904749934118101
1.0
1.0
1.0
1.0
1.0
1.0
0.0
0.08344068304449262
0.16893860805916314
0.2507985276198432
0.32739573550300644
0.3982949384928828
0.471514241455166
0.5381631857294111
0.6055637302177068
0.6728383045213837
0.7364229141022833
0.8018891903233395
0.865383399622183
0.9225819201284948
0.9757419812511008
1.0
1.0
1.0
1.0
1.0
1.0
0.0
0.08163700547179312
0.16396287913745125
0.24392772437499088
0.3159980648447943
0.38623911524515037
0.4528241371589799
0.5201710215913249
0.5864600436600366
0.653167966546343
0.7180126801943996
0.7822514759072918
0.8445966846196644
0.9044361168296721
0.9579961416270735
1.0
1.0
1.0
1.0
1.0
1.0
0.0
0.081691114467578
0.16165693454149183
0.23621434291102686
0.3067557172979912
0.37492526467995524
0.4391925409828562
0.5065295252921811
0.5703943089052641
0.632271171863568
0.6987805515319219
0.7622930738670448
0.8264093534571301
0.8838741808684732
0.9411315971906999
0.9873610891696407
1.0
1.0
1.0
1.0
1.0
0.00024921365730900136
0.08222634837968204
0.16048296696506298
0.2301644191281002
0.29960080773247516
0.3649567934162582
0.42757273074540825
0.4896739451289225
0.5515791672359673
0.6154481218931541
0.6811251837000507
0.7439862474467902
0.8056644435884817
0.8685661291842841
0.9249520299108404
0.9733319810015585
1.0
1.0
1.0
1.0
1.0
0.008273632567743069
0.0874980210178167
0.16127004273014628
0.2298111446702289
0.29556809439809467
0.35675281224547856
0.4169299139674316
0.4784070156988654
0.53839545269295
0.6000315279132971
0.6611796299748222
0.7263797712827381
0.7903734471886127
0.8504732618716507
0.9096236263447526
0.962557148192483
1.0
1.0
1.0
1.0
1.0
