0.0
0.043063950552976904
0.08726839809273587
0.1365898222734649
0.1887021239900091
0.24478743745888631
0.30405981282525857
0.3672983224852676
0.4339003788135946
0.5035089198529852
0.574219783190881
0.6454938399999438
0.714177963345781
0.7790322611238556
0.8427960500741002
0.8968881447922534
0.9435117396939006
0.9784656756923219
1.0
1.0
1.0
0.0
0.03283796498910363
0.0758845563585363
0.11891169683748609
0.16739318458245916
0.22099058091795482
0.27779959911882796
0.33761941445888266
0.40507916418255036
0.4721391503837039
0.5436879013028403
0.6150244005934548
0.6865313011718077
0.7548825606681663
0.8174640454840866
0.8750547483333584
0.9220157806918543
0.9587675168860127
0.9850889926065939
0.9984222137492484
1.0
0.0
0.027053471278615737
0.06421185033040049
0.10452004074516393
0.1494136811360185
0.19886962681427894
0.25391272991638664
0.3131036975996513
0.37888536435114906
0.44660248848272444
0.5173138735258123
0.5893018528839582
0.6626916851150949
0.7313660431170484
0.7979636640214002
0.8566159824910664
0.9059205004868709
0.9473187514549118
0.975135468677468
0.991978602652624
0.9934129276491114
0.0
0.02121850570226384
0.05699333882702085
0.09322716737226708
0.1359428270253339
0.18216005903338978
0.2331097442277979
0.29309130912003495
0.3543702236582407
0.42330483195730806
0.4937718922437553
0.5656619219514166
0.6382717646192821
0.7101350413846177
0.7780876194438304
0.8393702918097744
0.8914508629158167
0.9367045182463578
0.9674479368164457
0.9872152839430526
0.9905042374100557
0.0
0.01839443162809342
0.04972605187240395
0.0835429863134953
0.12152302340346954
0.1673989277611607
0.21679420829221163
0.2726166682257751
0.33387162623189426
0.4004548713098859
0.47096366563585235
0.5453986107569652
0.6180670307013445
0.6889892049945411
0.760394966530731
0.8228258711158527
0.8815714043276562
0.9269088891321686
0.9618502802563327
0.9846465236572745
0.9908014738442544
0.0
0.01612582441760866
0.04515373986982418
0.07248793810487801
0.11083287604398857
0.15214250040873317
0.19992572682736756
0.2537294358517325
0.3133981825846254
0.38016745466301793
0.45096187990098313
0.5244933591381944
0.5979451473852935
0.6735189987718364
0.7413751760615304
0.8100867054367191
0.8707114579401634
0.918967839707117
0.9571085147993287
0.9838416505195909
0.9954978952572084
0.0
0.014882808091631408
0.03967631216025179
0.06820379400307876
0.09893922637143511
0.14062393389893554
0.18165145456175166
0.23690501129767597
0.2949667310640068
0.36139991464946974
0.4277843524978805
0.5050766522620649
0.5803804840772153
0.6531124101657344
0.728627239177304
0.7954607631108167
0.8591695297118107
0.9110803949304613
0.953196597869016
0.9818095553053405
0.9973116386748415
0.0
0.012911920419170365
0.03373324090623828
0.058644056207410186
0.08939412572864981
0.12547537302650685
0.16694237318821029
0.21878664819794166
0.27504248442068974
0.33924504811221007
0.4052911480334588
0.4827658831793009
0.5595493383846769
0.6340085590686395
0.7107753493117648
0.7822110600300127
0.8453970448531773
0.902506981881486
0.9461696570336084
0.9815289152454845
0.9997566752147488
0.0
0.01259709079110511
0.028611588259541437
0.05008754090862888
0.07754065354922779
0.11022339450421506
0.1517446880505629
0.20045093130872396
0.254827387567822
0.31627998755845504
0.38645751388968985
0.4602833415027091
0.5365402829694362
0.6136420241320142
0.6921009297222216
0.7642266685360437
0.8328293206226969
0.8912498832773676
0.9433463939485113
0.9797080080464854
1.0
0.0
0.006830336453482584
0.02271420266688602
0.04258111223996362
0.06612516120747527
0.0966723850063001
0.13529550563128903
0.17995387003124688
0.23348409350689864
0.29593173635070424
0.36492944132058003
0.4338482321479442
0.5139338905893619
0.5920496876612042
0.672558433553611
0.7471400848961464
0.817766114916157
0.8781968369438258
0.9320687855999351
0.9750334424898999
1.0
0.0
0.006980003113071891
0.01733636169462474
0.03104507363939682
0.05252481472421053
0.08094465042957297
0.11919502041721153
0.1599259104956173
0.21278794399582066
0.2707554141259055
0.3400735876708454
0.41287947308396367
0.48788076104190886
0.570573897747432
0.6479348742819871
0.7245082260916557
0.799270227641286
0.866155907836171
0.924275632399429
0.9678243077431534
1.0
0.0
0.0021036157279371095
0.012287356075412245
0.021701779270678484
0.041031968422832604
0.06803864628214543
0.09798591777031784
0.14082906728432554
0.19232959922636234
0.24895652592086426
0.3172377127463913
0.38889155723022173
0.46561619968538714
0.5450042919382059
0.6265833438915788
0.705376470131009
0.7820927073038352
0.8515295146503998
0.9125733753715014
0.9630139808266227
1.0
0.0
0.0
0.00456528290120152
0.013571405359776412
0.028758298060625576
0.05152368080372546
0.08252953139044139
0.12325616035047171
0.17172198584463028
0.22882071346098565
0.29347289938352245
0.36264929566814047
0.44237642004160244
0.5215819157653769
0.6019395343217715
0.6825250162425178
0.7621877954684037
0.8340971467700533
0.8987960920011038
0.9568970985920985
1.0
0.0
0.0
0.0
0.004347018314508622
0.020638500857931424
0.03944015515562843
0.06844150967599127
0.10608779149393088
0.15220082817920438
0.20654703200151708
0.26857709928644874
0.3408848912999432
0.4165160606321564
0.4963610216011793
0.5787001878785708
0.6596757520595703
0.7400996034852936
0.8164189683341668
0.8869292025535288
0.9473816226930173
0.9982209898298448
0.0
0.0
0.0
0.0
0.010078290008658425
0.027741391661662756
0.056578630038273514
0.09073074238438789
0.13578389464158153
0.18867594599919796
0.2506665059905432
0.3174469430366734
0.3935043490011666
0.47447013402032656
0.555451839324729
0.6401434074439845
0.7210972623947647
0.7996569887767614
0.8735743869408337
0.9388144996176866
0.9952347213588978
0.0
0.0
0.0
0.0
0.003442584617700889
0.020749498702544167
0.04291698957593215
0.07659766787169558
0.11876083881597427
0.1722472753358471
0.23193513582300196
0.301231458690686
0.37348635466831787
0.45329264458849516
0.5368452243804616
0.6182314467913361
0.6999060594748241
0.7831740287640543
0.8580297460438344
0.928334514523131
0.9928721157723732
0.0
0.0
0.0
0.0
0.0
0.013148288365409655
0.037711329757641465
0.06991517197856023
0.10798474217922416
0.16066796085504897
0.21727792261944218
0.2847612613822557
0.35829616614628584
0.43549569891658635
0.5158814842097574
0.599981789886553
0.6831856393368143
0.7690756939529211
0.846896051414342
0.9231730350098153
0.9887711674550929
0.0
0.0
0.0
0.0
0.0
0.009098483505489086
0.03226975467625348
0.06214505364396461
0.1039535120309758
0.15148867372683783
0.20869512562494663
0.2723525533678914
0.3443629549114848
0.41804185507540864
0.5011443558623101
0.5867444222775985
0.6685994441024677
0.7526782928282654
0.8368955965629471
0.914126269134278
0.9899188098987074
0.0002708419001572226
0.0
0.0
0.0
0.0
0.012438925180977112
0.03351169161759482
0.06091684839945766
0.10104463446707068
0.14797949450180287
0.20295341517053994
0.2649460410748123
0.33206147739039066
0.40961063878495546
0.4862147302835754
0.5702961670187057
0.655822347446392
0.7409932699205664
0.8261679333585458
0.9089264132194947
0.9864755328988158
0.0013031255812375427
0.0
0.0
0.0
0.00010944319253985979
0.016192532431233808
0.03567605547004793
0.06513358826337151
0.10339792056437486
0.1482740598847907
0.20010038290459164
0.2609738912053531
0.3270657587971897
0.40170649987929163
0.47960802307424033
0.5609314195431461
0.6459097468752381
0.7331363688522906
0.8181335494861701
0.9040771869946813
0.9871719202366556
0.005397722699385866
0.0
0.0
0.0
0.007435969693894706
0.02234213702772958
0.042900350991498915
0.07147527020633743
0.10813459964610472
0.15182795077769157
0.20135547197818682
0.2605787737913858
0.32579448296499836
0.3971047629865358
0.47457651304813186
0.554656981668021
0.6380000601073319
0.7243742339084489
0.8141340809037669
0.9026408750410468
0.9877737189586803
