0.014767044594938675
0.0
0.0
0.0
0.0
0.0
0.0
0.0
0.0
0.0
0.0
0.0
0.029848493924615638
0.10179544724142786
0.19229420965690525
0.2961559866178112
0.4148403846892316
0.5435978966539978
0.688440074874676
0.8437605784684027
1.0
0.008706573868649514
0.0
0.0
0.0
0.0
0.0
0.0
0.0
0.0
0.0
0.0
0.035694413700126826
0.09448857086052409
0.16522537459326891
0.24802166556795702
0.3473416020123632
0.45688094883706526
0.5760552324742181
0.7085673734091247
0.8527416511132054
1.0
0.0031223467967282977
0.0
0.0
0.0
0.0
0.0
0.0
0.0
0.0
0.016568022859783704
0.05406938939879424
0.0997909013082331
0.1582780608889447
0.22637175068601134
0.30628999687257485
0.3966987648610025
0.4965432443604925
0.608135907686326
0.7300352045893655
0.8611053511719636
1.0
0.0
0.0
0.0
0.0
0.0
0.0
0.007728304568401512
0.02390110321466893
0.04665193494003156
0.07897381133739756
0.11686387071710291
0.1643971470894885
0.22086670321246826
0.28647874644543125
0.3596832924294241
0.4464990825459863
0.5397495676448136
0.6424010544693461
0.7540488662002316
0.8741823394922369
0.9991364920621176
0.0
0.0013819672918032946
0.005182439724154872
0.012644311953446397
0.02028926649422713
0.03537406214553254
0.052874034007185544
0.07442871574807902
0.10363346183658034
0.13588284704288983
0.17926822169924705
0.22684760508775048
0.28105838449334547
0.34493990629690097
0.41713927661778644
0.49586441717383184
0.5809665759210263
0.6735061483017477
0.7758551597039377
0.8819796324836723
0.9985383206768149
0.0
0.0075009551227797
0.020746236310635505
0.033667436950999524
0.05267585550278586
0.07194745168374578
0.09559653039633725
0.1223967566824079
0.154236965633321
0.19304353213455494
0.23585966865920466
0.285452027495317
0.33922460718752506
0.3987932067527355
0.4676636157066255
0.5394363208204853
0.6184289555086262
0.7019932150270933
0.7956671163213092
0.8911675219867787
0.9966195343114126
0.0
0.011579708636272022
0.03309465206961282
0.05506017152041627
0.07948286941462637
0.1067214042709213
0.1357858745351655
0.1688836033773439
0.2039562643701771
0.24533640377858268
0.2907916804417588
0.34015341271944766
0.3909750072417923
0.45032748905140607
0.5140233491335165
0.580472890501945
0.6515937943886476
0.7305557515227582
0.8137654852199454
0.9006052840056643
0.9908003532617693
0.0
0.01695321566837492
0.046800143683704803
0.07649812950515854
0.10522569070362081
0.13861640278090315
0.17198856833561812
0.20958975462146479
0.2491706854483536
0.2935560606990659
0.33919492522207795
0.38858926790011383
0.4406590364587609
0.49727061232643666
0.5578018494998986
0.6200420291551805
0.685742097460263
0.7580936568133181
0.8300772142294756
0.9092535915483825
0.9900886807974054
0.0
0.025510786564634243
0.059279810447055284
0.0914131224108033
0.12889045893234657
0.16693720229316733
0.2071966873043245
0.2480334746129899
0.2929548972197319
0.33791670245153016
0.38387110059699436
0.43327630369657033
0.4854084787556191
0.5386249155513094
0.5938683409597025
0.6522610769916976
0.7140192296186268
0.7780825560121367
0.8458204595663843
0.9140778431297029
0.9890713882591363
0.0
0.030702439792584513
0.07237823638639461
0.10947930201113945
0.1511434393412887
0.1957393316883481
0.23683258061539453
0.2821946437618863
0.3290504408214442
0.37649763933114155
0.4234892008862352
0.4729356372041499
0.5259087634978666
0.5763428644634414
0.6291920432986953
0.6843821472401104
0.7408686129744959
0.7992227990682609
0.8585941647591199
0.9216612909016783
0.9855276802012571
0.0
0.03636606849240128
0.08012448042844783
0.1269006247204922
0.17402272510346675
0.21744577713961577
0.26454344685800535
0.31349218680647395
0.36166654286008093
0.40942655166052844
0.45882831520345896
0.5075227382353646
0.5595371148037172
0.6097411485990247
0.660186424501006
0.7120012679118911
0.7626913414240452
0.8167783527649684
0.8718286846137979
0.9275551997234064
0.9858479691922238
0.0
0.041988216752027824
0.08948781448987246
0.13888523573684858
0.19020808027490702
0.23941868006057201
0.2897615097939458
0.34006214522582257
0.3904809881309815
0.44021668715045104
0.4905473543367306
0.5413443515916712
0.5898657876784695
0.6397672665899724
0.6871493395728521
0.7348008426693778
0.7836730017192548
0.8323658478463684
0.8841606590762737
0.9337270885486458
0.9828995343712722
0.0
0.045040631048160105
0.09936648500155455
0.15419692678537475
0.2082179866012556
0.2584711024134044
0.3116437624786949
0.36576811684468297
0.4142795836000982
0.4663575535736756
0.5180825333731108
0.5678208885923208
0.6159904406619743
0.664654451262208
0.7101275349308258
0.7568699938405365
0.802700876374077
0.848430457495389
0.8906019530769479
0.9380094394640066
0.9855879115816836
0.0
0.050064342800247956
0.1080604993474218
0.1649115865003821
0.22058496803773356
0.2767130918676082
0.33211284052051804
0.3863572802402502
0.43735018394571956
0.48957336071998964
0.5428579246221904
0.5938054518224055
0.6405242572040366
0.687974473757901
0.7301741637973755
0.7750946522865412
0.8187355591318175
0.8593716316092367
0.9012044619717926
0.9441749355538205
0.9879010778791102
0.0
0.05501961272722386
0.1150797113043992
0.1749289627433853
0.23458939130922168
0.2934788498139787
0.3466373457144094
0.401728388129088
0.4578289528102151
0.5110160262516164
0.5607693174347992
0.6122411682937063
0.6577391876857414
0.7035236259248461
0.7495088986210625
0.7908735617507928
0.8310157180672707
0.8716267949977091
0.9114627161433047
0.9506453046747254
0.9897102165713361
0.0
0.059129595170065205
0.12256155269628063
0.18514653011085075
0.24525987498686982
0.30368964671253046
0.36247756801325326
0.41844629634084646
0.4753877688954541
0.5273353267940446
0.5801759967316619
0.6275597399582162
0.6736563115381398
0.7207365441460694
0.7623119601987788
0.8035838486831369
0.8431812791889252
0.8812621785706628
0.9202231925220652
0.9568253227860595
0.9927712540259265
0.0
0.06432344207439326
0.12913483193667635
0.1930129322680656
0.25494546656888867
0.3157183872291621
0.3722774434241531
0.43108455894766484
0.4865119510833886
0.5393385315055808
0.5890568055080949
0.6389709375048518
0.6861856457814208
0.7296150677522174
0.771059918849094
0.8133735741260057
0.8508705721065536
0.8866721360939664
0.9253371201732571
0.9582804467612552
0.9951957351360063
0.0
0.06648961754745307
0.13318580616760692
0.1960212293049583
0.26114863115568426
0.32074637863266087
0.3822181614591629
0.43851773424891205
0.49356776790485174
0.546058110604946
0.5990838370410697
0.6458269841485882
0.6914277736098997
0.7354070973320087
0.778622930699227
0.8165840238087186
0.8544619619758372
0.8917125804777843
0.9275956164494553
0.9612713000963649
0.9939416436805425
0.0
0.06769168556509671
0.1374652218761486
0.20319664445151986
0.26457877761894777
0.3248845736521693
0.38584171000759165
0.4422665192485696
0.4957964869454723
0.5477962261197172
0.5991261159598749
0.6472940294494902
0.6932667418123236
0.7380291014240937
0.7786491233729531
0.8182790933767427
0.856267744992727
0.892576268080824
0.9274470455291588
0.962072617177855
0.9957295075197078
0.0
0.07024335896702638
0.13632689774569132
0.20012848629195848
0.2633581007864976
0.3249481604817585
0.3847092566772446
0.43910786022826137
0.4949507366340364
0.5468434913997319
0.596483573835477
0.6450791331497915
0.6891993110960231
0.7324345004119701
0.7728346319311931
0.8146512667806308
0.8522890518264186
0.8871116702169758
0.9205766944635855
0.9576165839590898
0.9891708260311531
0.0
0.06576278069365872
0.133339616380441
0.19712791224657625
0.25937981590364145
0.3196787348718342
0.37745473334306856
0.432629499622819
0.48499212836835254
0.5354839755115252
0.5847430562408797
0.632800469857051
0.6776143925787317
0.7201869739677211
0.7614885605375673
0.8047779711801963
0.8403520855408363
0.8750240334348838
0.9116762038986099
0.943677612279328
0.9781595378393844
