0.0
0.0
0.0
0.0
0.0
0.0
0.0
0.0
0.0
0.0
0.0
0.0
0.0
0.0
0.0
0.022020818561887423
0.1946827531704347
0.37952295133617797
0.571958365039678
0.7737484561743869
0.9767067603663376
0.0
0.0
0.0
0.0
0.0
0.0
0.0
0.0
0.0
0.0
0.0
0.0
0.0
0.0
0.0
0.01751049791291337
0.19079463341875602
0.37899019191210226
0.5735518524494506
0.7778901254617708
0.9882200214879724
0.0
0.0
0.0
0.0
0.0
0.0
0.0
0.0
0.0
0.0
0.0
0.0
0.0
0.0
0.0
0.01332701724601626
0.18761283919799254
0.3753894247316356
0.5749498397265149
0.7834638479224584
0.996210109205216
0.0
0.0
0.0
0.0
0.0
0.0
0.0
0.0
0.0
0.0
0.0
0.0
0.0
0.0
0.0
0.014700420996665353
0.1859507365963552
0.3737043187103567
0.5747440689248662
0.7863013907835195
1.0
0.0
0.0
0.0
0.0
0.0
0.0
0.0
0.0
0.0
0.0
0.0
0.0
0.0
0.0
0.0
0.018422090732875485
0.18769397028118895
0.37644281505341726
0.5755353246933925
0.7851230709433052
1.0
0.0
0.0
0.0
0.0
0.0
0.0
0.0
0.0
0.0
0.0
0.0
0.0
0.0
0.0
0.0
0.024948293066154204
0.19379851097646705
0.3796004010103039
0.5762194116691175
0.7873201479624149
1.0
0.0
0.0
0.0
0.0
0.0
0.0
0.0
0.0
0.0
0.0
0.0
0.0
0.0
0.0
0.0
0.035165772633292236
0.2008907357279347
0.38255016026907807
0.5792781864078747
0.7875798123657282
1.0
0.0
0.0
0.0
0.0
0.0
0.0
0.0
0.0
0.0
0.0
0.0
0.0
0.0
0.0
0.0
0.04884918745849853
0.2114071955127661
0.389031186526268
0.5828733129307665
0.7867771089764359
1.0
0.0011346501317231205
0.0
0.0
0.0
0.0
0.0
0.0
0.0
0.0
0.0
0.0
0.0
0.0
0.0
0.0
0.06861556962093396
0.22618180107902663
0.3982717168835034
0.5856474982068367
0.7893585215913487
0.998172760737506
0.0009523737496402605
0.0
0.0
0.0
0.0
0.0
0.0
0.0
0.0
0.0
0.0
0.0
0.0
0.0
0.0
0.08843482610555042
0.2426762985523241
0.41211917836931533
0.5951310955003359
0.790721204989118
0.998098110882008
0.0
0.0
0.0
0.0
0.0
0.0
0.0
0.0
0.0
0.0
0.0
0.0
0.0
0.0
0.0
0.11227017193434963
0.26126532603279873
0.4243612273879006
0.6057565729122534
0.7956824220708851
0.9970244938721502
0.0
0.0
0.0
0.0
0.0
0.0
0.0
0.0
0.0
0.0
0.0
0.0
0.0
0.0
0.015292946058775514
0.13928798290434308
0.2820704200489451
0.44226322053222616
0.6153565874129923
0.8000988924715682
0.9947310244985357
0.0
0.0
0.0
0.0
0.0
0.0
0.0
0.0
0.0
0.0
0.0
0.0
0.0
0.0
0.04946665197637656
0.16827838656041194
0.3071157390773027
0.45984773221566627
0.6293524020291882
0.8067218873442681
0.9927210539512956
0.0
0.0
0.0
0.0
0.0
0.0
0.0
0.0
0.0
0.0
0.0
0.0
0.0
0.0
0.08290342822481833
0.20020288565482847
0.3329938203984232
0.48147097842770215
0.6430073695230861
0.8147505464775002
0.9950101296965286
0.0
0.0
0.0
0.0
0.0
0.0
0.0
0.0
0.0
0.0
0.0
0.0
0.0
0.02266486822571101
0.11932893184854587
0.23159504337181702
0.36074588343505853
0.5019503692689198
0.6570633630685807
0.8216821548618323
0.9977951503187623
0.0
0.0
0.0
0.0
0.0
0.0
0.0
0.0
0.0
0.0
0.0
0.0
0.0
0.060534629648754
0.1547233443752113
0.2635665893133693
0.38722217515897067
0.5233623534166432
0.6736322913651803
0.8310428924831582
0.9996905672185943
0.0
0.0
0.0
0.0
0.0
0.0
0.0
0.0
0.0
0.0
0.0
0.0
0.02137027200273678
0.09831070135824693
0.1887165210302939
0.2951377311867003
0.41408331431638906
0.545281506234839
0.6872991885083861
0.8414232555398811
1.0
0.0
0.0
0.0
0.0
0.0
0.0
0.0
0.0
0.0
0.0
0.0
0.0
0.06113546164345507
0.1329262320845236
0.22135021773751895
0.32541754729278416
0.43736795766946607
0.5638755996205046
0.7039056132108691
0.8486961918507819
1.0
0.0
0.0
0.0
0.0
0.0
0.0
0.0
0.0
0.0
0.0
0.0
0.030377766450695343
0.09209800737699847
0.1660169604075168
0.251577839862949
0.35191279607770837
0.4630976978649567
0.5844053793234534
0.7166570699208835
0.8576833616843497
1.0
0.0007939172687810094
0.0
0.0
0.0
0.0
0.0
0.0
0.0
0.0
0.0
0.015034357254202102
0.06212240943622549
0.12411623345691125
0.19560879923998364
0.2785147918105728
0.37365771817278554
0.48287916173186013
0.5981556524321952
0.7258454614465614
0.8647158461987006
1.0
0.007340542156071651
0.0
0.0
0.0
0.0
0.0
0.0
0.0
0.0
0.002499938539822333
0.039787569383955335
0.08789282066011628
0.14972195899425156
0.2202447770886503
0.302978007269971
0.3967442256724816
0.49955584346190357
0.6152664178911795
0.7345499615180446
0.8648166860959368
0.9996662369579473
