0.0
0.12956850745178478
0.26451176535121756
0.3977433968491893
0.530976181871367
0.6572560008227781
0.779352765799503
0.8889867648756813
0.990293498669002
1.0
1.0
1.0
1.0
1.0
1.0
1.0
1.0
1.0
1.0
1.0
1.0
0.0
0.13780240227006776
0.2815085134909884
0.42331037628790047
0.5596247621353347
0.6890842820820644
0.814344083898636
0.9263784303145178
1.0
1.0
1.0
1.0
1.0
1.0
1.0
1.0
1.0
1.0
1.0
1.0
1.0
0.0
0.148120503082585
0.2947272480676727
0.442623478582188
0.5854462749527269
0.7189241516359899
0.8465034157928254
0.960466520234928
1.0
1.0
1.0
1.0
1.0
1.0
1.0
1.0
1.0
1.0
1.0
1.0
1.0
0.0
0.15285948004198144
0.3101380896377469
0.46290083321091
0.609819605898729
0.746744302171011
0.8777303803883292
0.9946711210493693
1.0
1.0
1.0
1.0
1.0
1.0
1.0
1.0
1.0
1.0
1.0
1.0
1.0
0.0
0.1611012367148457
0.32230485211224047
0.48032909402606855
0.6312042064770106
0.7748258190439261
0.9043387252388378
1.0
1.0
1.0
1.0
1.0
1.0
1.0
1.0
1.0
1.0
1.0
1.0
1.0
1.0
0.0
0.1669045979465058
0.3358113937208703
0.49720597278153533
0.6527378849218426
0.7960965154380739
0.9312336409614401
1.0
1.0
1.0
1.0
1.0
1.0
1.0
1.0
1.0
1.0
1.0
1.0
1.0
1.0
0.0
0.1722690758573027
0.343526635869322
0.5124343878504987
0.6699088090364442
0.8186569406544589
0.9540957695512056
1.0
1.0
1.0
1.0
1.0
1.0
1.0
1.0
1.0
1.0
1.0
1.0
1.0
1.0
0.0
0.17634007742862465
0.35377165107880154
0.5259482057404232
0.6853297956061084
0.836530475076906
0.9732833652883894
1.0
1.0
1.0
1.0
1.0
1.0
1.0
1.0
1.0
1.0
1.0
1.0
1.0
1.0
0.0
0.18246304415581538
0.3600293575935191
0.5351324067318479
0.6987268119152301
0.8490444727610631
0.9844790554159722
1.0
1.0
1.0
1.0
1.0
1.0
1.0
1.0
1.0
1.0
1.0
1.0
1.0
1.0
0.0
0.18094130096248467
0.3662157161342424
0.5418668095869577
0.7085719762750541
0.8605390780527213
0.9977677775551741
1.0
1.0
1.0
1.0
1.0
1.0
1.0
1.0
1.0
1.0
1.0
1.0
1.0
1.0
0.0
0.1844848963988393
0.37140919614891177
0.5498133707915696
0.7165638744816852
0.8673472472373002
1.0
1.0
1.0
1.0
1.0
1.0
1.0
1.0
1.0
1.0
1.0
1.0
1.0
1.0
1.0
0.0
0.1858418535512774
0.3717214267640942
0.550763436649987
0.7218871995070195
0.8740618831609098
1.0
1.0
1.0
1.0
1.0
1.0
1.0
1.0
1.0
1.0
1.0
1.0
1.0
1.0
0.9962814991204407
0.0
0.1854157253560984
0.3743514826562742
0.5545819252016086
0.7212636882392506
0.8763139265815537
1.0
1.0
1.0
1.0
1.0
1.0
1.0
1.0
1.0
1.0
1.0
1.0
1.0
1.0
0.9963268057813336
0.0
0.18482478211490724
0.376425602185376
0.5556831866576021
0.7220724807249993
0.8745915320263942
1.0
1.0
1.0
1.0
1.0
1.0
1.0
1.0
1.0
1.0
1.0
1.0
1.0
1.0
0.9923313453049801
0.0
0.18459025033892756
0.3744205424503279
0.5547989255363445
0.7216447423790852
0.8730946334626449
1.0
1.0
1.0
1.0
1.0
1.0
1.0
1.0
1.0
1.0
1.0
1.0
1.0
1.0
0.9911266515227671
0.0
0.18330914499960468
0.37467090483457643
0.553018927578683
0.721079522650413
0.8693449473346218
1.0
1.0
1.0
1.0
1.0
1.0
1.0
1.0
1.0
1.0
1.0
1.0
1.0
1.0
0.9871590676731352
0.0
0.1851917845079321
0.375599057911988
0.5524052748979195
0.7164403289984873
0.8652505520949296
0.9980281649633809
1.0
1.0
1.0
1.0
1.0
1.0
1.0
1.0
1.0
1.0
1.0
1.0
1.0
0.9921373086759427
0.0
0.18762115711761188
0.3737496416096084
0.5506978994222667
0.712911368609328
0.861143328391039
0.9891390712301987
1.0
1.0
1.0
1.0
1.0
1.0
1.0
1.0
1.0
1.0
1.0
1.0
1.0
0.9889552431137414
0.0
0.1897972789557103
0.3774594041890357
0.549320774393915
0.7092000822652252
0.8552994040896985
0.9828084868907163
1.0
1.0
1.0
1.0
1.0
1.0
1.0
1.0
1.0
1.0
1.0
1.0
1.0
0.9927012663122635
0.002604017726233251
0.1957562748990314
0.3781175702242916
0.548975044065299
0.7064976570494184
0.8484834910023933
0.9733226620140873
1.0
1.0
1.0
1.0
1.0
1.0
1.0
1.0
1.0
1.0
1.0
1.0
1.0
0.9949189491469586
0.015089515864264515
0.20349760293586996
0.37942340421569704
0.5476639569834258
0.7017954768209401
0.842675105673998
0.9647465224126541
1.0
1.0
1.0
1.0
1.0
1.0
1.0
1.0
1.0
1.0
1.0
1.0
1.0
0.9996995585023136
