0.004649952074051636
0.18926609864938065
0.3655240712316964
0.5288597095722829
0.6738994484976384
0.8063301005730265
0.9206656280785361
1.0
1.0
1.0
1.0
1.0
1.0
1.0
1.0
1.0
1.0
1.0
1.0
1.0
1.0
0.00339281768171547
0.189045740088766
0.35911513248465365
0.5184424415780535
0.663167148807956
0.7911600156208687
0.9034079647663095
0.9947648374906338
1.0
1.0
1.0
1.0
1.0
1.0
1.0
1.0
1.0
1.0
1.0
1.0
1.0
0.0031492671693986816
0.182302100925044
0.35048259122158276
0.5093054867425013
0.652688171873572
0.7752600165992154
0.8865821834092564
0.9767978607148722
1.0
1.0
1.0
1.0
1.0
1.0
1.0
1.0
1.0
1.0
1.0
1.0
0.9921559111661612
0.0022638334618206063
0.1789245901498903
0.3455509072627927
0.49970571037187844
0.6405106128057341
0.7649040325435039
0.8693687889306214
0.9588888093712136
1.0
1.0
1.0
1.0
1.0
1.0
1.0
1.0
1.0
1.0
1.0
1.0
0.9895591275284795
0.004387255260474366
0.1761075585439357
0.34127230819762766
0.4945189792843698
0.6301562129914022
0.7536622803391522
0.857986057836538
0.9426174157067766
1.0
1.0
1.0
1.0
1.0
1.0
1.0
1.0
1.0
1.0
1.0
1.0
0.9921103939068361
0.0026426291916544845
0.17410047019687713
0.33753619450097094
0.48584128809573296
0.6225524592258127
0.7405253282329548
0.8426701582804164
0.9293010013625906
0.9976848181889254
1.0
1.0
1.0
1.0
1.0
1.0
1.0
1.0
1.0
1.0
1.0
0.9933984247964535
0.003032784641399678
0.17557448505015869
0.33411294094437105
0.479575497872292
0.6138539167245123
0.7306295140446323
0.8302644875508016
0.9177575672288845
0.9839480499940554
1.0
1.0
1.0
1.0
1.0
1.0
1.0
1.0
1.0
1.0
1.0
0.9980302036640463
0.004604209567066236
0.1709814755225778
0.32783171157779994
0.473585991827315
0.6059440570057666
0.7212956773078588
0.8197181995560738
0.9029437732261656
0.9700029102304915
1.0
1.0
1.0
1.0
1.0
1.0
1.0
1.0
1.0
1.0
1.0
1.0
0.00396216913083384
0.16876368462418345
0.3240295756801402
0.4661785386282596
0.5971885762703828
0.7112996633916249
0.811166615327732
0.8927616509214473
0.9576066665673452
1.0
1.0
1.0
1.0
1.0
1.0
1.0
1.0
1.0
1.0
1.0
1.0
0.002877127110368958
0.16513558435345918
0.3208559260760421
0.4640002819035529
0.5890597742115634
0.7030311485311791
0.8014924337700666
0.8811947716841491
0.9468980214106446
0.9971161172803278
1.0
1.0
1.0
1.0
1.0
1.0
1.0
1.0
1.0
1.0
1.0
0.0029932258925165537
0.16632626052810728
0.31720134168600367
0.45701745149946865
0.5822339629715159
0.69385455319945
0.7907491774698314
0.8712795285072825
0.935809634555268
0.9838322776180934
1.0
1.0
1.0
1.0
1.0
1.0
1.0
1.0
1.0
1.0
1.0
0.0020560066069691273
0.1624367316986873
0.31103018390864345
0.45139503581705603
0.5757405925093411
0.6871971864600075
0.781646459574084
0.861780355490964
0.9260098561942399
0.9744468856539104
1.0
1.0
1.0
1.0
1.0
1.0
1.0
1.0
1.0
1.0
1.0
0.0026168225779683164
0.1601196414568419
0.3106770142883021
0.4459591586341051
0.5696603722412459
0.6805421988242645
0.7747518647684939
0.8530938668098799
0.9147498906297907
0.963193732071049
0.9985383719926887
1.0
1.0
1.0
1.0
1.0
1.0
1.0
0.9982502743967705
0.9960126542597649
1.0
0.001138861325754214
0.15731259971399553
0.3066589851436795
0.4419955213787537
0.5656054113250322
0.6746412356526268
0.7652416422299553
0.8439867707868928
0.9068313542098159
0.9529259573733311
0.9868138743087391
1.0
1.0
1.0
1.0
1.0
1.0
0.9963395951677769
0.9941591007449088
0.9957486500876593
1.0
0.0
0.1565521976753856
0.303928426103508
0.4393839419838294
0.5602249978626015
0.6674532217056013
0.7590878815451273
0.8362540408331336
0.8973949845044318
0.9430525731085448
0.9783477776798502
1.0
1.0
1.0
1.0
1.0
0.9960896303439246
0.9902656493784312
0.9876494826236693
0.9918212452862862
1.0
0.0007387635791166482
0.15454487229377759
0.30244206679124164
0.4346696728043957
0.5550621669318336
0.6607433868690752
0.7519739987780947
0.8269487547362072
0.889131331183143
0.9370792772701662
0.9708142440151519
0.9921058493831862
1.0
1.0
1.0
0.9992440087373298
0.990240065904663
0.9851587792266652
0.9839724828339977
0.9878873659104068
1.0
0.0
0.15254434518237492
0.2984620680815015
0.4317826341484554
0.5507750514026292
0.654735441758699
0.7476887127101631
0.8212190618109472
0.8842464681413882
0.9289757356567133
0.9606517979031517
0.9834200532521404
0.9934811469168319
0.997406493112921
0.9967588870120097
0.9917382857051407
0.983460479720016
0.9805377210861445
0.9800425841828041
0.9861417100475687
1.0
0.0
0.1536930798351922
0.2979042350060995
0.4297633882606125
0.547211652158042
0.6516727671953559
0.7429341243539049
0.8158571861319026
0.8760842815550614
0.9237489403666954
0.9567417369062061
0.9752219873300951
0.9891683115969393
0.9914165905952692
0.9899105426036138
0.9845112808120434
0.9796607951202116
0.9751658864898302
0.9772624334389829
0.9843017822669248
1.0
0.0015354621221083057
0.15348849322586153
0.2949725540187907
0.42755650470533874
0.5448928468672896
0.6506941723005706
0.7379803090840407
0.8116075112448548
0.8722412119362533
0.9171702893782209
0.9503665199698155
0.9722570917386391
0.9816629743135765
0.9879282980754138
0.9844737816445963
0.9825521696158455
0.9761714356235922
0.9750199532315169
0.9767995969637192
0.9837898656599492
1.0
0.004628832177434287
0.15589940695987237
0.2970725781981952
0.42689277712283485
0.5445626279016837
0.6469159279596659
0.7373812040099699
0.8100451046264905
0.8681045146913896
0.9135597435661813
0.9457949975049101
0.9677809191085207
0.9804234722887406
0.9851382265167186
0.9839965014896634
0.9809956200206288
0.977001115025004
0.974416961456792
0.9774510946748222
0.9848229586936385
1.0
0.006962392491810958
0.15501429533492844
0.2998450273942621
0.4276696487923442
0.5444836941222049
0.6482333126055405
0.7368336766593586
0.8069221886419529
0.8674816097028306
0.9150098668391395
0.9464239921322553
0.9665787024125018
0.9805739058816711
0.9865782565778147
0.9851743459159511
0.9826127254868949
0.9802176773580106
0.9802528447569118
0.9813145050358166
0.9928102351130981
1.0
