0.0
0.0
0.007043472072888246
0.01990995519225708
0.034203361654905284
0.048958304048931534
0.06500360120612647
0.08784742330115614
0.11281040918816848
0.14492790701770358
0.18603318639148902
0.23489999488388302
0.29230089300237033
0.36093150798319523
0.4355217848846077
0.5206761733782679
0.6119956925175767
0.7059631385166905
0.805307526412835
0.9075706722152003
1.0
0.0
0.0
0.014839292432724777
0.0256608715453365
0.03883606578895507
0.052918031326030734
0.06914188265176158
0.08867513984247866
0.11404941233301108
0.14750356309575685
0.18612334193878416
0.23580375080811655
0.2946625178153159
0.35997788220441057
0.43492989361352996
0.5183531460064612
0.6105277537425314
0.7047691090501533
0.806325597884809
0.9062085737275151
1.0
0.0
0.007921914699953243
0.020409558067659025
0.03091296092932337
0.04241551524205009
0.055527673913014
0.07001419949604498
0.0890064572796464
0.11604077656988115
0.1474268343007084
0.18406285474501055
0.23741997122792202
0.2912539553394523
0.355380429706323
0.43149335019282264
0.5165396343996485
0.6051073789397374
0.7015245118169071
0.8036323498312891
0.9017730898161678
1.0
0.001515408599051943
0.01073276184286609
0.023329064828568932
0.032191232612352905
0.045572185059375964
0.054770850157828316
0.07006062125833701
0.0890453737293384
0.11379317599475453
0.14512099032451214
0.1861385829562831
0.23289508520668256
0.28993126699806576
0.3561024648635347
0.43165146033122903
0.5164951599843548
0.6048776658490164
0.7004126564920372
0.795991337002785
0.8988069396725101
1.0
0.00443026508549424
0.015932330950494025
0.02370951255020251
0.03340545027097572
0.04362238968187798
0.054074340216063305
0.06979304328663621
0.0867494274657708
0.11244530931750074
0.14316078148358413
0.18313978496972294
0.23108308816094786
0.2887851944874178
0.35390297899483747
0.4303175349852399
0.5124751476695972
0.6016544695533896
0.6979338469482121
0.7968161611067862
0.8972884476424657
0.9958906259353493
0.0068617339345111664
0.017359400042270108
0.02439236402140138
0.03431631817973324
0.04200730144168621
0.05098403070497315
0.06547107020989706
0.08616391371253301
0.10853601063365281
0.1418754965508734
0.18123455798912425
0.2301875015414589
0.2863296849718572
0.3538242515258131
0.42910187046818904
0.5119434817018814
0.6007668829889787
0.6942929341521198
0.794281346989207
0.8953313453476853
0.9948798011063342
0.0056356551313233305
0.01672346989292063
0.02447643428530366
0.030090585861326027
0.039852619444816884
0.048961877208775234
0.06166854777872438
0.08118511887615171
0.10565068749645684
0.13745371275095053
0.17559321862108396
0.22689015996230744
0.2837950199027182
0.3534385882218795
0.4275584291873905
0.5089897633865528
0.6012702026947665
0.694694447374145
0.7932035280487301
0.8938478439288042
0.9938984132634804
0.004994592635378796
0.013882483793723574
0.019130075450666778
0.026222763558398393
0.03328495412329932
0.044274917616015735
0.05758217460244813
0.08009983360202244
0.10056325058178078
0.1351786834724878
0.17502023935176253
0.22532026992843662
0.2845056924478721
0.3518953650724298
0.42813328088347546
0.5104549438921395
0.5981764045080935
0.6960555314109372
0.7941668251411106
0.8912508848302328
0.9902388995704948
0.005479028154703226
0.010137485206675602
0.015681172608778937
0.020639105674649827
0.02897131171756573
0.04106778280928783
0.05414100810495803
0.07320393158603306
0.09867352270695745
0.1337256705555725
0.1739856137063293
0.22693596769412827
0.28429385511467936
0.3528592872068572
0.42779011015340856
0.512440832302598
0.6028854983319574
0.6970340973067578
0.7944110444547432
0.892632003183196
0.9906909722895106
0.004640355822612432
0.006414386375261996
0.011055007032051228
0.016035664520536286
0.022549844308063394
0.031229326777149846
0.048206102561653086
0.06703780044402141
0.09617081043569076
0.1297692309589204
0.17271660514393472
0.22538252860574276
0.28330266092685497
0.3536108178608897
0.42870134369870583
0.5151506054138343
0.6036146325579592
0.7003537234751317
0.796843353115934
0.8952793370522418
0.9935722513717139
0.003377498459937834
0.0045967924624966475
0.006593948074103059
0.009378730478832004
0.01588167269414753
0.027208183404756447
0.04191208003178021
0.06303217912966758
0.09135214141265396
0.1273042893206831
0.16932706563343358
0.2226130955198028
0.28193526134796776
0.3527579260588548
0.43179918331882444
0.514019042804368
0.6060767556382751
0.7008638471583022
0.7966888532340893
0.8987535623358195
0.9941238791722958
0.0009259658930972684
0.0013484542548991077
0.0019530017133290167
0.004870186438395069
0.010156902277520974
0.019657601774509065
0.0363165743588193
0.056587972341949566
0.08521341423122891
0.12184255823933399
0.16772094561204393
0.22139110879092322
0.2824660157154438
0.3551514771820846
0.4315837713408239
0.5176330034090728
0.6091029824355148
0.7037753535867343
0.8010762767383988
0.8984857486156607
0.9975540301415553
0.0
0.0
0.0
0.0
0.004195861198293044
0.014623836728891226
0.027987789175063116
0.04986895335673924
0.08003347708523023
0.11819812483035691
0.16349189419632582
0.2186889899229038
0.28295961272732917
0.35408618002746595
0.43493858829995974
0.5203892739391511
0.6099413215962336
0.7079249987479359
0.804663100070017
0.9040051028390049
0.9995584389595497
0.0
0.0
0.0
0.0
0.0
0.006851534256736569
0.02017168385417345
0.04425528436756665
0.07437852835075281
0.1106573367126118
0.1578249576174512
0.21641288727067343
0.27938129056769795
0.35230147621185665
0.43357811392003764
0.5211512472449491
0.6139837119042042
0.7094474999458802
0.8068805425632584
0.9061670680001286
1.0
0.0
0.0
0.0
0.0
0.0
0.0
0.012268774649260628
0.0347721421741381
0.06605009051778554
0.1040326843704994
0.1539634373473513
0.21084795395362682
0.27817656103397365
0.3525858246257379
0.4339059142450604
0.5233649580691483
0.6144391173852455
0.7097855793711314
0.8096687400928038
0.9081034535959807
1.0
0.0
0.0
0.0
0.0
0.0
0.0
0.0027689379560022487
0.02704042553329533
0.0580416679503144
0.0972794234774782
0.14893577587490803
0.2063572602001471
0.2733798470959982
0.34670571377242193
0.4309554529298013
0.5217341275073031
0.612853000447499
0.7130481250757517
0.808556747421395
0.9115452969617656
1.0
0.0
0.0
0.0
0.0
0.0
0.0
0.0
0.01489577551866711
0.04834920444795332
0.08832304498000404
0.13870490327012386
0.19871947962966735
0.26720103597154915
0.34354899779773235
0.4270219807023119
0.5184683602497062
0.6122341474727264
0.7102690768075341
0.8112728669384436
0.9119512658924144
1.0
0.0
0.0
0.0
0.0
0.0
0.0
0.0
0.004473393598485587
0.03561989547649058
0.07675118300270406
0.12722110831245675
0.1897404135358443
0.2599861031796288
0.3367191646635208
0.4221794590785855
0.5130479694687173
0.6108426425164839
0.7117578296694087
0.8139611166355937
0.9153742700097424
1.0
0.0
0.0
0.0
0.0
0.0
0.0
0.0
0.0
0.02381855771703023
0.0652083501019492
0.117817510546605
0.17977298357075278
0.25044790061509664
0.32962127453763534
0.4150020223774933
0.5091892093998671
0.6065372668184195
0.7092563081336452
0.8095589022789688
0.9134502896036696
1.0
0.0
0.0
0.0
0.0
0.0
0.0
0.0
0.0
0.011657128856426058
0.05269781209155705
0.1049472571576851
0.16759961909812465
0.2382688234176843
0.3202993334032315
0.40989874598193915
0.5027197604412483
0.6012614293314962
0.7055529367065162
0.8097429840361364
0.9133533148140618
1.0
0.0004766980843952714
0.0
0.0
0.0
0.0
0.0
0.0
0.0
0.0
0.03965819369085116
0.09208826268433956
0.15567039636278418
0.22857239049893402
0.3107155271203409
0.40002074577838626
0.4959606186893991
0.5975751108145755
0.7022202404974281
0.8084420992573975
0.9149633598980224
1.0
