0.006829346441720206
0.0
0.0
0.0
0.0
0.0
0.0
0.0
0.0
0.0
0.0
0.0
0.02782928083017433
0.10829557334731499
0.20306868304564907
0.31095031276652285
0.43142740152554704
0.5614803071154257
0.7076006442208402
0.859322200599938
1.0
0.0017174594790217942
0.0
0.0
0.0
0.0
0.0
0.0
0.0
0.0
0.0
0.0
0.0
0.0377613390305227
0.11913113947976128
0.21626844518683275
0.3230586945533037
0.4435623175780645
0.5734526244340703
0.7135288764800716
0.8584943513363271
1.0
0.0
0.0
0.0
0.0
0.0
0.0
0.0
0.0
0.0
0.0
0.0
0.0
0.050916619568245114
0.13504319362851136
0.23296456039008728
0.33925620872478146
0.45825923466745494
0.5850601667370213
0.7217881011006761
0.8641476903172609
1.0
0.0
0.0
0.0
0.0
0.0
0.0
0.0
0.0
0.0
0.0
0.0
0.0
0.07119723266132538
0.15813123116933192
0.2554303406487972
0.36100552369535666
0.4793424723237739
0.6024848005638863
0.7335328880153322
0.8696957446931127
1.0
0.0
0.0
0.0
0.0
0.0
0.0
0.0
0.0
0.0
0.0
0.0
0.02351975000724804
0.09830990634480707
0.18601912591558178
0.28274292275746493
0.3867019352166198
0.5016227131774803
0.6214136173931921
0.747215821643946
0.8741785602637185
1.0
0.0
0.0
0.0
0.0
0.0
0.0
0.0
0.0
0.0
0.0
0.0
0.05561013716552887
0.13248756609567625
0.22025926186706235
0.31533247816777904
0.4180138070380919
0.5291583435092825
0.6429480015198292
0.7632409684413105
0.8839688632996385
1.0
0.0
0.0
0.0
0.0
0.0
0.0
0.0
0.0
0.0
0.0
0.027239618994776116
0.09267102884447653
0.17122240146983658
0.2586095948829728
0.3539521750375882
0.45382054992347853
0.5598183054176218
0.670249313520136
0.7816558205976823
0.8942383921700336
1.0
0.0
0.0
0.0
0.0
0.0
0.0
0.0
0.0
0.0
0.012562323326791303
0.07213568072560517
0.141261586556937
0.21935553420822967
0.30576804509071637
0.39749719065304867
0.4927893935597465
0.5964346295103671
0.6988928876191266
0.8009905331511146
0.9046649274597055
1.0
0.0
0.0
0.0
0.0
0.0
0.0
0.0
0.0
0.007880154572439457
0.06116592399577059
0.1238654200831712
0.19381403155471905
0.27212287258535867
0.3565663350540561
0.4452303382425515
0.5390903660830209
0.6338918817741342
0.7296520914580882
0.8234280701085944
0.9162355833598165
1.0
0.0016371871295159843
0.0
0.0
0.0
0.0
0.0
0.0
0.018491714634683465
0.06264998285547435
0.11831089565515568
0.18221572791705054
0.2544713567406795
0.3305725454752014
0.41271773817381935
0.49933865710350783
0.5863284901733348
0.6757045429623609
0.7605515847439938
0.8458738120923217
0.9267717256425999
1.0
0.003960959885280558
0.0
0.0
0.0
0.0
0.0
0.030787044149304887
0.07303899264259056
0.12309059284669649
0.1810825412427754
0.2452624003564961
0.3184701418358254
0.3924382461455575
0.4729847494592524
0.5561359913426732
0.6389764610817421
0.7176644061546602
0.797108920169775
0.8697196875532174
0.9400966641537889
1.0
0.007024879631824919
0.0
0.0
0.0024050583746619836
0.019570637159890686
0.04620448112749653
0.08509760513827136
0.13055684157622616
0.18720894169495933
0.24872246431486755
0.3147037263371192
0.38686848378720806
0.462055072813253
0.5371120224595033
0.615986447834432
0.6925145999073026
0.7644771859939664
0.8317392891175474
0.8955319248552045
0.9521394138179365
1.0
0.008555043122770858
0.00693002811500034
0.015238614697740002
0.033820468414353225
0.060773814140623106
0.09685035355897967
0.14270468631168526
0.19383187674379204
0.25327806859766194
0.319261081366178
0.3892037265362962
0.46081730736665943
0.5329917801141124
0.6064960486672955
0.6777261069165537
0.7457380883753868
0.8106474400339861
0.8688881374382202
0.9201992612908712
0.9656046656254572
0.9996845667917915
0.005057847323737187
0.018124397793606584
0.04103879949506935
0.06860979297226476
0.10629719177602738
0.15103304473869822
0.20519017468319606
0.2624099476438292
0.3269326447759432
0.395943771565818
0.4657596160328533
0.5367640845877034
0.6093063677289794
0.6772019040416786
0.7442960881210993
0.8052286073288311
0.8587564120379103
0.9068101010890697
0.9476178018550915
0.9804809991123524
0.9998132053740073
0.004814564612684024
0.031601729191246694
0.06251611270672366
0.10417163523958596
0.15351528534401282
0.20671159883080498
0.26823375585574966
0.33247398528358163
0.4022021504011743
0.4726579031844953
0.5452959377005417
0.6139587019565271
0.6830311837689412
0.7498127626732589
0.809196304765674
0.8627100755714704
0.9098287671309154
0.9471737271109998
0.9749381841422531
0.9928005506624233
0.9970937774611024
0.0007447270058860166
0.041747236072610196
0.08921283922046651
0.14148714838130788
0.20098111020686166
0.2659964732692968
0.33345810957882954
0.40634589539985283
0.47794651701389185
0.5532499901163197
0.6247963486869514
0.696305529172758
0.7620727061475712
0.8217301562128422
0.877200550739413
0.9220731379445274
0.959427398438591
0.9869275804816481
1.0
1.0
0.998843288441705
0.0
0.053284998676548234
0.11345949277178108
0.17942260222130066
0.24960877791416247
0.3234926770349426
0.40255392569934634
0.4780621153216104
0.5580297834077328
0.6364269220971748
0.7093504051934811
0.7783742324676226
0.8433062087984284
0.8990615207539268
0.9457246962166138
0.9833282312227545
1.0
1.0
1.0
1.0
1.0
0.0
0.06527810702544026
0.13852895304648777
0.21778322616337614
0.29896023669589805
0.38394657168533614
0.47052423259290577
0.5543213605887992
0.6384361154913016
0.7160707018479502
0.793714196298996
0.862469705151842
0.9210197778883495
0.9734684449240065
1.0
1.0
1.0
1.0
1.0
1.0
1.0
0.0
0.07680310732320603
0.16532105611412906
0.25691295302975714
0.3509189675738623
0.44353003664036295
0.5360642492956698
0.6290873300096926
0.7177922105350784
0.8001316153929967
0.8768044121339134
0.9441467235774317
1.0
1.0
1.0
1.0
1.0
1.0
1.0
1.0
1.0
0.0
0.09165092259436894
0.19438756513859687
0.29780039082095716
0.4037708128952985
0.5047289788859273
0.6060726889013095
0.705115806437628
0.798211606025373
0.8843757979812394
0.9603631660036336
1.0
1.0
1.0
1.0
1.0
1.0
1.0
1.0
1.0
1.0
0.0
0.107113653795529
0.22208500429206066
0.33904519614038425
0.4527546461028693
0.5656965128981082
0.67578260105816
0.7795432040793918
0.8779492664456909
0.9677240790310138
1.0
1.0
1.0
1.0
1.0
1.0
1.0
1.0
1.0
1.0
1.0
