0.0
0.029569629428418596
0.07007501462539277
0.11039600310311942
0.15420888154972068
0.20446915472190408
0.25086735289277984
0.3072014317486072
0.3626309290076453
0.4245937948759046
0.48988082280841216
0.5602440548372798
0.6278163043713697
0.6967737408809648
0.7625811564736796
0.8256641196511139
0.8769217634493413
0.9274138345416425
0.9648824359058027
0.9914445790531553
1.0
0.0
0.028489092747477244
0.06958462457458946
0.10837526294782504
0.15142867391152848
0.19778836816774947
0.248137123907489
0.30164195555996454
0.36280258628178863
0.42508691460362175
0.490388221924366
0.5577293032752482
0.6273900561457948
0.6954582785839638
0.7615097730482371
0.8237626814268054
0.8792380712363858
0.9268673690626499
0.9621848909449011
0.9886210687540645
0.9998965434096864
0.0
0.02809707058825631
0.0645864686960566
0.10589208086552954
0.14595960182269208
0.19387315317840398
0.24469824742146845
0.29985407749270443
0.3592226208229284
0.4222104464446738
0.48952859940194116
0.557044746746264
0.6260237671657892
0.6957106917316417
0.762791876624065
0.8239293723367249
0.8794806041506503
0.925662705505856
0.9611838377292786
0.9873426637594744
0.9972484581256932
0.0
0.026650751177575052
0.0636745091031364
0.10187999305528664
0.14256404838857606
0.1886240400973535
0.24060746227404395
0.29501349706079527
0.3550790521982762
0.41984924618668495
0.48567001552179256
0.5564307830369029
0.6271381091828113
0.6973796472249502
0.761241589056414
0.8238862344696404
0.8794893820441255
0.9251761606309041
0.962074754042461
0.9851287722640841
0.9942751046035855
0.0
0.02936314332588191
0.062051289153040395
0.09794168905605637
0.13933468230063756
0.1845036045567056
0.23568655819388967
0.2923980783660757
0.35160177577818563
0.4154188971461902
0.4857564393122028
0.5575275388603155
0.6281758703321195
0.6974498254025837
0.7637233951458217
0.8262253355374027
0.8807771936910836
0.9267700961780414
0.9634269911850374
0.9859998765327632
0.991102231695283
0.0
0.0261832578073819
0.05696677185923104
0.0966231090780392
0.13604030896050895
0.1814315575997707
0.23393504112623048
0.28799336480905496
0.3502258640509414
0.4172054773171022
0.48609934977222063
0.5568234939636241
0.6314261225040844
0.7002657394717473
0.7677858508034439
0.8324316356240502
0.8866018407720117
0.929055777605884
0.9653883436707426
0.9846047896829031
0.9930254548291482
0.0006485095509555392
0.026491103077282724
0.05693127207656999
0.09196934541451636
0.1329313260529624
0.17798696737507785
0.22954530868965692
0.28853956312497836
0.35136533904837086
0.4186683444848667
0.49060025149458586
0.5623149059338938
0.6367162763564786
0.7057048709623266
0.7747540374161012
0.836486383260116
0.892370666707656
0.9340487485514339
0.9672088717604317
0.9893512105068024
0.9944140787888837
0.002396628596603434
0.026542818702379584
0.05893056145056899
0.09152643930201829
0.13214452406847554
0.17861302814095448
0.23154363134180023
0.28967710602614904
0.3534110561257544
0.42306975808731584
0.4943718939968314
0.5679239736444776
0.6407309431774517
0.7143591212752375
0.7824375636694437
0.8442527104645002
0.8955274069681954
0.9405347577567722
0.9740186012095333
0.9920073620261091
0.9957619126418444
0.00420657594837128
0.026354348977258604
0.05632206149846646
0.0905308889933385
0.13036460001330447
0.17931102652916014
0.23250014705152972
0.291689209093719
0.3569381613768695
0.427375904327246
0.5012324494988597
0.5741046975956511
0.648246247209233
0.7223417984618805
0.7899152675339514
0.8524738952444082
0.9046595845625975
0.9491662587030518
0.9791059423781718
0.9983093557664692
0.9993546969921642
0.00584761352591056
0.028260075044365684
0.057326197166436846
0.0917717213428966
0.13346489769985564
0.18049197197980665
0.2373374729894327
0.29717382487539845
0.36247530488071655
0.432820500401872
0.5074009751435896
0.5827128351724884
0.6583531982312748
0.7335783203565187
0.7997936469912889
0.859844074710534
0.9149672496782589
0.9554623658838981
0.9864300707501255
1.0
1.0
0.00734361150281863
0.029560870087590837
0.057442857941426395
0.09463410532366749
0.1333131367179039
0.18405848441841066
0.2391675040497378
0.3014329612018519
0.36785700074557887
0.441643103200797
0.5156009867780404
0.5937268865707062
0.6698204000711829
0.7406767626131998
0.8113558039968177
0.871890760077848
0.9237829012536736
0.9651570476969199
0.9912096262440434
1.0
1.0
0.005806724171050085
0.028429463897316765
0.057156529586174606
0.09430233014366747
0.13553476838955802
0.18757190137349847
0.2439051059393677
0.3074878315926116
0.37761655591281623
0.45031274866338233
0.5262119884811424
0.601948546287585
0.6794487996635338
0.753381097793452
0.8198252436081608
0.8800631307780701
0.9322555616082808
0.9710332405536891
0.9990767726553006
1.0
1.0
0.0038924030823931344
0.026906877673016368
0.05932081828379818
0.0955658975538769
0.1385360792579903
0.19141589458443004
0.24984897148441537
0.31460989530998995
0.3843583852014105
0.4575863361447961
0.5335917215907001
0.6100692468444798
0.6872449078087363
0.7598062087809714
0.8284013216603117
0.8887172531623433
0.9396471456349713
0.978861868823678
1.0
1.0
1.0
0.0026095228345299408
0.028223154843005104
0.05831819984219248
0.09727615147624549
0.14165914195809892
0.19566509143309718
0.2545367852238758
0.32318372559873526
0.38995471236681045
0.4653117088686843
0.542457139238376
0.6200916118452919
0.6956772141260588
0.7675444932349706
0.8357893001959052
0.8942395526942326
0.945071224109369
0.9803077212279611
1.0
1.0
1.0
0.0
0.023957002479870582
0.058028189607696734
0.10017021390217298
0.14570541759046868
0.1996021740926682
0.2602711959173368
0.32660643664595584
0.3981188575351394
0.4737277479453778
0.5517643685466127
0.6269493590029871
0.705190756185911
0.7749491022393554
0.8427553300699675
0.9028177107101764
0.9495079067861036
0.9856037901047757
1.0
1.0
1.0
0.0
0.02178835539452457
0.058623175242360895
0.0998436884988265
0.14855489449187004
0.2064755096051158
0.26750133429428974
0.3345850666103361
0.4060776526476084
0.48160522296712366
0.559038647977836
0.6363062539414944
0.712260504264009
0.7817721587705367
0.846499446554331
0.9014522172969722
0.950055935973145
0.9858064906756585
1.0
1.0
1.0
0.0
0.023229374532038653
0.05977279653172428
0.10425833298400113
0.15476070343516055
0.2115452061317255
0.2751489199077901
0.343361318179118
0.413142483213463
0.49024912197394666
0.5662320709867799
0.6410585931190662
0.7151758412578979
0.7872207495771661
0.8506769349562178
0.9049530739566364
0.9524230638590092
0.9855911612667314
1.0
1.0
1.0
0.0
0.02413905983668344
0.06242783759830455
0.10854468150732434
0.15998942146648604
0.2195924360828627
0.2840419020083381
0.3528863158975483
0.42476754475837386
0.49913577216799254
0.5746672916489914
0.6481211564472935
0.7208500749059052
0.790652376310822
0.8516420485391496
0.9060634782222866
0.9518345064722696
0.9847751484344005
1.0
1.0
1.0
0.0
0.026990779647481263
0.070793319400099
0.11906875229404046
0.17008547756252662
0.22940826535520495
0.2961518087203676
0.3643343843009038
0.4357586761037715
0.509727186230017
0.5825894971966371
0.6570404288715216
0.726806484500613
0.7935537817231806
0.8526158233067338
0.9061078697928351
0.9493752054545372
0.980460814665147
1.0
1.0
1.0
0.0
0.03509200710684013
0.08025348006891082
0.1271192178124333
0.1840428069808451
0.24467755142624756
0.3093530622934081
0.3770398992617636
0.4504547265426108
0.5213396777275505
0.5939817524410257
0.6652429143623834
0.7313766146412308
0.7965939359069938
0.8556607368422495
0.9051556480397426
0.9471064982980826
0.9780376922532961
0.9964605319888167
1.0
1.0
0.005478434994815425
0.0472079249418675
0.09484460422283753
0.14662397958099294
0.2023111224520143
0.2629810188203207
0.32785500663307576
0.3956664368052531
0.46544541088811286
0.5363958929926662
0.6062514933669095
0.6748196218601965
0.7425848712231966
0.8016025403408757
0.8566067836897387
0.9043485057614238
0.9456856506055838
0.9744901523617977
0.9942882526752912
1.0
0.9997447409934663
