0.0
0.010483299735191319
0.03609967364028275
0.06135451366211382
0.09108958252231178
0.12386751863780407
0.1581555521280766
0.19807190935404542
0.24159308431604007
0.2884599084726256
0.3409002568814953
0.39531494675665535
0.4562355938470468
0.5175333955300417
0.5816611905711815
0.6492350775144317
0.7205108756948574
0.7902748850317067
0.8618066961383994
0.9344216325005174
0.9999750623758847
0.0
0.027668913351321475
0.059561451350797004
0.09596749831531162
0.13180174495150732
0.1673009752191365
0.20666009770570598
0.24643770964115022
0.2881852067346137
0.33201450021602835
0.37991742659123867
0.42953255312153565
0.48421813010065184
0.5402464217196539
0.6022651845101686
0.6642402186873522
0.7319004899191264
0.7971385013782722
0.8637976188901925
0.9345019673193151
1.0
0.0
0.04406815336936998
0.08655377586654388
0.13154175250099362
0.17096663095774958
0.21299155616158116
0.2527409467223586
0.2922938013106634
0.33141485756208244
0.375129056249882
0.41754951964937514
0.4648298202404543
0.5146280441366345
0.5654640211224936
0.6213985581868731
0.6790907001729238
0.7397164512152534
0.8019268190978204
0.8686864801198974
0.9362314520083084
1.0
0.0
0.05873076519044722
0.11241079189717659
0.16320922083723208
0.21085292544580134
0.25417315461036866
0.2966573632925405
0.3356590576872297
0.3776933654381153
0.41667573795925295
0.45770276897227025
0.49886537011814513
0.5438952892101115
0.5900154442292909
0.639601574839714
0.6956735712840905
0.7503181840195027
0.8090642800531618
0.8738568032583813
0.9377215499298487
1.0
0.0016070457387438643
0.07166773163918841
0.13724570030925604
0.19620356443475692
0.2484025995117656
0.2968430643367256
0.3415437453455453
0.38150085628455405
0.4197476492347958
0.4575553456613467
0.49367176709147875
0.5319893522704823
0.5724155399987554
0.6125469171359084
0.6594509862479887
0.7071982072202526
0.7593960913212686
0.8155838879730294
0.8751942411572332
0.9408066720226035
1.0
0.004306318889146876
0.08629725677272562
0.1609767055682765
0.22677916627325573
0.28453240396148116
0.334912975489234
0.38327429029600235
0.4231285324068621
0.4598696352166316
0.496259981462092
0.5288398538127156
0.561593234052188
0.5995190994665237
0.6359347332199304
0.6757772418681424
0.7204814228796187
0.7669647820712568
0.8199592958081965
0.8772311167000564
0.94045889331525
1.0
0.005961600163937666
0.09720691037796592
0.18208384914625148
0.2536056210467205
0.31779609455321733
0.37355905084351015
0.42113304403084595
0.462128835530207
0.4990665476465281
0.5317262337683993
0.5635743792834685
0.5943886566720682
0.6277134406325843
0.6582654437986843
0.6938832118279685
0.7331136421860572
0.7787184416200059
0.8275170436527162
0.8824354976500995
0.9386883571299838
1.0
0.0066311658487796755
0.10777494001532378
0.19850738022086212
0.2782957149974933
0.34793842176734824
0.40634944541208295
0.4564056278812407
0.5003951376902083
0.53520086888639
0.5677387048692699
0.594204169964292
0.6220445496634103
0.6479012568218039
0.6754989948654304
0.7104616178859864
0.7458500488984544
0.787314531188652
0.8313148239270064
0.8858762573401348
0.9401751311810695
1.0
0.005085829949146615
0.11795935777011274
0.21421946039099343
0.3015003848360859
0.37373376668268055
0.43643627313846906
0.48876514739572785
0.5317273933765445
0.5683566168202687
0.5974355694795301
0.6225766740145638
0.6469582598752998
0.6700612381761328
0.696870104106958
0.7242979755815897
0.7534745339286357
0.7941504907512105
0.8390230169141908
0.8856702588979868
0.9419519499866285
1.0
0.004712850759279141
0.12272938375574792
0.2272730753036222
0.3210944955318677
0.3990590916966542
0.46347621610419787
0.5187202818071882
0.5606876863324678
0.5977104632970011
0.6253364133878123
0.6491424679763598
0.6706792466056712
0.6916543685430332
0.7133556513480951
0.740197977136087
0.7661088779274083
0.8021193115050649
0.8438576653634863
0.8901547848541502
0.9441144932350843
1.0
0.000856483712113414
0.12650588060353757
0.2387616872951973
0.3370698819883047
0.41723868780402973
0.48886917449944356
0.5430039393909729
0.5877213826882997
0.6211590071155539
0.6511355946571111
0.6724302304154076
0.6919685944974303
0.7107277670425369
0.7303281280570693
0.7506269170336257
0.7785253314846862
0.8086960956432557
0.8482863789360807
0.8910364297329305
0.9442928043084278
1.0
0.0
0.1305048270575093
0.24818240696211222
0.35058530278087363
0.43743467620430554
0.5097299239135933
0.5648758893143795
0.6118126368417846
0.646449384583005
0.6731772966566263
0.6927653412885604
0.7115453126420517
0.7274392478508305
0.743335618309972
0.7624224485372137
0.7864311408378498
0.8168702851169067
0.8516994693104094
0.8968202544200679
0.9454839563449855
1.0
0.0
0.13240709930465883
0.25707230939583225
0.3637799499562595
0.45301796976796677
0.5250693761106422
0.5860386973841993
0.6306391670477403
0.6657973462611377
0.6923594625976469
0.7110896837382171
0.7286041469805579
0.7413713295318254
0.7539114137318997
0.7727316668013712
0.7933231974191121
0.8238663157352737
0.8567109088120423
0.8989712850147887
0.946029753106437
1.0
0.0
0.13649302527638785
0.2630957504592849
0.3709644673240299
0.46534300087602165
0.5397848103960677
0.6009499015209527
0.6476166885868999
0.682082052311232
0.7072965310391832
0.72632094545377
0.7414671005395307
0.7545459147048006
0.7674936696824385
0.781671739620272
0.8022739514382257
0.828868729476667
0.8615710252509142
0.9005385609323464
0.9471436170651737
1.0
0.0
0.1376741492641195
0.2656767126906096
0.3779126932432716
0.47356369385633645
0.5517793972355423
0.6102663062888378
0.6601942313363692
0.6946079443471711
0.7207121845948394
0.7385773174852095
0.7521900978030862
0.7644195773630322
0.7731731309335772
0.7900965853774219
0.8072100451874481
0.8339245694792766
0.8640769390885314
0.9021916241172392
0.9484633247099598
0.9985098252247274
0.0
0.13691191320113172
0.2709661140435858
0.3848890665502408
0.48008906502970217
0.5601328387503891
0.6228298227752141
0.6689733837118105
0.7040264653971973
0.7296895331980738
0.7485318123711997
0.7613936800858485
0.7722621332337235
0.7804651993948406
0.7948566260968412
0.8133055146016388
0.837281284833397
0.8644694613527389
0.902874439829767
0.9479593121134874
0.9971678547744571
0.0
0.1397985023009127
0.2741436057331924
0.3891372207172445
0.4866187181366442
0.5651581552715443
0.6292317349278923
0.677238312291235
0.7120898235455756
0.7349147388132754
0.7529227524250116
0.7657071436498113
0.77539187837653
0.7888619874680323
0.8001625764543884
0.8185093034794487
0.8397460591358643
0.8685662061046036
0.9032945974906602
0.9476214232186062
0.9957380348445286
0.0
0.14095999478612606
0.2762626529594923
0.3928594848462981
0.48967737078964696
0.5689825386180243
0.6326310754097393
0.679599495254362
0.7158713182720465
0.7416457294641229
0.7593781000158109
0.7706537334940982
0.7803677601716006
0.791352879199691
0.8032385749640186
0.8195099445838562
0.8406217548065211
0.8691991957674414
0.9038571375023958
0.9446233622380645
0.9924494949806218
0.0
0.14437607263842106
0.2824329722492327
0.3973943769576133
0.49365182766270177
0.5730023242515193
0.6365439017569163
0.6836649269838861
0.7185244842006522
0.7456863519831016
0.7634377055202677
0.7736124840965571
0.7826092746546619
0.7931099608285606
0.8056929414182071
0.8225767002203511
0.843455412719596
0.8692001639174572
0.9039279028180071
0.9424887349153124
0.9891504529701753
0.0
0.1479977067937665
0.2845033289103758
0.39975626418286375
0.4959654306742517
0.5765808172375615
0.6376536894412723
0.6854383015233632
0.7209219059803391
0.7445922363770484
0.7633672554057942
0.7750762197927563
0.7848855269243402
0.7932330281942359
0.804899012828857
0.8229771914915374
0.8421334292177788
0.8691310659756671
0.903283525848797
0.942036230249939
0.9859531219773671
0.004487357190068674
0.1563606553430027
0.2908519602271671
0.40501142022950587
0.4997625140135385
0.5777548463974489
0.6399248471333059
0.6849109081546506
0.72160852264138
0.7460497462381283
0.7624630301564042
0.7770705038098937
0.7866675349795459
0.7956351227568458
0.8070103975705064
0.8254339123572035
0.8450228366116126
0.8716334505490637
0.9016316270394044
0.9397649882072311
0.984764779282504
