0.0
0.04134881174526383
0.11581690601155772
0.19658721629989678
0.282597816237504
0.37168827512184455
0.4635156324874016
0.5533068500506464
0.6390465942477304
0.7230911181966222
0.800991414624736
0.871114070913515
0.9293792768452276
0.9785443719962135
1.0
1.0
1.0
1.0
1.0
1.0
1.0
0.0
0.06695387556493704
0.14429659348545149
0.22936833023357064
0.3220566125166936
0.4146042004667717
0.5102219476128808
0.6042792345927095
0.6941120795514897
0.7805945106990113
0.8603510165166581
0.9251425088481624
0.9835242575963086
1.0
1.0
1.0
1.0
1.0
1.0
1.0
1.0
0.008273456912522598
0.08164481187295092
0.1655655478920547
0.2567584920022843
0.35080667438127966
0.45068313653546
0.5489564052113624
0.6455123392363012
0.7401076442204414
0.8258604224537394
0.9056815912907112
0.9703691008641846
1.0
1.0
1.0
1.0
1.0
1.0
1.0
1.0
1.0
0.014418489157109804
0.09117434987416034
0.17758336905685257
0.27268584381568095
0.37300685128541233
0.47670904126512537
0.5797211787732959
0.6810737505162126
0.7756829632290253
0.8633869175058272
0.9435096347876897
1.0
1.0
1.0
1.0
1.0
1.0
1.0
1.0
1.0
1.0
0.015460012519718323
0.09533591671074401
0.18562668634610996
0.2839528149387329
0.3876091678270885
0.49461907618625534
0.6015877485783296
0.7054619272921516
0.8022012488452411
0.8941329603037134
0.9704448640906274
1.0
1.0
1.0
1.0
1.0
1.0
1.0
1.0
1.0
1.0
0.011580404767972896
0.09783704305918775
0.18843610442108333
0.2893167086609526
0.3965913594788177
0.505850203112541
0.6147898139507315
0.7222249240595746
0.821428790652565
0.9129338113166767
0.9933656712915317
1.0
1.0
1.0
1.0
1.0
1.0
1.0
1.0
1.0
1.0
0.008276914740618996
0.09150493425093054
0.18834310653366804
0.29206025634468646
0.40114556178033367
0.5114754682157956
0.6238365230235973
0.7318455778331898
0.8334896185665311
0.9240548354806177
1.0
1.0
1.0
1.0
1.0
1.0
1.0
1.0
1.0
1.0
1.0
0.0025753214865712627
0.08783503645736299
0.1821468864986927
0.2897907827582104
0.40027671998386377
0.5132245625772178
0.6272929420246267
0.734907449764396
0.8385184441923261
0.9325562570466202
1.0
1.0
1.0
1.0
1.0
1.0
1.0
1.0
1.0
1.0
1.0
0.0
0.08454689117696651
0.17973551502581991
0.2868490874958472
0.3959031505434795
0.5113789387408895
0.6250094769899807
0.734198917999179
0.8378069221602586
0.9308176969724127
1.0
1.0
1.0
1.0
1.0
1.0
1.0
1.0
1.0
1.0
1.0
0.0
0.07840339704607
0.17405450501926178
0.2790474022199078
0.3895349245681098
0.5019584338164583
0.6167989004350747
0.7281749136572304
0.8312362019221875
0.9258482619825872
1.0
1.0
1.0
1.0
1.0
1.0
1.0
1.0
1.0
1.0
0.9993854523443723
0.0
0.07416550403625513
0.1689410478761577
0.27094456147099155
0.3815938689502173
0.49468069894058475
0.606012975999566
0.7178666717788258
0.8213047969922553
0.9141831215161731
0.9972753116822518
1.0
1.0
1.0
1.0
1.0
1.0
1.0
1.0
1.0
0.9985052679667662
0.0
0.06912279009949689
0.1618096412299226
0.26451623008817393
0.3720741148296579
0.4834113779727467
0.5940638753319081
0.7040118105138169
0.8060393621408988
0.8983331517368435
0.9825094470599984
1.0
1.0
1.0
1.0
1.0
1.0
1.0
1.0
1.0
1.0
0.0
0.06616531260033698
0.154795064029356
0.25611651390965795
0.36039549163575846
0.47146642352911156
0.5802305712515232
0.6861620163252999
0.7893965876901113
0.8795985630336589
0.9631391629840276
1.0
1.0
1.0
1.0
1.0
1.0
1.0
1.0
1.0
0.9997014624348253
0.0
0.06446444197888462
0.15160911054423182
0.24539322080063156
0.35020662215182036
0.45615350710941616
0.5635503234172878
0.6684241702788398
0.7679646727618028
0.857873728790673
0.9407623689640361
1.0
1.0
1.0
1.0
1.0
1.0
1.0
1.0
1.0
0.998595627645521
0.0
0.06570898607087675
0.14547077689238658
0.23658908188914932
0.3387100891165169
0.4416421366721397
0.5430813058321287
0.6461481717726136
0.7412710837012266
0.8350212029258366
0.9135839860911981
0.9835812309239911
1.0
1.0
1.0
1.0
1.0
1.0
1.0
1.0
0.998091569262698
0.0
0.0631583586054118
0.14094045300135352
0.22919690554194727
0.32321144794833473
0.4223401620680084
0.5227022631938246
0.6244562134206415
0.7180541676012289
0.8080828347506415
0.8850943770221431
0.9543480058446825
1.0
1.0
1.0
1.0
1.0
1.0
1.0
1.0
0.9960952172019459
0.0
0.06142519758087729
0.13462042925696086
0.21862660295259007
0.30963424058632494
0.40446053264345505
0.5025596842540464
0.595815891763973
0.6895688174730491
0.7772003659936328
0.8543071058500453
0.9268289892499719
0.9821553533040019
1.0
1.0
1.0
1.0
1.0
1.0
1.0
0.9961561878559891
0.0
0.059762641209532855
0.1291263619977211
0.20886799457837577
0.29506856623354916
0.3862788727317764
0.4786033591274489
0.5715702869276746
0.6649456570860002
0.7445145724197626
0.8239842567267301
0.893646089534788
0.9523652324914089
0.9972753379256849
1.0
1.0
1.0
1.0
1.0
1.0
0.9944545243751176
0.002643659456662247
0.05399583692003762
0.1214199201804985
0.19562168988841802
0.2786824137984705
0.3663721906395101
0.45233107321556426
0.5427259082041528
0.6300872177497591
0.7148399052801204
0.789132520365457
0.8577711848464203
0.9192692513809615
0.9680978138073448
1.0
1.0
1.0
1.0
1.0
1.0
0.9976802672300354
0.0
0.052057328568901245
0.11258834590833099
0.18078060562866333
0.2574860551038735
0.3419334181314315
0.4275447531520744
0.5138193568099385
0.5980432882312232
0.680633318476066
0.7559309510554789
0.824559781902
0.8852163657281172
0.9391521626053121
0.9794371620664595
1.0
1.0
1.0
1.0
1.0
1.0
0.0
0.04149578771629912
0.09891832978788982
0.16400413514023726
0.23581582967164416
0.3188611061240326
0.3984127417597901
0.4823496038390587
0.5659907072534438
0.6460825681034768
0.7195781200119602
0.7919775717844206
0.8550103663507166
0.9075154370607106
0.9519592478914032
0.9854154619867843
1.0
1.0
1.0
1.0
1.0
