0.0
0.19556179482300526
0.3762304463112681
0.5369878407217744
0.677561407709904
0.8004412757303563
0.9026712181961075
0.9851498221830076
1.0
1.0
1.0
1.0
1.0
1.0
1.0
1.0
1.0
1.0
1.0
1.0
1.0
0.0
0.19635483186679553
0.3786099337555849
0.544276980868213
0.6864660579895903
0.8125900731313767
0.9167785997623144
1.0
1.0
1.0
1.0
1.0
1.0
1.0
1.0
1.0
1.0
1.0
1.0
1.0
1.0
0.0
0.19528752063120433
0.3817342044689099
0.5474714241893122
0.6954449167043292
0.8232097348197718
0.9265234192766431
1.0
1.0
1.0
1.0
1.0
1.0
1.0
1.0
1.0
1.0
1.0
1.0
1.0
1.0
0.0
0.197606062159917
0.38641167935204157
0.5528299589383014
0.6999820073146665
0.8271343842634346
0.9348591724530411
1.0
1.0
1.0
1.0
1.0
1.0
1.0
1.0
1.0
1.0
1.0
1.0
1.0
1.0
0.0
0.19814162448476993
0.3835793758032582
0.5503388592343985
0.7000407787878828
0.8292167360712391
0.9360627833308511
1.0
1.0
1.0
1.0
1.0
1.0
1.0
1.0
1.0
1.0
1.0
1.0
1.0
1.0
0.0
0.19677290089304322
0.3820805029665866
0.5511400409507992
0.698187374482
0.8260799015761425
0.9323065722717172
1.0
1.0
1.0
1.0
1.0
1.0
1.0
1.0
1.0
1.0
1.0
1.0
1.0
1.0
0.0
0.1946894650864666
0.37879086729140266
0.5423233398063698
0.6901106233903147
0.8157723374289143
0.9262930381285162
1.0
1.0
1.0
1.0
1.0
1.0
1.0
1.0
1.0
1.0
1.0
1.0
1.0
1.0
0.0
0.19189023075464068
0.3720984611884939
0.534491485972977
0.6768281256195035
0.8035343692026384
0.9119675814080515
1.0
1.0
1.0
1.0
1.0
1.0
1.0
1.0
1.0
1.0
1.0
1.0
1.0
1.0
0.0006626175712780183
0.18789474891166805
0.36309786112155645
0.523756274544129
0.6616053215367147
0.7872610589712177
0.8922825955916819
0.9795632469367613
1.0
1.0
1.0
1.0
1.0
1.0
1.0
1.0
1.0
1.0
1.0
1.0
1.0
0.0009469701126135436
0.18351753199779244
0.3517808180039801
0.5054439595841627
0.6428415528547872
0.7650797728513647
0.8674686515177813
0.9541751018969964
1.0
1.0
1.0
1.0
1.0
1.0
1.0
1.0
1.0
1.0
1.0
1.0
0.9996740961785805
0.0006738496524412627
0.17527859799316098
0.3377365221769788
0.48612515414806157
0.6216344275220416
0.7373992945611675
0.8379712386695138
0.923142631974155
0.9941852335458131
1.0
1.0
1.0
1.0
1.0
1.0
1.0
1.0
1.0
1.0
1.0
0.9976660674477789
0.001115460783359461
0.16713762041200764
0.3224996209562908
0.46523886656722274
0.5940645977164192
0.7078054237589513
0.8053927979332771
0.8914615035095379
0.9592737305260614
1.0
1.0
1.0
1.0
1.0
1.0
1.0
1.0
1.0
1.0
1.0
0.9969322409638791
0.0006254067601931558
0.15975567801956359
0.3045678489854625
0.4406823609771028
0.5649636185013371
0.674854710125224
0.7710777622789575
0.8556507430679381
0.9235689866155178
0.9808012199682551
1.0
1.0
1.0
1.0
1.0
1.0
1.0
1.0
1.0
1.0
0.9975117485889023
0.0
0.14834842605005816
0.2875602912935525
0.41660374215763224
0.534390155666594
0.6411727535446089
0.733722854646294
0.8165590886275711
0.884802800997726
0.9419138881870199
0.9891033262000334
1.0
1.0
1.0
1.0
1.0
1.0
1.0
1.0
1.0
1.0
0.0
0.13868965465927843
0.27058877391958847
0.39077976799338543
0.5053536680655738
0.6049231940201991
0.6927734969111041
0.7744791882481363
0.845194510726195
0.9053657530528794
0.9530930094772407
0.9903470361750383
1.0
1.0
1.0
1.0
1.0
1.0
1.0
1.0
1.0
0.001367815295662283
0.12810493966586872
0.24977625109443574
0.36586322766930623
0.47123104034705887
0.5687102010297123
0.6575557464809285
0.7344444943651793
0.8043857806026368
0.8640482986148177
0.9143414070462723
0.9562446155012139
0.9912459644595251
1.0
1.0
1.0
1.0
1.0
1.0
1.0
1.0
0.0003015896767774081
0.11818382823521768
0.23250708966358938
0.33991517445296
0.43978737697059356
0.5333641826201401
0.6193408265142586
0.6954251231075914
0.7644358404576607
0.8251839297211508
0.8781746464926239
0.9203724265517206
0.9583682963756083
0.9895431364025067
1.0
1.0
1.0
1.0
1.0
1.0
1.0
0.00254376634654414
0.11177799333842772
0.21588403298155767
0.31563591533771307
0.4114046006489145
0.500911998119378
0.5825663140857795
0.6597412901989421
0.7257483080302967
0.7885461467192388
0.8402874513559542
0.8883561574946911
0.9294013736063991
0.9631346176440057
0.9904802365450851
1.0
1.0
1.0
1.0
1.0
1.0
0.007020549133308636
0.10500458415267655
0.20150196115081237
0.2939305659689976
0.38365987523889655
0.4695217515422585
0.5496827937856618
0.6211145093095414
0.6900528072735491
0.751979540530745
0.8074510876810559
0.8560709097267992
0.8998367065392952
0.9357455860141477
0.9679978430568658
0.9937044860349775
1.0
1.0
1.0
1.0
1.0
0.010503259122265967
0.09749879366478206
0.1883787083571779
0.27437246330536447
0.35921964419130165
0.44128065971678554
0.5175628738568445
0.5893574370452201
0.6562607170497594
0.7185957319491524
0.7745553178753966
0.8268385995882607
0.870406278967367
0.9116971371476122
0.9448521953533693
0.9726354976599415
0.9950699204925201
1.0
1.0
1.0
1.0
0.013620960843605524
0.09558029295675197
0.1779982331733174
0.2551151231359024
0.3360501829585322
0.4116992211234547
0.4870501384303747
0.5584287698588183
0.6235818136216671
0.6851556676309603
0.7430229642372571
0.7958795116815187
0.8439735432963057
0.8868236346337582
0.9214522997923938
0.9531191165925574
0.9767202626938623
0.9923336234493696
1.0
1.0
0.992618315452038
