0.04728934897011233
0.06641989121120921
0.09526686958542775
0.13886333029424647
0.19389908951560506
0.2560413226609216
0.3302491953729772
0.4086265036192434
0.4905038186740941
0.5762011259673088
0.6614416247206643
0.7434580006368177
0.8212969697990787
0.8874903515465631
0.949195599525672
0.9977639506674187
1.0
1.0
1.0
1.0
1.0
0.033418783681629684
0.05436946352758978
0.08584424394641935
0.12744441471081508
0.18030127382800454
0.24628222806187314
0.3189792109033476
0.3951392460674295
0.4753418997822633
0.561998365042078
0.6449945898412831
0.7252693248475846
0.8027835249045386
0.8690315676401009
0.9304438544014064
0.9764184242026794
1.0
1.0
1.0
1.0
1.0
0.020230737111008243
0.0417932373740308
0.07510558869294856
0.11992384127310218
0.17681245181724276
0.2400799294205763
0.3118267170407143
0.38918365536999333
0.47215800343282216
0.5535683601859083
0.6348223492941292
0.7160343972421956
0.7927001148159958
0.8550204163567392
0.9158201750282329
0.963835612957767
0.9972131710510481
1.0
1.0
1.0
1.0
0.008923217807994287
0.03816631591136223
0.07365546486442374
0.12055868091621495
0.17745246036640075
0.24028505074023793
0.31229733150310357
0.38759633198528515
0.46959050451616036
0.5510485289727587
0.634949657672183
0.7122394829268446
0.7866416950310047
0.8517343623991724
0.9103277916650716
0.9543263579296282
0.9891577173728268
1.0
1.0
1.0
0.9961691244699598
0.004733041569722527
0.035958716220146875
0.07522619694149471
0.12495138970082298
0.1829166300035496
0.24556859665215777
0.319582325636267
0.39580484259505255
0.4756691308124605
0.5577184937806521
0.6377507708994196
0.7145385628988211
0.7894971312341987
0.8530284081750805
0.908674743663163
0.9538142697823637
0.9868909167892707
1.0
1.0
1.0
0.9917867221171979
0.0019709200479676864
0.039044100687992876
0.08361812975032362
0.13437429806560183
0.1903455583347242
0.25952202203999314
0.32921839253266594
0.4084966066715374
0.48532202741673885
0.5673751579871784
0.6484180600324871
0.7237132777721693
0.7958090444060486
0.8588182636958821
0.915554230761062
0.9586714276137193
0.9921299351359572
1.0
1.0
1.0
0.9914583218591068
0.0012783692972171247
0.042116767183473236
0.08995303408880406
0.1463568344778402
0.20516674335721297
0.2739211904429507
0.34730370341468636
0.4233123315636174
0.5034957158915631
0.584536236800235
0.6619600557164201
0.7382725021142438
0.8074974252694423
0.871071991022714
0.9234259163164782
0.9678420383831117
0.9959092641321826
1.0
1.0
1.0
0.9925324497668944
0.003185623601320292
0.04984134252495443
0.10156271083394006
0.15965752437624256
0.22278679939738563
0.29353682276347803
0.3671696928402247
0.44385901736591993
0.5223983541921973
0.6027228308177467
0.6793481201767309
0.7530948182446073
0.8225387126786862
0.8825800861752261
0.9364412180499045
0.9765558589136274
1.0
1.0
1.0
1.0
0.9960526754503835
0.009071933289788009
0.0572173793374869
0.11506939464478708
0.17632613032268832
0.24241422231396464
0.31280674564839545
0.3895247859156557
0.4660183407303136
0.5449160490558775
0.6223975680508892
0.7009105903440009
0.7745046279757078
0.8418305809889185
0.898361953271433
0.9496935275882308
0.9899672749504863
1.0
1.0
1.0
1.0
0.9990910957368059
0.008619760307115662
0.06551459210574705
0.12866026284850787
0.19195038029844796
0.2631482332691069
0.3360835109056004
0.4114105365862551
0.48867891292231147
0.5673840023076242
0.6478710747759697
0.7226311544857937
0.7925372054884835
0.8600128271523244
0.9171088136591239
0.9654995317682873
1.0
1.0
1.0
1.0
1.0
1.0
0.012134934890913648
0.07554218035822985
0.140132698371199
0.20986843438941052
0.282052609645252
0.3573202608870455
0.4335625455243902
0.5127946496801268
0.5924185140375577
0.6707041359221935
0.7460757748247226
0.816031132480203
0.8797171642891207
0.9353229811988266
0.9803812720919307
1.0
1.0
1.0
1.0
1.0
1.0
0.013090073973943715
0.08054196537869314
0.15031811657580751
0.22492634325516928
0.2995468435519058
0.3801342181432833
0.45676301191439056
0.5363368389078842
0.6171439587906307
0.6938406898487726
0.7674696840226957
0.8379102167643523
0.9021153046456596
0.9526196370804552
0.99741394800211
1.0
1.0
1.0
1.0
1.0
0.9987504982167188
0.012059197560654837
0.08693270398459664
0.1611162932233078
0.23879783751968445
0.31676544205801943
0.39722935774678936
0.47727666138088914
0.5597544921281825
0.6377593604294173
0.7169638862395322
0.7912232899061098
0.8569271930934008
0.9194391014785795
0.9689964053546498
1.0
1.0
1.0
1.0
1.0
1.0
0.9964634791463818
0.01185703665795355
0.08940778899868554
0.17057996965910982
0.25153182623204573
0.33078310222845625
0.414739040079219
0.4979054452499071
0.5800925503558743
0.6604262753288102
0.7376430879318667
0.8098518031922373
0.8791045121777248
0.9372430515346213
0.9903921038480918
1.0
1.0
1.0
1.0
1.0
1.0
0.9950748931235915
0.00821194266064249
0.09280704735738962
0.1762512165714113
0.26038123157870163
0.34736919722859916
0.4313956697501121
0.5170355894598188
0.5984766925438012
0.6810215249470492
0.7567959207168578
0.8305706629141305
0.8981334830507046
0.9557182468944732
1.0
1.0
1.0
1.0
1.0
1.0
1.0
0.9893730945930719
0.002905088346210398
0.09280241972217732
0.18190095781450077
0.269778629797926
0.35857882982021405
0.4473963240849907
0.5324778031316326
0.6179375249415489
0.7023703423061889
0.7758000937876004
0.8511560825722941
0.9161855358307919
0.9718000218059668
1.0
1.0
1.0
1.0
1.0
1.0
1.0
0.9863240408225201
0.0
0.09301355128729297
0.18553421681026633
0.27705044273083546
0.36812102241050143
0.45964907397058896
0.5469817952375982
0.6343948004259852
0.7197731061903305
0.7962132273822278
0.8705889574958744
0.934562526184912
0.9925910531446382
1.0
1.0
1.0
1.0
1.0
1.0
1.0
0.9871350623682658
0.0
0.09106487277370996
0.18964021373646475
0.2847490087374368
0.3770147509623121
0.47371799093855727
0.5632733542722854
0.6515315471424594
0.7344784200386405
0.8165315470340073
0.889241733389243
0.9539314238313475
1.0
1.0
1.0
1.0
1.0
1.0
1.0
1.0
0.9870465675257528
0.0
0.09403417623716498
0.19429290063606147
0.2910077681852797
0.3891910857341686
0.48476738634808814
0.5772672532932464
0.670269285862997
0.7559920424855107
0.8358074519545642
0.9090412585390523
0.9742704168259376
1.0
1.0
1.0
1.0
1.0
1.0
1.0
1.0
0.990224158733435
0.0
0.09706849150399524
0.20080626869574258
0.3011288057359087
0.39918330623802945
0.49911839883813336
0.5946603146730838
0.6869669063253976
0.7720876452216434
0.8551351798387277
0.9321164880065275
0.9966418443405847
1.0
1.0
1.0
1.0
1.0
1.0
1.0
1.0
0.9990437107695485
0.0
0.10242090941310501
0.20820786550539916
0.3118193041988926
0.4142392776998577
0.516179644451091
0.6127214366618114
0.7065073642720019
0.7945201251551037
0.8767484326443753
0.9545947983900662
1.0
1.0
1.0
1.0
1.0
1.0
1.0
1.0
1.0
1.0
