0.0
0.1356068847832531
0.2612100937302956
0.3770749608410914
0.4805362319777776
0.566232255339238
0.6406903390701247
0.6993043122121123
0.7493648984676088
0.785566752359832
0.8119838933968229
0.8286979484516073
0.8408301753373089
0.8483646177669683
0.8521335761680037
0.8564968500994431
0.864929507908879
0.8794489048936968
0.8979699339522759
0.9281232449692588
0.9677723891280567
0.0
0.1379096030772588
0.2617906762904315
0.37640440165182726
0.47168004994422513
0.5588177211235478
0.6340685764077605
0.6928429450067666
0.741004282164901
0.7786055097857352
0.8066841769128535
0.8268579671245259
0.8415493548427049
0.8515425518673088
0.8578917206594314
0.8651236090886832
0.8750973333850637
0.8889290596059879
0.911752141125465
0.9416451546862179
0.9828020237243874
0.004041902659467841
0.13721635290578665
0.25929620485160687
0.3649516771055533
0.4626030653982676
0.5475224421797222
0.6194860572953798
0.6798073438996892
0.7258844465360805
0.765785953285793
0.7935028215654459
0.8146724741534617
0.8322855820768689
0.8460412244810451
0.8554221431470015
0.8647991308791043
0.8776530695825931
0.894399545480833
0.9153879778419478
0.9478359370862489
0.9924097330401456
0.005536327753989594
0.1313028576368342
0.2481320369286972
0.3515934609332646
0.44513772132108764
0.5275264198183143
0.598027017116427
0.6544591146062144
0.7057832259547523
0.7433507441416729
0.7758434400542656
0.7992831330881561
0.8176871760326054
0.8326270418725652
0.8461116367275482
0.8612594425419253
0.8741168882656624
0.8933978040611739
0.9185964042854075
0.9516895736244914
0.9951024250762577
0.0051101596701192626
0.12422161250422926
0.23347482016867438
0.33359827466159814
0.42210737451804226
0.5011487272897891
0.5688334561015267
0.6264741865706582
0.6775394497900514
0.7145461402643843
0.7492185567092929
0.7744885715472597
0.7969822639727582
0.8141227155477371
0.8314244832007105
0.8490439504886563
0.8664203268619378
0.8890875014045639
0.9170197558869424
0.9515701959473921
0.9973425669458273
0.0058429971788069275
0.11725065928779714
0.21932136583555284
0.31361405723864966
0.39942910431889134
0.47388890473387424
0.5384775363256282
0.5931109360681147
0.6418430024784071
0.6814761378137878
0.7177437383090165
0.7450124330736162
0.7722803401835279
0.793294825280102
0.8129622658700729
0.8325031662974971
0.8550776401715658
0.880018722443025
0.9100010263238323
0.9488597372351201
0.9966457076797227
0.0020217825195855245
0.10712012721723199
0.2034553833365515
0.2907383395063424
0.3673727355037885
0.4407726358369146
0.5040304527575569
0.5579937385729998
0.6050699114846154
0.6464781459848058
0.6824660434567354
0.7129070184312674
0.7405055703149201
0.765055718710646
0.7903794271118815
0.8162032062211153
0.839518854757074
0.8692876996175768
0.9034308862253063
0.9438558966614851
0.9920125780710446
0.0014755534685212796
0.09573321947364209
0.18564095903697322
0.2676186290272464
0.34079204845485045
0.4085989801871234
0.4667527826058905
0.5149265303632298
0.5631754110604015
0.606595124533086
0.6446839519320775
0.6764602259817271
0.7045023697138406
0.737517345296017
0.7666692074222586
0.7933234425722325
0.8249823497548763
0.857852662581856
0.8960553600484402
0.9402745044206404
0.9919626807192153
0.0
0.08609778020922554
0.1673651792058526
0.24170381749196168
0.31124144007540105
0.372673434861336
0.4271452070636896
0.4780991175562217
0.521865200084991
0.5656215007051325
0.6045307504216174
0.6391877405168209
0.6730641139556011
0.7076377277959709
0.738493758512692
0.7720667111193935
0.8074404741801612
0.8444352310422321
0.8883178930965648
0.9347279663823589
0.9880673073697319
0.0
0.07576033797413684
0.14917805734342407
0.21631512210158305
0.2794083489312632
0.3356671405379388
0.38837037207862085
0.4358819562302256
0.4816182819001567
0.5219798275178993
0.5623905475012645
0.5993591906387827
0.6367761246244131
0.6738406714381577
0.7097862500469474
0.7493333383300174
0.7884091794880316
0.8323864723263075
0.8798137724190842
0.9311218252393239
0.9906755055384333
0.0
0.06494553397526805
0.1315181311197166
0.19015840146644955
0.24737115176104416
0.30036531354376184
0.3519097908613985
0.3949880449658462
0.4377926892082941
0.4795096870144251
0.5211125128944615
0.5610313389303838
0.6011862595813994
0.6440142220220864
0.6837005323503341
0.7259263561651726
0.7709732725397287
0.8180828594032825
0.8721498593317155
0.9267036405653459
0.991227560092594
0.0
0.058045071477250326
0.11455898764756027
0.16566130928505637
0.21874445869371223
0.26337185027502624
0.30815253924847646
0.3538386223397936
0.39685893125823113
0.4385355746177837
0.4808729508067225
0.5223808739039334
0.5650634556219141
0.6096540970487327
0.6561990854966003
0.7064074641219646
0.753693173133363
0.8080096392233338
0.8639749487909183
0.9272178002539642
0.9919739670851472
0.0
0.047081903274670836
0.09746175327167658
0.14291405370508048
0.18820395854844413
0.2295080421665542
0.27085926706152885
0.31281566801787
0.35320874423926335
0.39513430830270163
0.43767275671679934
0.48394834806476095
0.5311180976194512
0.5794705355283318
0.6294511130162642
0.6813512387351358
0.7366572861749058
0.7944075417274727
0.8576770727055264
0.9236346555508815
0.9928616158269273
0.0
0.040704380719517666
0.08173190246044322
0.12259022976932112
0.1607018329490282
0.19820987034336457
0.23473756847504237
0.27401410955004246
0.31366710551500704
0.3557108117958423
0.39913332077208297
0.4453179614010286
0.49467115526431493
0.5481326613762906
0.6029333695881238
0.6615788934421385
0.7199874820888231
0.7861950144796183
0.854207211753758
0.9231810986319249
0.9984551065344991
0.0
0.03375160048505091
0.0675672225453969
0.10047038825634706
0.13218677821128416
0.16383735489590293
0.20157846949651037
0.23533789912703978
0.2729278401157681
0.3163972874384296
0.3618849677342079
0.4117218810138159
0.46206942344726415
0.5199216437840635
0.5766322561517094
0.6398463387575295
0.7059354456021831
0.7753939063399644
0.8495723138093516
0.9226986038457757
1.0
0.0
0.02450150178949509
0.05214249736871049
0.08023012957140038
0.10755742428534458
0.1345549761239961
0.16472814093396154
0.19814844069027746
0.2346553971394012
0.2762696519433813
0.3208107171497724
0.3752025776880169
0.42986425339809975
0.4895789708816592
0.5514069200596854
0.6193110398125675
0.6910337158995183
0.7644662457546526
0.8446225470361796
0.9234379826221821
1.0
0.0
0.020191822188725252
0.04284171790727199
0.060353303869478375
0.08029016128358155
0.10368427055122864
0.1319134430059894
0.16284977518905056
0.19915852896990505
0.2406742603981793
0.286997541945817
0.3400652489187816
0.3967359075370462
0.4609478390823686
0.526635833549708
0.5998717504628706
0.6761909083122828
0.7549150075969657
0.8381219030946918
0.9229744355156998
1.0
0.0
0.012423543950457812
0.025263208935666123
0.04195788841406645
0.059197101837764665
0.08039306366379798
0.10160114932944242
0.12880906698839883
0.16422684441372343
0.2055872047000677
0.2531724046665062
0.306597554724677
0.3673838207995366
0.4329628613784494
0.5042389017671942
0.5785788915289048
0.6606069970690924
0.7455784641949905
0.8309821825857148
0.9212390077319211
1.0
0.0
0.007356620692956305
0.015067690335345246
0.026324643661601962
0.03836380996049113
0.052923818090366725
0.07317338898441378
0.09991173725971453
0.13300853857862577
0.17203784083708917
0.22017556050809506
0.27484289923523464
0.33743251934531715
0.40557291442166027
0.4796445308022492
0.5607427741983527
0.6439815045281043
0.7335569481518174
0.824506186408036
0.918910615347001
1.0
0.0
0.00022344453650981894
0.0025337422823457773
0.01082601143727574
0.017506456650449365
0.028438173210337397
0.045017717144981595
0.06980457652219924
0.10096204264565223
0.14090358228320504
0.1882772094606573
0.24667174773463674
0.3083392955320737
0.38185139696882964
0.4566485016139452
0.5425739983417917
0.6279772090889653
0.7232194447046952
0.816995340668208
0.9151115908144954
1.0
0.0
0.0
0.0
0.0
0.0
0.006025511615517398
0.021213030721666026
0.043512387238703876
0.07307602828203275
0.11097104628710747
0.1612111248341737
0.21600100847960363
0.28213868961481847
0.3561378734317452
0.4343934570678717
0.5218357781916019
0.6134038547927544
0.708428745646507
0.8061010765014819
0.9091879733078844
1.0
