0.00855868312887689
0.0
0.0
0.0
0.0
0.0
0.0
0.0
0.0
0.0
0.0
0.0
0.008461448173518349
0.10657984821481858
0.22048339095558023
0.3370275838676251
0.46228971443798056
0.5912990786167214
0.7184032005661213
0.8470822257927187
0.9666808699671552
0.0020553180909194113
0.0
0.0
0.0
0.0
0.0
0.0
0.0
0.0
0.0
0.0
0.0
0.009835133033014087
0.11351401006949513
0.2281745233384458
0.35010415221098673
0.4794240507400955
0.6094198024596864
0.7390811880904111
0.8676601955485858
0.9891090636069364
0.0
0.0
0.0
0.0
0.0
0.0
0.0
0.0
0.0
0.0
0.0
0.0
0.012836256467130602
0.11880855760527287
0.23481970156054321
0.35964379661469764
0.49103003287493263
0.6217714605218434
0.754370280787527
0.8825204491850436
1.0
0.0
0.0
0.0
0.0
0.0
0.0
0.0
0.0
0.0
0.0
0.0
0.0
0.019758451476305394
0.12677634327686949
0.24416274736703003
0.3704101447296068
0.5005371275272501
0.6340635928537424
0.7660327788455179
0.8942320525525305
1.0
0.0
0.0
0.0
0.0
0.0
0.0
0.0
0.0
0.0
0.0
0.0
0.0
0.024697662560877576
0.13421196486014386
0.25344426419694766
0.3802680594594958
0.5100162636614924
0.6435147905828925
0.7751127441256894
0.9010309311283274
1.0
0.0
0.0
0.0
0.0
0.0
0.0
0.0
0.0
0.0
0.0
0.0
0.0
0.03583737219263505
0.14527907548672503
0.26419308044867995
0.3897370987544508
0.5212056359664947
0.6509005304459006
0.7810346671477333
0.9065552110145448
1.0
0.0
0.0
0.0
0.0
0.0
0.0
0.0
0.0
0.0
0.0
0.0
0.0
0.051812041217453864
0.15954882778966128
0.2787987663248669
0.4041825531438816
0.5310574806516036
0.6621320396937502
0.786261179419342
0.9087592763625763
1.0
0.0
0.0
0.0
0.0
0.0
0.0
0.0
0.0
0.0
0.0
0.0
0.0
0.06850708063352173
0.17785362070566602
0.2950746271448039
0.41885726627623143
0.5450331625254452
0.6706710194765308
0.7952985710862519
0.9107024658797843
1.0
0.0
0.0
0.0
0.0
0.0
0.0
0.0
0.0
0.0
0.0
0.0
0.0
0.09351587969591546
0.19980131278953328
0.31542187707967756
0.43726025283683817
0.5603728953793943
0.6842306446781288
0.802714285319089
0.9140565718093915
1.0
0.0
0.0
0.0
0.0
0.0
0.0
0.0
0.0
0.0
0.0
0.0
0.02250597092789408
0.11963805829494245
0.2264008756252739
0.3406424285899194
0.4590117870999021
0.5798334223799055
0.697302013959671
0.8121819556064751
0.9151482238568561
1.0
0.0021220888230207508
0.0
0.0
0.0
0.0
0.0
0.0
0.0
0.0
0.0
0.0
0.05612823677489509
0.15180369878436184
0.2562590608287063
0.36818622078265395
0.48498364769245766
0.6017558759765325
0.7144357802153513
0.8229662594296656
0.9208281823997944
1.0
0.002894754994203233
0.0
0.0
0.0
0.0
0.0
0.0
0.0
0.0
0.0
0.006813122734287247
0.09088212238705107
0.1861868732948842
0.29186133725145397
0.4017557842049412
0.5140154699012214
0.6239169490808649
0.7339756332242036
0.8347265635029388
0.9269093747022528
1.0
0.0026967703470340055
0.0
0.0
0.0
0.0
0.0
0.0
0.0
0.0
0.0
0.047031480905509015
0.13127141334091286
0.22572031969533835
0.3299471537275037
0.43660162833169863
0.5444226357864663
0.651167906421272
0.755012134087294
0.851254131346258
0.9358059739483084
1.0
0.0016629908141066936
0.0
0.0
0.0
0.0
0.0
0.0
0.0
0.0
0.013426080479475022
0.08932038177103252
0.17345536272809314
0.2675185026059537
0.3697889758296712
0.47525277894904605
0.5775035429516684
0.6807908762276735
0.7788032237668568
0.8662476125489389
0.9451346373317756
1.0
0.00206616753859038
0.0
0.0
0.0
0.0
0.0
0.0
0.0
0.0
0.05772290573995342
0.13445881329832104
0.22094231520558083
0.3127523814469051
0.41024186550811015
0.5117926233957676
0.6125360782407863
0.7109798429449907
0.8022893650627924
0.8847461993880972
0.9541190939249338
1.0
0.00334791778185172
0.0
0.0
0.0
0.0
0.0
0.0
0.0
0.03878371060695168
0.10295513953826324
0.178625012441062
0.26447781021356015
0.35643024414523683
0.4527198879230454
0.550277879219286
0.6475015336316587
0.7395178739052866
0.8230351885571944
0.8972515370079654
0.962580772632439
1.0
0.006033121368480591
0.0
0.0
0.0
0.0
0.0
0.0
0.025981983918631157
0.08053055095697731
0.14820717862153987
0.2247019590208365
0.31002995109459597
0.3999304374332189
0.4925335033906413
0.5881532807480948
0.6799832918078055
0.7683561195014322
0.8454541472340735
0.9153524245634026
0.9692944781606422
1.0
0.007349741497281603
0.0
0.0
0.0
0.0
0.0
0.021059486981938325
0.06758482987109787
0.12607287501936948
0.19050478831862505
0.26920949057529736
0.35132295196176366
0.4414049076928825
0.5340934000004761
0.6227841586142656
0.7108548385632348
0.7892478804232272
0.8642773537915132
0.9251526985195185
0.9748577731630909
1.0
0.006861381286231939
0.0
0.0
0.0
0.0
0.01915796527873176
0.05597573259421751
0.10487156004525555
0.16530850507261097
0.23222013847460482
0.30986462897940875
0.3941975098909877
0.4802043569479961
0.5674060124596443
0.6537048875902269
0.7375616619281258
0.8139775936790649
0.8797381453711876
0.9336616290928543
0.9756525505949394
1.0
0.007775914131505513
0.0
0.0
0.0009849059032745744
0.02066033973863235
0.04704219429505749
0.08659388209818253
0.14016935197118857
0.20145796475758038
0.27232639741290365
0.34813424413486854
0.43058338937203733
0.5145468751138687
0.5978171147917091
0.6805011439372479
0.7584373755862998
0.8283437907879746
0.8895254569214364
0.9369237563626422
0.9716755349104658
0.9902289488332009
0.007652715966128176
0.0023499752916632533
0.006044707406112959
0.018455692262265372
0.04350061564967911
0.07756862392619959
0.12192059310861963
0.1729614248253843
0.23408043334403272
0.3066351108068446
0.381425851531333
0.4613196818940988
0.5419835822039836
0.6243026418268758
0.7022256245521854
0.7754746944616908
0.8370136789395483
0.8941483453258605
0.9337343211751427
0.9626782322024369
0.9770046394810987
