0.0
0.15472894582954272
0.3213664014557528
0.4783192451721157
0.629403874450916
0.7676508826437276
0.8956937575952385
1.0
1.0
1.0
1.0
1.0
1.0
1.0
1.0
1.0
1.0
1.0
1.0
1.0
0.9949214317826494
0.0
0.163026814570581
0.32927504657009493
0.4880265637279708
0.6373603119220255
0.7792532659962788
0.9086401160987433
1.0
1.0
1.0
1.0
1.0
1.0
1.0
1.0
1.0
1.0
1.0
1.0
1.0
1.0
0.0
0.1674127250411896
0.3296511537778717
0.49150466993421943
0.6412822782238146
0.7822609535995924
0.9116571111431235
1.0
1.0
1.0
1.0
1.0
1.0
1.0
1.0
1.0
1.0
1.0
1.0
1.0
1.0
0.0
0.1671179712116754
0.3290154235923157
0.4880921979002886
0.6345487910237289
0.7760773493882768
0.9039340953601261
1.0
1.0
1.0
1.0
1.0
1.0
1.0
1.0
1.0
1.0
1.0
1.0
1.0
1.0
0.0014679282607683928
0.16387601844224367
0.32216469597129793
0.4769856166782311
0.6243850338982831
0.7606560195774857
0.8868105995428811
1.0
1.0
1.0
1.0
1.0
1.0
1.0
1.0
1.0
1.0
1.0
1.0
1.0
1.0
0.0017824716060387494
0.15855669086346408
0.31164006574057035
0.46022963747987056
0.601554512453716
0.7385322389366866
0.8619094101316408
0.9769141669984966
1.0
1.0
1.0
1.0
1.0
1.0
1.0
1.0
1.0
1.0
1.0
1.0
1.0
0.001340840758364741
0.154349552217045
0.2973763589899806
0.4408109475816538
0.5790376777850914
0.7088146065411334
0.8288061047849705
0.941217684091309
1.0
1.0
1.0
1.0
1.0
1.0
1.0
1.0
1.0
1.0
1.0
1.0
1.0
0.003659111337566465
0.14367226575820383
0.28033220316030055
0.41641198791434836
0.5480419784463255
0.6717822937311658
0.7901642887671136
0.9010985766076064
0.99843598834545
1.0
1.0
1.0
1.0
1.0
1.0
1.0
1.0
1.0
1.0
1.0
1.0
0.0021080840399305446
0.13461751594462265
0.26320169165173946
0.3876268229314229
0.5118970333574129
0.6310249327414119
0.7444033424366326
0.8502629607805071
0.9459826390627147
1.0
1.0
1.0
1.0
1.0
1.0
1.0
1.0
1.0
1.0
1.0
1.0
0.005116524289589883
0.12507910926936083
0.24083438748629127
0.3571165914928357
0.47498195913449925
0.5857587709975961
0.691242497470121
0.7932037375022065
0.8852365849918584
0.9696782100755053
1.0
1.0
1.0
1.0
1.0
1.0
1.0
1.0
1.0
1.0
1.0
0.006010974007516872
0.11462780746533245
0.21700914248729739
0.3243370995090657
0.43271004500162047
0.5347087409309627
0.6347727503444651
0.7311301877137998
0.8220535557684394
0.9037768707421161
0.9760071689806692
1.0
1.0
1.0
1.0
1.0
1.0
1.0
1.0
1.0
1.0
0.008388928144435828
0.10151697686185962
0.19500252864870432
0.2896351565803105
0.3861091128650459
0.4795951065750239
0.5764296658362891
0.664848044433916
0.7518604308422979
0.8283566181828839
0.9018475371701262
0.9661605546547932
1.0
1.0
1.0
1.0
1.0
1.0
1.0
1.0
0.9992784003740689
0.010236606584886974
0.08657846927173932
0.16805497915014697
0.2521613290355786
0.33878993501592236
0.42484964969143346
0.509845296902967
0.5959234225956251
0.6761584268456656
0.7552784314733363
0.8264944197917488
0.891545568604657
0.9482818941243822
0.9934467865465768
1.0
1.0
1.0
1.0
1.0
1.0
0.9962699992580265
0.012691669749968547
0.07381666090659081
0.14253773086331734
0.21337031773767917
0.2892934850603949
0.3668364402767259
0.4446225098179002
0.5215759758683314
0.59848981491102
0.6740146076741835
0.7450116024658499
0.8092236472234784
0.8717378157880362
0.9217131627864095
0.9663342415695328
0.9973653611644251
1.0
1.0
1.0
1.0
0.99356115832182
0.013707897561350017
0.06221434570680873
0.11693184128556364
0.17552405148089573
0.2397557944190596
0.30894116547118006
0.37646345475229864
0.44888391004766537
0.5208915516600109
0.5927714459152075
0.6593396948961248
0.7288305038490551
0.7889852101197425
0.8470227392583671
0.8957508938388882
0.9378433933360417
0.970146744405925
0.9928130263992773
1.0
1.0
0.99113371604394
0.01274242501901312
0.04636267135150264
0.08822402046526194
0.13655114810382804
0.1874775976628692
0.24515026648576294
0.30798082726275994
0.37322324598655227
0.4396186383705626
0.5094587502822789
0.5760740372000391
0.6432276645612011
0.708405364226397
0.7675451404891586
0.8248876448684632
0.876239246899956
0.916157293650558
0.9494530256732682
0.9766980582345804
0.9888223605830568
0.9907824170898566
0.010105778551793898
0.03331189346657605
0.05999577323127665
0.09400648279624615
0.1383666198199762
0.18293160469953815
0.23969576768692463
0.29610155063482907
0.3593015391259429
0.4250589352804437
0.49245204621436356
0.5586223580503942
0.6260561109365174
0.6917101895233355
0.752924720421328
0.8116657894341917
0.8644942348430805
0.9094659627827315
0.9448564475799668
0.9742980099454863
0.9945881026714084
0.009481378769886386
0.014999015095851748
0.03233237281607956
0.05553579290907229
0.08731801643736216
0.12489952517860192
0.17065357219234056
0.22148284042040145
0.28053815864292375
0.34050312125288523
0.406864922174565
0.47420516412060854
0.5444019973091797
0.6127527744854416
0.680476132805028
0.7494478912842599
0.8099339016942659
0.8686245666955104
0.9186036173362248
0.9597333078618782
0.9942661030229474
0.003994095115469468
0.0
0.0010062030039265923
0.014796738499709333
0.03718433462468965
0.06374306829986462
0.10286257669856985
0.14813475994551584
0.20038459622442809
0.2574174547055859
0.322587085807737
0.39107367946856775
0.4627561283690552
0.5378010422372912
0.6105383140707954
0.6866156299036303
0.757840614870205
0.8265269996099954
0.8921570516639937
0.949363335080941
0.9987971999589044
0.0
0.0
0.0
0.0
0.0
0.005805500581896494
0.036852959129121454
0.07363398989087577
0.12176068041555949
0.17591516462368306
0.24007503749975218
0.3069682097267422
0.382689989735686
0.4589105911225298
0.5405182981755658
0.6224873995061863
0.7040094597980053
0.7849109284682876
0.8648194071723171
0.9388800282278008
1.0
0.0
0.0
0.0
0.0
0.0
0.0
0.0
0.0018516763458348295
0.04422098395060403
0.0972116635627348
0.15752266935037512
0.22663307059550036
0.30165332291521574
0.38301649517362046
0.47038706443920325
0.560362773463463
0.6530546559135995
0.7439184804680932
0.836619724943071
0.9229160748298568
1.0
