0.008636037344054567
0.11429457286931728
0.22434566263051142
0.3377811839183046
0.45151826446594867
0.5641625474388077
0.6763347162089566
0.7800874815016319
0.8798657111986662
0.9695100396948235
1.0
1.0
1.0
1.0
1.0
1.0
1.0
1.0
1.0
1.0
0.9898111489200924
0.0016024823563966666
0.10867074194777977
0.22146112583144684
0.33636465486211586
0.4556136495356622
0.5727161364446713
0.6889563629016617
0.7995188563496258
0.9008739253510281
0.9953601582698365
1.0
1.0
1.0
1.0
1.0
1.0
1.0
1.0
1.0
1.0
0.9954719043661426
0.0
0.10430673326506683
0.22021311836526242
0.3362241611467022
0.4605802771809592
0.5808297460457881
0.703155010698916
0.8176856571611938
0.9257453901758315
1.0
1.0
1.0
1.0
1.0
1.0
1.0
1.0
1.0
1.0
1.0
0.9986306286465984
0.0
0.10023352930249224
0.21964839233124267
0.3412197606188681
0.4671648219282706
0.5944282321133528
0.7177999630439265
0.840190334172771
0.9532606990166032
1.0
1.0
1.0
1.0
1.0
1.0
1.0
1.0
1.0
1.0
1.0
1.0
0.0
0.09921950593992895
0.2231210853425077
0.34694703964646145
0.47524045742520893
0.6059679277482565
0.7383295650617854
0.8621033665103794
0.9802286479842874
1.0
1.0
1.0
1.0
1.0
1.0
1.0
1.0
1.0
1.0
1.0
1.0
0.0
0.1007652697124455
0.22479727846465666
0.3564572115003877
0.4882087568554526
0.6261418512037693
0.7583064347719792
0.8876023704925597
1.0
1.0
1.0
1.0
1.0
1.0
1.0
1.0
1.0
1.0
1.0
1.0
0.9975023904862913
0.0
0.10483817235499805
0.23186422716515054
0.36382353387602695
0.5018931900331534
0.6422920336215721
0.7802750379150372
0.9136820543064368
1.0
1.0
1.0
1.0
1.0
1.0
1.0
1.0
1.0
1.0
1.0
1.0
0.9970229588547234
0.0
0.1103618809991539
0.2380993446031151
0.3750580212239204
0.5172521066133187
0.6618552799685711
0.802328968665281
0.9399412888357621
1.0
1.0
1.0
1.0
1.0
1.0
1.0
1.0
1.0
1.0
1.0
1.0
0.9915043702597086
0.0
0.11367417505569868
0.24524520804095465
0.38823199882204706
0.5319446918680852
0.6788722703784926
0.8251609894319122
0.9671864655863277
1.0
1.0
1.0
1.0
1.0
1.0
1.0
1.0
1.0
1.0
1.0
1.0
0.991240437225904
0.0
0.12008840855982074
0.2574195059378757
0.4008259692435926
0.5477471216554175
0.6988176180238326
0.8475090792153697
0.9886889365791729
1.0
1.0
1.0
1.0
1.0
1.0
1.0
1.0
1.0
1.0
1.0
1.0
0.9877361076322165
0.0
0.12569159442377786
0.26369933781596433
0.4114383489796708
0.5644601792666823
0.7142947902776977
0.8668881413070816
1.0
1.0
1.0
1.0
1.0
1.0
1.0
1.0
1.0
1.0
1.0
1.0
1.0
0.9895834615657508
0.0007573986682736782
0.13027380716870599
0.27057697860220264
0.4216353688171363
0.5760344279039458
0.7329665433837584
0.886560456856479
1.0
1.0
1.0
1.0
1.0
1.0
1.0
1.0
1.0
1.0
1.0
1.0
1.0
0.9866415057683916
0.00159719873047032
0.13411641210880246
0.28053025908454643
0.4290749266585087
0.5867019764307679
0.7445919199568316
0.9015990040846825
1.0
1.0
1.0
1.0
1.0
1.0
1.0
1.0
1.0
1.0
1.0
1.0
1.0
0.9895596848946923
0.0019966090111493105
0.13573961979591742
0.2847279183179495
0.4372745302594727
0.5965090178476586
0.7561252754468407
0.9141720953706809
1.0
1.0
1.0
1.0
1.0
1.0
1.0
1.0
1.0
1.0
1.0
1.0
1.0
0.9875897608723155
0.00021769741053431313
0.13941370285180862
0.28769438694542915
0.44147674360640893
0.6032757362458492
0.7640299975287742
0.922495922919632
1.0
1.0
1.0
1.0
1.0
1.0
1.0
1.0
1.0
1.0
1.0
1.0
1.0
0.9898067684929598
0.0
0.13837722043437575
0.28823108520486773
0.4477272599229703
0.6076388402251373
0.7692479525377343
0.9294352074741036
1.0
1.0
1.0
1.0
1.0
1.0
1.0
1.0
1.0
1.0
1.0
1.0
1.0
0.9903799879482184
0.0
0.13979329936966825
0.29305635204262503
0.448570901165859
0.6113027520269483
0.7727843649371815
0.9333438607925986
1.0
1.0
1.0
1.0
1.0
1.0
1.0
1.0
1.0
1.0
1.0
1.0
1.0
0.9929737271905656
0.0
0.14176936473614193
0.2922638339680814
0.4507992709446181
0.6134239936040684
0.774705032554959
0.9344608194573882
1.0
1.0
1.0
1.0
1.0
1.0
1.0
1.0
1.0
1.0
1.0
1.0
1.0
0.9971371877112469
0.0011991130924505148
0.1427371386684245
0.29663091219050075
0.4535957974321843
0.6133811377238859
0.7772292366379983
0.9363430591581229
1.0
1.0
1.0
1.0
1.0
1.0
1.0
1.0
1.0
1.0
1.0
1.0
1.0
0.9943553288340246
0.0025846569794777687
0.14778977931009923
0.2978375603072583
0.45392111964119625
0.618409262500623
0.7769465151381189
0.9339759062835075
1.0
1.0
1.0
1.0
1.0
1.0
1.0
1.0
1.0
1.0
1.0
1.0
1.0
0.9968611960219937
0.010155436589080432
0.15379792986289742
0.30577043682516514
0.4619242262137172
0.6238096165430731
0.7825530078481582
0.9343381330465426
1.0
1.0
1.0
1.0
1.0
1.0
1.0
1.0
1.0
1.0
1.0
1.0
1.0
0.9962294560790014
