0.0
0.017717628875252304
0.04958814062502647
0.08828550475635491
0.13294541036311985
0.18361022725352436
0.2385825532667577
0.2961891067321442
0.3564224288109986
0.4170557393525232
0.47617423379462576
0.53566889533838
0.5937207051063254
0.6484359378377688
0.7049354008057315
0.7585392317451186
0.8094327759645448
0.8619029888250883
0.9112792300594434
0.9631190738573415
1.0
0.0
0.02332765159241564
0.05836552095115895
0.10111028633714264
0.1493768231049432
0.20384492395241227
0.25965041803129985
0.31948637122310664
0.3817693024882607
0.44213495983154016
0.5026358302483612
0.562991494010716
0.6193681309152663
0.6740197088260318
0.7256646832149793
0.7767993350643685
0.8237458265847901
0.8712916827494211
0.9144155877033437
0.9594354055666705
1.0
0.0
0.027969724102079926
0.06508147697047136
0.11105857988566314
0.16371013861649536
0.22136157308836268
0.2780676117838065
0.34092638371072587
0.4032780909905549
0.46647067643650353
0.5270529487388561
0.5876314247076337
0.6422451841954135
0.6954451992210109
0.7444081943687915
0.7927536850592405
0.8368449689217657
0.8797658859169154
0.9192783351270643
0.9614497706819686
0.995266486041873
0.0
0.030974822284666054
0.07268028458341522
0.11955892295658385
0.17354052427390718
0.23462098043864724
0.29696410014052704
0.35823038320672834
0.42197343226474615
0.48459072213631993
0.5477454494741669
0.6083320343580119
0.6620999030394942
0.714307121506943
0.7633329056660048
0.8060307798508991
0.8506061227207902
0.8865483437420326
0.9228829828689059
0.9604242002092125
0.9939385739272755
0.0004047576654288913
0.035341504526200565
0.07910562579036726
0.1268890679078067
0.18519886902145474
0.24512724875617
0.3072666374672454
0.37385195038288366
0.4376712568129787
0.5024472287053904
0.5664776797862251
0.6236448330593726
0.6781460270181309
0.73172817406584
0.7777677671055885
0.8196606581968313
0.8598377323136681
0.8952536834182431
0.9304792605392258
0.9574535083467002
0.9921261237598792
0.001421055884968493
0.03573695634271469
0.08046249912814496
0.13254366365193862
0.1899388080529259
0.2514834066791498
0.3159806102949928
0.3842738989264847
0.44873161989232463
0.5143648865943831
0.5775303011105416
0.6373622909524016
0.6929257534400042
0.7439225285742891
0.7886775856767916
0.8291336514551839
0.8667911970651425
0.9006537261752038
0.9306865485345218
0.9603974229031147
0.9893530410012454
0.0028679209663165046
0.0385323421298284
0.08213935640007988
0.13614894069653172
0.19410200680735606
0.25618584183538756
0.3223016551098448
0.38895792893179737
0.45560353069695125
0.5233702094593131
0.5858346359725186
0.644465468245955
0.7011733602663457
0.7502947062511051
0.7961408462052366
0.8379150997606738
0.8728379475320387
0.9057109653094099
0.9347948303658136
0.9603946849060082
0.9874517979317462
0.003508043382198127
0.03866442102156456
0.08413456430359997
0.13776128709191718
0.19405072334884074
0.25517606303839424
0.322772114996922
0.39228077691693786
0.45956479971754155
0.526434730897096
0.5880611289609048
0.6491874228666519
0.7043408742397937
0.7549451043875911
0.8000831419586772
0.8412894642001427
0.8763684449565596
0.9078802106160586
0.9366904811838361
0.9615318047375011
0.9871541610703357
0.0034095463227011807
0.03913255685814639
0.08308811139291608
0.133936354747213
0.19090702194773998
0.2544778702343652
0.3202147796855234
0.3884331633593603
0.4589318491687454
0.5236349295986417
0.5881898037157809
0.6497977955336591
0.7065411082234325
0.7568641954815912
0.8023701983988676
0.8423880688884884
0.8782537048808754
0.9108554783122684
0.9377249029902038
0.9638160571612713
0.9895572013586145
0.0034186277491339767
0.038240821813529606
0.08052975292215317
0.13084678112483755
0.18514783849732294
0.24939795513862362
0.314924218849186
0.380955644183575
0.4516960903182469
0.5188166739715935
0.5849468143295041
0.6460700925808346
0.7021376939461972
0.757188307181849
0.8009112502431937
0.8411849250661748
0.8784319317732154
0.9107174021739434
0.9388606574923679
0.965291495539925
0.9900566107782172
0.0019339240486871362
0.03464098046839642
0.0757937455949472
0.1234807752761167
0.1774834563733934
0.238251219681827
0.30636868639153647
0.3729326843579464
0.4410302158049848
0.5103817997723196
0.5759904627149018
0.636948277754189
0.6958789787813401
0.7489285403680028
0.7968471335744385
0.8393389901531085
0.8767098815988696
0.9096220312616975
0.939876491230162
0.9657474762417624
0.9932792776259813
0.0029474970746264273
0.03070385836434067
0.07014227267375948
0.11370085162123056
0.16787927239143471
0.22637886151541553
0.29340739643402935
0.3588259962964916
0.42728766542269253
0.4959439880530832
0.5649083518473865
0.6261708504040229
0.6857170003411958
0.7388910853221247
0.7917567836789332
0.8331018540460577
0.8713394139365125
0.907093844308067
0.9379806723821454
0.9665443376982892
0.9941740466454352
0.0010001917108834323
0.026026222754838197
0.06026721928841397
0.10258437257774422
0.15616360231909576
0.2129917503177242
0.27605458136492894
0.34190862962733315
0.40937297814240164
0.47911740835920913
0.546435217925582
0.6103704807730318
0.6740279403893292
0.7293962181443344
0.7807277780701116
0.8262007852815458
0.8671106877856681
0.9035867611822564
0.9374731776588326
0.9677609550260515
1.0
0.0004493013972598914
0.01836998321048182
0.05246004840977108
0.09295416907957615
0.13925584865612528
0.19476563656806745
0.2577965283438585
0.32156169091350134
0.3903316475770751
0.4609106022947955
0.5304996218943998
0.592567910400162
0.6550477316478696
0.7155274811119816
0.7675482261856862
0.8176251335864536
0.860122529263715
0.8979891046570998
0.93484705865988
0.9711331700382821
1.0
0.0
0.012652738695397334
0.04317476014816161
0.07729802482512807
0.1254854929665412
0.17697561468783538
0.23675834618807917
0.30063984653071096
0.3700719823713088
0.4386031603475397
0.5081755862090163
0.5719768985716398
0.6396959966389781
0.6992112390414222
0.7537163876686344
0.8061747517091826
0.8506918522479616
0.8936098478833703
0.9341881396696616
0.9692653584384227
1.0
0.0
0.007206395411917185
0.030627712947269306
0.06442351030966699
0.1065814160523636
0.1567319792263463
0.21551139585502027
0.2773917172157876
0.34469121392069435
0.4174337326712703
0.4855433404542173
0.5518902371551021
0.621033383180962
0.6821365803067038
0.7396905812733148
0.7924381166790397
0.8424828401819021
0.886036354059297
0.9293592987831022
0.9676267037021979
1.0
0.0
0.0013413504007628793
0.019340903639143703
0.04974674205437171
0.08713211808470428
0.1361721234117949
0.1925842089825382
0.254107109551036
0.31935224860081113
0.3895327746796894
0.4587378246123336
0.5305081065350925
0.5987167010416402
0.6622831815184815
0.7239548496420192
0.7782820897078099
0.8330424595099026
0.8791678376152007
0.9251657258974426
0.9670153253180288
1.0
0.0
0.0
0.009857637941706646
0.033938759940664184
0.0699279300643762
0.11430427641557109
0.16845871569163667
0.23129795832433792
0.2968378433378976
0.36535725726846835
0.43623595160012163
0.5074663183142184
0.5772791742322039
0.6417154046990491
0.7058097004041864
0.7652273310857994
0.817379423467635
0.8703933055892766
0.9182515474792858
0.9653289098873299
1.0
0.0
0.0
0.0
0.019911861700495137
0.051112038792519354
0.09552136296410313
0.14571848371049592
0.2046577290480084
0.2700996939452689
0.339771260130191
0.4111565538901202
0.48276068616921275
0.5541723420334497
0.6221072707691031
0.6884216305232386
0.7473283368646231
0.8077492007653205
0.8600783926194041
0.9092598782356153
0.9573723783568918
1.0
0.0
0.0
0.0
0.004824452935050655
0.03564373465372683
0.07512388465811035
0.12194775988164605
0.18344177248142896
0.2458276440975021
0.31575618203346567
0.38784853173653666
0.46088852465371305
0.5317883974758004
0.6001822371027487
0.6698142762467527
0.7325268889397352
0.7905747567518843
0.8477125125191025
0.8982115149615533
0.949279249743779
0.9927918748408668
0.0
0.0
0.0
0.0
0.01793267406967075
0.054051891908779126
0.10148863425880475
0.15904688609365503
0.22362796338904045
0.29194331903048876
0.3638967724832288
0.43625918516322937
0.509827465730637
0.5800261234413333
0.6501909461772085
0.7146093368028021
0.7753399349687385
0.8325207789091816
0.8853485045792544
0.9356388677013432
0.9837864555923652
