0.007575894455604972
0.0
0.0
0.0
0.0
0.026485797111357706
0.0800971505095428
0.14772311302625468
0.22778904562280147
0.32348940163846795
0.418439707162803
0.5231808490078869
0.623707076668992
0.7227134363898203
0.809615207230608
0.8858391756449105
0.9474641835369142
0.9915577807790055
1.0
1.0
0.9960061328041074
0.011794580783963364
0.0
0.0
0.004819834295215014
0.029073303920474636
0.07329703419743039
0.13038926011182977
0.20080072825680137
0.28405669952448964
0.37897186020489915
0.4757655067378666
0.5781248733436539
0.6770271740678602
0.770206531870831
0.8549916304421339
0.9266118763932751
0.9814783473796849
1.0
1.0
1.0
1.0
0.012038909485718213
0.006738468074848257
0.010747308015189874
0.03199288824206879
0.06558778235079804
0.11414513919149538
0.17263047463609027
0.25104162356259163
0.33672237449769843
0.4294600548862071
0.5277646639665426
0.6288310436604301
0.7249270128484914
0.8139678454993351
0.8959986264398017
0.9594214541424039
1.0
1.0
1.0
1.0
1.0
0.0138275817105427
0.01759888627067344
0.028018859776115956
0.05444756262149156
0.09531927070973764
0.15111876392684737
0.2170432240405259
0.2967352113742924
0.3825269264072492
0.47813642390035466
0.576713300173949
0.6743322889212977
0.7689573953748583
0.854640228964926
0.9290879722972418
0.989786828499415
1.0
1.0
1.0
1.0
1.0
0.01041368296941662
0.022956813477909337
0.04330506067902176
0.07900229042765215
0.12558267681395083
0.18454897414282473
0.25474843601879077
0.33801585109336546
0.4269476386012479
0.5230840255279277
0.6186417946196141
0.7150026363837334
0.8071553336105857
0.8909086578731694
0.9607518947060578
1.0
1.0
1.0
1.0
1.0
1.0
0.007453768688412675
0.028963219870220647
0.05971701530395282
0.10048172546142331
0.15436151730906317
0.21804148156221625
0.29245116683973066
0.379514161889405
0.46891864698701036
0.565381042666321
0.6620310633545418
0.755401150053075
0.8454587360288985
0.9231568518461037
0.991343897000363
1.0
1.0
1.0
1.0
1.0
0.9981203609131287
0.002912546222851961
0.03553445252116266
0.07075114491337325
0.12099975146535401
0.17941663599995486
0.24924025952780687
0.32793958161029896
0.41672687432436467
0.509855752401505
0.6063561115901281
0.7033054060700051
0.7950392071156038
0.8800721511702027
0.9574266434459677
1.0
1.0
1.0
1.0
1.0
1.0
0.9960687320402369
0.0013643202025918622
0.03885354200176443
0.0826797349187241
0.13931963587960305
0.2061504520175556
0.2799134519522667
0.36499419467224775
0.45350350843101317
0.5488543756527915
0.646466319599227
0.7427103548828147
0.8333551686652957
0.9170061062049459
0.9874417140931839
1.0
1.0
1.0
1.0
1.0
1.0
0.9940308536499622
0.0
0.043207892329290745
0.09697534681649297
0.15963391463999402
0.2307132301556802
0.3122299737732283
0.3976124871336484
0.4913236188497244
0.588681855022444
0.6846956016778682
0.778714953188065
0.8700388749335436
0.9513281102475764
1.0
1.0
1.0
1.0
1.0
1.0
1.0
0.9932952702639577
0.0
0.04869602587888685
0.10922718095769617
0.17871849453897398
0.25830494915969243
0.341258553059679
0.4346909018194377
0.5276448567815557
0.6267157904946958
0.7238108328621634
0.8203738427752469
0.9076879892177238
0.985913262896712
1.0
1.0
1.0
1.0
1.0
1.0
1.0
0.9961709835583247
0.0
0.05366261844267015
0.12185841790332033
0.19864698189754845
0.280854859399987
0.37066134494022096
0.46472517999734153
0.5673969177171145
0.6651358365346957
0.7654033203575057
0.8578511545998388
0.943590810137603
1.0
1.0
1.0
1.0
1.0
1.0
1.0
1.0
0.9986092921417573
0.0
0.062317676573944374
0.13555210697427833
0.2171743509114459
0.3073650284199238
0.40077233449403604
0.5013864415815446
0.600444001884004
0.70369990025751
0.799792783108751
0.8953294879069124
0.9798341698826156
1.0
1.0
1.0
1.0
1.0
1.0
1.0
1.0
1.0
0.0
0.06782928936918217
0.14755262858915774
0.23725421191824209
0.33316200430976173
0.42911736418499713
0.5339325850010436
0.6376697773213433
0.7383916560530086
0.8391772739118406
0.9309528702491647
1.0
1.0
1.0
1.0
1.0
1.0
1.0
1.0
1.0
1.0
0.0
0.07428445119654932
0.16247220403817714
0.25647634597789676
0.3551082932232924
0.4594725954295421
0.563262521938238
0.6699628318972854
0.7756020938726732
0.8755869300987866
0.9670474189587088
1.0
1.0
1.0
1.0
1.0
1.0
1.0
1.0
1.0
1.0
0.0
0.08066935521949033
0.17497627682499237
0.2740125321144567
0.3788045754957422
0.4887062418643042
0.5967733280295209
0.7038251365186368
0.8107634608367373
0.9100196142361718
1.0
1.0
1.0
1.0
1.0
1.0
1.0
1.0
1.0
1.0
1.0
0.0
0.08651211583142984
0.18827407279118297
0.2944688088124701
0.40231963374499785
0.5146642444280943
0.6255143514339827
0.7372045363777726
0.8448142625284635
0.9430989000689934
1.0
1.0
1.0
1.0
1.0
1.0
1.0
1.0
1.0
1.0
1.0
0.0
0.09445558916938412
0.20080982946436238
0.3109454065943352
0.422410525431138
0.5383543110894842
0.6559886026959957
0.7669098094856843
0.8724695533240543
0.974049092190945
1.0
1.0
1.0
1.0
1.0
1.0
1.0
1.0
1.0
1.0
1.0
0.0
0.09944004187577934
0.21057684406007188
0.3281956920038921
0.44639050657715784
0.5649480598156099
0.6827753954356961
0.7945770913586842
0.9019745280245544
1.0
1.0
1.0
1.0
1.0
1.0
1.0
1.0
1.0
1.0
1.0
1.0
0.0
0.10851129606642461
0.2233219467893094
0.3451979745642855
0.4657791888101917
0.5871582153906498
0.7062747903955886
0.8207005015303853
0.9305120745884745
1.0
1.0
1.0
1.0
1.0
1.0
1.0
1.0
1.0
1.0
1.0
1.0
0.0
0.11334523082974265
0.23525168104963157
0.3592924600640698
0.48396120935669096
0.6109177491554783
0.7300953186498507
0.8481107746801634
0.9546844211626648
1.0
1.0
1.0
1.0
1.0
1.0
1.0
1.0
1.0
1.0
1.0
0.9931987449329142
0.0
0.11888610234805269
0.24541172678086537
0.37510376902458836
0.5041676967572422
0.6308243581680179
0.7549657416909121
0.8698047125146935
0.975838935302866
1.0
1.0
1.0
1.0
1.0
1.0
1.0
1.0
1.0
1.0
1.0
0.9799806682079703
