0.0
0.05954853132638147
0.1315561899605633
0.20053355330171596
0.2703468459645407
0.33817827386930044
0.40604456208292133
0.47213618784509515
0.5368067331772883
0.5998832631575926
0.6583183019061393
0.7159765225941481
0.765807702779246
0.8132129366887991
0.8534844682523697
0.8909040269511389
0.9185207556315699
0.9437413194914523
0.9598677479883936
0.9742746851324872
0.9793523379081874
0.0
0.0625814161987913
0.13291164655007467
0.1982949119397121
0.26788637384150454
0.3321717155514028
0.39852149681379945
0.4647724691883975
0.5268482795100805
0.5879514452960908
0.645326394121077
0.7012353962877056
0.7526362875534566
0.8002929113765341
0.8432690004414938
0.880681025002676
0.9134455566608706
0.9380907489192819
0.9610516748710104
0.9767255071048822
0.9885572964381663
0.0
0.06251950343671292
0.13389178878593128
0.20003859397188073
0.26822035085342866
0.3319797293579766
0.39595679907587655
0.46110269007931726
0.5204991879013219
0.5787720566475594
0.6337612700648949
0.6906726127363678
0.7404224974817043
0.7876933068825883
0.8319582356543703
0.8707192098925823
0.9049196172132691
0.9324792472448508
0.9569739026250195
0.976491178509804
0.9935433673941021
0.0
0.06447655890735349
0.13602293846229868
0.2036655009075328
0.26791634162358546
0.334185766426246
0.3959240079631736
0.45621343088836025
0.5160848948998542
0.5739548607822971
0.6290402187116174
0.6818836675567286
0.7316155274770209
0.7807078593650018
0.8214127273987493
0.8605622284074184
0.8960251461104286
0.928191427947076
0.95316136777203
0.9768183035534599
0.994377039236267
0.0
0.06959214523057825
0.14162417886491613
0.20818360707968225
0.27629861216282936
0.34115159789759847
0.3997846482090963
0.45981670844465494
0.5157675366917536
0.5746646604651602
0.6295508228510689
0.6802453496400618
0.728671708259713
0.7759160566890484
0.8165329886474473
0.8551803356070022
0.8906945327775186
0.9228412140003696
0.9502000249428231
0.9744255026260084
0.9955852540122587
0.0
0.0707649744167444
0.1465187604855805
0.21598803665487598
0.28530374846882517
0.34888377863252307
0.4109423375767411
0.46767764025751707
0.5258137084828148
0.5777710257103158
0.6319880426057929
0.6805861865191615
0.7283873189521278
0.7724096739394428
0.8135244999054605
0.851433710609191
0.8860199512957523
0.9161800313297769
0.9449645200742579
0.9693578139471165
0.9927322553839139
0.0
0.07411716504566043
0.15426070694561306
0.22582316540832692
0.29888985232640086
0.36218101029055305
0.424591941112364
0.4842316112775056
0.5381366150830889
0.5922485760757005
0.639880817838414
0.689020791447316
0.7338032522661413
0.7749053132272193
0.8140266135732876
0.8511477963653946
0.883108898454036
0.9171962765003149
0.9431663729384376
0.9668958141463138
0.9893786185108767
0.0
0.08035797203286837
0.16498020210821018
0.24294852792769484
0.31420162716250577
0.38082857181668495
0.44338651115419997
0.5001815989665864
0.5575248503353065
0.6070025193549279
0.6559256454762306
0.701933417041769
0.7437376798318054
0.7835650485586853
0.8196537710773346
0.8524388953919555
0.8848868199799338
0.9147998580430194
0.9396910365422125
0.9649905097203376
0.9870908781222991
0.0
0.08814280357315857
0.17725818397791024
0.25662988852567925
0.33004690071673587
0.4016433746383721
0.46537178182952355
0.5246646178282902
0.5789833960423011
0.629193149694996
0.6771595443275571
0.7200973990103745
0.7581886787515445
0.7974285467538983
0.8270623380000007
0.8615429669500745
0.8927141611864411
0.916730510296237
0.9408650787251187
0.9641359537778308
0.986291922601464
0.0
0.09427810146446466
0.19142829256116384
0.27628528893717375
0.35374863476814
0.4277878826154376
0.49363825485529444
0.5521991179053498
0.6047417390061705
0.6584208441768613
0.700448137472625
0.7424368422722027
0.7778810219969949
0.8122871836610551
0.8432860601217524
0.872912238381511
0.9001898798725075
0.9249992720747848
0.9457316171778731
0.965292030377422
0.9861513763031307
0.0
0.10276663748877535
0.20489735985787133
0.2988246790146847
0.37988216527369845
0.4545580387036623
0.5241868757364778
0.5836962989972754
0.6387579168929001
0.689720021463612
0.7307240085260511
0.7711577751488853
0.8053344196076786
0.8348872601485635
0.8648881176984433
0.8886785476311547
0.9110301422018343
0.9304322255719631
0.9520111370865223
0.9679371474802588
0.9859581401102055
0.0
0.11211269943449005
0.22029445142281434
0.3195084463729667
0.40612682994354593
0.4872974328346138
0.557100063538488
0.6198778441602114
0.6752356991297476
0.7243069753418304
0.7644625008556711
0.803446286605674
0.8361969036407755
0.8626048952884141
0.8856855064660699
0.9067660886450681
0.9269472462178094
0.9424695813375211
0.9578440221634835
0.9753827587457427
0.9864265456714486
0.0
0.12223294662189654
0.2377845164582858
0.34198035645594826
0.4365717495436836
0.5204265566003784
0.5936891008864202
0.6593582955267319
0.7140872606437239
0.7614100216262807
0.8047491520089254
0.8395717098005164
0.8685128179672977
0.8924939744561856
0.9127558053224563
0.9294578428979685
0.945004219800259
0.957017931015844
0.9699657564531553
0.979215845595304
0.9895593604553531
0.0
0.12963949519436743
0.2541427085213078
0.36392611295371946
0.46520377641169663
0.5542935179289956
0.6311656543231955
0.6994658590274789
0.7584183503438349
0.8060016812155234
0.8445875442116503
0.8786102006161216
0.904197035774886
0.924972515640109
0.9421058415833661
0.9547734518913948
0.9646972357522655
0.9732537806116839
0.9807829635230126
0.9853977984561385
0.9947109132285188
0.0
0.13924921070184
0.26890134508486163
0.39047925411393286
0.49634767462617435
0.589158414031322
0.6720742257025881
0.7413951289786742
0.7992048537031864
0.8497638310044138
0.8876389790437347
0.9199720966540792
0.9434983810536477
0.9596472711325335
0.9741856737093997
0.9812068939764623
0.987562666430936
0.991293207950805
0.9956473205780334
0.9953405966188961
0.9993206761778305
0.0
0.14741514838211578
0.28796897794405996
0.4129799505926417
0.5262445395374479
0.6258316627047449
0.7096189052926971
0.7843784194079262
0.8433128780746267
0.8925517361400501
0.9320313110631758
0.9609120166632688
0.9816566851605861
0.9983241636975279
1.0
1.0
1.0
1.0
1.0
1.0
1.0
0.0
0.1584579583908447
0.30474755570043177
0.43671783221935717
0.5557040621281504
0.6605584695295647
0.7504060549074357
0.8266577746452256
0.8857331942784358
0.9369010121775633
0.9731339700961135
1.0
1.0
1.0
1.0
1.0
1.0
1.0
1.0
1.0
1.0
0.0
0.16711682321495308
0.32316536562532877
0.45940056952942177
0.5843614919646686
0.6932699950715242
0.7875470221038525
0.8667247851509995
0.9270499317364235
0.9794016417006055
1.0
1.0
1.0
1.0
1.0
1.0
1.0
1.0
1.0
1.0
1.0
0.005804006594066972
0.17745839275244343
0.3357311651773585
0.4806399525094559
0.6113064976297355
0.72423460340806
0.8208472067377476
0.9013840685999005
0.9648270916903542
1.0
1.0
1.0
1.0
1.0
1.0
1.0
1.0
1.0
1.0
1.0
1.0
0.010710527869583453
0.18786112214356182
0.3499601613039062
0.5008672459640974
0.6307036642822568
0.750556963493617
0.8489294495749162
0.933507089755616
1.0
1.0
1.0
1.0
1.0
1.0
1.0
1.0
1.0
1.0
1.0
1.0
1.0
0.014793438277019202
0.19494186428533644
0.36220566308407515
0.5154156985535809
0.6529582113432097
0.7706965022613649
0.8728178957197403
0.9593796946250064
1.0
1.0
1.0
1.0
1.0
1.0
1.0
1.0
1.0
1.0
1.0
1.0
0.9973194168568407
