0.0
0.07876052634260644
0.1858989444285019
0.30550928175495007
0.4355334854701683
0.5688475524750793
0.7036441451970932
0.833531794369821
0.9572257291948701
1.0
1.0
1.0
1.0
1.0
1.0
1.0
1.0
1.0
1.0
1.0
1.0
0.0
0.09286170221762075
0.20646681734346298
0.3309647475859726
0.46595753485701824
0.6007288339029285
0.7379965633703389
0.8723853046589641
0.9926473219696331
1.0
1.0
1.0
1.0
1.0
1.0
1.0
1.0
1.0
1.0
1.0
0.9984551166699278
0.001187707753816188
0.10745134746538845
0.22577730602762142
0.3587493878266359
0.49677742865757096
0.6376031093790424
0.7795858562017568
0.9120432877869251
1.0
1.0
1.0
1.0
1.0
1.0
1.0
1.0
1.0
1.0
1.0
1.0
0.9929389819941368
0.0018193008691703687
0.11764579068012009
0.24615880224477757
0.38656843456599943
0.5310573226361788
0.6763958000006196
0.8206562834932457
0.9579927568050806
1.0
1.0
1.0
1.0
1.0
1.0
1.0
1.0
1.0
1.0
1.0
1.0
0.9886839889208756
0.0051769798030808535
0.1298171544836605
0.27011147174074523
0.4151002240479371
0.5700795529709787
0.7196428715350598
0.868614325524336
1.0
1.0
1.0
1.0
1.0
1.0
1.0
1.0
1.0
1.0
1.0
1.0
1.0
0.9877175753355297
0.003446989032659941
0.14189925659734695
0.29130086586670934
0.4471799941829089
0.6061334462187555
0.7675571452855593
0.9182210521500458
1.0
1.0
1.0
1.0
1.0
1.0
1.0
1.0
1.0
1.0
1.0
1.0
1.0
0.9878576348975483
0.004916994763730257
0.15352678548663656
0.3140727559795795
0.48068709129486387
0.6501220972410188
0.8122018124010125
0.9716915178304896
1.0
1.0
1.0
1.0
1.0
1.0
1.0
1.0
1.0
1.0
1.0
1.0
1.0
0.9897625090557401
0.0073521995621959445
0.16609635445953733
0.3368192586301061
0.5118524952748009
0.6900485962698257
0.8666332919831833
1.0
1.0
1.0
1.0
1.0
1.0
1.0
1.0
1.0
1.0
1.0
1.0
1.0
1.0
0.99060149281982
0.005553788297533635
0.17959406151799892
0.36218357267239687
0.5464371005615056
0.7326576274654603
0.914168538333383
1.0
1.0
1.0
1.0
1.0
1.0
1.0
1.0
1.0
1.0
1.0
1.0
1.0
1.0
0.9921557125112361
0.006260838438225979
0.190395519955
0.3868027746824174
0.5801598414555151
0.7754809402000185
0.9646762073353978
1.0
1.0
1.0
1.0
1.0
1.0
1.0
1.0
1.0
1.0
1.0
1.0
1.0
1.0
0.9968012076377566
0.0073106674274021795
0.20360581337120992
0.4058971886832007
0.6122031368497212
0.8150931472842087
1.0
1.0
1.0
1.0
1.0
1.0
1.0
1.0
1.0
1.0
1.0
1.0
1.0
1.0
1.0
0.9999293156297061
0.006353315849069393
0.21453874872508394
0.4281757560386585
0.6434376801068151
0.8546449628599859
1.0
1.0
1.0
1.0
1.0
1.0
1.0
1.0
1.0
1.0
1.0
1.0
1.0
1.0
1.0
1.0
0.005556515050933573
0.22234553973246626
0.44743100162515154
0.6688613276444179
0.8853924187478907
1.0
1.0
1.0
1.0
1.0
1.0
1.0
1.0
1.0
1.0
1.0
1.0
1.0
1.0
1.0
1.0
0.006413974623002368
0.23177433655342197
0.46337304051696115
0.6935497631540708
0.9216573433900346
1.0
1.0
1.0
1.0
1.0
1.0
1.0
1.0
1.0
1.0
1.0
1.0
1.0
1.0
1.0
1.0
0.006884219733921
0.23688750475822207
0.4756605140271559
0.7142219420193402
0.9477180269418432
1.0
1.0
1.0
1.0
1.0
1.0
1.0
1.0
1.0
1.0
1.0
1.0
1.0
1.0
1.0
1.0
0.001839129642324766
0.24185336885999698
0.4874026949542748
0.7307187340697896
0.971586634657906
1.0
1.0
1.0
1.0
1.0
1.0
1.0
1.0
1.0
1.0
1.0
1.0
1.0
1.0
1.0
1.0
0.0
0.24549657383212417
0.4933783975417273
0.7416819737881597
0.9853323950066402
1.0
1.0
1.0
1.0
1.0
1.0
1.0
1.0
1.0
1.0
1.0
1.0
1.0
1.0
1.0
1.0
0.0
0.24531588010820884
0.4963213513586952
0.7492313862871072
0.9958318776632746
1.0
1.0
1.0
1.0
1.0
1.0
1.0
1.0
1.0
1.0
1.0
1.0
1.0
1.0
1.0
1.0
0.0
0.2425727914268288
0.49805038515929556
0.7541925157397883
1.0
1.0
1.0
1.0
1.0
1.0
1.0
1.0
1.0
1.0
1.0
1.0
1.0
1.0
1.0
1.0
1.0
0.0
0.24373959859617558
0.49640484030770243
0.7519044084757098
1.0
1.0
1.0
1.0
1.0
1.0
1.0
1.0
1.0
1.0
1.0
1.0
1.0
1.0
1.0
1.0
1.0
0.0
0.23911276797527395
0.49330495075797004
0.7477368537652269
0.9976155710013778
1.0
1.0
1.0
1.0
1.0
1.0
1.0
1.0
1.0
1.0
1.0
1.0
1.0
1.0
1.0
1.0
