0.0
0.0
0.0
0.0
0.0
0.0
0.0
0.017870381819747205
0.09350237394724992
0.17628458794538554
0.2677958877218532
0.36135189121633493
0.4561286881177551
0.5510885429325976
0.6404974121171079
0.7265254646450642
0.7998410653522585
0.8666022719361834
0.9224685793314475
0.9659481840164499
1.0
0.0
0.0
0.0
0.0
0.0
0.0
0.0
0.02072383056978644
0.09182454884425001
0.1721539283601144
0.26161062650005273
0.3555452061989157
0.44839664687460457
0.5395667959624991
0.6305638881449458
0.7129630490895403
0.787416187369483
0.8553583628497479
0.9111775560673903
0.9599762085893865
0.996005528175275
0.0021697872733322378
0.0
0.0
0.0
0.0
0.0
0.0
0.026425421731334164
0.09462613349534288
0.17499844615071214
0.26227415313048064
0.35202076810485666
0.44544585288729777
0.5364074561508804
0.6210012545510571
0.7033298678631861
0.7796460705241589
0.8461881270005946
0.9022224785447153
0.9522551708231524
0.9928603450227091
0.002711024857622292
0.0
0.0
0.0
0.0
0.0
0.0
0.03623606744781682
0.10343949860941909
0.18053062273113873
0.2638637174624696
0.35337441786682317
0.4423358489285686
0.5321814440343877
0.6163737234609774
0.6977613141093358
0.7720467169305162
0.8388921206052621
0.8961367802042667
0.9473524900659476
0.987163186888789
0.0032941130951057436
0.0
0.0
0.0
0.0
0.0
0.0
0.04389252874238064
0.11065407652301584
0.18579406348405642
0.26943889302321344
0.35805823980534374
0.44435637855103993
0.5332554088856022
0.6174677173742641
0.6951840505621671
0.7678599697499091
0.8357715785177009
0.8931322745354103
0.9429364015559784
0.9864859976453162
0.0
0.0
0.0
0.0
0.0
0.0
0.0
0.057625354997996536
0.12299032315758934
0.20001919774521038
0.2794463880296339
0.36479330172851776
0.4513140925417353
0.5371054438314955
0.6172573752403225
0.6952069841529843
0.7662445631459903
0.8308133512931468
0.8910088075351664
0.9398886993650897
0.9852150677522405
0.0
0.0
0.0
0.0
0.0
0.0
0.013239324455437074
0.07176432589790449
0.13870953418981535
0.21425897478126354
0.29250228205699436
0.3755397268685121
0.4603210739531838
0.5425507390415232
0.6228882077993199
0.6996552620587826
0.7688545068685605
0.8314225564399372
0.8901650321495282
0.9405139428734043
0.9855173756287691
0.0
0.0
0.0
0.0
0.0
0.0
0.031619554272478145
0.08955072209838094
0.15364884699770992
0.22853117432220094
0.3073186220260919
0.3889481520420232
0.4703111847329978
0.5498615505672846
0.6289625326351362
0.7051292937504438
0.7715325326322914
0.8333859147769809
0.8922123987433441
0.9414094818443373
0.9853655206882916
0.0
0.0
0.0
0.0
0.0
0.0012339854323029642
0.04858537819917563
0.1058650634609074
0.1757976705883859
0.24599533176335575
0.325333232496804
0.4039903455015489
0.4847880691724896
0.5658738341861094
0.6377641823293675
0.7098101634135772
0.7761572875649824
0.8360579776670242
0.8922431451855819
0.9420493218236998
0.9851858713910703
0.0
0.0
0.0
0.0
0.0
0.018229735061684432
0.06810016949558895
0.12788087068791448
0.19393726288941762
0.2662046561644816
0.3451339569944443
0.4222992206883971
0.5025560969049527
0.57810945163186
0.6504888215203388
0.7204298515991796
0.7838009164447539
0.8447722594294926
0.8974799424365688
0.9460368977826086
0.9895592837629783
0.0
0.0
0.0
0.0
0.0024806120822624123
0.0394683225459142
0.08990180968133529
0.15090140737068375
0.218229284349631
0.29051687852248953
0.3668861202702061
0.4427088333870143
0.5203873267512803
0.5931771465243096
0.6651002481505127
0.7327613937886899
0.7928919769787519
0.8525558755846533
0.901314979119478
0.9491122792001148
0.9925755466503309
0.0
0.0
0.0
0.0
0.018372086878577054
0.06088174674775387
0.11373369113517084
0.1746630609926581
0.2425479494108574
0.31581321269007556
0.3898918425597011
0.46506384459989336
0.542218624954756
0.6111334459606784
0.6806166143493713
0.748303018189412
0.8053539557693686
0.8605481233809535
0.9117557040914246
0.9552346235616336
0.9973254566617873
0.0
0.0
0.0
0.004247779914023114
0.039386252702485386
0.08534844339601344
0.13958050457398616
0.20265627886499837
0.27046761881356063
0.34178398489431044
0.41521539982357736
0.4883349809595566
0.5630959946160072
0.6334024520799514
0.6990085311636915
0.7620604152202655
0.8190730273798009
0.8704985673695158
0.9199811950672031
0.9609465648253369
1.0
0.0
0.0
0.0
0.022088070097528167
0.059541566147196384
0.10813437948441179
0.16605772774800573
0.23140264395378113
0.29816044396616515
0.36809820140212546
0.4420950762700902
0.5141406219675186
0.5862739522947855
0.6551486662532015
0.7175920574706323
0.7776903561956429
0.8315855922975705
0.8826936961561384
0.9267473512708213
0.9665799837053985
1.0
0.0
0.0
0.010404145998537048
0.03964829321610523
0.08138486889942619
0.13156507019211153
0.19251493327082256
0.2556746404897496
0.32551507775545807
0.39981361148997163
0.46972329418331016
0.54043679443055
0.6114759914769529
0.6753234238728802
0.7383868302262308
0.7942787564228131
0.8460344054139974
0.892724996934694
0.9357718452858104
0.971984831169276
1.0
0.0
0.0024570847913106125
0.022444578567907977
0.058802204621173346
0.10403745720376217
0.15895420300250312
0.21755210149001242
0.28115861373774265
0.35401257162767197
0.42721279856368
0.49596459326106496
0.5664804817549608
0.6325043096291554
0.696453794749602
0.7546523722541675
0.8109390977849199
0.8599343073120008
0.9041547859320646
0.9444285241606702
0.9786747052508132
1.0
0.0
0.011033964091767198
0.03860977710565719
0.07603567406852735
0.12179694122584502
0.17867695491755783
0.24297838362642699
0.31120939012032567
0.38015384227352794
0.45230792508723294
0.5229353999607834
0.5912001110114666
0.6550154512603938
0.7160652007977687
0.7726260921869325
0.8231507612739944
0.8719966558776503
0.912684973891121
0.9490627098122295
0.9805284504577063
1.0
0.001028477067821055
0.020094291175709888
0.05087876347440113
0.09217493439558644
0.14282118532086507
0.20178418836345346
0.26477399167655163
0.33502475621842065
0.4037970024946582
0.4760805015895857
0.5438174306785339
0.6124599126573718
0.6742621802723087
0.7339619270785233
0.7880462473488754
0.8382177919098941
0.8816579166111608
0.9176674744984396
0.9533022209841142
0.9828950975621802
1.0
0.0016875975272266283
0.023691490021508884
0.05954541084084469
0.10489139040224957
0.15976826209765707
0.22262693969692382
0.28750729837779626
0.3562246110251689
0.4272428862068775
0.4967571566236266
0.5642713104922794
0.6294556152671154
0.6909688660187789
0.7474463734098343
0.8007213604504952
0.8449190506617577
0.8846059184097329
0.9208550467419815
0.9538040241895053
0.9819523061786837
1.0
0.0034229281208492924
0.030816758305881112
0.06761636997867745
0.11446238050546326
0.1732459001915123
0.237372080421068
0.30314407701322243
0.37363743105665914
0.448106319595637
0.5142813502423458
0.5809944175110064
0.6447820052582244
0.7027774788345215
0.7570020767934679
0.8046245449154822
0.8504364898491563
0.8865441771362067
0.9202057769709996
0.9500621486240726
0.9741620794480664
0.9937157556212685
0.00045304001722731684
0.030066933351446584
0.07417508902584806
0.12452366521624325
0.18569270455256615
0.24856458330744868
0.31786203109426003
0.38557960158547744
0.4568957440668355
0.5255375703131303
0.5913662210567945
0.6523892702431141
0.7117902959643467
0.7596489879592279
0.8067133461382274
0.8469702701710966
0.8848881531657979
0.9146799250352979
0.9391414279332909
0.9615466940643187
0.9780828876786339
