0.0
0.1194217339297593
0.2371982771329404
0.3480717135419441
0.4474932766772328
0.5407551159829275
0.6219403383325973
0.6953265974203967
0.7572835750467151
0.8103401681844431
0.8525064621347553
0.8911207797452669
0.918212999056922
0.9393715184613891
0.9546619323335291
0.9675572438828646
0.9796197460970584
0.9851783055677215
0.9916574440343899
1.0
1.0
0.0
0.11838274064924643
0.2322926922657106
0.33853314202519
0.43613996275564537
0.5246292670719177
0.6004924256302278
0.6723081444572283
0.7313868196689299
0.780612445056638
0.8242526665828036
0.8581008084043721
0.8852571232920883
0.9080666541254316
0.9244502119397435
0.9422668448030366
0.9529882040571991
0.9654969852707311
0.9776063998390923
0.9914564560800735
1.0
0.0
0.11601829509063974
0.227102621917493
0.3332746437376314
0.42439757268628026
0.5089726807589191
0.5827843226887744
0.6481002714354436
0.7072981061705941
0.7528652651960783
0.7942041303508365
0.8281693921773695
0.8536393121157939
0.8779326322049759
0.896719353140904
0.9140488920563802
0.9311806730254777
0.9475027699256638
0.9643052092781259
0.9847614181186003
1.0
0.0
0.11420718850146612
0.22296943070314668
0.3211520203852089
0.4133939096263921
0.49549849829031756
0.5664216396710513
0.6265606685819739
0.6835751313089281
0.7291390504418302
0.7652291679376382
0.7971730708364082
0.8261521620598615
0.8508159060155133
0.8719001678754441
0.8925057940110492
0.9115547861116681
0.931604141130741
0.9527783796992316
0.977300122583109
1.0
0.0
0.11173976103520668
0.21791013366272372
0.31482315420715434
0.4025085128959388
0.48133772107082207
0.5486156286467128
0.6080864684903426
0.6596498148763628
0.702818254845613
0.7406636097284234
0.773947059218333
0.8002326567454875
0.825775235246621
0.8501059732545948
0.8700607168255997
0.8944561135206452
0.9173613975841683
0.94530272787827
0.9725905041726146
1.0
0.0
0.1119371600760479
0.21231076384338238
0.30883791271065597
0.39296695486458477
0.46777500767189517
0.5321823859714984
0.590457834416263
0.6372239492240698
0.6819585714228278
0.7174621641691479
0.7498181865786264
0.7779400391271574
0.8042893811326793
0.8283835168177329
0.852133454831356
0.8780249784139335
0.9052560720622089
0.9360406732969133
0.9677394886337225
1.0
0.0008126811722672526
0.10992721410880699
0.21248747399022377
0.3033409286498321
0.38302372642459903
0.4567772568605408
0.5200616241527959
0.5742636154404933
0.6209062214229207
0.6628477738485238
0.6976826730472189
0.7271267643064812
0.7579853783629629
0.7852148228942809
0.8109375382745652
0.837698712331442
0.8656406606785843
0.8947327740933775
0.9298221003161525
0.9630837326648812
1.0
0.002150690366401638
0.10931323152452285
0.20737075972030153
0.29862880307654505
0.3785164253843142
0.44601616225409907
0.5078484687366455
0.5590794290562254
0.607918367176219
0.6477852697913912
0.6823288395370377
0.7128526591898627
0.7394595212095247
0.7690953094587935
0.7979055514339515
0.8252562839804555
0.853613342532202
0.8879989457340761
0.9227057950481351
0.9620321594548624
1.0
0.0011438193516451994
0.10860206341120976
0.2054866794732197
0.29302672180763256
0.36976627031021514
0.4391664086383492
0.4984935084281875
0.5497970214319687
0.5944037830561457
0.6334791031473779
0.6680502929313259
0.7002750091277188
0.7304129790043117
0.756857173294643
0.7861138063273774
0.8165258370455178
0.8479621254074927
0.882083709813303
0.9180092255019313
0.9587215153403021
1.0
0.0014160767464460225
0.10875585893031235
0.20287868084576544
0.2879343223293499
0.36617160109026825
0.4327638618206102
0.49273898669212635
0.5411824978957901
0.5842840587443582
0.6234948833380779
0.6597263060910052
0.6902919029331904
0.7213422700095926
0.750575946524584
0.7798053345298934
0.8108872042823906
0.8446353879824609
0.8781892614351933
0.9182354847487372
0.9574857576027531
1.0
0.0014429858139277385
0.10569152038330795
0.2013306959437917
0.28706050929124893
0.3622688452167676
0.42727071848328
0.484203850068883
0.5369599759520589
0.5799814467879446
0.6205779553039443
0.6551667154853127
0.6863594538305795
0.7175008566662918
0.7458505983115142
0.7794972008462838
0.8110416766682402
0.8443321963418442
0.878652340042705
0.9163937875442684
0.956086962031373
0.9997607960832421
0.0006798841982177512
0.10531927599753285
0.20025626485841874
0.28571457059935934
0.3594457138712802
0.4259458581030454
0.485128964548756
0.5348979027898989
0.5766260925177082
0.6174078218756945
0.6543311422278598
0.6878265924279033
0.7175717474549186
0.7492391608331014
0.7800316221237773
0.8118886916672247
0.847005282284055
0.8806421987530276
0.9181236297796234
0.9569432222851152
0.9982600065095276
0.0
0.10385724588371316
0.19796838908090952
0.2847807024016964
0.35694385582178983
0.42363195126921444
0.4809068470978214
0.5349229365211428
0.5804148131811349
0.6181538615234554
0.655920834581728
0.6906962075103286
0.7246862332853911
0.7563054686504367
0.7876434349083945
0.8203430447958853
0.8524542268203025
0.8859262743882136
0.9209906857712857
0.958722845852905
0.9957150545785012
0.0
0.10367328680230961
0.19613704643802682
0.28004975138966415
0.3585837710969626
0.4271761735982308
0.4864351961264327
0.5386389014686344
0.5865540250073151
0.628538635563691
0.6671188658826918
0.7014622854886372
0.7325578393392246
0.7665451096561774
0.7973732872008525
0.8300598851206027
0.8617070610538738
0.8955394346427274
0.9287106941526575
0.9613133424094674
0.9942637521016762
0.0
0.10099189816541572
0.19597835925383958
0.28554248956641687
0.36057173341054394
0.43042229657671616
0.49098777324203047
0.5466427475841407
0.5947535771672828
0.640152996980758
0.6790860711716922
0.7186308151799143
0.7510689684003294
0.782015507133317
0.8147214570921044
0.8447379814277922
0.8777268173981595
0.9074102718240292
0.9382185368206151
0.9676764699712616
0.9974747173606595
0.0
0.1014855949687232
0.19826586927951445
0.28394365666137333
0.36473124125180945
0.43649399227110347
0.4993863538524852
0.5562228546348595
0.6086877292824058
0.6573094077058227
0.6983944645961329
0.7348818992033009
0.7700149204304855
0.8036046140793955
0.8350802925183374
0.866176792971782
0.8948456360023935
0.9206966587771308
0.9474486594683349
0.9751994307313266
0.9972354307009517
0.0
0.10033167356323348
0.1995623053571067
0.2894276748737976
0.3698659851219577
0.44483436285777006
0.5120858948487418
0.5707677546080153
0.6257106148635182
0.6770908794871726
0.7191186530667459
0.7609463849657523
0.7956642943691866
0.8295589958933538
0.8597299141274467
0.8890150847262481
0.9144469627546976
0.9395094464524079
0.9612655692701078
0.9815338296594183
1.0
0.0
0.0984935319783452
0.19990318736536966
0.2902449622088725
0.3773618548816498
0.45490060729826054
0.5282103198183952
0.5912308453389487
0.6475250613390693
0.7005229227040317
0.746836082200246
0.787433121521173
0.82831468247928
0.8620729200583275
0.8901801876835576
0.9165476186211031
0.9411082310144163
0.9592101766544922
0.9787619122059141
0.9922742028201577
1.0
0.0
0.09983694138609961
0.20284489659056903
0.2994466826639651
0.3869492548140362
0.47107449992999206
0.5444450235509046
0.6120543741767674
0.6740322700885044
0.728491078132588
0.7805456741629136
0.8228682260331432
0.8617364786985549
0.9006238828230013
0.9268841434926967
0.9510506461680596
0.9707136644852818
0.988425256896186
0.9966264750545957
1.0
1.0
0.0
0.10489977576901727
0.2098664607143847
0.3088653934437627
0.39881001420749096
0.48530253350763064
0.5666040929936143
0.6390742851525839
0.7055575447320249
0.7622897174171345
0.816053907374846
0.8600264656954086
0.8999316442169125
0.9371684051179474
0.9634671987581971
0.9867057342421994
1.0
1.0
1.0
1.0
1.0
0.0
0.10994813490395552
0.2184544153668026
0.31926087919519286
0.4143036936977936
0.505880549029181
0.5909761196626949
0.6666372887947057
0.7378107417122768
0.8000580337310399
0.8561974664386043
0.9035133113273441
0.9454711340241502
0.9780736628892751
1.0
1.0
1.0
1.0
1.0
1.0
1.0
