0.021403690679195977
0.15097703683886687
0.277708084320586
0.39636858639729267
0.513296397397493
0.6195926399946071
0.7205746845390515
0.814728917711051
0.9007772099679613
0.9721854709294557
1.0
1.0
1.0
1.0
1.0
1.0
1.0
1.0
1.0
1.0
1.0
0.017369778672624726
0.1512627924269082
0.28188597324721065
0.40486252827652414
0.5263204424373951
0.6382914162660493
0.7431518741670727
0.8363835622590277
0.9225606166825278
0.9971008919857256
1.0
1.0
1.0
1.0
1.0
1.0
1.0
1.0
1.0
1.0
1.0
0.013848147773637168
0.15335546583822118
0.2870374560104315
0.41879545996682777
0.5415827940936837
0.658637979953794
0.7674226372289632
0.8641609301422318
0.9516219433293843
1.0
1.0
1.0
1.0
1.0
1.0
1.0
1.0
1.0
1.0
1.0
0.9961567053267277
0.010951172173687964
0.153843830451877
0.2963765085816018
0.43130541093072156
0.5608219117123203
0.680663021213724
0.7912052326334124
0.8915788687468458
0.9802484496135992
1.0
1.0
1.0
1.0
1.0
1.0
1.0
1.0
1.0
1.0
1.0
0.9908486160873574
0.006223332977245124
0.1581950895387721
0.3051787046534502
0.44423998872290593
0.5777215471015407
0.7025366616332027
0.8183743258114211
0.923323409410296
1.0
1.0
1.0
1.0
1.0
1.0
1.0
1.0
1.0
1.0
1.0
1.0
0.9900093466628198
0.007242651237870407
0.16107486221550116
0.31286545151515943
0.4599584941235612
0.5951285213741576
0.7261513579953428
0.8454861037734888
0.9486253868487908
1.0
1.0
1.0
1.0
1.0
1.0
1.0
1.0
1.0
1.0
1.0
1.0
0.988857219251009
0.0029692327778960284
0.1646266206676042
0.3207596216999898
0.47118439479558705
0.6162692491589175
0.7479892375558579
0.8679262062886132
0.9792093699154891
1.0
1.0
1.0
1.0
1.0
1.0
1.0
1.0
1.0
1.0
1.0
1.0
0.9933596111140747
0.002444944538340375
0.16856149466282003
0.33034716072830955
0.4844905919834161
0.6321114160187277
0.7675028112534238
0.8924600301989967
1.0
1.0
1.0
1.0
1.0
1.0
1.0
1.0
1.0
1.0
1.0
1.0
1.0
0.9966655138845831
0.0025298759736897413
0.17269364624997408
0.3373960642737302
0.4974285601358028
0.6450664092695308
0.7841737815560308
0.9100289424697738
1.0
1.0
1.0
1.0
1.0
1.0
1.0
1.0
1.0
1.0
1.0
1.0
1.0
0.9998452783250673
0.0009949208566148403
0.17637017208592712
0.3428192057967576
0.504045091220432
0.6553947093849413
0.796558739355402
0.9239923316849888
1.0
1.0
1.0
1.0
1.0
1.0
1.0
1.0
1.0
1.0
1.0
1.0
1.0
1.0
0.004737581860127462
0.17854594684916322
0.34543361423117214
0.5066082784811223
0.6593933479283267
0.8005101976338994
0.9288272850662149
1.0
1.0
1.0
1.0
1.0
1.0
1.0
1.0
1.0
1.0
1.0
1.0
1.0
1.0
0.0047184724735529916
0.1800130996686637
0.34475678436663193
0.5065372593358289
0.6596723964705064
0.7988424298195693
0.9255562559767466
1.0
1.0
1.0
1.0
1.0
1.0
1.0
1.0
1.0
1.0
1.0
1.0
1.0
1.0
0.004238680436148758
0.17560097938273922
0.342203225596213
0.5008186842324467
0.6499725340835432
0.7900306606031066
0.9155201561593505
1.0
1.0
1.0
1.0
1.0
1.0
1.0
1.0
1.0
1.0
1.0
1.0
1.0
1.0
0.0045042324483285535
0.1731802319056326
0.3348899135987041
0.4894972664747978
0.6356250284335506
0.771737242458965
0.8949991530968369
1.0
1.0
1.0
1.0
1.0
1.0
1.0
1.0
1.0
1.0
1.0
1.0
1.0
1.0
0.001515467229216001
0.1654812873584804
0.32110348055828497
0.4730050539512281
0.6163057939346277
0.7457016367305898
0.8658244182022319
0.9716070709637652
1.0
1.0
1.0
1.0
1.0
1.0
1.0
1.0
1.0
1.0
1.0
1.0
1.0
0.0007084531992626623
0.1574589073123117
0.30528418312004796
0.44934140152446306
0.5868155123660773
0.7118132527249283
0.8254042930223879
0.9276858140023957
1.0
1.0
1.0
1.0
1.0
1.0
1.0
1.0
1.0
1.0
1.0
1.0
1.0
0.0
0.14663003524920026
0.288942843668745
0.42378716774952163
0.5479270754482187
0.6678850416924457
0.7777529710677304
0.8762118554744005
0.9634852997533605
1.0
1.0
1.0
1.0
1.0
1.0
1.0
1.0
1.0
1.0
1.0
1.0
0.0
0.13394157351931302
0.26570386515775823
0.38936733345259406
0.5081001243866641
0.6189622853655268
0.7225994312453146
0.8127329032994378
0.8957999482112919
0.9690283328961449
1.0
1.0
1.0
1.0
1.0
1.0
1.0
1.0
1.0
1.0
0.9988784102853877
0.0
0.12239925942370632
0.2407117339431981
0.35619100814616844
0.4626767464176966
0.5658471233139815
0.6593796727593237
0.7433722984766873
0.8228454732380526
0.8927995400310973
0.950598680735274
1.0
1.0
1.0
1.0
1.0
1.0
1.0
1.0
1.0
0.9924805595423232
0.0008969117027057533
0.1112808715223384
0.21639814566705806
0.316421843745488
0.4151166939583468
0.5065484291949146
0.5913438417803731
0.6696171491532659
0.7432276606975774
0.8083282807950949
0.8654109283731242
0.9169889468584164
0.9609268685196213
0.9957841167904858
1.0
1.0
1.0
1.0
1.0
1.0
0.9867699641928155
0.005486692546335147
0.10061555602065615
0.1928398338953342
0.28207695165445523
0.366767683407343
0.4482398310869851
0.5231787243264194
0.5922740800858585
0.6627557412667374
0.7232623085669516
0.7777210915188322
0.8306934456710137
0.8759982812166722
0.9163396132516958
0.9493994592250237
0.9777623879827235
0.9968599137194472
1.0
1.0
1.0
0.9844515579980794
