0.021518054233819528
0.0
0.0
0.0
0.0
0.0
0.0
0.0
0.0
0.05090940712645736
0.12993393903048683
0.21937814073419654
0.3126998141663624
0.41010698816704094
0.5053503679292759
0.5991622851063447
0.6914650327712177
0.7805092170898191
0.8625991636195967
0.9403328449242183
1.0
0.013965615268618897
0.0
0.0
0.0
0.0
0.0
0.0
0.0
0.0
0.0
0.05940924065392139
0.15040035527851947
0.2444414358834669
0.3446508838676363
0.4446539530816433
0.5490539019849486
0.646825148155183
0.7434511180051881
0.8345570383781644
0.9227977580614466
1.0
0.008302756050315831
0.0
0.0
0.0
0.0
0.0
0.0
0.0
0.0
0.0
0.0
0.08101544880882494
0.18160799702500696
0.2844398369054864
0.38985203516768335
0.4998553858822439
0.6069160707711139
0.710317599103219
0.8124115531137357
0.908215603328714
0.9993407487774342
0.0007972660196470649
0.0
0.0
0.0
0.0
0.0
0.0
0.0
0.0
0.0
0.0
0.01747498043797291
0.11962105409849366
0.22948554049543712
0.33934395548907137
0.4558665377840797
0.5686631950289976
0.6794163523017143
0.7900345054415537
0.8949105288902004
0.9954167561413481
0.0011266846160470766
0.0
0.0
0.0
0.0
0.0
0.0
0.0
0.0
0.0
0.0
0.0
0.06429207678834625
0.17601232745108075
0.29509997456165893
0.41408580321923355
0.5344034448856703
0.655559220118594
0.7712319153144543
0.8844143697765806
0.9920414686963496
0.0
0.0
0.0
0.0
0.0
0.0
0.0
0.0
0.0
0.0
0.0
0.0
0.015149527410037056
0.12921872689304137
0.2521848636063001
0.38024576461963605
0.5045899112460709
0.6317162775895808
0.7561137870503607
0.8749827270393139
0.9926559083375721
0.0
0.0
0.0
0.0
0.0
0.0
0.0
0.0
0.0
0.0
0.0
0.0
0.0
0.09042026675440129
0.21423692815337025
0.34568747777644854
0.4800202967710718
0.6120394463910264
0.7437205703081788
0.8713826339629094
0.9926351703557975
0.0
0.0
0.0
0.0
0.0
0.0
0.0
0.0
0.0
0.0
0.0
0.0
0.0
0.05347703551481375
0.18428540817199923
0.3184712990327567
0.457931387534963
0.5940517597703923
0.7341074972746293
0.8650980294968602
0.998053995759074
0.0
0.0
0.0
0.0
0.0
0.0
0.0
0.0
0.0
0.0
0.0
0.0
0.0
0.024064090542423644
0.16015216456873094
0.29866920603045166
0.44012688090707425
0.5835345074455174
0.7263853505080982
0.8644114875891473
0.9990268984367112
3.237113716182379e-05
0.0
0.0
0.0
0.0
0.0
0.0
0.0
0.0
0.0
0.0
0.0
0.0
0.0
0.13593665676107547
0.282035389184765
0.42476517499330063
0.573599112924299
0.7200861959004947
0.861818331276658
1.0
0.0018546097606997568
0.0
0.0
0.0
0.0
0.0
0.0
0.0
0.0
0.0
0.0
0.0
0.0
0.0
0.12094115934796124
0.2645484925297954
0.41689134316730475
0.5650165919486576
0.7138396656106285
0.859797946970395
1.0
0.0017595629072734036
0.0
0.0
0.0
0.0
0.0
0.0
0.0
0.0
0.0
0.0
0.0
0.0
0.0
0.11137583988653221
0.2568440124728052
0.40892788728635254
0.561961021530555
0.7101529017582073
0.8584799730625625
1.0
0.001217303128205071
0.0
0.0
0.0
0.0
0.0
0.0
0.0
0.0
0.0
0.0
0.0
0.0
0.0
0.1051483959195344
0.2536481698448685
0.4055469718375042
0.5589693396261035
0.7098225352110631
0.8585543514328461
1.0
0.0032415708642547078
0.0
0.0
0.0
0.0
0.0
0.0
0.0
0.0
0.0
0.0
0.0
0.0
0.0
0.1075140361262037
0.25413561634007387
0.40555268387909327
0.5567383511293641
0.7080552365215629
0.8584786027576856
1.0
0.002945040090823064
0.0
0.0
0.0
0.0
0.0
0.0
0.0
0.0
0.0
0.0
0.0
0.0
0.0
0.1148441467045177
0.2608527777610523
0.40956862537240607
0.5610390460693189
0.7085079824798064
0.8576037312358256
1.0
0.0042322887565914916
0.0
0.0
0.0
0.0
0.0
0.0
0.0
0.0
0.0
0.0
0.0
0.0
0.0
0.1264891482436521
0.26934090969069546
0.4174788679927358
0.563421836612555
0.7138994946225858
0.8599402904703267
0.9991972028481263
0.004426252701135795
0.0
0.0
0.0
0.0
0.0
0.0
0.0
0.0
0.0
0.0
0.0
0.0
0.008464252487236923
0.1441238550110422
0.2858791256717097
0.4290503212142217
0.5757784451463213
0.7194713983274273
0.8618315259133542
0.99858025633812
0.004447123877680389
0.0
0.0
0.0
0.0
0.0
0.0
0.0
0.0
0.0
0.0
0.0
0.0
0.036027356149151646
0.16597561081049927
0.30634403218675244
0.4471098637259581
0.5874066095658323
0.7275873794134398
0.8670950291543792
0.9992273950086004
0.005631678573452361
0.0
0.0
0.0
0.0
0.0
0.0
0.0
0.0
0.0
0.0
0.0
0.0
0.06924757901608436
0.20105725226974314
0.33324263799175236
0.4705033928183493
0.6073842377695456
0.741778589441842
0.8743243680295583
1.0
0.009965189353547801
0.0
0.0
0.0
0.0
0.0
0.0
0.0
0.0
0.0
0.0
0.0
0.0
0.11453338338564645
0.2386122085589164
0.36548109923542527
0.4979745440994718
0.6288955983224178
0.7576616521542974
0.8849788891900117
1.0
0.017239240996121983
0.0
0.0
0.0
0.0
0.0
0.0
0.0
0.0
0.0
0.0
0.0
0.05028955205120711
0.16407934334033958
0.2857604757621715
0.4062151614427948
0.5328120587696683
0.6586666968054125
0.7797251838189264
0.9012708529425338
1.0
