0.0
0.1270828531542324
0.26684820051723157
0.39563769350588
0.5074099535823337
0.6062570262320811
0.691266203185377
0.7567894372903397
0.8128714487199604
0.8536329122960001
0.8830092371301231
0.9043987645700878
0.919584066266623
0.9301787199670294
0.9363229606058988
0.9410425910231839
0.9488687736235655
0.9580174363907835
0.9701921539092407
0.9875766592087304
1.0
0.0
0.1273026034721026
0.2565316589977004
0.37233602595305204
0.4747716993874552
0.5660559102303899
0.6418703243683228
0.7043609860607356
0.7560659196615416
0.7934378378204369
0.8230616453102818
0.8439993301893012
0.8619708857654609
0.8768886309693075
0.8861085802154474
0.9008372571636806
0.9150391936630691
0.9325362287059811
0.9534815624683766
0.9819699674881597
1.0
0.0
0.12508899887426578
0.24152955649616112
0.34458798432730264
0.4394658555190458
0.51786035215218
0.5884977179241622
0.6456261710455802
0.6903214679406575
0.7271759918724894
0.7547697244201076
0.77820970685944
0.7980894335766211
0.8157080603870995
0.8333520019694095
0.8518211414651162
0.8743568881674841
0.8996476262994408
0.9336362195073251
0.9735500717728229
1.0
0.003003990405318069
0.11736987287673774
0.21928054026924934
0.31497510272892243
0.39496396735879613
0.46619990803010647
0.5266438965310556
0.5776332409202871
0.6196029962697622
0.6553752589065405
0.6841459002328837
0.7076206074464112
0.7280252571116159
0.7526914428549806
0.7750701700811732
0.8007441384457679
0.8332907197517803
0.8703591845718065
0.9136985522268737
0.9657192599286214
1.0
0.00797679961637076
0.1068249073142021
0.19699385760060162
0.274661289072078
0.34770470848963764
0.40692594234172497
0.46216845128154016
0.5074120778876847
0.5441348167176063
0.5784520579196246
0.6055143288671464
0.6307089819576295
0.6565751033285078
0.683157022411398
0.7132848557380151
0.7469514744757104
0.7879950877998186
0.8347898314836217
0.8895527363198817
0.9519461889586973
1.0
0.009509410628730366
0.09340345192633032
0.17032805371552873
0.23863830558074967
0.29976689345236823
0.3483151284364101
0.39387394368280676
0.43536482377897623
0.46548067142321137
0.4974505220914243
0.5247675863062811
0.5533635615406729
0.5817904403817012
0.6130566002785719
0.6507097296934257
0.6897281520039407
0.7418099283282232
0.798687225003877
0.8637392201262964
0.9375694718612658
1.0
0.011149242751984544
0.07895617933477121
0.14173885746725434
0.19813477835336743
0.24868138308547788
0.28918316953025147
0.32714870023898013
0.3595600789340361
0.3894963183079809
0.4150183290312569
0.44311006523820895
0.4719442529987037
0.5048935341543794
0.5410367159265321
0.5846542179161851
0.6355157168434364
0.692198472883209
0.7612319690198345
0.8371553047167253
0.9225529537128054
1.0
0.008319162790862063
0.06261072992639682
0.11276303262773052
0.15726914536741896
0.19596297868367327
0.2289969155013825
0.25940206158407975
0.28563695809182765
0.31064266903946003
0.3368818904393458
0.36389858465015024
0.3937213971251621
0.43059617608829825
0.47105999338223054
0.5179964486191228
0.5777520920229027
0.6424902240213759
0.721014440462404
0.8103099754387191
0.9066008437005473
1.0
0.007813477650224093
0.047213965846537975
0.08647751436235154
0.11902527218125275
0.14570119664332754
0.16911499222115486
0.19353054227547062
0.21354052315967814
0.23798151121316102
0.2604452974001432
0.28934764245332056
0.31900839796230845
0.358360675223429
0.4042015911084337
0.45785322571788506
0.5233225211925792
0.5965747288867483
0.683584373516446
0.780964958458289
0.8914060557027812
1.0
0.004225237588978251
0.03373071703085271
0.05737695513799276
0.07924051383388489
0.09870895859808972
0.11380010328958251
0.13216082215863534
0.15030551541097306
0.16907977396450663
0.18904312894159625
0.21562281262828747
0.2507433920606205
0.2900104906112894
0.3429529547350537
0.40225186870857615
0.4724922003018294
0.5566024102898732
0.6502750069272527
0.7578151270029772
0.8740382612001016
1.0
0.0038853669434854785
0.020370097644976097
0.03353834235149607
0.0458990881752004
0.057430872601637595
0.06616947567104894
0.07629493685576405
0.08706790876629922
0.10467515489438295
0.12363707564320692
0.15394583566842002
0.18626356366201652
0.23161107381155738
0.28520517655831074
0.3502697137472416
0.42649616571258575
0.5184906529544766
0.6177549407879188
0.7350121673275425
0.859168625018097
0.998424992566149
0.002751941914891678
0.010235924839925914
0.013833371561783783
0.016229057897526877
0.01965469252855223
0.022219537998337646
0.027246047804380835
0.03456884966793078
0.04938416153863634
0.06751746940543107
0.09491074023432317
0.1315584645200491
0.1768935697474523
0.2344318795970784
0.304076535250716
0.38863527312710877
0.48467661430430853
0.5932449279177909
0.7140462034044653
0.8473720765638906
0.9933869339254466
0.001409067912639019
0.00037189070979353617
0.0
0.0
0.0
0.0
0.0
0.0
0.0007545288347329815
0.017790035108980806
0.047833853301889384
0.0829467294126578
0.13421098376867835
0.19453664262327863
0.268822384058507
0.35680714515991807
0.4555808624813121
0.5711514697852007
0.6985172745442297
0.8383349293883406
0.9928409431501418
0.004182917830880998
0.0
0.0
0.0
0.0
0.0
0.0
0.0
0.0
0.0
0.008308698035639384
0.04638274782150298
0.09672151636057236
0.16129782710150975
0.2385405269144052
0.3263838145481821
0.4357644980085875
0.5561241978987639
0.6893827724428825
0.8341220507220335
0.9923974973977346
0.005208761027473432
0.0
0.0
0.0
0.0
0.0
0.0
0.0
0.0
0.0
0.0
0.017541507592624517
0.07137371311533369
0.13575512274798351
0.21325973979241697
0.3103323861889976
0.4209164685634734
0.5453228549320722
0.6810473118372018
0.8317804119062179
0.9944069063977219
0.008489463194987546
0.0
0.0
0.0
0.0
0.0
0.0
0.0
0.0
0.0
0.0
0.0
0.052439301819928175
0.12047571090849674
0.20249191973305136
0.297985577408604
0.41190116179776265
0.5369804152353097
0.6769329922105172
0.8318591220162005
0.997519482728133
0.011069261148513329
0.0
0.0
0.0
0.0
0.0
0.0
0.0
0.0
0.0
0.0
0.0
0.04369183764906481
0.11060401963173239
0.19261222704258496
0.2939909408667061
0.40822229185776476
0.5347897897603464
0.6787902435134261
0.8369029910739683
1.0
0.013151569239853238
0.0
0.0
0.0
0.0
0.0
0.0
0.0
0.0
0.0
0.0
0.0
0.03683899374150623
0.10656913871978635
0.19175993351619447
0.2935219192353752
0.40838750217829656
0.5346549593820525
0.6804088222634298
0.8363504364571751
1.0
0.011919243835581768
0.0
0.0
0.0
0.0
0.0
0.0
0.0
0.0
0.0
0.0
0.0
0.03799551361490339
0.10683116286780614
0.1936711224165606
0.29327503665951793
0.4086461111945778
0.5384089446122062
0.6848696262266591
0.8412026080966788
1.0
0.010790981400820705
0.0
0.0
0.0
0.0
0.0
0.0
0.0
0.0
0.0
0.0
0.0
0.04120788089188143
0.11140093424357289
0.19389401479227464
0.2952903897484974
0.40994733577847187
0.5405144607775372
0.6842362162304847
0.8420851225429246
1.0
0.003889148958367703
0.0
0.0
0.0
0.0
0.0
0.0
0.0
0.0
0.0
0.0
0.0
0.04211308112564205
0.1125478424946128
0.19745017069981918
0.2969504565890322
0.4110517384396913
0.540102919342477
0.6822342570602515
0.8374820770889326
1.0
