0.0
0.04960437211223631
0.10196699944838637
0.14972224369080198
0.1988437770812016
0.2462898225294307
0.2892162441448266
0.33103350280501476
0.3751835979811447
0.41913812381618254
0.4628616049063506
0.5083795981299547
0.557838982212216
0.6087601610666119
0.6613357580084938
0.7159487924225265
0.7719605337357305
0.8288113203451201
0.8823295981698581
0.9378474668349791
0.9842614283698531
0.0001640938668676607
0.0629597181153796
0.12174364800094291
0.17751232947072354
0.22806691566169177
0.2793658398370015
0.32644216178195934
0.3697052053044395
0.4157846048460022
0.45899136628588133
0.5032326453944693
0.5481013137024527
0.5940688583687689
0.6395639875705166
0.6911998776834238
0.7417839758614432
0.7934928411497201
0.8472003310864394
0.8994342179472135
0.9496932790903507
0.9950482194268577
0.00547677873146165
0.0718531283934783
0.13856306310382935
0.20048836200861267
0.2590003318673682
0.3122836598579692
0.3636697717528975
0.4116562771042861
0.4540068016592716
0.4996145458482859
0.5408397745775217
0.5830115930691809
0.6278038335778565
0.6704979717265938
0.7159784917731735
0.7622265338901476
0.8122499689493695
0.8610499197505961
0.9107965346069828
0.957435717745985
0.9994515457631723
0.005688403660137895
0.08083914729558041
0.1540639892398571
0.21978048917416831
0.28616723524001225
0.3426363336269985
0.3952660365356426
0.44626143998050494
0.4920000506784857
0.5327643451091157
0.5754481436596951
0.6185161486630593
0.6571784471497348
0.6973402606611283
0.7395646164505169
0.7819223426314722
0.8262292000618789
0.8730700357230908
0.9186667275617437
0.9624312103572837
1.0
0.003573374525636097
0.09142086294120408
0.16629175207405303
0.24151953802343396
0.308081490100962
0.37244577249403804
0.4282840400595312
0.47898808793585523
0.5247994249387908
0.5694493859691725
0.6068450449921852
0.6479777927767931
0.6851083044397366
0.7213601234921433
0.7612443692023169
0.7991892630431812
0.8391564504470931
0.8809292333415469
0.922823709256575
0.9649376607827894
1.0
0.002709128997385762
0.09425009234945415
0.18047829543154043
0.2589623368582057
0.33302959176915686
0.3984607408660113
0.45775475314974656
0.5110337520489243
0.5580858056923624
0.6003830959586967
0.6420137189805091
0.6760242034485973
0.7103471721177594
0.7450284931775892
0.780720071194532
0.8141011968627909
0.8503927879809914
0.8898812571152003
0.9288282447888583
0.9670159766789396
1.0
0.0
0.09960872844010221
0.18994341955719307
0.27599909117163446
0.35265080862251985
0.4246784919708536
0.48570870372717
0.5392779087206261
0.5900819008619516
0.6317127469742483
0.6696850257494598
0.7046236200183468
0.7392161190952696
0.7691584072222669
0.8004944415045593
0.8297213084797039
0.8621349645361532
0.895178179982729
0.9312688042267978
0.9655925379133495
1.0
0.0
0.10340443007065343
0.20200238678505844
0.2910758102606386
0.37315551943238434
0.4485946006361251
0.5124664845705499
0.5684860130094109
0.6189580853512713
0.660808280692871
0.6982109017941042
0.7317346334141287
0.7595816969547085
0.7904378109816771
0.8162627716583445
0.8432753950426786
0.8716719313703134
0.9033053492459038
0.9364154493638023
0.9679360843920715
1.0
0.0
0.10867652436390557
0.20982247131781367
0.3069378825978457
0.3954022322523928
0.4713955409335841
0.5395009882006909
0.5984492479693027
0.6483117926098775
0.6906755805310871
0.7260516760223394
0.7571830804001476
0.782198512218605
0.8092520013784987
0.8323631153169503
0.8576275622673378
0.8821000860016701
0.9088151692389901
0.9391443370435734
0.9670006853442378
1.0
0.0
0.11088801000907007
0.22090207848634955
0.3229116414221748
0.4130567511381211
0.49488002990184415
0.5661020169546884
0.6239897030325529
0.6766019304230866
0.719968182094183
0.753441023590921
0.7839003383988183
0.810374659048504
0.8312940556953594
0.8544506544074695
0.8737528056213875
0.8931357700533737
0.9169853797168871
0.9443907335965789
0.9699739975435915
0.9993028587680833
0.0
0.114434460624641
0.23161754860335837
0.3374213769721053
0.4324204223090851
0.5156361511825842
0.5895998137306542
0.6523287895591896
0.7056022367561899
0.747031423516177
0.7821401230441439
0.809700439634242
0.8326825912103112
0.8524427001260956
0.8678105106578594
0.8864478383677283
0.9046970579611403
0.925102393927273
0.9470537643950067
0.9719153986250805
0.9980817644078638
0.0
0.12028744487136388
0.24140082995634646
0.35111355762358554
0.4488238071971255
0.5383909586120305
0.615729657036094
0.6784053774046879
0.7310136013999714
0.7751676694235605
0.8080838059900883
0.8346151105005329
0.8547510455079426
0.8723853049291349
0.8865959623243456
0.9019908322442738
0.9152134471020049
0.933973739636424
0.9508827282389709
0.972181940634647
0.9974575232418601
0.0
0.12574214658088426
0.2520832287630632
0.36754860274479156
0.4690686408290864
0.5603299670572475
0.6373216953054199
0.7050841730936539
0.7589639382862513
0.8012351488091662
0.8342095419269322
0.8607325666050301
0.8799747977196665
0.8939767375959531
0.9055174554291153
0.9169222103791117
0.9279452355586751
0.9421228902550092
0.957864052753081
0.9780589860644223
0.9978825693837754
0.0
0.13184664019216386
0.2609810550225983
0.37999902132866725
0.48706349374318364
0.580903288364949
0.6617208275654125
0.7290285742842936
0.7850055787497122
0.8289892586753714
0.8591032773897851
0.8837977619074578
0.9024481962662692
0.9134092400129468
0.9242373956983604
0.9326584436975834
0.9407067659494297
0.9512772577112028
0.9635215279194876
0.9807535849488386
0.9997561170767979
0.0
0.13550313888040083
0.27232331078177985
0.39515800152522074
0.5035744067066952
0.6024390166147793
0.6832685742103568
0.7530768497297933
0.8086171221395213
0.8532893389479839
0.8844218411891901
0.9082888883181902
0.9240915849105226
0.9351722521482653
0.9422444338589819
0.9476068092594517
0.9546684732527367
0.9601116823620682
0.9706723217057925
0.9850063957243467
1.0
0.0
0.1420443764373844
0.2829121319059448
0.4078691855875531
0.5216684540599983
0.6198096580686252
0.7067970677478672
0.776932729526949
0.8347532433586515
0.8769085711371054
0.909449672885228
0.9331417496060066
0.947979302088485
0.9567913425314203
0.9604402905008667
0.9647223194280593
0.9656905269074261
0.971032819589684
0.9766707320470883
0.9860893331466131
0.9999712915803634
0.0
0.15036219394121525
0.29234524714204446
0.42203109779403747
0.5385378600982781
0.6396625723015332
0.7268450880606684
0.8001619812768088
0.8569186120406456
0.9039758947456142
0.9342418323500026
0.955545270920531
0.9710255113800687
0.9775690051638185
0.9799981913729316
0.9815887878906617
0.9803109661518046
0.9810064474507701
0.986193445934954
0.9928910619471323
1.0
0.001350150258326261
0.1566278528493154
0.30114921535222106
0.4366213557249431
0.5541131489628343
0.6583516230039508
0.7499545403441739
0.8237897366300786
0.8828935366887596
0.9268269533138955
0.9619200357416717
0.9808844043107875
0.9939278225878212
1.0
1.0
0.997524622977882
0.9966187348695088
0.9932960811570396
0.994596789533956
0.9980278040304115
1.0
0.005969184670734025
0.16577062652443597
0.31299302301963705
0.4492425748724123
0.5724208279823643
0.6790917742345379
0.7708401007872241
0.8463417311768762
0.9064020321956141
0.9529241370784381
0.986297750312106
1.0
1.0
1.0
1.0
1.0
1.0
1.0
1.0
1.0
1.0
0.0111108686686713
0.17294817515981079
0.32528243091492137
0.46418888698272637
0.5875422405090616
0.6989707570281927
0.7927847452532863
0.8706583016183014
0.9316412519789794
0.9801432965252155
1.0
1.0
1.0
1.0
1.0
1.0
1.0
1.0
1.0
1.0
1.0
0.015679956818824642
0.17978626844413179
0.3354280500233169
0.4808606428482676
0.6058492782412219
0.718937480532504
0.8152496929276387
0.8943555658152356
0.9567549767527554
1.0
1.0
1.0
1.0
1.0
1.0
1.0
1.0
1.0
1.0
1.0
1.0
