0.0
0.0
0.0
0.0
0.0
0.0
0.0
0.0
0.0
0.0
0.0
0.0
0.033619331433458965
0.12139380003483968
0.21813640129672218
0.32650547691110454
0.4443012800902883
0.5680398460941485
0.6980144898058687
0.8286995085227133
0.96054250858471
0.0
0.0
0.0
0.0
0.0
0.0
0.0
0.0
0.0
0.0
0.0
0.0
0.04995464878415834
0.1398401226434729
0.23965121197418848
0.35066230499048456
0.46794932492709407
0.5929522385512587
0.7204346646433073
0.8514385477586112
0.9851033355949194
0.0
0.0
0.0
0.0
0.0
0.0
0.0
0.0
0.0
0.0
0.0
0.0
0.07037192213959298
0.15876185295466394
0.2603677502650087
0.3679117931693181
0.48425709216979296
0.6097060475069652
0.7379465271129783
0.8671940468347797
0.9996941826290243
0.0
0.0
0.0
0.0
0.0
0.0
0.0
0.0
0.0
0.0
0.0
0.01452197484699791
0.0921137729213134
0.18053639821659628
0.27938205898600044
0.3883454468770946
0.5038239917549467
0.6281367325088054
0.7540405076922588
0.8821827517073261
1.0
0.0019376347770216646
0.0
0.0
0.0
0.0
0.0
0.0
0.0
0.0
0.0
0.0
0.03733386509355663
0.11572775343312203
0.2027369727921835
0.29925199286331045
0.407973106240889
0.5219670097451921
0.6410003626356819
0.7673112338726941
0.8917994552511432
1.0
0.006662622396894669
0.0
0.0
0.0
0.0
0.0
0.0
0.0
0.0
0.0
0.0
0.06259210111257585
0.14000561692444702
0.22759233229094422
0.32279944344996875
0.4283051149474287
0.5385314894400342
0.6559548350224279
0.7758635711122072
0.8973232057132704
1.0
0.007719856082118991
0.0
0.0
0.0
0.0
0.0
0.0
0.0
0.0
0.0
0.025433829205668612
0.08950538077693582
0.16496064322162585
0.2506197348212472
0.3481785090375327
0.4475294120864615
0.5580020463866402
0.6697977719026236
0.7860765762000791
0.901662826330067
1.0
0.010312103022218478
0.0
0.0
0.0
0.0
0.0
0.0
0.0
0.0
0.0
0.05492167934030112
0.12047883652402014
0.19675839375698223
0.2812883590706259
0.37417691190393787
0.4744004232000781
0.5775734276639222
0.6822439932608194
0.7934196207411286
0.9052280956369746
1.0
0.008806697364650878
0.0
0.0
0.0
0.0
0.0
0.0
0.0
0.0
0.03349536953783677
0.08937101015939192
0.15420140602779625
0.22839380994381103
0.3137010064715289
0.40158046302817835
0.49515654228631983
0.5966219635347836
0.6997371032483436
0.803622654585717
0.909252248060695
1.0
0.007845563065024342
0.0
0.0
0.0
0.0
0.0
0.0
0.0
0.02082281628397009
0.06832898051481295
0.12701530038951314
0.1944442347179276
0.2668480755591813
0.34493688216573865
0.43285661469107234
0.5241020249640778
0.6176688811376405
0.7145244640185324
0.8116923858245836
0.910594099555077
1.0
0.00650927545486405
0.0
0.0
0.0
0.0
0.0
0.0
0.015715854714022204
0.05768051031420801
0.10823166711859761
0.16448041162808813
0.23282882064945098
0.3034102558136891
0.3832568707853579
0.4657475236904141
0.5524297644338854
0.6432497886918419
0.7320417214969457
0.8235200071573964
0.9144241573485706
1.0
0.0030162029153080893
0.0
0.0
0.0
0.0
0.0
0.01430655725333535
0.049420516817384186
0.09547197014783809
0.14633215541355393
0.20765814022677537
0.27378256822877517
0.34748461590386714
0.4256381706537
0.5034708989719469
0.5849249424877264
0.6696318346651515
0.7516070598358596
0.834409121863916
0.916481380511095
0.9962578136442631
0.0
0.0
0.0
0.0
0.0
0.016654751655976435
0.045405163223799394
0.08703068342811338
0.1356206579601696
0.19115090815566355
0.2537087166127853
0.32081981314413427
0.39286651903038033
0.4678297827916095
0.5438931285048982
0.6190706021455853
0.6961573067140597
0.7731020109260464
0.8472746794122049
0.9184206118618958
0.9914578524863122
0.0
0.0
0.0
0.0
0.013854199893640534
0.0443626599603609
0.08100168083790293
0.1251485172416527
0.1766047949724348
0.237336748123949
0.29800317298298656
0.368003557593426
0.4386009554979654
0.5114952020228342
0.5828639389376589
0.6569459369547063
0.7254061621998713
0.7961853557925681
0.8635450899512431
0.9271389904939604
0.9906118880857747
0.0
0.0
0.0
0.013092857303790117
0.035469781252302046
0.07010011329667476
0.11454676292894916
0.16317874924919
0.21996393017597535
0.28278178159158984
0.34884136536334587
0.4180900451637265
0.4873943432593003
0.5570562683209236
0.6283500369280798
0.6970664389073432
0.7624004283602429
0.8220265678035749
0.8800529676651396
0.934181428794902
0.9857425673463418
0.0
0.0
0.00427504534312205
0.02735214902065132
0.060295893176451065
0.09952342213085372
0.1483614565342079
0.20509410066277917
0.26394120673461274
0.32996911824796726
0.3991696003646134
0.46887160082181684
0.5373027785550568
0.608515766276
0.673964120386547
0.7340436941286222
0.7943514551877355
0.8502633173124706
0.9003612957928603
0.9452717702093593
0.9877388304544235
0.0
0.0
0.01616792749894999
0.0451595674868181
0.08155104982559014
0.13038926655269817
0.18350673521233488
0.24361568075351175
0.3108190716098137
0.38049048148884435
0.4514070002084607
0.5220385528102441
0.5899521600923491
0.6587466105337902
0.7213304895443395
0.7775622329487889
0.8326612617142621
0.8796014785510117
0.9207747844902006
0.957555699749449
0.9892791107729656
0.0
0.0023717230982419693
0.02833887850943452
0.06210049726999885
0.10808123008585456
0.15980078817932225
0.21978767885865635
0.28626261106562034
0.35613013675329847
0.42854747472472793
0.5015810726237875
0.572441229193292
0.6446834036973539
0.7096024520747248
0.7696356087412839
0.8226881109854899
0.8681396120762838
0.9087956912930781
0.9440752515874002
0.9704766703837477
0.9935648715143482
0.0
0.01010325314981425
0.04268038006875939
0.07975801458491846
0.130765037461915
0.18995573855836048
0.25497225219820924
0.3262363965277539
0.3998467193862133
0.4752661144791115
0.552403531726057
0.6253627167672382
0.693526944745768
0.758393392382234
0.8141638149373215
0.864639180894274
0.908317310265025
0.9416638097681757
0.967230389088415
0.9879761545324995
1.0
0.0
0.016900900888054876
0.053672084879253325
0.09856933786005947
0.15370474705872206
0.2196508718746701
0.29083701154783026
0.36250532533874685
0.4423181816170427
0.5205029506647367
0.5991788807147117
0.6755753004154069
0.7428729630660901
0.8066304528173761
0.8601102090684503
0.9076226578440497
0.9454373463674011
0.9738327713562285
0.9908627627972154
1.0
1.0
0.0
0.024558928114857187
0.0652603765336428
0.1163591153043447
0.17609820375211696
0.2459576785893882
0.3190232127246302
0.3994651717380937
0.48303689395581856
0.5652343510691065
0.6438703639723127
0.7194932797488102
0.7894227616248749
0.8519162802854693
0.9059221101440152
0.9493255739959812
0.9812245868453175
1.0
1.0
1.0
1.0
