0.0
0.0519414398787421
0.12960811355146787
0.2196506072453865
0.32408041333663284
0.43179157031355386
0.5472318212152647
0.6607607524070498
0.773387059993982
0.8788160770712684
0.9776207838829815
1.0
1.0
1.0
1.0
1.0
1.0
1.0
1.0
1.0
1.0
0.0002618993290405881
0.06112462845230845
0.14196495698060135
0.2310426090941711
0.33218093581714825
0.4414817487709391
0.5530384626889651
0.6679357918215736
0.7765239792201317
0.8834120136144323
0.978920277845762
1.0
1.0
1.0
1.0
1.0
1.0
1.0
1.0
1.0
1.0
0.004817984819613698
0.06808117350030168
0.14738395677191934
0.2384455357471369
0.3407307521202518
0.44863256033323495
0.55905007251006
0.6723250541708472
0.7826152324275255
0.8861249343948447
0.9796130932776321
1.0
1.0
1.0
1.0
1.0
1.0
1.0
1.0
1.0
1.0
0.005685536227737539
0.07171337292359409
0.15135879050013576
0.24581188412240412
0.34872933432922704
0.4557892073585271
0.56517083464774
0.6779830965941822
0.7866971062687718
0.8896207417521523
0.9796461391889287
1.0
1.0
1.0
1.0
1.0
1.0
1.0
1.0
1.0
1.0
0.009222975169668347
0.07462956806613369
0.15734868173647104
0.2504375230685567
0.353299259823551
0.4601416962100382
0.5728073300804947
0.6830098641548061
0.7926736490055746
0.8930819890553778
0.9832982817817149
1.0
1.0
1.0
1.0
1.0
1.0
1.0
1.0
1.0
1.0
0.0047699830022036056
0.0755164464599844
0.1599905165579022
0.25528930216327983
0.35947292652201085
0.46839059699261193
0.5796897391568396
0.6886422121860853
0.7982508623744229
0.8976402571212126
0.9853156353122512
1.0
1.0
1.0
1.0
1.0
1.0
1.0
1.0
1.0
0.9985324625439477
0.0026987116400039126
0.07668415712607357
0.16371206135842775
0.25915807939259966
0.3657506494251026
0.4755699890708322
0.5893749185418029
0.7002487991237273
0.8051985316569219
0.9055172550235362
0.9975380008280181
1.0
1.0
1.0
1.0
1.0
1.0
1.0
1.0
1.0
0.9972752896642633
0.0
0.07801080667181476
0.1651222869600712
0.26637928617251
0.37428793164455976
0.48421532141630547
0.5987078086407661
0.7105557007496226
0.8165314627219515
0.9146720968216303
1.0
1.0
1.0
1.0
1.0
1.0
1.0
1.0
1.0
1.0
0.9958501823945795
0.0
0.079714540421844
0.1734856364395811
0.27428918352472353
0.38412460541435245
0.49516360889770544
0.6093628637225406
0.7235645268572611
0.8274478772957743
0.9289389842433365
1.0
1.0
1.0
1.0
1.0
1.0
1.0
1.0
1.0
1.0
0.995033501883205
0.0
0.08228238415858644
0.17753668489306512
0.2823848168519745
0.39496478475915775
0.5100666896389153
0.6242783655127151
0.7392265004386904
0.8435935053301137
0.943615657498234
1.0
1.0
1.0
1.0
1.0
1.0
1.0
1.0
1.0
1.0
0.9940574845566583
0.0
0.08305951605870981
0.18458806510785197
0.2950480930468995
0.4083850099815192
0.5240637384001325
0.6389574833502224
0.7539406129385553
0.8612397760625256
0.9607421245635617
1.0
1.0
1.0
1.0
1.0
1.0
1.0
1.0
1.0
1.0
0.99436070300051
0.0
0.0912728593819816
0.19439614241864367
0.3057865619034563
0.4205057960470409
0.5389069604325518
0.6573216714408139
0.7736294545836991
0.8816505099324221
0.9791800055142554
1.0
1.0
1.0
1.0
1.0
1.0
1.0
1.0
1.0
1.0
0.994333810981786
0.0
0.09475083109549765
0.2022500207940095
0.3153410903493956
0.43466065937402365
0.5591969449489284
0.6769436684565635
0.7939393852880613
0.9016407691214507
1.0
1.0
1.0
1.0
1.0
1.0
1.0
1.0
1.0
1.0
1.0
0.9942507373030894
0.0007671401759546848
0.10118617803834282
0.2120369380673019
0.32911090956079847
0.4512542244898453
0.5722184882424215
0.6951969819574289
0.8125941375718639
0.9234073291354974
1.0
1.0
1.0
1.0
1.0
1.0
1.0
1.0
1.0
1.0
1.0
0.994594308124704
0.0028752391534713124
0.1060543575797826
0.21984159258715202
0.34149915660925145
0.4640052885230441
0.5918699961935665
0.7144897133185051
0.8332611658343617
0.942920353226052
1.0
1.0
1.0
1.0
1.0
1.0
1.0
1.0
1.0
1.0
1.0
0.995507669450847
0.003121006088030548
0.11135577473840047
0.22952729001255548
0.3521409685915351
0.4797577121647224
0.6064211825116371
0.7296740432998307
0.852523154671256
0.9648757841589375
1.0
1.0
1.0
1.0
1.0
1.0
1.0
1.0
1.0
1.0
1.0
0.9939589732742671
0.0027135004158909655
0.11569322569569779
0.23696566057307467
0.36018455471127697
0.4896669246263544
0.6199540519713063
0.7470512503543847
0.8695406736328162
0.9807397434388714
1.0
1.0
1.0
1.0
1.0
1.0
1.0
1.0
1.0
1.0
1.0
0.9949330382066953
0.0
0.11538930090265413
0.23991703680519375
0.36928195811234754
0.4994267914272447
0.6328889957352742
0.7589001437396408
0.8797305910202751
0.9992354744145923
1.0
1.0
1.0
1.0
1.0
1.0
1.0
1.0
1.0
1.0
1.0
0.9945398874299991
0.0
0.11109022825362569
0.24027097613922946
0.36898768410585603
0.5062337001648473
0.63700692934973
0.7687027181496606
0.8946197726956688
1.0
1.0
1.0
1.0
1.0
1.0
1.0
1.0
1.0
1.0
1.0
1.0
0.9963275945420474
0.0
0.10832337490639614
0.23540941984840905
0.36929031845279847
0.50617372918048
0.640505731721269
0.7740425376642478
0.9019068281463527
1.0
1.0
1.0
1.0
1.0
1.0
1.0
1.0
1.0
1.0
1.0
1.0
0.998288631742787
0.0
0.10087750038989077
0.22916890296422932
0.36447839777899466
0.5033167718670479
0.6411401151845912
0.7764281181240353
0.9066633382784991
1.0
1.0
1.0
1.0
1.0
1.0
1.0
1.0
1.0
1.0
1.0
1.0
1.0
