0.019845846566492284
0.11134480019503772
0.19825089029765608
0.27986228615725106
0.347387086920011
0.4143433599651966
0.4690954480538997
0.5223169214911363
0.5646722498435984
0.608757954709956
0.6477853406030922
0.6841617260724819
0.7190209707569111
0.7542109352709305
0.7902715194986772
0.8297591495832298
0.8668416430410125
0.9033334209523913
0.9358906937249762
0.9711989379685584
1.0
0.013516104194589772
0.10640058351776553
0.1940255299605843
0.2747264177111096
0.34876535370032824
0.41352562811943405
0.4729244767969232
0.5258080684645979
0.5727993014107057
0.6156473695442773
0.6540200044288416
0.6938993743798141
0.7281821888354145
0.7653729440938939
0.8004202251643391
0.83566876395983
0.8706946847791082
0.9120944802002039
0.9431480400332501
0.9760590284218732
1.0
0.005625991884943244
0.09976825391455073
0.188146866398028
0.2705905312093175
0.34541045275445104
0.41196670660186757
0.4709451594317039
0.5254667884360125
0.5740526774793885
0.6202054821339879
0.6602197333065004
0.697621153918212
0.7350489054822913
0.7748115896201394
0.8079981508265718
0.8450353172272981
0.8800076833825718
0.9143038946462175
0.9466626738523506
0.9798280630116281
1.0
0.0
0.09427356510161422
0.18287461454319406
0.26367000646788746
0.3393953606553314
0.40875506795112304
0.46891383899271877
0.5257724200098863
0.5762102611955273
0.6201733782572127
0.6640284878507411
0.7027092870982559
0.7418463936934768
0.7780204781729915
0.8142344550875418
0.8489061380761578
0.8834818386938371
0.9183125682370269
0.95078452693206
0.9781821326481189
1.0
0.0
0.08883449676188523
0.17786626977335915
0.2583096394521316
0.3352341344232549
0.40262560376503986
0.46462698256719803
0.5217689729843598
0.5724421298325826
0.619474613159292
0.6639424742570595
0.7049115677922243
0.7437859279509441
0.7827712925109391
0.8175456252540595
0.8543876562579604
0.8884914473974042
0.9207703849755249
0.9506156608348901
0.9771740445358634
0.9998797371229873
0.0
0.0842950117049274
0.17320553168508834
0.2517979443255876
0.3278698357013384
0.39662703708760677
0.45735637790052497
0.5152576928733392
0.5694477287319246
0.6172103510178426
0.6625226974173622
0.7048413815077973
0.7464401181028878
0.7860270370092389
0.8221856623798768
0.8588181675959689
0.8946275902510807
0.9253151323258713
0.9514865905684027
0.9757195976310737
0.9961478533522956
0.0
0.07927121752087943
0.1641172935384439
0.24196111820104677
0.31509335635719116
0.3851172425172701
0.4493386231278286
0.508436459171838
0.5617391246706259
0.6119472532132673
0.6566965650845736
0.7052450711895688
0.7465712830655125
0.7878399980088218
0.8269250625251654
0.8638802587443554
0.8970093146099443
0.9287701878076139
0.9541358364582206
0.9773780008955452
0.9931675325162267
0.0
0.07744167841506025
0.15655849163093843
0.23252222990765253
0.3069467560635728
0.37310700078102166
0.4364704119540047
0.4953853225362123
0.5524936240460102
0.6039558039839069
0.6549821304665645
0.7012494352296028
0.7452192345810588
0.7875651742341218
0.8285384328136877
0.8660382553347841
0.8996611965753409
0.9313332993689087
0.9561348812013588
0.9772019076680232
0.9898615878131075
0.0
0.07144949525376201
0.148074549201631
0.22351148368294121
0.2930746125411819
0.35626622693199017
0.4228067155086794
0.4826236168017986
0.5390895600255051
0.5938036832767302
0.6441456847979883
0.692957419085118
0.7399587085398939
0.7883283443741399
0.8288286703724925
0.8678974560613075
0.9035834983197988
0.9339242990507629
0.9595328727592787
0.9779375780100266
0.9897555898500142
0.0
0.06727176072220997
0.13881944458691245
0.20891330962699986
0.2753636440333179
0.34246763651742507
0.4026973668251511
0.46399484437042515
0.5221052818080336
0.5805198030847136
0.6328322498273891
0.684656201110674
0.7364640569783387
0.7836037401060163
0.8273645223566465
0.8707014310729704
0.9074369350098161
0.9384664598764452
0.964263789391333
0.9806224846776006
0.9911629476414003
0.0
0.06245135196106088
0.1294558001323065
0.19474005389260574
0.25766771540775596
0.3213254796512291
0.38296345238712615
0.44331857297806093
0.5033684187094489
0.5611142733900079
0.616578041143992
0.6761842062654682
0.7293390414455909
0.7788836027273827
0.8244579198270232
0.8713711691611142
0.9103439705343539
0.9448880346103143
0.9691164769815948
0.9861706106440749
0.9921938002254589
0.0011790451094303475
0.058035135384949824
0.11718482456658191
0.17425039548871193
0.23625441345011217
0.2959928171355892
0.358535365390732
0.4183280377430604
0.4786244710781939
0.5390854757538456
0.5991093310236804
0.6582933318932342
0.7166146229087927
0.7693443989852274
0.8206942787872158
0.8680406656925574
0.9110193561206585
0.9467380950349881
0.9726147975478151
0.9885561359778104
0.9963221175498114
0.0002746825506078632
0.05121560481713182
0.10117392882381998
0.15710805223453775
0.21333321762100493
0.2689396219273619
0.32715946870173623
0.38771618295831795
0.4505518589604708
0.5128925797855967
0.5781423801568296
0.6396834946041867
0.6994274750313816
0.7596959776369518
0.8141680508123261
0.8643775574634674
0.9116016114167702
0.9482957308164447
0.97737204107955
0.992945519987739
1.0
0.0028131809594831936
0.043740537837342774
0.08559391481681838
0.13471690260924707
0.1828887329437364
0.23744778312570908
0.293798679271658
0.3556678775643838
0.4169319962880408
0.48094329579693407
0.5475166224866003
0.6149604348480054
0.6801693936846559
0.7449089351196727
0.8039535759249519
0.8608400080176749
0.9077976084904681
0.9519370892975018
0.9807623593232213
0.9987085288674368
1.0
0.0028866255190009463
0.03544454532812081
0.06892247842447341
0.10817368864704702
0.15235520235397132
0.20270225810902126
0.2582669778761805
0.31727916492387115
0.38031892762944136
0.4476078026708439
0.5146316769507764
0.5860188030339258
0.6563627766881581
0.725255220003468
0.7907084174826832
0.8500834689073261
0.9047346195141444
0.9484112876091825
0.9804470299615823
1.0
1.0
0.003318137029907548
0.022927102105546816
0.04946841338849585
0.08129646819970601
0.12110224325919966
0.16485467002977736
0.21702778152788807
0.27417800589001406
0.3384698886754651
0.406511510515853
0.47946413041259806
0.5533672436812007
0.6296723692916406
0.7026260574327778
0.7730827426021649
0.8381070113596609
0.897075669476651
0.9434209262176108
0.9818155485750917
1.0
1.0
0.00497918139695498
0.012192335495291279
0.030953530440415683
0.05391232572262228
0.08482545487417692
0.1255567435577951
0.1739948995407148
0.2295317508649133
0.2939253989827508
0.36380378192569246
0.4395211314914284
0.5186568984045441
0.5970263883928173
0.6763635767653051
0.7498664472128806
0.8205574439147036
0.8849978930221167
0.9352074279638437
0.9779426003394521
1.0
1.0
0.005430252554719977
0.0024166511033950067
0.0068087783322729745
0.02442092299889148
0.0495346895403774
0.08134468444813978
0.1304117817767374
0.1829833858257284
0.247050581812672
0.31701446695049373
0.39525351968376954
0.47617919014120047
0.5592909784368699
0.643682754140983
0.7252116517238563
0.7992973988725733
0.8684022456366363
0.9268191098141245
0.9703855709357159
0.9999514724386717
1.0
0.0064719413349319695
0.0
0.0
0.0
0.011462568156623387
0.04252974828568584
0.08123226834755107
0.13483596055374664
0.19586827457644193
0.2687134188611406
0.3465761753020702
0.43173732575728485
0.519896029394411
0.6068023772566065
0.6951973694251052
0.7752962558433948
0.8474846922291206
0.9126227726794641
0.9597133744724439
0.9923584825169983
1.0
0.006476125119155847
0.0
0.0
0.0
0.0
0.0001593169097320879
0.034897983840128544
0.0846184031057251
0.14714747040544296
0.2182461581361016
0.2970803520158915
0.3869603015618125
0.4770605565846017
0.5674112517673674
0.658817820995417
0.7452240164418791
0.8232474964285701
0.8904470620971864
0.9430522877782106
0.9819600525327264
0.9996554790990355
0.012003545301545784
0.0
0.0
0.0
0.0
0.0
0.0
0.0342491127481967
0.09387024951126133
0.16501354706421645
0.24783305955262053
0.3370646583654894
0.431152771700258
0.5284012002566338
0.6204163029837848
0.7135278034907222
0.795365798774555
0.8677237618675679
0.9271396736433983
0.9665124923583504
0.9893173653781823
