0.02009121274980877
0.04817676369774976
0.08172566838591533
0.11408159324467708
0.15204028413085943
0.19282023665201053
0.23816784180296546
0.2815709229425301
0.3265000177594675
0.37502723531059545
0.42273361539564946
0.47127094743677045
0.5208775623736243
0.5729067281376516
0.6238134921024894
0.6757533719480846
0.7341293032701897
0.7914689571756692
0.8532363336000099
0.9187146535999249
0.9847430933318326
0.010074218345765561
0.03001236216999704
0.054993514774939745
0.08549426348172273
0.12185013376585552
0.1600410489995439
0.20088020587448296
0.24391175196939877
0.2894538533157052
0.33543735112946393
0.38295917683700365
0.43324259819983446
0.48257251174792176
0.5388155081116435
0.59264542327276
0.6495336088118073
0.7115896373372538
0.7755478206396123
0.8432108397598304
0.9157075438506478
0.9915323020304705
0.0011008147408563223
0.015409683576401802
0.03777013338798336
0.06532267788041693
0.09553924984959378
0.13072055922324
0.17068295943378883
0.20858048940704882
0.2513892053659386
0.3002278618596852
0.3468874213984061
0.39615827933388154
0.44998301698968074
0.5059809384580465
0.5638458376011057
0.6269714525256784
0.6912317773180753
0.7596905450163176
0.8344535696491961
0.9136438037170822
0.9952875839741157
0.0
0.006676817700073209
0.024216239300708375
0.048405520970462634
0.0748842554415691
0.10244702638837241
0.14056606234972768
0.179717871188379
0.22068435131450578
0.26439429498085565
0.31316205425443583
0.3639141365828083
0.41589170513742746
0.4737478198799679
0.5367462813435266
0.6034066881141353
0.6695725514628021
0.7449921654675778
0.8246514502600795
0.9120628217904305
1.0
0.0
0.0007029378551170751
0.011764172871316494
0.03126315346655409
0.05502879476484765
0.08137142818289086
0.11484624819347278
0.15294652131436529
0.19057764117655446
0.23424549332676925
0.2812312114006099
0.33094590383377226
0.388333369973213
0.4456920773536631
0.5106942013997501
0.5757449750235619
0.6504349069341564
0.7327752825505076
0.8153194124948772
0.9080279066541864
1.0
0.0
0.0
0.0055058229049317065
0.018919964191584565
0.038379014552089113
0.06389663588287409
0.09400795934319667
0.12519371914490857
0.16125822076545293
0.20309425665979097
0.24939477911634944
0.3006380172512084
0.35389900908137206
0.41557014201801595
0.48163534891211124
0.5541963257640027
0.6313866938809716
0.7163712715296615
0.8059524699249682
0.9038497066783638
1.0
0.0
0.0
0.0
0.00962948550733081
0.023103533660410652
0.04297654367418963
0.0709959745824974
0.10082932933406785
0.13743914813043728
0.17522902981164235
0.2200375778862288
0.2718729145787404
0.32821208693984877
0.3892087356696681
0.45452872097769914
0.5315198769919247
0.6114906544787667
0.6996521619656819
0.7965931847830263
0.898879096588918
1.0
0.0015361875277367586
0.0
0.0
0.0
0.009063282018604485
0.027439922191060367
0.05078580966356355
0.07803182177323204
0.10860831574347174
0.14887827306029622
0.1937941542582543
0.24349195330620604
0.296996894964093
0.3611726687185731
0.4302033268254153
0.5071521061818653
0.5906200773225188
0.6851116059121647
0.7841930449029099
0.8936081467288246
1.0
0.003207221891996373
0.0
0.0
0.0
0.0
0.010195967726377542
0.027722273932587027
0.05355931509683076
0.08561660754136491
0.12110600636613111
0.16511566508021702
0.2127226440935206
0.2685461576850008
0.3330261727724469
0.4038317191540429
0.4841689126429963
0.5704214890277772
0.6687663441019027
0.774739589326982
0.8885325905261137
1.0
0.004795732421085584
0.0
0.0
0.0
0.0
0.0
0.008167871990559628
0.03004341714116643
0.05863691540163313
0.09209051727041023
0.13446590462081065
0.1839766456945851
0.24096606227956446
0.30429620615603714
0.37856501959323324
0.4608254612371588
0.5528246864048456
0.653649315038348
0.7621548108194782
0.8829216725871541
1.0
0.0061582060690806495
0.0
0.0
0.0
0.0
0.0
0.0
0.006612563402838889
0.03186911714602736
0.06504168271678867
0.10599430181855146
0.15419267373934065
0.21326550666243815
0.27840256636846467
0.3534033831320582
0.43756641340891933
0.5326827446978031
0.6371282607017847
0.7516734536164464
0.8759820756750943
1.0
0.0049116980194417095
0.0
0.0
0.0
0.0
0.0
0.0
0.0
0.003345631565438989
0.036416075589200736
0.07695281667030668
0.125892687857997
0.1851607057478511
0.2509100650750347
0.32848280282997316
0.41533144553008317
0.5140125221437541
0.6214519108259379
0.7393230428646868
0.8694521004212592
1.0
0.004233148240081415
0.0
0.0
0.0
0.0
0.0
0.0
0.0
0.0
0.008503004160230254
0.0485422026038117
0.0950397402316514
0.15550879329486222
0.2262836822501183
0.30564413826805065
0.39304246002727705
0.49685411990499817
0.6087606995854711
0.728582314433613
0.8619585912265416
1.0
0.001970210987412975
0.0
0.0
0.0
0.0
0.0
0.0
0.0
0.0
0.0
0.019272012496893476
0.06966538197607641
0.12572130593503117
0.1965286079059786
0.28127528952193004
0.3745157609509019
0.47738558974535605
0.5948592464463552
0.720223422391453
0.8574933947837676
1.0
0.0
0.0
0.0
0.0
0.0
0.0
0.0
0.0
0.0
0.0
0.0
0.039772036791972276
0.10121749922288514
0.17108302200545034
0.25814221051764086
0.35349725858027436
0.46072814353853164
0.5819167146317054
0.7122127431153817
0.8506248997837427
1.0
0.0
0.0
0.0
0.0
0.0
0.0
0.0
0.0
0.0
0.0
0.0
0.011854698978005729
0.07384689112283782
0.1498081665207851
0.23583613242837254
0.3344748025637246
0.44692965800892215
0.568881892437006
0.7011087902681994
0.8470750997455605
0.9998404439453927
0.0
0.0
0.0
0.0
0.0
0.0
0.0
0.0
0.0
0.0
0.0
0.0
0.0498121628813033
0.1253403898297235
0.21772526622221922
0.31696869129527616
0.4347770468092974
0.5593270863941174
0.6981147008843849
0.8460753001729441
1.0
0.0
0.0
0.0
0.0
0.0
0.0
0.0
0.0
0.0
0.0
0.0
0.0
0.027829612954791916
0.10502553388742375
0.19919774574104565
0.3024386870040685
0.42229242511995563
0.5520968600241534
0.693929453257271
0.8461191460139467
1.0
0.0
0.0
0.0
0.0
0.0
0.0
0.0
0.0
0.0
0.0
0.0
0.0
0.00400038775090128
0.08570093219359165
0.18130449218701894
0.28958466428835716
0.41288489786733396
0.5437728325443811
0.6911340433698863
0.8464531512735872
1.0
0.0009758317898525434
0.0
0.0
0.0
0.0
0.0
0.0
0.0
0.0
0.0
0.0
0.0
0.0
0.0702755406433675
0.16594098159168325
0.2784295250822335
0.4022893850151215
0.5406618764424354
0.6900570306482652
0.8469914500096314
1.0
0.008033562491791386
0.0
0.0
0.0
0.0
0.0
0.0
0.0
0.0
0.0
0.0
0.0
0.0
0.05059165987132841
0.15268318093202682
0.26770403289721134
0.3948038051342832
0.5340803664688808
0.6882807398721076
0.8477580108863589
1.0
