0.0
0.2700763109552965
0.546301132478752
0.8023085991867428
1.0
1.0
1.0
1.0
1.0
1.0
1.0
1.0
1.0
1.0
1.0
1.0
1.0
1.0
1.0
1.0
1.0
0.0
0.27715979163736365
0.5512338545915846
0.800643202212871
1.0
1.0
1.0
1.0
1.0
1.0
1.0
1.0
1.0
1.0
1.0
1.0
1.0
1.0
1.0
1.0
1.0
0.0
0.27958447394987074
0.5474123007271264
0.7982066491535279
1.0
1.0
1.0
1.0
1.0
1.0
1.0
1.0
1.0
1.0
1.0
1.0
1.0
1.0
1.0
1.0
1.0
0.0010172941808858998
0.2780365775113762
0.5388377620264002
0.7839873639961465
1.0
1.0
1.0
1.0
1.0
1.0
1.0
1.0
1.0
1.0
1.0
1.0
1.0
1.0
1.0
1.0
0.9988575765981905
0.005077390754346917
0.2735286452284932
0.5272533640508694
0.7659011118353646
0.9848301404535518
1.0
1.0
1.0
1.0
1.0
1.0
1.0
1.0
1.0
1.0
1.0
1.0
1.0
1.0
1.0
0.9982024492915154
0.005662509911782324
0.26533738311141397
0.5131879107699653
0.7438556523135599
0.9547804982838268
1.0
1.0
1.0
1.0
1.0
1.0
1.0
1.0
1.0
1.0
1.0
1.0
1.0
1.0
1.0
0.9969480013162686
0.007935727739341281
0.2582414695829325
0.4942813539851776
0.7153131687183559
0.9189692583530235
1.0
1.0
1.0
1.0
1.0
1.0
1.0
1.0
1.0
1.0
1.0
1.0
1.0
1.0
1.0
0.9951395871005847
0.007941997752200083
0.24675700402720918
0.4713910859213175
0.6841741916955411
0.8785554863121777
1.0
1.0
1.0
1.0
1.0
1.0
1.0
1.0
1.0
1.0
1.0
1.0
1.0
1.0
1.0
0.9948085466696492
0.007608879482225959
0.2331030975221724
0.4472935267334169
0.6492457382767758
0.834381967231681
1.0
1.0
1.0
1.0
1.0
1.0
1.0
1.0
1.0
1.0
1.0
1.0
1.0
1.0
1.0
0.9954852846201929
0.006819658598014922
0.21773802063501863
0.42088807343085655
0.6096442261710897
0.784778975520368
0.9487366048346724
1.0
1.0
1.0
1.0
1.0
1.0
1.0
1.0
1.0
1.0
1.0
1.0
1.0
1.0
0.9938762253828568
0.007967349820345793
0.2025428464007276
0.3910263820419986
0.5685334361276753
0.7345223977883597
0.8864654016213955
1.0
1.0
1.0
1.0
1.0
1.0
1.0
1.0
1.0
1.0
1.0
1.0
1.0
1.0
0.9949298185400672
0.00413297948972215
0.18369184601684627
0.36020053696085097
0.5245105935385124
0.6799148935015231
0.8247219214508951
0.953799695976247
1.0
1.0
1.0
1.0
1.0
1.0
1.0
1.0
1.0
1.0
1.0
1.0
1.0
0.996701148452493
0.002465971776603644
0.16900029602363803
0.32813468450958294
0.4773589224084594
0.6223098425787336
0.759236709310684
0.8812977145196578
0.9913162198141223
1.0
1.0
1.0
1.0
1.0
1.0
1.0
1.0
1.0
1.0
1.0
1.0
0.996567893435707
0.001258247439616664
0.1478348206671919
0.2949800984922638
0.43207689816280165
0.5660841349671264
0.6887009153077966
0.8076745752774914
0.9140350025336457
1.0
1.0
1.0
1.0
1.0
1.0
1.0
1.0
1.0
1.0
1.0
1.0
0.9969496798380172
0.0
0.13093627394838703
0.2601121575662759
0.3847858562801191
0.5060590962117897
0.6231590921037911
0.7302558088742863
0.8319382497808598
0.9234090513208206
1.0
1.0
1.0
1.0
1.0
1.0
1.0
1.0
1.0
1.0
1.0
0.9989045928561163
0.0
0.11281578644112526
0.22536544327476563
0.3362095744082536
0.4466699723140951
0.5560537101747203
0.6551344337018292
0.7510090127252641
0.8425601308339079
0.9238549112331205
0.9920751696979585
1.0
1.0
1.0
1.0
1.0
1.0
1.0
1.0
1.0
0.9996284778735082
0.0
0.09388276999623052
0.19290276871401948
0.29257581402195443
0.3917527302179952
0.4874394439629647
0.5820539192122567
0.6752089998528626
0.7614945751031179
0.8416393023269771
0.9140052908613825
0.9786264581402999
1.0
1.0
1.0
1.0
1.0
1.0
1.0
1.0
1.0
0.0
0.07739327507937648
0.16110576503846105
0.24802730059167294
0.3349127370241971
0.4261550593859694
0.5115141735927053
0.6004486305084948
0.6855838541662206
0.7662158135693973
0.8398769648813076
0.9060856240915498
0.9678272142803073
1.0
1.0
1.0
1.0
1.0
1.0
1.0
1.0
0.0
0.059753816186216384
0.1328727573355919
0.20959856635257632
0.28520742716405767
0.366436286853583
0.4497558774747267
0.530774760319023
0.6162214284278067
0.6945898220683562
0.7711873649479049
0.8445066211217058
0.9057222499574609
0.9635748056716956
1.0
1.0
1.0
1.0
1.0
1.0
1.0
0.0
0.05021209501099305
0.10780063290174632
0.17180239987477305
0.24144415447329354
0.31603059027410524
0.3911149862425015
0.47341099645838436
0.5519716775137655
0.6319857674578997
0.7097860154832152
0.786445615184399
0.853995044736872
0.9159778610550061
0.9693711730486076
1.0
1.0
1.0
1.0
1.0
1.0
0.0
0.038356695044988925
0.08920134728148431
0.14378529794731337
0.2067696449798745
0.2723693356072611
0.34524255978269003
0.42143446035360627
0.5011819249350644
0.582425017008255
0.6615199309032271
0.7394206604945446
0.8123722424846486
0.8803165450968371
0.9400808129862298
0.9884661046490198
1.0
1.0
1.0
1.0
1.0
