0.004057075602502779
0.0
0.0
0.0
0.0
0.0
0.0
0.0
0.0
0.0
0.0
0.0
0.0
0.026945374784255516
0.16260276519857708
0.301892207865571
0.44669478578875504
0.5933258299259289
0.7382616672648725
0.8766493500288381
1.0
0.0030853172571613323
0.0
0.0
0.0
0.0
0.0
0.0
0.0
0.0
0.0
0.0
0.0
0.0
0.0
0.13289603179689857
0.27605589286454724
0.425779903409371
0.5765531120045253
0.7261846205919352
0.8701127292768891
1.0
0.0004776215366483373
0.0
0.0
0.0
0.0
0.0
0.0
0.0
0.0
0.0
0.0
0.0
0.0
0.0
0.1100809024001288
0.2586404756898333
0.4080473255892637
0.5626051849420293
0.7165763918854775
0.8630832408066489
1.0
0.0
0.0
0.0
0.0
0.0
0.0
0.0
0.0
0.0
0.0
0.0
0.0
0.0
0.0
0.09259831326278223
0.24133785076154624
0.3964839684140906
0.5512216462163508
0.7076975062914306
0.8578621729612037
1.0
0.0
0.0
0.0
0.0
0.0
0.0
0.0
0.0
0.0
0.0
0.0
0.0
0.0
0.0
0.07738213410642758
0.22914215487094136
0.38541097830083165
0.5438306910215224
0.7018975304221501
0.8538157283608435
0.9994762072970583
0.0
0.0
0.0
0.0
0.0
0.0
0.0
0.0
0.0
0.0
0.0
0.0
0.0
0.0
0.06596654619283393
0.21805715571694562
0.37654717489659917
0.5370390066482418
0.695998692718591
0.8520547232520156
0.9983097882451736
0.0
0.0
0.0
0.0
0.0
0.0
0.0
0.0
0.0
0.0
0.0
0.0
0.0
0.0
0.05935049821402416
0.21221619955891946
0.37088860676053204
0.5330269026879344
0.6926254807755887
0.8493961744543919
0.998550650777616
0.0
0.0
0.0
0.0
0.0
0.0
0.0
0.0
0.0
0.0
0.0
0.0
0.0
0.0
0.05609969930433556
0.2105734681122169
0.36954151036913385
0.5303009090353665
0.6907501029954346
0.848971790654641
0.9984981939064925
0.0
0.0
0.0
0.0
0.0
0.0
0.0
0.0
0.0
0.0
0.0
0.0
0.0
0.0
0.05689207490552528
0.21050907205496616
0.3695226025201168
0.5305183829492316
0.6912883292076484
0.8481130505509196
1.0
0.0
0.0
0.0
0.0
0.0
0.0
0.0
0.0
0.0
0.0
0.0
0.0
0.0
0.0
0.06232786704041504
0.21313662942224543
0.3710735616183378
0.5326593417927747
0.6917247738279958
0.8480428343819794
1.0
0.0
0.0
0.0
0.0
0.0
0.0
0.0
0.0
0.0
0.0
0.0
0.0
0.0
0.0
0.06721170206003091
0.21760070694397582
0.37438645799757286
0.5355061893923974
0.6921858272830672
0.8487273746209372
1.0
0.0
0.0
0.0
0.0
0.0
0.0
0.0
0.0
0.0
0.0
0.0
0.0
0.0
0.0
0.07557696019960636
0.2255858459261625
0.38003571619339754
0.5382599708184788
0.6960231938322862
0.8520027467392423
1.0
0.0
0.0
0.0
0.0
0.0
0.0
0.0
0.0
0.0
0.0
0.0
0.0
0.0
0.0
0.08892450721126754
0.2335007378979873
0.38653969197209176
0.544013874538831
0.6979099357352376
0.8545255883248845
1.0
0.0
0.0
0.0
0.0
0.0
0.0
0.0
0.0
0.0
0.0
0.0
0.0
0.0
0.0
0.09935148537193417
0.2457904912016442
0.3942301751176003
0.5508055110170269
0.7053491477633749
0.8550944169444781
1.0
0.0
0.0
0.0
0.0
0.0
0.0
0.0
0.0
0.0
0.0
0.0
0.0
0.0
0.0
0.11173369092502539
0.25532038953282
0.4039661368509431
0.5564243998548292
0.7079033409104222
0.8602870928526878
1.0
0.0015536305606160203
0.0
0.0
0.0
0.0
0.0
0.0
0.0
0.0
0.0
0.0
0.0
0.0
0.0
0.1287841111374356
0.2661977772652384
0.41214700839816715
0.5603236634570292
0.7102033161680897
0.8621972052354366
1.0
0.0015963553608728026
0.0
0.0
0.0
0.0
0.0
0.0
0.0
0.0
0.0
0.0
0.0
0.0
0.011808477741793832
0.1392320334951298
0.27424669905681154
0.4189874033399929
0.5657678749034272
0.7139612258308474
0.863786134454782
1.0
0.005159995525555043
0.0
0.0
0.0
0.0
0.0
0.0
0.0
0.0
0.0
0.0
0.0
0.0
0.02601040877077232
0.1507501467183272
0.2841394029333817
0.42536871106504054
0.5692993106502154
0.7175166455219132
0.8658590914126223
1.0
0.0
0.0
0.0
0.0
0.0
0.0
0.0
0.0
0.0
0.0
0.0
0.0
0.0
0.03937142532974791
0.16080976953975012
0.29134797344128227
0.4291180930568189
0.5713473175393736
0.718720535770746
0.8648451719423557
1.0
0.0
0.0
0.0
0.0
0.0
0.0
0.0
0.0
0.0
0.0
0.0
0.0
0.0
0.049006081874859775
0.16781076880706736
0.2961764109911671
0.43116187111965815
0.5737732615182528
0.7174199243799502
0.8640948333882859
1.0
0.0
0.0
0.0
0.0
0.0
0.0
0.0
0.0
0.0
0.0
0.0
0.0
0.0
0.05582288371133681
0.17061098606675096
0.2974914505827161
0.43052733735716997
0.5699770312867706
0.7151073286066199
0.8600754232189844
1.0
