0.00838213075394613
0.02978909860006001
0.055320099857058075
0.0803903008888982
0.10632689629716852
0.13297223695870977
0.16305005650240553
0.1924167073501875
0.22670172663710808
0.26626097948519767
0.3053666656767036
0.35353719617265744
0.40558801689450974
0.4612390655720859
0.5249869900228218
0.5930982260566351
0.6687785514340797
0.7452643151186221
0.8275876230720026
0.9102951672914371
0.9919009328624285
0.006836707037489724
0.03330620727395742
0.06017077483894169
0.08595810940269172
0.11312882817077284
0.14393667217188444
0.17107064221290433
0.20641441040825992
0.2406251831250198
0.2788476977555302
0.32283916244514715
0.3694776097962953
0.42033198833010504
0.4773780545549306
0.5388397595472928
0.6068246409919537
0.6800018092239719
0.7549714921128371
0.8363301598749563
0.9167378027380011
0.9967757695132243
0.007698277700847618
0.033800977810566325
0.06280043624722953
0.09081614772896143
0.12039521964761071
0.15049256879981915
0.18470385713543963
0.21741847574072665
0.2553834316001078
0.29459506659459733
0.3373853594618681
0.3851546213297837
0.4371193565917787
0.4936470199054072
0.5559776731349155
0.6207503973356349
0.6907138893610522
0.7651683876644182
0.8430134410812782
0.9195523383926116
0.9982347702240036
0.006518697083678523
0.037047371559704154
0.06720530862110531
0.09858219379046128
0.1304446691314135
0.16459608801665837
0.19707326318033286
0.23366150972860916
0.26966164661191433
0.3136666618300888
0.3560769493910073
0.40335271445339227
0.4532978404286584
0.5103976282217718
0.5673534642818131
0.6329117357010713
0.7013849388213664
0.7743853398324538
0.8464204412443208
0.9236846777710149
0.9998125421280089
0.004973039737944989
0.03804515364526252
0.07238158462953259
0.10702132838393642
0.14255340200292238
0.17739038895415699
0.21458236427387334
0.2519954917925738
0.290145259308252
0.331925280629333
0.3768813438579865
0.4227841858933308
0.4739864476966039
0.5280301644062307
0.585351746294906
0.6482200731701282
0.7127459215383629
0.78227789632852
0.8533206396766279
0.9239963034958713
0.9972529152316408
0.005004707285872757
0.043027972536846405
0.07658161350893566
0.11657267152186658
0.1550938268375785
0.192558833004524
0.23193459848927697
0.27245115718074187
0.3119506623493181
0.3550270244153385
0.39818354982133963
0.44635117556249215
0.49459719269249214
0.5455264976744704
0.6040479380756392
0.6627481162464908
0.7245077097660824
0.7907470028705463
0.8575969460506574
0.9293245909537742
0.996434182787804
0.00598941887546081
0.04323193463697731
0.08655664809027054
0.12979361162016803
0.16988040760348783
0.21174634916480156
0.2541247203136992
0.29666731969754995
0.3376808685143925
0.3816849947006442
0.4264518008203476
0.4722715238060133
0.5212060064640966
0.5732256060212031
0.6237932221531473
0.6799234324227781
0.7394454325464412
0.799826254243842
0.8635895852874073
0.9275245825433096
0.9932666658707955
0.005006350839055277
0.04894388297746798
0.09473166930084276
0.14292184777009861
0.18795206706838694
0.2346835040509841
0.27935565869711176
0.3235191182836193
0.3685038282537989
0.4107284962063208
0.45751200148048654
0.5013555218196947
0.5501696684353724
0.5964110869852014
0.6490786798680546
0.7021313944623756
0.7549600357845839
0.8140087422026081
0.8747995385147768
0.9320224828897452
0.991313021408206
0.004057474681317416
0.05561777376083647
0.10657640408655314
0.15765953456670728
0.20636528978624777
0.25930792854305107
0.30663247163876034
0.3543376592764693
0.4001942794950602
0.4450158093813392
0.4910125324938795
0.5359065797737149
0.5839509929240788
0.6313006810944091
0.677188815929698
0.7276339783915345
0.7774936642751826
0.8291471724031734
0.8814085302684066
0.9374830215093675
0.9923821094587716
0.00527024333202493
0.0617071789705181
0.11777615204080405
0.17426471571861266
0.22864912303991658
0.28360993575227467
0.33575504832270747
0.38690966538977956
0.43547475840721783
0.4836744008112522
0.5285650154741371
0.572771869011125
0.6184437470451083
0.6623352660611148
0.7078006857562241
0.7536202943847276
0.7987539266647774
0.8465592587455297
0.8938194727169236
0.9418935788353876
0.9917010016898709
0.006446961230284437
0.0716825207584726
0.13241392011308062
0.19298340305885503
0.2542076568707296
0.31334724156901356
0.36926515201144927
0.4231175475267562
0.4757459740821799
0.5227142891313852
0.5686813662486949
0.6151555311069486
0.6582868986190258
0.6996155758226211
0.7408637615798804
0.7825336027383831
0.8249240915736228
0.8674372006702907
0.9076825299306303
0.9510832567466281
0.9913545643889975
0.007602157119952862
0.07553795849180886
0.14265275552554157
0.21091990181666204
0.27988713897628054
0.34162245955260323
0.4038509865247072
0.4604979005525558
0.5158357876965065
0.5668232029848126
0.6133673748311272
0.6596454074795087
0.7023592099830654
0.7405652887572151
0.7791125762001151
0.8168869424471644
0.8525997725991745
0.8874299524329436
0.924266606330584
0.9591741635999185
0.9937048107326386
0.008432163261845265
0.0842731130777244
0.1571381850299235
0.2314478818284636
0.30293076148635606
0.37185345696705335
0.43855544788056006
0.5020145590268326
0.5563343254373605
0.6120384558553895
0.6585327620156056
0.7038181496144718
0.7465024139128642
0.7826330827350204
0.8166132609135134
0.8508344267828942
0.8828406436093965
0.9105888544673311
0.939942513038389
0.9698799244609896
0.9968821568827971
0.009971487821444221
0.08959939643849175
0.17032798701554702
0.25118631941923464
0.3290464350587182
0.40163287058269226
0.47330198844945276
0.5407916511214823
0.5999768468385336
0.6556487612854591
0.7062550177853704
0.7510592197633371
0.7911727157707318
0.8271206835540367
0.8611142728404981
0.8880942303310738
0.9130925317820398
0.9352488356633569
0.9592721773710364
0.9790693600535906
0.9994036457186669
0.010852997583191457
0.09604143915793903
0.18388670682472402
0.26934551080539604
0.3511628395996492
0.4339480241093877
0.5083802645331039
0.5785172014508531
0.6450470488326578
0.7019518530411868
0.7527832168396339
0.7999292749593397
0.8399214975819431
0.8725136656085634
0.9013237662504094
0.9260571473176488
0.9454074128251109
0.9613844579656857
0.9764469320606957
0.9905443267605452
1.0
0.009185665956710875
0.10183295364188213
0.19404661475049892
0.28650029191105103
0.3759292872873459
0.45874400643903207
0.5422026349213748
0.6157186911629865
0.6861423788256082
0.7474807968380153
0.8010319961122533
0.8470795354149254
0.8867597666731944
0.918841064147147
0.9428710968999905
0.961272686162172
0.9795284081503091
0.9870854734764449
0.9963308280809801
1.0
1.0
0.007618527843845599
0.10278976325429981
0.2028202289997149
0.30037254777488276
0.3941948668764435
0.4886390796680173
0.5722792087938344
0.651584323042177
0.7256609895803203
0.7880359385798229
0.8470338354652598
0.891413728204058
0.9292781155069636
0.960138846966833
0.9829654673222089
0.9987253009069749
1.0
1.0
1.0
1.0
1.0
0.00451289302073344
0.10643105862659238
0.20996452748658237
0.3108666821963739
0.41156967366940855
0.5074613445585916
0.6004237031778066
0.6834932525108285
0.7598789180313636
0.8282403849047228
0.8875074226740178
0.9350502871746198
0.9742487449698043
1.0
1.0
1.0
1.0
1.0
1.0
1.0
1.0
0.0
0.10410256322333022
0.212330342086459
0.32242603516991064
0.4279004275062591
0.5286543897883085
0.624022271962953
0.7133346538886294
0.7935235179413298
0.8648982797593443
0.9249803585700126
0.973509210913991
1.0
1.0
1.0
1.0
1.0
1.0
1.0
1.0
1.0
0.0
0.1001113407085713
0.21566876947003907
0.32530385973483705
0.43678113218643255
0.5447901527826533
0.6445650465674646
0.7384066909583578
0.819824120597714
0.8956004452613393
0.9577177169433073
1.0
1.0
1.0
1.0
1.0
1.0
1.0
1.0
1.0
1.0
0.0
0.09950272922024438
0.21314503966952583
0.3301906237710647
0.44363072801519277
0.5552925356393681
0.6594440859014745
0.7533109001311062
0.8430502852984367
0.9196266974287347
0.9876344739403622
1.0
1.0
1.0
1.0
1.0
1.0
1.0
1.0
1.0
0.9950265619325918
