0.005803662135626357
0.0873557387213746
0.17742418158098203
0.2781810468404835
0.38254362578907
0.48714091697922013
0.5963427852689747
0.7013354816535682
0.8037734561677592
0.8954914867725069
0.9780739851558139
1.0
1.0
1.0
1.0
1.0
1.0
1.0
1.0
1.0
1.0
0.005256625310458004
0.09114874650408156
0.18331779665552816
0.2833263649140915
0.3868247435430473
0.4960119377238791
0.6021265901493527
0.7074251023052516
0.8078971749812967
0.8981834965018437
0.9811232821281368
1.0
1.0
1.0
1.0
1.0
1.0
1.0
1.0
1.0
1.0
0.00435869489042887
0.09143016259387884
0.18550372401459708
0.28750322999204425
0.39023502608882793
0.4986492381651065
0.6059473931232098
0.7097372395978712
0.8102056305111343
0.8992232367850432
0.9825790629544039
1.0
1.0
1.0
1.0
1.0
1.0
1.0
1.0
1.0
1.0
0.004069013080678121
0.09123418884230992
0.18799567567000428
0.28661879663692846
0.3936246858832492
0.5009596288805083
0.6078820202495663
0.7098807932076012
0.8106881043735168
0.9002276292760761
0.9775495653576625
1.0
1.0
1.0
1.0
1.0
1.0
1.0
1.0
1.0
1.0
0.0038785802381366245
0.09025958772645779
0.18725152200684977
0.28682731646478454
0.39083334816110793
0.49907479882439065
0.6069429322982283
0.7080355396654238
0.8044555451129312
0.892850573004488
0.9723621861844504
1.0
1.0
1.0
1.0
1.0
1.0
1.0
1.0
1.0
0.9974507044629933
0.002455041099372479
0.08828979058487893
0.18641129262819034
0.287128150947757
0.39123737768144967
0.4956412367143588
0.5998414049548763
0.699654216008438
0.7985913031904283
0.8856812579094571
0.9644241809590713
1.0
1.0
1.0
1.0
1.0
1.0
1.0
1.0
1.0
0.995238585112758
0.0
0.08685252534062426
0.182938191966515
0.2818662796674897
0.385877146383423
0.4884126683326006
0.592899883919481
0.6924315785160748
0.7876177397059704
0.8726628640115701
0.9517623579709342
1.0
1.0
1.0
1.0
1.0
1.0
1.0
1.0
1.0
0.9936829664541224
0.0
0.08321076065381566
0.17592684592962832
0.27551773329352286
0.3758056346872509
0.47882137086495313
0.5817212184561853
0.6811538347409116
0.775823983420878
0.8596853136115163
0.936349309869386
1.0
1.0
1.0
1.0
1.0
1.0
1.0
1.0
1.0
0.9935030599081991
0.0
0.08141468082001292
0.17230687591672897
0.2656654800164354
0.36633521403357994
0.4654328523168868
0.5693934616051994
0.6637581087991353
0.7567985738096229
0.8416591624345677
0.9191868518636774
0.983348674627978
1.0
1.0
1.0
1.0
1.0
1.0
1.0
1.0
0.9930988153275333
0.0
0.07536907389320957
0.1642320928877043
0.2558818606158576
0.3545009717729877
0.45366485458046635
0.54920712379239
0.6448367353830002
0.7374122388630284
0.8219334955839435
0.8982942407483473
0.9641973567896881
1.0
1.0
1.0
1.0
1.0
1.0
1.0
1.0
0.9958615518253652
0.0
0.0712926473823029
0.15594421626737076
0.24434001883489448
0.33891101899358367
0.4352810652726653
0.5319081881623718
0.625699171333176
0.7143863050375558
0.7970098659637203
0.8729019201012456
0.9414526540014094
0.9979091614624669
1.0
1.0
1.0
1.0
1.0
1.0
1.0
0.9979795335417871
0.0
0.06495142518407868
0.1460346059303257
0.23509549404274785
0.3231417892375408
0.4176323467818446
0.5100698375422335
0.6005135807905047
0.6900464762792378
0.7713169722140729
0.8485939583738791
0.9155260873023865
0.9720633472801734
1.0
1.0
1.0
1.0
1.0
1.0
1.0
0.9966956930503349
0.0
0.06010284547670295
0.13709707933175294
0.21956814444656106
0.30767232845090187
0.39622567175493933
0.48539415990755824
0.576133070868805
0.6605361456318848
0.7420227400435684
0.8175844591856235
0.8857953360680384
0.9436450740827869
0.989035068153983
1.0
1.0
1.0
1.0
1.0
1.0
0.9993934720131223
0.0
0.05403840102147427
0.12585417961005346
0.20406196341489724
0.2893288858116821
0.37554945423695296
0.46157134650889786
0.5461839447772081
0.6301748838092941
0.7103893287299551
0.7852933724418667
0.8529215049936186
0.9119178206779304
0.9595742446408584
1.0
1.0
1.0
1.0
1.0
1.0
0.9996758273789739
0.0
0.048700416200044845
0.11761324912303754
0.1905444696845913
0.27169553377661193
0.35154309100887965
0.43427383279803733
0.5167982930536689
0.5997390674128864
0.6789065770127506
0.7519695816211197
0.8195236403809928
0.8790510843405965
0.9317523995847782
0.9741312350105041
1.0
1.0
1.0
1.0
1.0
1.0
0.0
0.04589290148243346
0.10877579713673138
0.17833596285338604
0.25329859227825224
0.3295461019300326
0.4091781155126657
0.48945650541789765
0.5689842619210183
0.644360150435519
0.7162901004815936
0.7863050071605012
0.846224806683193
0.9012776356077773
0.9453609385342149
0.9820160301163576
1.0
1.0
1.0
1.0
1.0
0.0
0.04116918003175658
0.10027016351794255
0.16621982684683587
0.23457005914557563
0.3079713588849163
0.3810860131688369
0.4605997464479362
0.5359550830108168
0.6132273927937721
0.6835834796592808
0.7499336885721082
0.8141869667726019
0.8687662443258695
0.9190859472584749
0.9557317253198953
0.9886117899282113
1.0
1.0
1.0
0.9990354960079867
0.0
0.039973403821865316
0.09607671997363772
0.15389281952620332
0.2200246029539361
0.29108431974765875
0.3603542411757408
0.4344965112267396
0.5071009644092587
0.5796447001833862
0.6514158205292667
0.71771441160644
0.7799473574354684
0.837961243926249
0.8865218597553131
0.9316251251698302
0.9666812508259529
0.9931842766469985
1.0
1.0
1.0
0.0022747359970116264
0.04290174385590761
0.0937677892167441
0.14757913854556276
0.2069589853157946
0.27061442265710733
0.33969688900519757
0.4098505207281138
0.47965980425637966
0.5530349395979055
0.6187086754900334
0.6880756597901516
0.7484896829659952
0.8092281186848936
0.8630323246635399
0.9079547997049836
0.9467162482672478
0.9753818748650706
0.995446863278947
1.0
1.0
0.011090862433320107
0.04955164339772352
0.09341141686606487
0.14336342299869534
0.19899492814681483
0.26131953782803685
0.32418918077406966
0.3907655666240823
0.4562057483671724
0.5258649579195445
0.5939356986655822
0.6592938972993689
0.724446596357749
0.7826726319758208
0.8376818273410702
0.8872689397934138
0.926923364735497
0.9636751943664538
0.9872467663688711
1.0
1.0
0.023922128724565575
0.0569771754891192
0.09635449536082664
0.14317985600814512
0.19717165262291442
0.25287373486422365
0.3129396957913321
0.3762656581003413
0.44128697930701055
0.5053848323451724
0.5702870068708505
0.6378176217877781
0.7003689504207598
0.7599049168941762
0.8182791032384175
0.8687921790754095
0.9132956533152223
0.9522104402761344
0.9827934861996525
1.0
1.0
