0.02257629645521948
0.11003167652189857
0.2046345054594445
0.29962059098450583
0.3997348824242041
0.502062669112294
0.6039800339614138
0.7048183713869145
0.8059747114638631
0.9040043628136358
0.9893134380194981
1.0
1.0
1.0
1.0
1.0
1.0
1.0
1.0
1.0
0.9715123082344324
0.015917516585306088
0.10350065249689824
0.19665629137575408
0.292343417893418
0.39279526991962777
0.4978294364001198
0.5971862519530986
0.7029590652972075
0.8041987072222369
0.9017565205590312
0.9906924139587763
1.0
1.0
1.0
1.0
1.0
1.0
1.0
1.0
1.0
0.9866884019952373
0.009630744046899283
0.0972663923069943
0.190404233833746
0.2866017506810309
0.38613960928949687
0.4900423379661523
0.5936185265098657
0.6942472724636034
0.796644444748893
0.8939155386476352
0.9863686604996322
1.0
1.0
1.0
1.0
1.0
1.0
1.0
1.0
1.0
0.9914280865074608
0.006433501384465595
0.094367820941078
0.18410358927688097
0.27985056369323713
0.3788453860256803
0.48110438232768526
0.5834635986814183
0.6865771883343723
0.7880278231343518
0.8858873434200962
0.9755234717230115
1.0
1.0
1.0
1.0
1.0
1.0
1.0
1.0
1.0
0.9965756840240529
0.0041862978146891845
0.08592709218897075
0.17963753070793162
0.27280372054312685
0.3693581425897349
0.4700599401977088
0.5722485620818432
0.675488141346412
0.7768993919425387
0.872072984271535
0.9644279665151141
1.0
1.0
1.0
1.0
1.0
1.0
1.0
1.0
1.0
1.0
0.0028938210065687807
0.08470927237264476
0.17300780316038933
0.26250366821156296
0.3599442955605342
0.46092698133203835
0.5609724513761334
0.6599669944879076
0.7603808520544992
0.8582711024385061
0.9491620339550627
1.0
1.0
1.0
1.0
1.0
1.0
1.0
1.0
1.0
1.0
0.0014607954431922533
0.08143828470571962
0.16868657068972498
0.25775940600109215
0.34849324882585614
0.44861946822149634
0.5464282717567177
0.6463853625549221
0.744751324533069
0.8413162890231525
0.9314273000856528
1.0
1.0
1.0
1.0
1.0
1.0
1.0
1.0
1.0
1.0
0.0
0.0787208667514666
0.1616126267037662
0.24941789340988216
0.3387277502722894
0.43364467595424905
0.5317759025199583
0.6280948955447583
0.7269540585950702
0.8214783214573931
0.9100291322120594
0.9931634004902229
1.0
1.0
1.0
1.0
1.0
1.0
1.0
1.0
1.0
0.00011892373278599741
0.07217953814420555
0.1562445797764031
0.24170768610715704
0.3270363356945292
0.422705822122314
0.5164539632509338
0.6106420714671776
0.7081486436738461
0.8014061910560367
0.888388597467934
0.9713363956486544
1.0
1.0
1.0
1.0
1.0
1.0
1.0
1.0
1.0
0.0
0.07135509139638385
0.15161763148531993
0.23156643394362572
0.316512868659122
0.408686266852342
0.49994481839027827
0.5937344937784231
0.6861714989265871
0.7781269450313788
0.8648054035237427
0.9468627574384377
1.0
1.0
1.0
1.0
1.0
1.0
1.0
1.0
1.0
0.0017674871236785996
0.07060305129905137
0.14626990102970905
0.224121284292766
0.30784292120820445
0.39367566384957814
0.48300792498031137
0.5744414306027865
0.6650284575517873
0.7553762517412927
0.8414672557632922
0.9213297296706264
0.9919102743089729
1.0
1.0
1.0
1.0
1.0
1.0
1.0
1.0
0.00031606008356573534
0.06960406402012212
0.1392011478502748
0.21484494003348548
0.296854185276534
0.37979664700353216
0.4688790491316701
0.5585827726688619
0.6449124787823173
0.7342037759068947
0.8150325614855984
0.8959820009148567
0.9635775112848554
1.0
1.0
1.0
1.0
1.0
1.0
1.0
0.998742887694465
0.0029690556955805606
0.06859659799433165
0.13576007977002885
0.2099050491049632
0.28943260492312217
0.36799429801363265
0.45370823348336087
0.5388866764854617
0.626486656674057
0.7097237233026819
0.7914913414959546
0.8693527297834684
0.9371125685449057
0.9996049696422811
1.0
1.0
1.0
1.0
1.0
1.0
0.9973312692263056
0.0003785462473710106
0.06625589565734973
0.1332882564182367
0.203569165298646
0.28093442290118037
0.35998215028578834
0.44190938149109543
0.5236278874634855
0.6083799295944093
0.6886075008359959
0.7685525100794055
0.8448450109302813
0.9130687968566038
0.9717167442775584
1.0
1.0
1.0
1.0
1.0
1.0
0.9967015677748796
0.0016818716559544996
0.0649692954896206
0.13090343130764037
0.19892872456662955
0.27414471196777035
0.3516437467661975
0.4290535798987348
0.5102007865162823
0.5885993697395631
0.6702399678899116
0.7475204686457902
0.8193668030202736
0.8871273488830461
0.9454412959028827
0.9927948228895491
1.0
1.0
1.0
1.0
1.0
0.9975021965580032
0.002976392325408042
0.06326922317835784
0.1305364494093293
0.19802960003749812
0.26777094719491373
0.342558361667944
0.4216806259838226
0.49737417942392825
0.5761179092127814
0.6521671880025076
0.7268485846811557
0.7965215338879865
0.8624653389350929
0.9201080546236027
0.9694757744397178
1.0
1.0
1.0
1.0
1.0
0.9949548161225383
0.0018595899166409312
0.06385628897331452
0.12775976289081117
0.19487078999055157
0.26657552001157875
0.33483165651776453
0.4118251890769796
0.48731371122964656
0.5618384072071457
0.6383399725547474
0.7102670369294972
0.7784332200392818
0.8416187816643536
0.8985007945182228
0.946811058550871
0.9828973935686212
1.0
1.0
1.0
1.0
0.9955880598908446
0.0025436930803136547
0.0626409442909734
0.12815659899103862
0.19526116294830698
0.26340536356694183
0.3346588639507798
0.4056905476444185
0.478949212509959
0.5538391926568246
0.6240733728433999
0.6938243996682781
0.760187540430505
0.8195937556514308
0.8764603706283114
0.9231545098926198
0.9626733784262888
0.9913382488347554
1.0
1.0
1.0
0.994768830709576
0.0
0.06294233748078154
0.1271503716592787
0.19461175089001895
0.2646402651962749
0.3339585448848149
0.40601455680104825
0.47591549767108826
0.5460954079353441
0.6164583998387495
0.6825868375575076
0.7464487421366561
0.8045586559012299
0.8588983102685251
0.9035992248087221
0.9425944150685601
0.9739960983317327
0.9956738753306497
1.0
1.0
0.9963799896483084
0.0
0.06366827499399993
0.13082515638560177
0.1980696866159464
0.2680612069699037
0.33719167998231986
0.4059301894903729
0.4747955862439263
0.5429035114859121
0.6115254524005826
0.6757206227908625
0.7348506080647028
0.7910452228022162
0.8443542898691538
0.8874476387196361
0.927119082324168
0.9559134758152672
0.9784717036503319
0.9918051794871671
0.9989651274975792
0.9934842622672511
0.0
0.0636062919560888
0.1341969038897025
0.20223177585354257
0.2708424489825444
0.3433175180831064
0.41062890504698285
0.48113102770837757
0.545711621760713
0.6084136891385857
0.6726142063941597
0.7283949560112063
0.7802000043442716
0.8297897477796544
0.8744895807006473
0.9098743292631335
0.9413811183237603
0.9640352934877211
0.9798960245701642
0.9887848635813865
0.990944329385094
