0.028830219210993876
0.07717550970730835
0.11723634649836828
0.1500811917638167
0.17198834882236547
0.18834444341587828
0.2047596440039547
0.22006795994527859
0.2359940095882185
0.2571873984833565
0.28241564635290756
0.3174189735271385
0.3578765978371628
0.40634349607770326
0.4686066657352464
0.5354643031874998
0.6146576681606188
0.6982994650941371
0.7898131611421002
0.8866742378519923
0.9877362782414931
0.02342622995479793
0.07234959160219259
0.11084114998277149
0.14011071656512847
0.16346947769346476
0.1820935011313895
0.19766810887249822
0.21403262961129532
0.23201418980754873
0.2542639302733227
0.28228958285817285
0.3171647496232258
0.358922066759147
0.41079820683079693
0.47148371740304323
0.5429185463599797
0.6179899523150042
0.7053354107421667
0.7988464675559261
0.8948097170354262
0.9941090092110034
0.018056193633713465
0.06613788942490942
0.10438581755232093
0.13381215554437076
0.1592437069461662
0.17916396704828821
0.19622241243614738
0.21354303885324596
0.23015836838799805
0.2543229291003419
0.28525699450755937
0.3215475319039374
0.36580537619852277
0.41675508443765685
0.4785372732803975
0.5481017604613679
0.6258555066131213
0.7113006476738599
0.8013331389696148
0.8974097959331135
0.9994982101486195
0.01298307160009727
0.06221067720986158
0.09917251757990389
0.1319381247503129
0.1563286923388369
0.1777649592325577
0.1977958574593771
0.21544935198745835
0.23532211652690352
0.259699363045073
0.2897601186382994
0.32949419807806724
0.373895592945032
0.4281054297786
0.488886966729732
0.5569369645028606
0.6356751502881177
0.721005208944136
0.8085055390332616
0.9038196899142694
1.0
0.006568453777332696
0.05612194021143291
0.09834944973482762
0.13011228738189295
0.15663874090426805
0.17942759349880066
0.200522256252145
0.22010654417111852
0.24349909392754937
0.26838344636218303
0.30119931968267166
0.3409394886836257
0.38494974426354717
0.43996938752209463
0.5010019193437927
0.5699594024968493
0.6446899399614289
0.7298013569147127
0.8152313382614478
0.9073185590358046
1.0
0.004629935925235072
0.05595156883936715
0.09704334692221625
0.13081723811440676
0.1588920395523316
0.1843948428755811
0.20633462001339914
0.2297467471983015
0.2539346589371724
0.2825238489952825
0.31562627984653413
0.35554076502437393
0.4037562494486431
0.45554087147719097
0.5178757664307627
0.5840104278081001
0.6612603094505922
0.7406361999590095
0.8250956164142661
0.9115510897607161
1.0
0.0014917108721970212
0.05329182413059422
0.09630410422581961
0.13252292454533204
0.16348399231301686
0.1907571335028937
0.2165451807747826
0.24276361922056913
0.2686632147555785
0.3002371739507104
0.3346465071679533
0.37307741221801416
0.42290602048414067
0.47817663375959435
0.5372297818509955
0.6041763556813935
0.6748999339070847
0.7548168143471616
0.833408321712508
0.9185376111908539
1.0
0.0
0.05174367454892204
0.09736852467906873
0.1375062765279522
0.16950114833645866
0.19988961031906743
0.22811846499760452
0.25644221395429584
0.2877933900593229
0.3219293669984449
0.3579367374878056
0.3987902924914835
0.44653045724688895
0.5017745687771666
0.5592688768661466
0.6248821849896498
0.6952024810569347
0.7661326865890263
0.843843286955648
0.9231634302321701
1.0
0.0
0.05312575573968173
0.09966277572481881
0.1419389083165035
0.179131213056101
0.2113442685231386
0.24422771732327297
0.2759278906853051
0.3103553403577909
0.34362289301907245
0.3816521554002579
0.42596125431646276
0.4745902676372936
0.5295353816714146
0.584531437956819
0.6493058677211632
0.7148380626723672
0.7856579754385937
0.855506792399318
0.9250747978203785
1.0
0.0
0.0523145970708296
0.10254891633715922
0.14855761851024313
0.19041474495568247
0.22451158540218616
0.26181756444559223
0.2967285972602097
0.33485777913500536
0.37205888672799203
0.4130755883957469
0.45847485446543457
0.5057906554927185
0.557396583727482
0.6147198976260343
0.6745381982958645
0.7374982330248516
0.8016252687354265
0.8678582412968707
0.9365104012436893
1.0
0.0
0.052785867597017665
0.10721769893424594
0.15428346243028274
0.19947931599793564
0.24174200469069201
0.281800745199641
0.32005727286612534
0.36055939087635724
0.4005287126191689
0.44296168102019307
0.49207230875215296
0.5385496487124769
0.5913413463375815
0.6446506224518845
0.7039006601988899
0.7623647992542231
0.8203202870450125
0.8836288326252024
0.9413676713892977
1.0
0.0
0.055595637958420006
0.11442352302035169
0.16746585259026886
0.21703110989990684
0.26061522268034604
0.30491097859501426
0.3480945740271701
0.38935140714429395
0.43345324114075895
0.4794325301657233
0.5242472361402523
0.5742920630677982
0.6267783654442304
0.6800040077065119
0.7340660377569656
0.7861446631621269
0.8444102981607634
0.8981640172976375
0.9495033548994114
0.9988805834169459
0.0
0.058366652036342004
0.12094143327141707
0.17700609110717574
0.2288031414013947
0.2811723828398319
0.3294243356839871
0.3757680135390626
0.4219133158820261
0.46989999706856955
0.5173891163283436
0.5639943434097522
0.6143056166688016
0.6636858778322603
0.715724893355871
0.7643844269579428
0.8147241350135234
0.8656753472216223
0.9117087462542601
0.9588812268130702
0.9993346067147207
0.0
0.061157439971632525
0.12731360038927772
0.19125711138242507
0.24759305301806028
0.3026249432507589
0.356523758062195
0.40821905854709606
0.4574062111688892
0.5047559068154164
0.5563684244044856
0.6056896455255049
0.6534558137478563
0.7018805669555929
0.7515928649146765
0.7989348719566267
0.8443868856917858
0.8878616423796527
0.9275858724123288
0.9681623079386763
1.0
0.0
0.06671645937725716
0.13660646431843299
0.20460673522046405
0.26687698459413095
0.3285862914217498
0.3858295555636556
0.44085435970251563
0.492817141392465
0.5471028519409834
0.5968564152078234
0.6459068912579772
0.6965417505273177
0.7444349142619247
0.7896254519564907
0.8315320299459458
0.8738890975474382
0.9139261918052077
0.947281969083167
0.9746294629886426
1.0
0.0
0.0722249802273659
0.14714781429517343
0.21834910105753458
0.2888780977400479
0.35242096574733817
0.41498464166050475
0.4745456284499456
0.5309333825083378
0.5843682040743848
0.6398905796361172
0.6910896070501312
0.7401428702598759
0.785593778323516
0.8265170404721328
0.8699771787353519
0.9053018809702802
0.9370943789344698
0.964364614670867
0.9866681087052838
1.0
0.0
0.07828554820009903
0.15876592482547208
0.2360392187779214
0.31010930152995314
0.37939679339795906
0.44611090580599755
0.5096395034510965
0.5708392658827308
0.6288415179416162
0.6838442123405848
0.7341995757217314
0.7837198069136899
0.830108380987398
0.8701919652186012
0.9052707320524569
0.936813317633097
0.9617247938489686
0.9815134096797068
0.99467973334101
0.9995445471793782
0.0
0.08190960113950058
0.1684113915987676
0.252079250862648
0.3322616476521918
0.4066446374430289
0.47855996731298667
0.5471978829529307
0.611979850398946
0.6711413233994559
0.7261411152395177
0.7804938988171662
0.8309113597213957
0.8732974883925069
0.9094717165261069
0.9409314908898129
0.9675096426952988
0.9897863914763902
1.0
1.0
1.0
0.0
0.08878680746869873
0.1825803739445238
0.2720443496920295
0.3568780359192718
0.43838188191911404
0.5122801482693167
0.5848376663017337
0.6532687635786043
0.7144540265383992
0.7750813161538472
0.8268225674750679
0.8746240703710181
0.9151174097364676
0.9515577743943578
0.9791065205483485
1.0
1.0
1.0
1.0
1.0
0.0
0.09446513244717494
0.19290484858602677
0.28889648169152127
0.3808698519255098
0.46684918390047225
0.5463915723494641
0.6249773886865297
0.6939977057532232
0.7604548201933454
0.8202214898481601
0.8707931312804754
0.9209917007366216
0.9604570864122893
0.9930735914960277
1.0
1.0
1.0
1.0
1.0
1.0
0.0
0.1001433553131217
0.20485099417389985
0.3070080584284982
0.4040587206160118
0.49507104896468473
0.5830764627366716
0.6625835543235647
0.7373979170329192
0.8046723875621404
0.8669264546774083
0.9190573241848705
0.9663921644122795
1.0
1.0
1.0
1.0
1.0
1.0
1.0
1.0
