0.010118062416719111
0.0070069570037529436
0.0049453970308512285
0.0033549478194855598
0.006118700669347055
0.008671865625240083
0.01911031499222232
0.035648769142471226
0.057809582397268855
0.09057214795072488
0.1280194890876845
0.17535640956054738
0.23355492409259837
0.3007884030726345
0.3753239100167969
0.462617971546106
0.5565058138615778
0.6604724234299997
0.7704416878703652
0.8854178873453545
1.0
0.0008309884230152382
0.0
0.0
0.0
0.0
0.0
0.0
0.0
0.017077319049299156
0.048514605412303624
0.08562919506941907
0.1377445305210681
0.1958141140427358
0.26422922052120845
0.34660676374821325
0.43535346251940543
0.5343916136817917
0.645293183964829
0.7616181428762003
0.8806994301377611
1.0
0.0
0.0
0.0
0.0
0.0
0.0
0.0
0.0
0.0
0.01072447778082597
0.05216873991866244
0.10239967295688057
0.16359065836586206
0.236532592142364
0.3197952326929204
0.41328866911800444
0.5164371240299497
0.6304889752700007
0.7493479579765009
0.8758351983417787
1.0
0.0
0.0
0.0
0.0
0.0
0.0
0.0
0.0
0.0
0.0
0.023656752147336535
0.07668382347715663
0.13986114166671382
0.21402810152066976
0.29977653523168457
0.3942685706058497
0.500297491112284
0.6175663750583236
0.7396236820475363
0.8691695474370527
1.0
0.0
0.0
0.0
0.0
0.0
0.0
0.0
0.0
0.0
0.0
0.003017061144166777
0.057157064605932395
0.12115657602391239
0.19974344696298074
0.2842282863633874
0.38255053897315877
0.4911828141297082
0.6075059536484904
0.7322949589839869
0.8669836690310448
1.0
0.0
0.0
0.0
0.0
0.0
0.0
0.0
0.0
0.0
0.0
0.0
0.044249822228464186
0.10984925840948156
0.18976894790550702
0.27806809589364845
0.3746642818206936
0.4859953348549267
0.6057345883945009
0.7307090391909908
0.8610129666024966
1.0
0.0
0.0
0.0
0.0
0.0
0.0
0.0
0.0
0.0
0.0
0.0
0.03977620327909426
0.10769642060552398
0.18644344507972876
0.2768348935827851
0.3747445387474252
0.4846723317232514
0.602572159520764
0.728845390922777
0.8626173756883886
0.9981438568159051
0.0018825452932477375
0.0
0.0
0.0
0.0
0.0
0.0
0.0
0.0
0.0
0.0
0.04574971702169084
0.11181650402625609
0.1907219525782592
0.2828787605738231
0.3821701555848645
0.4913005740451218
0.6089384417424706
0.7321337252328757
0.8639009417100749
0.9992746171849077
0.004228079678996359
0.0
0.0
0.0
0.0
0.0
0.0
0.0
0.0
0.0
0.0
0.054485303542053054
0.12487545870895012
0.2040298061773631
0.2971626033082211
0.3950498718418738
0.5015799370668332
0.6174689104279547
0.7408352219714828
0.866894787427491
0.9981712248894878
0.007422995010454074
0.0
0.0
0.0
0.0
0.0
0.0
0.0
0.0
0.0
0.012917903481887816
0.07296002861894357
0.14439333016800304
0.22630890654758018
0.3153672986946487
0.41221028272478116
0.5174280767948796
0.6293365014146921
0.7497317036305439
0.8728214237807074
1.0
0.008043984808432564
0.0
0.0
0.0
0.0
0.0
0.0
0.0
0.0
0.0
0.03479433035631352
0.09465331794714515
0.16935651784480954
0.24992953353670122
0.3402452729608934
0.43614983068214025
0.5402786095497666
0.6459081867586435
0.7623964552088724
0.8783073945118883
1.0
0.010753868869990055
0.0
0.0
0.0
0.0
0.0
0.0
0.0
0.0
0.00537697953237537
0.061111858913298844
0.12300783680611138
0.19727190903113584
0.2785400016207547
0.36739673221595814
0.46264388401481926
0.5631955096541786
0.6667404785010358
0.7755683381246143
0.8873652121265568
1.0
0.008942675396170078
0.0
0.0
0.0
0.0
0.0
0.0
0.0
0.0
0.031868087506123244
0.08920697310613235
0.15576661685234378
0.23069591812934742
0.30935433481789737
0.39937957357871895
0.4911465462417801
0.588216605185172
0.6891230795396699
0.79202276409711
0.8965108563486188
1.0
0.005685465279273116
0.0
0.0
0.0
0.0
0.0
0.0
0.0
0.007493906483023338
0.05923447193412973
0.1222019888465265
0.1901386360051176
0.26418495310785484
0.34812832837318547
0.4337473618425431
0.5236474753136724
0.6183377453112903
0.7157005409887882
0.8070665519909771
0.905198097160095
1.0
0.002699828368399647
0.0
0.0
0.0
0.0
0.0
0.0
0.0
0.035224955130139346
0.08796679306920019
0.152253014295817
0.22451050919668286
0.3026431988573719
0.38352922417587765
0.469359316540443
0.5578788520998417
0.6476978006642955
0.7373967280950828
0.8270811822744334
0.9148212469878199
1.0
0.0001721412079829978
0.0
0.0
0.0
0.0
0.0
0.0
0.013137221064482618
0.06276665234052492
0.12027297001619525
0.18886483518939556
0.26066973743882804
0.33923726610634347
0.42280950251635846
0.5072749868590902
0.5923200372659441
0.6773934133686277
0.7619603476218377
0.8432003207352671
0.9233980677616469
1.0
0.0
0.0
0.0
0.0
0.0
0.0
0.0
0.036716644763250095
0.09103219401650808
0.1530294947532474
0.2204451967656042
0.29850568521641124
0.3783586182266774
0.46106974515790694
0.5434192021020726
0.6273423653856953
0.7080133207099
0.7875008413007644
0.8613001044403356
0.9334413150272602
1.0
0.0
0.0
0.0
0.0
0.0
0.0
0.012754270635029208
0.05878264658101895
0.11710259078481727
0.18294655732441067
0.25626284631339286
0.3330634052602952
0.41558547813182434
0.4960574763046549
0.5775328202106883
0.6608609345609788
0.7367060140825449
0.8104381617086238
0.8799435349172051
0.9409337764686595
1.0
0.0
0.0
0.0
0.0
0.0
0.0
0.03128888903439131
0.0835347052571157
0.14311453203511465
0.21426547354440906
0.29029195793683166
0.3685137711922141
0.45220136003820477
0.5350943308778536
0.61533786794238
0.6924862191571053
0.7672550712458465
0.8352681118635931
0.8958286004915159
0.9503174061843247
1.0
0.003765142639220221
0.0
0.0
0.0
0.0
0.010618340442654528
0.05335034935706395
0.10839165051978678
0.17053742279274764
0.24382365191120586
0.32207254409611163
0.40347109535034636
0.48746535263891866
0.5701585967965819
0.653231284461007
0.7277800390482372
0.7981595175241497
0.8594192223798178
0.9140004004076006
0.9607879333829419
1.0
0.011087868632117335
0.0
0.0
0.0
0.0
0.03080972796278572
0.07316671622883925
0.13331784581707368
0.19825105169707008
0.2726674241722923
0.35433827561603615
0.4369587473930556
0.5230935960135407
0.60580158833038
0.6850624999091822
0.7585933071838699
0.8266251365420126
0.8853413105839447
0.9323797057007039
0.9738106030438349
1.0
