0.026388495841845327
0.0
0.0
0.0
0.0
0.0
0.0
0.0
0.0
0.0
0.0
0.0
0.0
0.0
0.0
0.0
0.0
0.18940878308257136
0.4490849086713209
0.7206685589269779
1.0
0.01512185085432838
0.0
0.0
0.0
0.0
0.0
0.0
0.0
0.0
0.0
0.0
0.0
0.0
0.0
0.0
0.0
0.0
0.1658003597935146
0.4306627374636428
0.7132424468165437
1.0
0.006470450984901516
0.0
0.0
0.0
0.0
0.0
0.0
0.0
0.0
0.0
0.0
0.0
0.0
0.0
0.0
0.0
0.0
0.14334838344115286
0.41692537679786856
0.7044533155954864
1.0
0.003083136819780225
0.0
0.0
0.0
0.0
0.0
0.0
0.0
0.0
0.0
0.0
0.0
0.0
0.0
0.0
0.0
0.0
0.12884865334411577
0.4053208369928597
0.6993418011892036
1.0
0.0
0.0
0.0
0.0
0.0
0.0
0.0
0.0
0.0
0.0
0.0
0.0
0.0
0.0
0.0
0.0
0.0
0.11582853969454932
0.39809633558640456
0.6949317574619212
1.0
0.0
0.0
0.0
0.0
0.0
0.0
0.0
0.0
0.0
0.0
0.0
0.0
0.0
0.0
0.0
0.0
0.0
0.10765790396701835
0.393899675865234
0.6917304828339774
1.0
0.0
0.0
0.0
0.0
0.0
0.0
0.0
0.0
0.0
0.0
0.0
0.0
0.0
0.0
0.0
0.0
0.0
0.10683353895237446
0.3896856794785706
0.689777132247581
1.0
0.0
0.0
0.0
0.0
0.0
0.0
0.0
0.0
0.0
0.0
0.0
0.0
0.0
0.0
0.0
0.0
0.0
0.10934766287610398
0.39104017776541533
0.6909342901922368
0.9990572893738069
0.0
0.0
0.0
0.0
0.0
0.0
0.0
0.0
0.0
0.0
0.0
0.0
0.0
0.0
0.0
0.0
0.0
0.1169360641879772
0.39740277709218164
0.6903313029813507
0.9956086155275994
0.0021285083775011353
0.0
0.0
0.0
0.0
0.0
0.0
0.0
0.0
0.0
0.0
0.0
0.0
0.0
0.0
0.0
0.0
0.1278161662652061
0.403299214925374
0.6937232477791042
0.9986331092666955
0.00312207400414167
0.0
0.0
0.0
0.0
0.0
0.0
0.0
0.0
0.0
0.0
0.0
0.0
0.0
0.0
0.0
0.0
0.14477872410449633
0.41432527029667565
0.695443686245252
0.9950748345922923
0.0011838711272280093
0.0
0.0
0.0
0.0
0.0
0.0
0.0
0.0
0.0
0.0
0.0
0.0
0.0
0.0
0.0
0.0
0.16456337478679106
0.4280648663199088
0.7062032924612078
0.9969974425795437
0.0021106518657030577
0.0
0.0
0.0
0.0
0.0
0.0
0.0
0.0
0.0
0.0
0.0
0.0
0.0
0.0
0.0
0.0
0.18899208420993796
0.44390200839575444
0.7175225440616948
0.9968157688885938
0.0006007216169170938
0.0
0.0
0.0
0.0
0.0
0.0
0.0
0.0
0.0
0.0
0.0
0.0
0.0
0.0
0.0
0.0
0.21677024096407838
0.4647973912381507
0.7267205511471779
0.9972633715184078
0.0005998486214820944
0.0
0.0
0.0
0.0
0.0
0.0
0.0
0.0
0.0
0.0
0.0
0.0
0.0
0.0
0.0
0.02396066106588124
0.24508112844589192
0.4823907450343258
0.7363196270241114
1.0
0.0
0.0
0.0
0.0
0.0
0.0
0.0
0.0
0.0
0.0
0.0
0.0
0.0
0.0
0.0
0.0
0.0635274630703655
0.27573294098736056
0.5059919941633444
0.7488529571166118
0.9985610206075808
0.0
0.0
0.0
0.0
0.0
0.0
0.0
0.0
0.0
0.0
0.0
0.0
0.0
0.0
0.0
0.0
0.10465117903320109
0.3062785474496872
0.5276864613034127
0.7597824805103726
1.0
0.0
0.0
0.0
0.0
0.0
0.0
0.0
0.0
0.0
0.0
0.0
0.0
0.0
0.0
0.0
0.0
0.14564337497782187
0.3408097344406634
0.5478876185879575
0.7716805103138213
1.0
0.0011191364934618078
0.0
0.0
0.0
0.0
0.0
0.0
0.0
0.0
0.0
0.0
0.0
0.0
0.0
0.0
0.018620532300313908
0.18458228084987283
0.3688310736852435
0.5694965681021537
0.7795692703020922
1.0
0.005840005123704838
0.0
0.0
0.0
0.0
0.0
0.0
0.0
0.0
0.0
0.0
0.0
0.0
0.0
0.0
0.06500159232854574
0.2237330250298939
0.398808399335129
0.5890751824386249
0.7894328572453277
0.9995172532249944
0.01268741323684228
0.0
0.0
0.0
0.0
0.0
0.0
0.0
0.0
0.0
0.0
0.0
0.0
0.0
0.0
0.10735633433652503
0.2595911242352201
0.4240474679900706
0.6055944497842767
0.7971367217949797
0.9950733737171475
