0.01579667778111415
0.11107784754862718
0.21828066346142602
0.32463547039907864
0.44156306635212117
0.555182518915013
0.668428343708819
0.7789463406506024
0.8814814186993629
0.9763071760861961
1.0
1.0
1.0
1.0
1.0
1.0
1.0
1.0
1.0
1.0
1.0
0.0075486909531763974
0.10397383219586401
0.20769830383635413
0.31581470162517244
0.4315257472372913
0.5444754055735673
0.6593169771908538
0.7664638622465332
0.8675638209965157
0.9627109253703634
1.0
1.0
1.0
1.0
1.0
1.0
1.0
1.0
1.0
1.0
1.0
0.002579767540638659
0.0978309232650035
0.20013397294411883
0.31197635878638363
0.42243322604200884
0.5347017929899428
0.6463231887861454
0.7526148394800092
0.8563457303591757
0.949788399019587
1.0
1.0
1.0
1.0
1.0
1.0
1.0
1.0
1.0
1.0
1.0
0.0
0.09323853678737354
0.19591237295035
0.3055838080117651
0.41596444713266045
0.525721559932259
0.6358738767484793
0.7441857357914758
0.8434716828155304
0.9395118516453862
1.0
1.0
1.0
1.0
1.0
1.0
1.0
1.0
1.0
1.0
0.9992128239474506
0.0
0.08777971438911235
0.19215229652202656
0.297483403087729
0.4099199077950533
0.5189509547239463
0.6296654988206232
0.737342630583032
0.8341418006011422
0.9268831376703526
1.0
1.0
1.0
1.0
1.0
1.0
1.0
1.0
1.0
1.0
0.9953831567675507
0.0
0.08747880020095528
0.18861861156176107
0.2976212285839849
0.4065414199240682
0.5159850513632747
0.626068873755478
0.7304893852201644
0.8303890778223181
0.9184926987427383
1.0
1.0
1.0
1.0
1.0
1.0
1.0
1.0
1.0
1.0
0.991793927184692
0.0
0.08633312456818265
0.18853188611113575
0.294280992985058
0.404573855069138
0.5155879656056584
0.6226807491022567
0.7268663773600907
0.8245321307777344
0.9142233894519995
0.9951753418977981
1.0
1.0
1.0
1.0
1.0
1.0
1.0
1.0
1.0
0.9895770404411546
0.0
0.08758456324286809
0.1901345395205614
0.29706228916494626
0.4054064632467348
0.5147198432755877
0.6208516476401282
0.725302588441487
0.8208709025995464
0.9120477512942988
0.9937750903401936
1.0
1.0
1.0
1.0
1.0
1.0
1.0
1.0
1.0
0.9844684837881431
0.0
0.09039402731194415
0.19166843441788123
0.30025643331968943
0.4100634914132374
0.5187393187070132
0.6250028354691107
0.728782164972543
0.8243193184966865
0.9139662364086394
0.9947910870735737
1.0
1.0
1.0
1.0
1.0
1.0
1.0
1.0
1.0
0.9828242115719665
0.0
0.09292528052534577
0.19833856026392088
0.30385492614343157
0.41321426925421556
0.5212288358788706
0.6308260696156366
0.7321651574371795
0.8279034520968075
0.9141103953275398
0.9962864882901903
1.0
1.0
1.0
1.0
1.0
1.0
1.0
1.0
1.0
0.9818629503366159
0.0
0.09715475165990037
0.20220144885265862
0.3080340426086279
0.4191555911660422
0.5283596762619545
0.6359935176124802
0.7352065236481593
0.8331892087373249
0.9203185621537464
1.0
1.0
1.0
1.0
1.0
1.0
1.0
1.0
1.0
1.0
0.9820562271254661
0.002249747858983111
0.10158361451461259
0.20814608790179598
0.31555015569913375
0.4229552929794195
0.5341834907602327
0.6407411968384278
0.7426276916520557
0.8362780802262075
0.9256034086943623
1.0
1.0
1.0
1.0
1.0
1.0
1.0
1.0
1.0
1.0
0.9846113926708128
0.004085672316122479
0.10558669273362578
0.21225460974863258
0.3225008739679234
0.42966258352184244
0.5393945061657412
0.6467415680934765
0.7470683410281117
0.8429624012193992
0.9315304278410721
1.0
1.0
1.0
1.0
1.0
1.0
1.0
1.0
1.0
1.0
0.9876734122371621
0.009711264747162406
0.1091834250255467
0.21509344046656112
0.3256306162935354
0.4353983807970878
0.5468479217188813
0.6509715426537919
0.7532923804855793
0.8470482791886293
0.9358922719527436
1.0
1.0
1.0
1.0
1.0
1.0
1.0
1.0
1.0
1.0
0.9898638653871192
0.009219616410676893
0.10985432820439767
0.21906728661217942
0.3266884160471506
0.43890552721825005
0.5468823026750269
0.6541208117718293
0.7569088900575455
0.850950535562057
0.9381307178113011
1.0
1.0
1.0
1.0
1.0
1.0
1.0
1.0
1.0
1.0
0.9940279498576666
0.008704924232900379
0.11155201789142316
0.2188242496397801
0.32675816440637984
0.4366827596815682
0.5462036527002047
0.6548233485979011
0.752432784339965
0.84771091504614
0.9349345816963336
1.0
1.0
1.0
1.0
1.0
1.0
1.0
1.0
1.0
1.0
0.9978289333627557
0.010156984368451442
0.10950880718431193
0.21588534979100305
0.32614088039520484
0.4323121262878961
0.5422472680030592
0.6473070005206059
0.7497353747574507
0.8442375747324042
0.9275494818839115
1.0
1.0
1.0
1.0
1.0
1.0
1.0
1.0
1.0
1.0
1.0
0.0038832391994698887
0.10336706540113125
0.21183990284579512
0.317535116154611
0.42455405079709285
0.5321761835690777
0.6375721055868615
0.7368807563000318
0.829108245305344
0.916131545836555
0.9929194763539498
1.0
1.0
1.0
1.0
1.0
1.0
1.0
1.0
1.0
1.0
0.0
0.09631033518179125
0.199200477736235
0.3060701322002599
0.41139948239509605
0.5171337097344039
0.6218410212985419
0.7201064215125439
0.8142950184769253
0.8985540256102977
0.9739500224701112
1.0
1.0
1.0
1.0
1.0
1.0
1.0
1.0
1.0
1.0
0.0
0.08723823584087682
0.18793023090422098
0.2905540772776688
0.39292679600054325
0.49891609077959287
0.5968607619903326
0.6952898003636363
0.7864809247954121
0.8708761355244341
0.9487670533776316
1.0
1.0
1.0
1.0
1.0
1.0
1.0
1.0
1.0
1.0
0.0
0.07428563610117013
0.17030963610274122
0.2686311472153486
0.36990771868328104
0.4709623528873745
0.569396867367138
0.6630103104048849
0.7543729834742638
0.8369925786981437
0.9134125726188698
0.9805983281694619
1.0
1.0
1.0
1.0
1.0
1.0
1.0
1.0
0.9967103419356531
