0.013990870718240567
0.0
0.0
0.0
0.0
0.0
0.0
0.014893291864546299
0.04751934018900911
0.08635473170863728
0.13459525898790048
0.19173266278735857
0.25712987863265635
0.3301909061716241
0.40920758280352176
0.4963393202160646
0.5892552161378732
0.6852615364269619
0.7822355175890402
0.8833401964993685
0.9875314842833327
0.011411404471327321
0.006755128300854937
0.0
0.0
0.0012862638580881103
0.012433640292310588
0.030861262076840368
0.05489651358978742
0.08871801852074163
0.12991326766595623
0.17942938047449797
0.23651320747398447
0.3037125773697802
0.37293127848452357
0.4505075141419655
0.5339670233969047
0.6213515662418481
0.7106964291425666
0.8073765861539253
0.9003601982354492
1.0
0.01174135981913939
0.00876169758605317
0.009890869717328846
0.012069649624339263
0.02168655914196585
0.03945660958660813
0.0600841761631391
0.08771284308761612
0.1237939290293667
0.16685110662450092
0.21543224373494585
0.2749260839471902
0.338449103422713
0.4083416975215134
0.48452573180715863
0.5634689900524237
0.6461795911174604
0.7350473178010065
0.8237221633877141
0.9163547796519987
1.0
0.009295111686473866
0.010606533926373438
0.01649679801184524
0.025927097972576932
0.0367286737300265
0.055394054369891255
0.0818286257220408
0.11068594558987277
0.14811598837578183
0.19280949101160727
0.24447428073741773
0.30336535519915653
0.36608799585778407
0.43320096973595
0.5073563290939742
0.5861883698129131
0.6656550095405309
0.7517232149377866
0.835194086263173
0.9234246514224369
1.0
0.007667567535013485
0.013902099129806507
0.02182219723748781
0.03127221442971191
0.04794759772756882
0.06933849112044196
0.09311239310355215
0.12766184411710985
0.16634008203100564
0.21265326132379714
0.2629139034062028
0.32189346088013165
0.3828967162074157
0.4513208295140704
0.5233303008600108
0.5999972499877351
0.6790609726110561
0.7596215648577328
0.8435066946408762
0.9267977520491144
1.0
0.004915830847475364
0.01070109867334993
0.022535549393968304
0.03660581768728406
0.050542679655951495
0.07418577483876443
0.10093142326516524
0.13603951074253656
0.17516514488456775
0.22265947079070114
0.2726723879204129
0.3311595701917804
0.3949340906493358
0.4626258860872883
0.5298750623487378
0.6081282137862577
0.6838684226483258
0.7649250165558145
0.8468926403539826
0.9287989090541674
1.0
0.003950935395782571
0.011806308516823155
0.020391133012304913
0.03556026015945937
0.05200481301234877
0.07509276714540741
0.10381416144861028
0.13640099808251546
0.175831490446967
0.22216156288615513
0.2760310229153562
0.332646499479086
0.3967773066064494
0.46289096278846764
0.5342988708475086
0.6109611565231089
0.6872182586365697
0.7637384267120187
0.8453067779853558
0.9283106499075922
1.0
0.0012381059111595122
0.008733497548022308
0.01633386989486288
0.032175365978790976
0.047570383179107445
0.07188032132912262
0.09868506949595712
0.1319238935878298
0.17096887393699495
0.217808536565401
0.27156402174502914
0.32921361676352406
0.39295438833861596
0.45874793908694916
0.5301693933402563
0.6063004861428541
0.6822489097067567
0.7630586078043043
0.8430462352276432
0.9233438178118574
1.0
0.0
0.0048418620335689486
0.013381161330212152
0.028340806373610472
0.04280418283488541
0.06418795617881273
0.0916088210925306
0.12097070640334096
0.160091652664399
0.20822502469489168
0.2596694941576057
0.3170693877846947
0.38055636583107155
0.44801337512304484
0.5203435376054273
0.5991617347251819
0.6779293880833519
0.7574063139751613
0.8396436352777653
0.9198341520765116
1.0
0.0
0.0007843537519071492
0.008484361308479488
0.01745519315827654
0.03412564755058681
0.050742487603854
0.07587821396990774
0.10786953486350409
0.14682329694641127
0.19127708755734107
0.2449279015013287
0.30102748582819155
0.36571851823172513
0.43522813580227365
0.5080695169287921
0.5869381042634123
0.6679787711219872
0.7485821490152178
0.8337780428058872
0.9149173223760985
1.0
0.0
0.0
0.0
0.0077769187072770085
0.017551458530501884
0.03580967262650228
0.05869406478737671
0.08934562826206738
0.1264016308778319
0.17075153814185706
0.2236062599071047
0.28286183638696044
0.34656382082045734
0.4161402392982908
0.49318786480275983
0.5717156960447721
0.6549226530532164
0.7395762131214962
0.8253264335358349
0.9137742729105389
0.9983964589961952
0.0
0.0
0.0
0.0
0.006376265800360548
0.02182038272683362
0.041245950125443964
0.06966134625712306
0.103315257076873
0.146616743443665
0.19945740026095188
0.257484976448926
0.3241558753042933
0.39712753651205573
0.4726498894398973
0.5554226592931464
0.6404053290034464
0.7282410972252956
0.8181757783427017
0.9079820710915751
0.9964687966509596
0.0
0.0
0.0
0.0
0.0
0.0005739331049954832
0.020912600809655457
0.04458086277008455
0.08039526462028063
0.12330675685387799
0.1725688250392151
0.23093119452820043
0.29832179726187874
0.37186124586565833
0.45329322074055617
0.5384485641679921
0.627666769270097
0.7180254731693276
0.8108331254585707
0.9038136289882333
0.9955356326773779
0.0
0.0
0.0
0.0
0.0
0.0
0.0
0.0227602605434864
0.05381849334816069
0.09776879239982295
0.14705488955290197
0.20729333664572847
0.27467212054775536
0.351365073202611
0.43024800792697204
0.5182618271502478
0.6102762033879061
0.7046553605543858
0.8023297539007413
0.9003438189576413
0.9945407364858024
0.0
0.0
0.0
0.0
0.0
0.0
0.0
0.0
0.02988655158842346
0.07120475615880784
0.11991201461835171
0.18029716217268954
0.24854035432720356
0.32525165734823497
0.4109371712526642
0.4991085440262024
0.5944801539877702
0.6947461421840766
0.7936782847373065
0.8949163977908903
0.9926973986871401
0.0
0.0
0.0
0.0
0.0
0.0
0.0
0.0
0.006834231300289262
0.04580277030079111
0.09619896129180411
0.15480674726476823
0.22428601027046263
0.30332386001066225
0.3881478209657095
0.4797796514794223
0.5787359443781755
0.6801197060625306
0.7834677121480359
0.889841721819916
0.9942016486517499
0.0
0.0
0.0
0.0
0.0
0.0
0.0
0.0
0.0
0.02345181181862399
0.06979978065446246
0.13186380075598197
0.19979275518835754
0.2805739799524467
0.36801638339943454
0.46347933818357107
0.5642072155146065
0.668324179156633
0.7768831978615047
0.8818979200376849
0.9923614203320779
0.0
0.0
0.0
0.0
0.0
0.0
0.0
0.0
0.0
0.0
0.049409216393952016
0.10970615455805766
0.1791306514609471
0.25930577873492205
0.34890573860902163
0.4444946603453831
0.5500459443105455
0.6574352368863212
0.7667845446424317
0.8787510256330897
0.9884060849641253
0.0
0.0
0.0
0.0
0.0
0.0
0.0
0.0
0.0
0.0
0.03197350698418233
0.09052241512614712
0.16087307867645306
0.24299626665728624
0.3350791900763499
0.4313429201346739
0.5362221653685272
0.6468900176210766
0.7592222517515367
0.8721487375882044
0.9871965474261774
0.0
0.0
0.0
0.0
0.0
0.0
0.0
0.0
0.0
0.0
0.016834818628862047
0.07738389146116154
0.14476373556918176
0.2294322940435144
0.3191589097424354
0.4232359833294732
0.5262348643203835
0.6373158091591723
0.7525676310362064
0.8691162515970385
0.9840158852334914
0.0
0.0
0.0
0.0
0.0
0.0
0.0
0.0
0.0
0.0
0.007142263564176798
0.06795233187356053
0.13577939042251286
0.2181545597278185
0.3090493763878447
0.40970456894652946
0.5181942845762966
0.6294893855454622
0.7460949802823472
0.8629982474633138
0.9821961405951144
