0.027244159698493642
0.05611334111364354
0.09247301984753664
0.12945499785591755
0.17459437614969825
0.2235065523647846
0.2813692199536465
0.34264326687859537
0.4079843301740893
0.4814539051853652
0.5558204796721112
0.6327709314429084
0.7088185530172627
0.7789350627281169
0.8446523632193251
0.9045244764629455
0.9530975243383486
0.9898277456540822
1.0
1.0
0.9951042021208658
0.015121155107985363
0.05330538773106319
0.09220934889115695
0.13565609818388027
0.183786936762728
0.2363258983005012
0.2945522014852595
0.3573449426971835
0.42143346622344213
0.4919931859482602
0.567722382484355
0.640086888220074
0.7123709343587926
0.7814847777829963
0.8450272398802586
0.9034367130269553
0.9475998074592598
0.984067415940184
1.0
1.0
0.9948495211859825
0.009025509287427808
0.05276473384929757
0.09649754717779675
0.1435351809928214
0.19709305613740313
0.2517692198943604
0.3113134799620321
0.3731738438934319
0.4389650634466743
0.5075849845375545
0.5780217910040899
0.6482621958481736
0.7179028629438771
0.7866563916198739
0.8454688709473658
0.9030489549145142
0.946500800238482
0.9785010379869632
1.0
1.0
0.9946136143820209
0.0062125643151221465
0.05710893928346571
0.10797784256532662
0.15856153365768003
0.21463795377087863
0.26913893594164634
0.33050737484338294
0.3902086496126237
0.4576628325324401
0.5230776623174284
0.5925775265722625
0.6610254610612476
0.7243718395229561
0.788423276786674
0.8496639947546157
0.9032495276760304
0.9438432731338678
0.9786060613605382
0.9989045459617187
1.0
0.9979230185545007
0.00454707425570022
0.062132658356562606
0.1170417189794184
0.17202641631475438
0.2305708974008642
0.2879467296672545
0.34932091531075676
0.41039477093046595
0.4741380529145643
0.5403093380027774
0.6058639646429224
0.6708650480628804
0.7337941058378215
0.7959542749483126
0.8528923698965868
0.9022659633145491
0.9444674524081274
0.9776146858282375
0.9969415553507653
1.0
0.9989603522289657
0.005542486575684184
0.06885638490513166
0.12724708732773443
0.18716125243340176
0.24581769411122323
0.3068435939001141
0.36549491127251615
0.42771103399192933
0.4929197776584373
0.5561246210164253
0.6213219471159137
0.6829238425331986
0.7429215574762703
0.8031655039035215
0.8567972664148062
0.9025817843160584
0.9440005097754497
0.9770242157517194
0.9972789059844441
1.0
1.0
0.008890238239989495
0.07312673177978986
0.13820578590668822
0.20110393874056995
0.2612313671167372
0.3239445138882665
0.38596602922207823
0.4455937741644331
0.5097512865133753
0.5705427423633626
0.6330207550922089
0.6911475514119282
0.751479590924877
0.8078003292894489
0.8581973199743437
0.9043583021570912
0.9421795099207922
0.9741684337623555
0.9968031530978663
1.0
1.0
0.009337119813855252
0.07913018896790705
0.1464814865423607
0.21154330875945437
0.27646099659313
0.3365040116926971
0.4014320241509262
0.4624581389701547
0.5226449207021147
0.5848048433981696
0.6442428609155364
0.7017130955320452
0.7569416826543891
0.8114264893413198
0.8600416739127796
0.9028710701808327
0.9402917562696558
0.9722241872145636
0.9927267647849671
1.0
1.0
0.01079451174569439
0.08493393530259563
0.15590744762574932
0.22324060460463419
0.29006224952021964
0.35225580916675525
0.4150074924302132
0.47608633221906427
0.5354239212441625
0.5957075004541361
0.6521730619979424
0.7070396027043734
0.7611799824487565
0.8104882215737657
0.8597828307632827
0.9003741095895132
0.9389945104753622
0.9660278250770561
0.9923916940614469
1.0
1.0
0.010170404952678402
0.08675414243073189
0.15813825883027782
0.23082875981557682
0.2983086183182341
0.3611233812730746
0.4253612029747912
0.485474863039182
0.5487554594427348
0.6031997593378269
0.6581328546635927
0.7116322881540428
0.7616586774561545
0.8110059130558865
0.8557840030074148
0.8951512478336454
0.9345760588870246
0.9596101526696714
0.9850731067939344
1.0
1.0
0.005893745621503018
0.08549677100740077
0.1620491065112373
0.2372459812987867
0.30422057538166614
0.3729234539903107
0.43428929652847015
0.4938835606552149
0.5537563266628966
0.6083651425176685
0.662023359351163
0.7138376567221518
0.7616003303537819
0.8075106311841281
0.8526503964950912
0.8915349990154678
0.9258584160436334
0.9544965325483447
0.9779076014266082
0.9969183629912435
1.0
0.004955238809974963
0.08761841978738752
0.1661822937635259
0.23992562836345874
0.3103390659159398
0.3762107603275613
0.43987623937879045
0.5010479389073731
0.5591329698275989
0.612799207191903
0.6640312363434347
0.7122510573493833
0.7572229297912918
0.802892411703013
0.8442277805306806
0.8826321262316752
0.9165241788084049
0.9450190856531331
0.9690544180575505
0.990666458929631
1.0
0.00022679798982414356
0.08583034310703794
0.16428509451428744
0.2400493574366469
0.3115257457780227
0.38118449359352874
0.4420256279302359
0.5010546362720523
0.5597172618348336
0.6114818790956695
0.6612915971323899
0.7112960963215836
0.7561711145794721
0.7972203625765655
0.8357833916537336
0.8733310334914106
0.9075007874790506
0.9360879718635069
0.9628993676622459
0.9844176257528321
1.0
0.0
0.08226853402999681
0.16388326288398736
0.2396940129092895
0.31468156121814006
0.3800630245799077
0.4462227082066393
0.5032154085035041
0.5590965998822012
0.6118607342397289
0.6612482745248298
0.7038853630603692
0.7479646617084045
0.790432694363396
0.8266291675417903
0.8636679326340574
0.897221930235522
0.9264560138975559
0.9524724324901116
0.9770476867371344
0.9952857062482348
0.0
0.07782456800332058
0.16175233471627753
0.24068195187976577
0.3139827693362514
0.3806116445211146
0.44447343546597307
0.5044141360641787
0.5576353946274846
0.6095286424710586
0.6574817243138044
0.7003063064331801
0.7427731524964322
0.7809788691752174
0.8179422026133556
0.853071159009048
0.8857933113443478
0.9141810952926376
0.9425214883460221
0.9700969407452574
0.9926691197426875
0.0
0.07755918956810877
0.16015712662302017
0.23939101323059064
0.31273204599136206
0.38056932080624833
0.4431138884206494
0.5024949935046799
0.5560969799029905
0.6057110471098445
0.6512153295628829
0.6942592318997908
0.7354661973867188
0.7727980603486855
0.8087930248707025
0.8426662558212068
0.8730900481499931
0.9034213099622743
0.9352885877014945
0.9632228426411394
0.990829050960191
0.0
0.07440647840994859
0.16030078675658954
0.2402222269137047
0.31357777552669447
0.3818610244510791
0.4443813222262386
0.5024970229345848
0.5553956836421209
0.6051821655681524
0.6511168042011859
0.6914117894580638
0.729944523180179
0.7648027486268595
0.7996887538194213
0.8340605383218908
0.8666134199587983
0.8999440156306122
0.926684536171822
0.9565416673833185
0.9860693548714184
0.0
0.07683626145721122
0.1628614005432909
0.24233735206759696
0.31608739851809253
0.38543987609671587
0.4469152508025758
0.5067556892081296
0.5576985744618345
0.6053413030157939
0.6477017980807817
0.6910750430502476
0.7285484982371089
0.7634207973367981
0.7970425038629627
0.827961122478821
0.8605960046227481
0.8922191902238382
0.9240201691296499
0.9541909105689128
0.9894003783455303
0.0
0.08190284616580756
0.16884150454858332
0.24842512959328
0.3244246717174847
0.39071806473080584
0.4519616593459487
0.5096714058151107
0.5614326847817155
0.608464527514214
0.6521028940190534
0.691199290153134
0.7273200034163765
0.7623221509215153
0.7947602609454617
0.8261730526211314
0.8581651956793419
0.8896003618283701
0.9224726376620415
0.9587493138316172
0.9921135564424625
0.0003342739889004438
0.09222840319900123
0.1781485130680508
0.25832389321028326
0.3316490850265592
0.4023214017998584
0.4617276173547505
0.518781136943196
0.5707530820269995
0.6159788079989867
0.6583333385969619
0.695746850435442
0.7315477467852843
0.7644820884714644
0.7982852593674757
0.8299055349259824
0.8601921259761234
0.8933894139918901
0.9266911314125569
0.9641019987572553
1.0
0.016593657521358718
0.10681660487413541
0.19180205448681004
0.27262030231934764
0.346973770216829
0.4154172546731929
0.4767159852232281
0.5330893342218135
0.5832691841425406
0.6295187569182572
0.6703713031073203
0.7072286385659476
0.743002982351862
0.7758535502967864
0.8046554187219658
0.836707583716078
0.8707254555903967
0.9035462491409938
0.9364255167097403
0.9763602843326533
1.0
