0.012259501042468493
0.08771061174689596
0.15967378234824303
0.2255093735867233
0.2876972245140211
0.34018193756787574
0.3869478076440665
0.4300277422208971
0.46372291864800275
0.4938431156982566
0.5188304134775966
0.5422069730803918
0.5672881443652604
0.590585655990579
0.6228237869001824
0.6558105929900212
0.6993015589817647
0.7514747487485242
0.8150272337580409
0.8885706937998258
0.9779417355897742
0.009852248337282203
0.08342783669523186
0.15106052300349207
0.21393581065462172
0.2736681186088561
0.3254799033055854
0.37069659617109985
0.41174315240678727
0.4471882134427896
0.47932184412918555
0.505724659546545
0.5343189995710073
0.5609814210244083
0.590047700988229
0.6231651873931474
0.6624760044205161
0.7088366686513476
0.7623282310331524
0.8257184219643474
0.9017151821731912
0.9912854885451172
0.005299043795075606
0.07360740731388007
0.13884045734440104
0.19919662107333141
0.2547779261579339
0.30488719895098054
0.35196906704266245
0.3924030050222821
0.4285117928873394
0.46195987823704693
0.4923222392373479
0.5205500143143335
0.550491929945552
0.5835477349631788
0.6211829803974162
0.660443210580405
0.7097543220267746
0.766494378831634
0.8335904022564427
0.9129579019765154
0.9991740526670622
0.0004937311007723901
0.06542636984330139
0.1254884394120303
0.1839779094430005
0.23806922360294142
0.2863261828290733
0.33101359876309533
0.3719963485439629
0.4084837713528573
0.4418280199493018
0.47534270538629897
0.507051210396452
0.5393825716343434
0.5745234711321351
0.6142241460331073
0.658887876747122
0.7122408763811185
0.7712031422864101
0.8393421386350748
0.9170552542990957
1.0
0.0
0.056592772044656
0.1128975988247686
0.16847792048269675
0.2206845175775604
0.26728479170742353
0.313051809722743
0.3525841591828609
0.38803648236112653
0.4245893579613298
0.45791700994992646
0.4936481659913271
0.528068008745789
0.5665634270269587
0.6077752855921984
0.6540696914946577
0.7086172338362978
0.7726992662550229
0.838983047527996
0.9183896147017714
1.0
0.0
0.049752130428414885
0.1015180762242948
0.15363161251467577
0.20307054968736848
0.25001432127102297
0.29314064142857
0.3333930703656424
0.3727976497485662
0.4103231554151884
0.44471663232522113
0.48240534010971914
0.5181587024885785
0.5609152423781025
0.6045128972646617
0.6529051228690522
0.7084880670054969
0.7702414536567934
0.8389245876598858
0.9163902989124667
1.0
0.0
0.042967158696850694
0.09469587934663587
0.14453470729440052
0.1902724632162395
0.23797616386237772
0.27973208776888675
0.3198947354905458
0.35911215496512594
0.3959969884018183
0.4334276328385357
0.47257102516142435
0.5127563077575066
0.5549310642613312
0.6007049906673188
0.6529660624459895
0.7089105789353187
0.7726461373335988
0.8411263880973014
0.9182809780852436
1.0
0.0
0.039813228899194
0.08541934268642062
0.1335239582568331
0.18153934324090504
0.22567272946267475
0.267816766408342
0.308388525427911
0.34910039335910675
0.38829581074712693
0.4277835719141092
0.46600688411502156
0.5112172194284734
0.5537066362562569
0.6018837182495895
0.6531986639525058
0.713433917573902
0.7759877063652071
0.8429695836561286
0.9165729478267175
0.9998425470384877
0.0
0.03801820163069132
0.08468289862917369
0.13058205056374905
0.17684693374338906
0.21914212159408036
0.2644875854608486
0.3061714797211176
0.34693561453928684
0.3878496985816217
0.4278261958658235
0.47049105892165355
0.5116364371510027
0.5574559276242572
0.6081098881152727
0.6616415796577599
0.7204002513756902
0.7812840350335195
0.8448082943623523
0.9198776040468203
0.9987610562144219
0.0
0.0393118156967188
0.08487939459308944
0.12891215497277833
0.1736294906608043
0.2197743141194023
0.26295990723918006
0.3075953789367737
0.3492954251033101
0.3907940592936384
0.4344754826563507
0.4787722366986137
0.5209529097953762
0.5688358121840409
0.6188804463301217
0.6700731368147381
0.7273507018037306
0.7884700538218135
0.8539774878772866
0.9236141857221629
0.9966459703327133
0.0
0.042152917289183536
0.08642724318569328
0.1316019540421357
0.1778848690572932
0.2254402067353657
0.2698926462162624
0.31422289880621435
0.3578676351522687
0.40355563501010494
0.44689136264940515
0.49072415033111055
0.5359344500302776
0.5849235233991129
0.6332018884230918
0.689720995227075
0.7415044092122729
0.7993315239082004
0.8611618469998625
0.9271610311542465
0.9937075604799748
6.113381192215245e-05
0.043709385666599966
0.09254334603075594
0.13765763314327037
0.1847233996448277
0.23350954841757174
0.2816488122534319
0.3276745598611917
0.3738473988335897
0.4192464635739833
0.4638696251298987
0.5111344023267325
0.5583262479556965
0.6051731764069802
0.6540484235589429
0.7039421171247628
0.7591144593786341
0.8147540748930517
0.87299386224548
0.9343981607960745
0.995063710980258
0.0034412025960639143
0.048950452016287685
0.09702581492024555
0.14519685763589207
0.1971426166263566
0.24591387933940623
0.29508117229822595
0.3460241702191773
0.3934155110861155
0.43972795962502875
0.4892141720952825
0.5364080338676716
0.5831735301912881
0.6308940004548959
0.6807043906377763
0.7294596550125393
0.7788655544009722
0.8324417770420283
0.8844645792560295
0.9402326372764132
0.9949558339628556
0.006603755213774108
0.05824090433259459
0.10579508367464077
0.15766564355645898
0.2111458154372641
0.26151003109613113
0.3166527594496676
0.3673273570400236
0.4191172321681204
0.469470088495553
0.517512310129622
0.5634880839088336
0.6119566306136919
0.6608157458265924
0.7104870910765049
0.756092061405234
0.8034892842077287
0.8529307750225668
0.9003855920148613
0.9484418895101592
0.9997866600445241
0.011435617692995882
0.06231308528595036
0.11452172063144031
0.17102764956083605
0.22658393192355666
0.2832545943435934
0.3401619637345569
0.39321246689937567
0.44817648450873876
0.49929340928166016
0.5505031079946622
0.6004554967487625
0.6483537213864062
0.6936212687847506
0.7393894677094655
0.7849234707456314
0.8304497279969625
0.8728995439329834
0.9138505078732961
0.9565385114309564
1.0
0.010424173300736469
0.06673990220017614
0.12682051113814935
0.18679657752512152
0.24807531156158194
0.3072426203279616
0.3659605680231691
0.4253555510125486
0.4793044160142192
0.5369045518216155
0.5889020225566926
0.6385550430095709
0.6863140772011542
0.7329080091951508
0.7760479548445651
0.8158235095445346
0.857451844268327
0.8964291231781778
0.9293767689945743
0.9679485945083528
1.0
0.010374158188090713
0.07145870942291133
0.13570110732114732
0.20222113276574083
0.2668551369676464
0.33094804801771593
0.3964223928672819
0.4565953591293916
0.5168860437110081
0.5730343376190555
0.6277224316006272
0.6781823545009186
0.7273366981960756
0.7706314487093618
0.8124518926484722
0.8512544583825332
0.8852990081636865
0.9175106473785288
0.9477324575427596
0.9763194540945795
1.0
0.007989435583587223
0.07659729639133764
0.14462281340042213
0.21572068444170356
0.28731136900216986
0.35739831852001197
0.42607122074440534
0.49081298006931484
0.554693089160176
0.6135407697912232
0.6666823984465623
0.721721100777521
0.7687231366931933
0.8112293644111712
0.8500485635844099
0.8837726019575426
0.9134795026213287
0.941961505010829
0.9665827868714143
0.9828318406622301
1.0
0.003822562724155074
0.07950306687458603
0.15361955566573285
0.22953215916846187
0.3070923371842928
0.3831111934990526
0.4566866487581828
0.5258024432996151
0.59299540624725
0.6536585420966892
0.7111798678995658
0.762194835887429
0.8094582057560351
0.8508913812672715
0.8855261314744078
0.9170560492793106
0.9419945505651532
0.9632566598688536
0.9790361582256025
0.9919799416830923
0.9994782236722419
0.0009667264109340592
0.08039392382364546
0.16263229254876557
0.24626783292296112
0.32866717232860293
0.40981379472220125
0.48602534865935654
0.5617438598573191
0.6308885076696125
0.6928366489424403
0.7518714241004512
0.804015027393683
0.8490053098915422
0.8882458760089725
0.9225960527791963
0.9480654594920457
0.9690475626846415
0.983422419483659
0.9935239270025387
0.998343142581767
0.9990122484923941
0.0
0.08212369551778176
0.1716022631555365
0.2596290488257348
0.3485058298276166
0.43385182335411376
0.5163480303121816
0.5939405979676095
0.6655957289596439
0.7319718133909038
0.7917763768660349
0.8431560469037398
0.8886268568683273
0.9265081072428624
0.9568510275885241
0.9783750823144826
0.9947458494066912
1.0
1.0
1.0
0.9967325932758917
