0.0
0.0
0.0
0.0
0.0
0.0
0.0012098181225342897
0.03053283052324729
0.06564970011946514
0.11209226533644351
0.16809738471496638
0.2339798081623139
0.30933782837378515
0.3924047546204137
0.478714063018189
0.5711368794242134
0.6649592680349049
0.7590593426733117
0.8503100413097886
0.9375105818687466
1.0
0.0
0.0
0.0
0.0
0.0
0.005223839902940619
0.02070379482532736
0.049250612981696196
0.0848203807278054
0.12863664807582065
0.1826669978071963
0.2451970354580994
0.3168948725793756
0.39456508416969394
0.48059766202798754
0.572652405415752
0.6656970704030705
0.7550416763660783
0.8472394125748598
0.9361030049346573
1.0
0.0
0.0
0.004400194139564453
0.0076516620092304255
0.017360725435838303
0.030022019326505556
0.048458279673352256
0.07230947110662117
0.10809576663732368
0.1482838470412256
0.20033698912786685
0.260658406783512
0.32796697815398385
0.406379690495846
0.4902664705893379
0.5755375674245622
0.6661788213655567
0.7577715868020217
0.8471107284960048
0.9342632697877551
1.0
0.0
0.009178811171575416
0.01883845683154671
0.03039756490716343
0.042750031523993925
0.05682645371951239
0.07773058654882523
0.1050322960567533
0.13686102790872196
0.17636910905455716
0.22751533293123027
0.28309291616678084
0.3491039712460341
0.4209337453980663
0.49808606715263176
0.5834523216186327
0.6720269213066906
0.7609955827168017
0.8488250391750757
0.9320772354467557
1.0
0.0
0.01868609683279807
0.03599568867575491
0.05211475705365781
0.07070249581461108
0.08979168329761159
0.11138431855913805
0.13821632708030174
0.16872994763387744
0.20957872828717994
0.2561198490826768
0.31188642353798013
0.37231286976677397
0.44128972151808077
0.5161720285845606
0.5961091918994299
0.6803369075021741
0.7640887264659677
0.84892618718162
0.932697085707111
1.0
0.0002551869188253705
0.02675845952050672
0.05488199879779069
0.07707736167735861
0.09983983856605314
0.12205617491018789
0.14686965155687942
0.17535814472219055
0.2091184628159485
0.24779313325407515
0.29229932988118545
0.3439628900470733
0.4033878183022033
0.4685065546517074
0.537949557104126
0.614212389694011
0.6932507300164594
0.7738826027796161
0.8536096519125241
0.9332631682106034
1.0
0.0
0.03901955131611249
0.07212931611396219
0.10432363580264684
0.13233090554850596
0.15864396816494092
0.18813044511591487
0.21678588143544447
0.2524408138200652
0.2901119997181125
0.335989096751948
0.38314967880395323
0.44048609727486343
0.5001669138130845
0.5658250049577958
0.6359814721744856
0.7112118640945176
0.7878144511454972
0.8601704815585909
0.9365664564726608
1.0
0.0
0.04926157689952738
0.09239160721895742
0.1306816029662416
0.16258369023065455
0.19703687237991774
0.23161441816863312
0.26485827492383357
0.3013163554581182
0.3382547878249468
0.3813370331554324
0.4282488381567938
0.48069311826794386
0.5385597789793737
0.6005780880508285
0.6658289829042101
0.7328428820072568
0.8002595637544808
0.8721170662333709
0.9368805395338542
1.0
0.0003268590186554835
0.05953043288844888
0.11289261094682318
0.15757805903723415
0.20025873273307945
0.24024536378257527
0.2778864607946885
0.31282595044453404
0.35077331932986716
0.39001422952749215
0.432691774621921
0.4781363386947667
0.5270391203144416
0.5792857125593338
0.6377488142330674
0.6969974670329488
0.7585053544081513
0.8222054775349092
0.8820776768020268
0.945043756831798
0.9993278292468183
0.0005353727002523115
0.06999701455281576
0.13354375810660735
0.188043002326502
0.2363618897025813
0.28275899140916
0.32530942806718094
0.3655591673423091
0.40593636670753797
0.4458634246960303
0.48910566398222777
0.5315470691339383
0.5776016638748743
0.6277546432796562
0.6785330092376112
0.7325331920424183
0.7865156435960498
0.8434483795771659
0.8999671551274969
0.9505269151293843
0.9970327094245234
0.001506447422050122
0.08138879780528714
0.1537299542875222
0.21679631625913967
0.2754597534071685
0.3265273400302438
0.3737777494211131
0.4200387338398558
0.4620799645364577
0.5051265181168758
0.5475911293877161
0.5872619818199168
0.633381565492691
0.6790608415570053
0.7246605003319171
0.7718821152113156
0.8211505307464236
0.8697588971469027
0.9158475211764244
0.9601444616539192
0.9988854174472108
0.00427981093661045
0.09334170042284246
0.17257270855592283
0.24868596886497968
0.3129904716222239
0.37318239603420783
0.42547441436890343
0.4744912997476193
0.5215219112702817
0.5641587547189111
0.6057885477140376
0.6479700338437084
0.6885423571139687
0.7302984848473408
0.7707621343132208
0.8151798615955155
0.8561855966252344
0.8973386140319066
0.9335086329455027
0.9688512437293119
0.999980643974679
0.00784906774063535
0.10541318723820717
0.19803722224311424
0.27841590813764017
0.3511857065889538
0.41672859770795734
0.47683400634611284
0.528343515932346
0.5811108588433433
0.6249098872930214
0.67025048759281
0.7079082292645407
0.7481741789135534
0.7860531620151491
0.8226555329122235
0.8598709479466561
0.8934117150180384
0.925813096273712
0.9543001897761839
0.9821287367400461
1.0
0.010376254327491357
0.1176555317196746
0.21609969773033216
0.3070675137860669
0.38810665970388325
0.46058594157256494
0.5268203674255946
0.5834734204237952
0.6378305035871619
0.6860324013904028
0.7314513387217587
0.7688219929950691
0.8071221356321389
0.8418952533314787
0.8727217368574467
0.9030675515416888
0.9301570949580804
0.9553800893189253
0.9785813482411767
0.9932351468232201
1.0
0.012796876484739234
0.13142816425104464
0.23607967420893816
0.33397180077910815
0.4230855509360226
0.5028663254354994
0.5723003167600675
0.6374814848697374
0.6951377886757086
0.7461486202474116
0.7908788882152027
0.8296897648553836
0.8660178983564921
0.8973200132753558
0.925330083084438
0.9491923742229544
0.9691721488142547
0.9867362710040158
0.9970860914110702
1.0
1.0
0.01464101487700055
0.13931598893625197
0.25432777413952046
0.35973530190295466
0.4555396071221922
0.5409487529193249
0.620850123289469
0.6888037630154922
0.7483177082143422
0.8037817702440236
0.8521514723581667
0.8881138026327029
0.9241064041223043
0.9521173321212341
0.9759614482293407
0.9933845485772996
1.0
1.0
1.0
1.0
1.0
0.01522035946011148
0.14792033611452432
0.2736053752081443
0.3831043585078725
0.48595741175453805
0.5806046443582371
0.6621303582460556
0.7372605514082995
0.8010474708115092
0.8574675200072983
0.9042556967920019
0.942716842551214
0.9779469068430492
1.0
1.0
1.0
1.0
1.0
1.0
1.0
1.0
0.015112592482794767
0.1548034463077836
0.28343399275743586
0.40423066489364895
0.514895872070706
0.6123294202910712
0.7008609195574618
0.7818001325456796
0.8469116331155946
0.904444615550644
0.9545786765860482
0.9958621877396354
1.0
1.0
1.0
1.0
1.0
1.0
1.0
1.0
1.0
0.012470596470367525
0.15771066458997993
0.2953870066159441
0.4205176259152534
0.5371339560583439
0.6420260056529898
0.7355331023930929
0.8190474048182861
0.8887809521576018
0.9492842531274847
1.0
1.0
1.0
1.0
1.0
1.0
1.0
1.0
1.0
1.0
1.0
0.008147693372435948
0.1580877048200613
0.30167693670423823
0.43344666699579815
0.5551614958025025
0.664720258378731
0.7642258636707224
0.8501555730107838
0.9251876602674872
0.988205114430368
1.0
1.0
1.0
1.0
1.0
1.0
1.0
1.0
1.0
1.0
1.0
0.0014068445210049954
0.15803164240420736
0.30466146900761354
0.44141414545909313
0.567647395728966
0.6828985220819159
0.7848982652851733
0.8775227499163968
0.9556978280402328
1.0
1.0
1.0
1.0
1.0
1.0
1.0
1.0
1.0
1.0
1.0
0.9918252845035832
