0.0
0.0741047359981187
0.157626097632125
0.2378890877967445
0.31629463873986996
0.3932748404816187
0.4641486294045726
0.5295420410005296
0.5863924090353583
0.6391804124363979
0.6873314235845558
0.7263935938062279
0.7622385071802792
0.7957373232601115
0.8241530639815247
0.8518441264703345
0.8784209673907863
0.9086339440639544
0.944842967684685
0.9838117404063403
1.0
0.0
0.07685220047693173
0.15999621265154676
0.24321215560616438
0.32294012530472566
0.3983281230384632
0.4657843939971204
0.5331506844213478
0.5918677578430807
0.6445602925459366
0.6902085313793582
0.7327287363906588
0.7672737455530723
0.7982705332493967
0.8279827061686803
0.8559984562752266
0.881467748152393
0.9123890561444589
0.9457033875765186
0.9808352694423355
1.0
0.0
0.07851631028491962
0.16359909054182287
0.24424829639522472
0.3246081237898553
0.39999140242486353
0.47109541642765684
0.5361809587490425
0.5945318537381004
0.6482279245619935
0.6923222421320911
0.734890949952595
0.7699371774186561
0.8036623125613175
0.829880588383568
0.8584170032579694
0.8855714465056215
0.9136954538724682
0.9434644884813562
0.979828780102334
1.0
0.0
0.0783757753177985
0.16373923982659938
0.24738533260732892
0.32698501116133155
0.4039950692359646
0.47273256954523957
0.5390720374784874
0.5956585926876367
0.6500764178545528
0.6932670026828415
0.737500809015187
0.773431711829931
0.8055183366737314
0.8357694151577914
0.8614711529096585
0.8876005436788411
0.9138617687104711
0.9450755018782273
0.9752186585340359
1.0
0.0
0.0803238512874227
0.16571117962390913
0.24967949043448015
0.33108469359795334
0.40406264360030186
0.47522663655654857
0.5392979854070197
0.598526982189801
0.6525112193854816
0.6982012157006163
0.738799886794294
0.7774953889584043
0.8100535347075999
0.8376546943823551
0.8643264382063374
0.8914065972579553
0.9179860791340769
0.9445753215616319
0.9738095741420885
1.0
0.0
0.08113487024867291
0.1691126791212611
0.25030790766977495
0.329610710779774
0.4048432747676891
0.47583366926574727
0.5413996183303023
0.6008462415039518
0.6525769730877724
0.7008426138169921
0.7424172286210854
0.7804213568726824
0.8117585741405119
0.8423469219974115
0.8700941685291883
0.8945393597764421
0.9201461692139408
0.9447283145262954
0.9745243833894803
1.0
0.0
0.08547763253243137
0.17070116133080077
0.25375370453251583
0.33183857282064216
0.40793964797353294
0.4762653426853036
0.5411827832175334
0.6006761623324575
0.655551327772314
0.7010822653551728
0.7453873850810911
0.7818646594800686
0.814047964278253
0.8466118930207667
0.8729239053025264
0.8991612893243475
0.9231023231005145
0.9485305489902306
0.9737712000129085
1.0
0.0019841283671723432
0.08736698773163987
0.17266308465262364
0.25542498210994874
0.3321507232359445
0.40968277852655816
0.4767097837570097
0.5426203951615614
0.6018259337805211
0.6554396172547551
0.7029327923458067
0.748057939087141
0.7867093708122063
0.8196841064317815
0.8512127597694122
0.8785313692465317
0.9048331370613864
0.9280652635324624
0.9503042906786364
0.9740449940623509
0.9996926910014412
0.0030432306476558296
0.09065534041831405
0.17468055756065615
0.25487891610682994
0.33217161040275395
0.40680438113588446
0.47541505674069473
0.5409340729111384
0.6001724955693526
0.6557499333177624
0.7038578764060324
0.7501780924071763
0.7869135885941716
0.8247178441417009
0.8544109058912268
0.882869349977682
0.9082750628355836
0.931470771216694
0.9559091702699765
0.9762547637692075
0.9992211311933429
0.007437840977612116
0.0893694976440026
0.1734244022531366
0.2534562329884462
0.33200715877431897
0.4026885887709857
0.4736940888938539
0.5380273107912471
0.5980895574855873
0.654272544183691
0.7005709653590719
0.749849435448938
0.7921222688627666
0.8263238395978221
0.858458725845371
0.8897655557569875
0.9132339531346608
0.936197758132994
0.9568021415584144
0.9769996706384544
0.9974234424138102
0.007716211237622163
0.09397448504386013
0.1746393799159229
0.25151967494911964
0.32946886202100145
0.40082861274752274
0.4700491232921046
0.532206829298095
0.593936955129519
0.6498940539264622
0.7012101614792257
0.7472081258914974
0.7895035751982279
0.8247912080277512
0.8593509241997678
0.8919242646133348
0.9167325684964794
0.9399837999983572
0.9615637131519459
0.9787166950670626
1.0
0.010437661898718148
0.09144575856089371
0.17089340017988092
0.24969382657466235
0.32362284249770334
0.39488739355774727
0.46369593031886847
0.5274547289383101
0.5880644837599341
0.6449895408451587
0.696347218454974
0.7448844389448179
0.7864310279373602
0.8267136025162741
0.8595313001080825
0.889016721735176
0.9177978475565924
0.9409511131897771
0.9620158178431161
0.9790374946722091
0.9983233251754589
0.011727526622929384
0.09072452389210564
0.16711812243645757
0.24406321710645457
0.3162583288165025
0.38586851526690136
0.45295255738566553
0.5185224295327833
0.5795248739121203
0.6346325821630243
0.6873672217806125
0.7376039300344788
0.7783236482633425
0.8186161971343914
0.855881958451725
0.88803482482298
0.9173664199984601
0.9428960512309206
0.9605753681299214
0.9824431108193844
0.9992951385483108
0.010302311492160241
0.08787469666804708
0.1609578922041116
0.23405814536067648
0.3060924541293073
0.37504777725822513
0.4416620501892687
0.5038989938323241
0.5672854456025549
0.6210382563075652
0.6765048437430154
0.7267389347196545
0.7709273018861189
0.8123513381400604
0.8494990116778843
0.8809418809456245
0.9113941926113103
0.9384386148801444
0.9598582234845187
0.9793292753938659
0.9971202863795348
0.00707669044692468
0.08217427343568756
0.1537388125491457
0.22621111332011828
0.29360659372715386
0.36057285818658813
0.42814218482711947
0.4877527385808567
0.5517169828363724
0.6055221803282357
0.6599763014708161
0.7101438475058671
0.7577762756394781
0.8000831091859996
0.8398777690074732
0.8739270860550165
0.9048977567700578
0.9338958439488345
0.9564108603543475
0.9781066623149052
0.9954764378931754
0.0073329553239832555
0.07977003121746487
0.14700400038150885
0.21475807189354906
0.2809914501857223
0.3467717839168459
0.40824022675391436
0.4679978705000841
0.5299720278020112
0.5873427652273354
0.6421002658958596
0.6929613038917364
0.7401305052465896
0.7836688105253699
0.8236962098781091
0.8624288702647198
0.8953872035752974
0.9246097666555485
0.952330292929047
0.9735827291696285
0.9924423913453694
0.004722112559898507
0.07273290415161782
0.13641912159319186
0.19931329095933437
0.26293036540916653
0.3270124684964163
0.38957238911760594
0.44908753059259826
0.5080812729963451
0.5635620792384667
0.6189446976895298
0.6703989653794169
0.7207251352253301
0.7661028777033806
0.8066668904362262
0.8455156863918146
0.8825031082084429
0.9149199957730151
0.9417457529792781
0.9694320273741476
0.9920627603558383
0.0037610032834040144
0.0667501078860441
0.12570431181718625
0.18828517563061536
0.2483490308900984
0.3062045958584472
0.36694980402553506
0.42551453555322993
0.48231111468052623
0.5378767209301263
0.5924098250051711
0.6447909178546657
0.695215434721354
0.7433320549018817
0.7864152635359689
0.8263901062374108
0.8653263935946102
0.9026728474173338
0.9344664185968943
0.964550060855429
0.9907069747106279
0.004377328450230892
0.05995534867579617
0.11805790910490402
0.17622358905421168
0.23032633372465994
0.28618686588931547
0.34223674632550793
0.4012010305272516
0.45579282737901483
0.5106127583286253
0.564986125492916
0.6173324932998235
0.6670677492069893
0.7183237273522779
0.7651187794204215
0.8068146850266649
0.8483690382921335
0.888142584891985
0.9226393957183953
0.9568796336129429
0.9893847215495638
0.008504108006416137
0.06030751275531815
0.11328747077337545
0.16372417448478443
0.21759050245819378
0.2668590974170546
0.3233623779079581
0.3752521572918637
0.42705596002213236
0.4781834907195044
0.533124576628882
0.5846810081225806
0.6386906798641225
0.6875616098045451
0.7362496017185655
0.7836173248633908
0.8277887686694441
0.8713404081044456
0.912446526637842
0.9514855262490443
0.9888232666499762
0.01646219522431614
0.060077272599772226
0.10703614814147605
0.1556863613839461
0.2021292143047858
0.25031480268233236
0.29983728284290206
0.34874727192378774
0.4006850088916447
0.44908254539301456
0.5027620581246434
0.5541632501792985
0.6067574978214028
0.6569219882844308
0.709001976341905
0.7574171957732222
0.8071350515854702
0.8553628223093442
0.901269682904874
0.9436500540562904
0.9872192462462692
