0.0
0.13266378192797293
0.28655011817874054
0.4219714713235733
0.5502083335545003
0.6601705247696888
0.7542502824226351
0.8346155005803404
0.9013469828870095
0.9517739125314801
0.9900107514759905
1.0
1.0
1.0
1.0
1.0
1.0
1.0
1.0
0.9967759252860585
0.9880105702879426
0.0
0.142488527177502
0.2879229887435049
0.42615867211847713
0.5482120861199381
0.6560393691752237
0.748297693517452
0.8277183840426131
0.8907802255068613
0.9391870436387733
0.9793866661420824
1.0
1.0
1.0
1.0
1.0
1.0
1.0
1.0
0.9974713433561992
0.9946859950193624
0.0
0.1471448301287176
0.2908117461905999
0.4236692513519127
0.5439942052855942
0.6521546522692814
0.7409965720002788
0.8172762986196316
0.8801816655633871
0.9286239441939169
0.9654639421887732
0.989703383869446
1.0
1.0
1.0
1.0
1.0
1.0
1.0
0.9963811779786259
0.9979333359169075
0.0
0.14947084537606176
0.29244545833129304
0.42303000288743947
0.5396725405570764
0.6433943852179033
0.7340505066116252
0.8079332307786329
0.8692493026441572
0.9188626310271105
0.9520626134456485
0.9784965840498626
0.9955671686905554
1.0
1.0
1.0
1.0
1.0
0.9979706103085613
0.9989812547194874
0.9994399432368583
0.0013567321631368688
0.15193697475065177
0.29198746661782093
0.41926136550775156
0.5362752559893258
0.6369101402671206
0.7254809706519834
0.7986825814109106
0.8608453639802128
0.9068565125127576
0.9424786823614227
0.9682278060970673
0.984117728416303
0.9934936396790177
0.9975366123291309
0.9969881801562746
0.9976334721016756
0.9950767881460693
0.9963646053259041
0.9998358109474794
1.0
0.004529422887708721
0.15358536254347205
0.29094631543090965
0.4179517359432486
0.5329559719460566
0.6316438095073462
0.7188769056359037
0.7934616687500938
0.8518092839705378
0.9001902556698349
0.9359692086585873
0.9599481178448521
0.9756615200449223
0.9858183450401803
0.9920213430806905
0.9919842102413197
0.9910281849999127
0.9932528578653217
0.9925226302556849
0.9976129643643411
1.0
0.006202404442198555
0.1521990239411643
0.2909592601980814
0.41649147225246747
0.5300970514842063
0.6303173414902129
0.7166226252859915
0.7899167343166238
0.8464767724275613
0.8961747051025186
0.9292248185351386
0.955255742134899
0.9719800222473031
0.9817635440468787
0.9874571547787917
0.987951857132991
0.9884489961031645
0.9904196344705574
0.9905279234182554
0.9964955709078216
1.0
0.0054961673314365194
0.1521483080498205
0.28768245007916404
0.41622988805735167
0.5309930771415574
0.6288015694064153
0.7149769943940325
0.7896498230077253
0.8498086503618577
0.8942030419366099
0.9295266873788001
0.9554941785063242
0.9716238020931185
0.9809213596965131
0.9875791857447456
0.9902261746733867
0.9889765552783134
0.9893927593381524
0.9913000172084566
0.9962157263183087
1.0
0.0033564035440210374
0.1521261003783292
0.2919377248167917
0.4182453896063443
0.531841609985702
0.6331258797560377
0.7189091854807172
0.7914017194556651
0.8482971031158393
0.9006141764922924
0.9341012607392589
0.956945438844835
0.9732407780813483
0.9849412785613116
0.9905072855255755
0.9929442245507747
0.9936197423338551
0.9923351482259568
0.993247592732691
0.9996876120341169
1.0
0.004207126962481779
0.1509472346077086
0.29157433940314237
0.4204139939813776
0.5360819507692942
0.6393222222274302
0.7257194205116189
0.8011181159921366
0.8602559230012129
0.9081719032294575
0.9434568851982383
0.9702679469028632
0.983022415687715
0.9929723745949224
0.9991651104146466
0.9985102205444865
0.9996701539266573
0.9972455647352405
0.9962638303618709
0.9986511996762776
1.0
0.0011829097684820425
0.15455775427648863
0.29528704267590233
0.4271711087583175
0.5454739099699533
0.6479467903648176
0.7374147217556144
0.8120493602899358
0.8722309371383773
0.9230996890521488
0.9572076443654419
0.9832701693650863
1.0
1.0
1.0
1.0
1.0
1.0
1.0
1.0
1.0
0.0012442520092974963
0.15514482906366017
0.3011501445169214
0.43355683439828036
0.5535900280917707
0.6622574566829592
0.7522893612014994
0.8302111687891123
0.8915314749705799
0.9422034726029682
0.9785637069895985
1.0
1.0
1.0
1.0
1.0
1.0
1.0
1.0
1.0
1.0
0.0
0.15696180862322692
0.3070790265191415
0.4432266030045823
0.5662670748015175
0.6770450141708331
0.7700853075226087
0.8494885992048601
0.9153282060223534
0.9668293320657417
1.0
1.0
1.0
1.0
1.0
1.0
1.0
1.0
1.0
1.0
1.0
0.0
0.1615904018580005
0.3145574934744041
0.45397380857464326
0.5825665739339272
0.6950657525086863
0.7897827120867443
0.8739025647077863
0.9404293437784579
0.99244482496594
1.0
1.0
1.0
1.0
1.0
1.0
1.0
1.0
1.0
1.0
1.0
0.0
0.16633135726034384
0.3224120850981953
0.4676312859264006
0.5996598771478807
0.717235549964879
0.815287252448445
0.9018849621462879
0.9692576068895759
1.0
1.0
1.0
1.0
1.0
1.0
1.0
1.0
1.0
1.0
1.0
1.0
0.0003078850004866649
0.17122371640963546
0.33182143745242665
0.4826561127524785
0.616641433956852
0.7381021641490068
0.8421937207843353
0.9309851613883289
1.0
1.0
1.0
1.0
1.0
1.0
1.0
1.0
1.0
1.0
1.0
1.0
1.0
0.001844309467799273
0.1754418764067004
0.34092717327526023
0.4966641482789832
0.634401124102761
0.760656656963318
0.8692728891977389
0.9606752268539727
1.0
1.0
1.0
1.0
1.0
1.0
1.0
1.0
1.0
1.0
1.0
1.0
0.998327593456667
0.0013435645406626943
0.18234981812822282
0.35286902509944523
0.5102059406685246
0.6544067957221622
0.7858743266059891
0.8966958287488773
0.990421914392313
1.0
1.0
1.0
1.0
1.0
1.0
1.0
1.0
1.0
1.0
1.0
1.0
0.9988218446807836
0.003071572434100096
0.18989522649490137
0.3630753037776437
0.5271017012949037
0.6742427101278246
0.8080047524871952
0.9224436309965865
1.0
1.0
1.0
1.0
1.0
1.0
1.0
1.0
1.0
1.0
1.0
1.0
1.0
1.0
0.007627067153867993
0.19528707609933155
0.3730129326805239
0.5410372969831091
0.693502052575564
0.8304313437022144
0.9495738395168478
1.0
1.0
1.0
1.0
1.0
1.0
1.0
1.0
1.0
1.0
1.0
1.0
1.0
1.0
0.009694860029838649
0.20001077961767047
0.38318201559200504
0.5537608872165316
0.7099831500914853
0.8512204671306968
0.9747072909688502
1.0
1.0
1.0
1.0
1.0
1.0
1.0
1.0
1.0
1.0
1.0
1.0
1.0
1.0
