0.008273825743904664
0.0
0.0
0.0
0.0
0.0
0.0
0.0
0.007850159450862315
0.07661846095484542
0.15447061935543283
0.2425729303574809
0.33193622299926595
0.42855164720763356
0.5240866585904116
0.6177650461368276
0.7092595298074535
0.7948268623110061
0.8744303788234306
0.9448311461548017
1.0
0.0020161165149435592
0.0
0.0
0.0
0.0
0.0
0.0
0.0
0.0049580025238958325
0.07503746792881794
0.1526696856953053
0.23750228712107285
0.32775427842678473
0.4231142565287977
0.5186522945081401
0.6149413032824297
0.7057328501143035
0.7926005235206239
0.8706846466219934
0.9420389709787752
1.0
0.0
0.0
0.0
0.0
0.0
0.0
0.0
0.0
0.002227534655186436
0.06649373815809156
0.14547240333354516
0.23205301720983013
0.32321697202377825
0.41631649766462625
0.514322048445072
0.6108135441059462
0.7022111924932759
0.7894251095998159
0.8678589482744065
0.9403600334915302
1.0
0.0
0.0
0.0
0.0
0.0
0.0
0.0
0.0
0.0
0.06548437370676385
0.1429858682358685
0.22734290492996817
0.3171015456512883
0.41219842532487605
0.5076617185846313
0.6071104576889588
0.6986294566154114
0.7860134915889595
0.8645556021557417
0.9365200969102537
0.9987214007490213
0.0
0.0
0.0
0.0
0.0
0.0
0.0
0.0
0.0
0.06366845001053006
0.13935457688769004
0.2268229618995215
0.314661351105311
0.41027633582372824
0.5075181157111399
0.6012980575957707
0.6948154754557695
0.7826949676813219
0.8638316560913728
0.9358025886573682
0.9971554665484078
0.0
0.0
0.0
0.0
0.0
0.0
0.0
0.0
0.0
0.06525658006556895
0.13956176962144307
0.22681464843636157
0.31467130658861886
0.40965294352222476
0.505464823369133
0.601108895362114
0.6917813728495867
0.7801534400285033
0.8596632541153343
0.9342026520350798
0.9966524741897347
0.0
0.0
0.0
0.0
0.0
0.0
0.0
0.0
0.0024584816860859227
0.06771140099985151
0.14596610054107145
0.22862435837351525
0.31760026294298305
0.4104136782392597
0.5048182706314148
0.6026060013626873
0.6922173274534891
0.7786978718646489
0.8596208947057071
0.9336697095493539
0.9947986247411511
0.0
0.0
0.0
0.0
0.0
0.0
0.0
0.0
0.011753886315820417
0.07719165430735775
0.15307233347429916
0.23509541480968982
0.325055613257539
0.4167467381269608
0.5117174494589187
0.6032126673109008
0.6955876417109189
0.7834448500025422
0.8615137479939416
0.9331524352357268
0.9952299582117723
0.0
0.0
0.0
0.0
0.0
0.0
0.0
0.0
0.026031248057336198
0.09152129361070988
0.165377777055015
0.24876233277612458
0.33292622236627845
0.42645637503669936
0.5204694170159351
0.6121213811314954
0.6999351584262126
0.7863154313918645
0.8643122560378572
0.933645251866901
0.9949360898470654
0.0
0.0
0.0
0.0
0.0
0.0
0.0
0.0
0.04199782821283532
0.10788106632330585
0.18265724351335927
0.26593484752440893
0.35144403849940975
0.44014440242959685
0.5320917614705222
0.6223068618328398
0.7102291016190584
0.7935948164034191
0.8683735613106913
0.9390636446115347
0.9967645294000232
0.0
0.0
0.0
0.0
0.0
0.0
0.0
0.01001468393183197
0.06437384216092434
0.1317874906207021
0.20528858241571074
0.28623368469450144
0.370004719540551
0.4575754748334819
0.5473837655880387
0.6359912668947287
0.7199572294928589
0.8002227279295714
0.8771976109222633
0.9381941658253684
0.9930059111567349
0.0029456573850871436
0.0
0.0
0.0
0.0
0.0
0.0
0.036708373899696445
0.0909578699949905
0.15809024155832196
0.23142564884177136
0.30988094842397523
0.39287895764068237
0.4805283081978491
0.5660788098494753
0.6529269989126948
0.7325928523998713
0.811939531981008
0.8824204478582727
0.9443260290447476
0.9952031297357369
0.006685296967327831
0.0
0.0
0.0
0.0
0.0
0.020561257905691355
0.06896282743268028
0.1229141728799164
0.1877734530700761
0.26233853308076116
0.33928635192855955
0.4220354181462762
0.5072130655517184
0.5903941044638066
0.673358020489022
0.7535409070745652
0.8257963516572635
0.8900403417231262
0.9483928618392773
0.9962346945527811
0.011346022186011512
0.0
0.0
0.0
0.0
0.015797408091298037
0.051727834255838656
0.10111299349253627
0.15906320061643903
0.22344233520601092
0.29574342581520835
0.37358018666456194
0.4535130150766206
0.5372979851752278
0.6201322391285244
0.6956195566455449
0.7726310916913994
0.8411966663657467
0.9016545431877797
0.9539648204771121
0.996397489246132
0.012440099151885688
0.0
0.0
0.0
0.013094986393424213
0.04242273328728008
0.08532517961021599
0.13391711548646779
0.19475346734981253
0.26208476967957994
0.3350846286339205
0.41020198113214246
0.49185342073744454
0.5684100236658096
0.646525578061854
0.7235946729581477
0.7917219012437393
0.8565331682773167
0.9124816678234656
0.9563666671443366
0.9944545097372223
0.011385645923348967
0.0003712223178921545
0.004073119268538039
0.01682044053695947
0.03941114636629314
0.07469986315893251
0.11908622540271815
0.17154707907512204
0.23524164907302125
0.3016024184005743
0.37502485943818636
0.4495648506187488
0.5282806855664136
0.6057571408913863
0.6800784203789395
0.7501652765351793
0.8180870825714242
0.8741862449599567
0.9232324495786532
0.9647107117649317
0.9955504594121923
0.007263798589000038
0.008866111780688697
0.018309456203318836
0.03634188268681082
0.0664225722079621
0.10845403732067443
0.154003157924678
0.212115566302122
0.27396868077540515
0.3440736506281291
0.4187706647728148
0.4947447846724874
0.5681964135139059
0.6437265887720944
0.7158941465409688
0.7830640463966417
0.844293615248675
0.8963067888575473
0.9378495402778608
0.9734032496546595
0.9938266416575301
0.004388793668635777
0.013097309246641126
0.028784344233819703
0.058064892428033255
0.09449659461608309
0.1386856537862011
0.1904084044474952
0.2552951571446497
0.3189904626137915
0.3882397394972667
0.4636535390660962
0.5387451189348917
0.6133076046056724
0.6857646042570014
0.7523838874461518
0.8147645873643778
0.8697913732049789
0.9166356459379665
0.9532725800633728
0.9797674830213741
0.9975701560924662
0.0
0.014509098405886281
0.04204573551469898
0.07722089606066271
0.12215895177192637
0.17420563970138614
0.23307516045932
0.2970938167951441
0.36670339074747754
0.4360850206486954
0.5103396603943778
0.5859184387134023
0.6598739107874948
0.7291898612966181
0.7917289347520009
0.8509416422125132
0.9002579965612475
0.9413389538651983
0.9700874995369387
0.9886017264509609
0.9965935266214618
0.0
0.01704793822433661
0.051188569484284685
0.09665153467976265
0.14757620327866083
0.2075731733824364
0.2709324294562258
0.3388056271738278
0.41396203618363114
0.48816480930249273
0.5627835139274188
0.6366178869955684
0.7075005134111209
0.7746770364019226
0.8337964762911796
0.8897792164467759
0.9338011981829335
0.9676310636678351
0.9883957067170869
1.0
1.0
0.0
0.019945956907457013
0.06817618218474165
0.11847787101459155
0.1784070445160421
0.24497077069052942
0.31190598075067727
0.38774433979687356
0.4638940924482616
0.5407674066315534
0.615780606777304
0.6902279940554154
0.7587524233597849
0.8260922144093388
0.8823686998686324
0.9312652962282352
0.9685876162758323
0.9967666272251089
1.0
1.0
1.0
