0.006301916519905373
0.0
0.0
0.0
0.0
0.0
0.0
0.0
0.0
0.0
0.019470323331294948
0.09317153916927745
0.1774607019784188
0.2711101191292243
0.36874335100360767
0.47350689413206287
0.5788457513815211
0.6860798743503609
0.7867838667603186
0.8848037929114984
0.972192257551086
0.004616878860471345
0.0
0.0
0.0
0.0
0.0
0.0
0.0
0.0
0.0
0.0
0.035574489166453005
0.12229833070454277
0.2220831312696787
0.3271469096854789
0.4394779715765224
0.5552874225996415
0.6690331745435737
0.7810825502808819
0.8881664616739094
0.9877899172477594
0.0016598235273346683
0.0
0.0
0.0
0.0
0.0
0.0
0.0
0.0
0.0
0.0
0.0
0.06703572373441868
0.17193915819937688
0.2846553696834874
0.40355095179739053
0.5247435694385838
0.6485615847117715
0.7714257942771107
0.8859795105594336
0.9972553692279733
0.0007529563945659181
0.0
0.0
0.0
0.0
0.0
0.0
0.0
0.0
0.0
0.0
0.0
0.014799274757805847
0.1224935658914752
0.2401948436702802
0.3637047091347164
0.49597314566162937
0.6242189198265826
0.7560585507333182
0.8833580790524336
1.0
0.0
0.0
0.0
0.0
0.0
0.0
0.0
0.0
0.0
0.0
0.0
0.0
0.0
0.07308521849285976
0.19600685217640812
0.32803112359774733
0.46300597456467235
0.6018996391905406
0.7414721180299562
0.8762314867455846
1.0
0.0
0.0
0.0
0.0
0.0
0.0
0.0
0.0
0.0
0.0
0.0
0.0
0.0
0.028547331699082523
0.15448725794834517
0.2900104735386533
0.4349018370031497
0.5777735373639658
0.7224553926924554
0.8659173626674451
1.0
0.0032862518847691057
0.0
0.0
0.0
0.0
0.0
0.0
0.0
0.0
0.0
0.0
0.0
0.0
0.0
0.11891360688208186
0.25888583948386856
0.404609267826155
0.5583472748918918
0.7089893438939641
0.8580589085294816
1.0
0.0027771928315693446
0.0
0.0
0.0
0.0
0.0
0.0
0.0
0.0
0.0
0.0
0.0
0.0
0.0
0.0834880025065532
0.22877000824403326
0.380702102710648
0.535972116231335
0.6943665831735566
0.8490065282756134
0.9970282523696017
0.004489309091872399
0.0
0.0
0.0
0.0
0.0
0.0
0.0
0.0
0.0
0.0
0.0
0.0
0.0
0.06119277072237972
0.2085977963693093
0.3591028073110133
0.5207443609837611
0.6806852073059857
0.8408717049839611
0.9947121531722138
0.004541756136391392
0.0
0.0
0.0
0.0
0.0
0.0
0.0
0.0
0.0
0.0
0.0
0.0
0.0
0.04192229669194669
0.18996073362715504
0.34676464118016925
0.5107315297402099
0.6706923216111427
0.8337096592846172
0.9915387699911329
0.0006956055482564387
0.0
0.0
0.0
0.0
0.0
0.0
0.0
0.0
0.0
0.0
0.0
0.0
0.0
0.03337734161646411
0.17890512332231379
0.34081920597819404
0.5028705687838945
0.6671640899906077
0.8318423001394727
0.9897147105725566
0.00029284447734075156
0.0
0.0
0.0
0.0
0.0
0.0
0.0
0.0
0.0
0.0
0.0
0.0
0.0
0.03134174274474033
0.17999048964256814
0.3386911431909708
0.5044092090350106
0.6670001173670213
0.8296047247757401
0.9896953109322013
0.0
0.0
0.0
0.0
0.0
0.0
0.0
0.0
0.0
0.0
0.0
0.0
0.0
0.0
0.03852776240725131
0.18856755261108638
0.34826504081184473
0.5086432115095759
0.6714416291657088
0.8324505750351928
0.9877831249154374
0.0
0.0
0.0
0.0
0.0
0.0
0.0
0.0
0.0
0.0
0.0
0.0
0.0
0.0
0.05369260495263184
0.20518427323084398
0.3598320278047934
0.5199056020667332
0.6795287729798515
0.8370223280311944
0.9898599385666137
0.0
0.0
0.0
0.0
0.0
0.0
0.0
0.0
0.0
0.0
0.0
0.0
0.0
0.0
0.08486577683932384
0.22998275900689513
0.382467684865787
0.5372540365418226
0.6926133822502536
0.8446248146225054
0.9923146534217746
0.0
0.0
0.0
0.0
0.0
0.0
0.0
0.0
0.0
0.0
0.0
0.0
0.0
0.0
0.1200928810033276
0.26186826072793434
0.4097604438254886
0.5623925672389807
0.7087768082940653
0.8556133875545976
0.994752813332892
0.0
0.0
0.0
0.0
0.0
0.0
0.0
0.0
0.0
0.0
0.0
0.0
0.0
0.03647660249529805
0.16291548016482205
0.30313298899416685
0.4444251158552762
0.588519262240824
0.7320063107462773
0.8706536650804364
0.9989760156678544
0.0
0.0
0.0
0.0
0.0
0.0
0.0
0.0
0.0
0.0
0.0
0.0
0.0
0.08882326890764547
0.21954856383092036
0.35112777883998336
0.4861855154350613
0.6224251290900347
0.7540508036410016
0.8824546733334934
1.0
0.0009650294233491069
0.0
0.0
0.0
0.0
0.0
0.0
0.0
0.0
0.0
0.0
0.0
0.04595398527832628
0.1581456142407065
0.2794737784614243
0.405184003523816
0.5345363837912689
0.6589744093881449
0.7813016761540934
0.89872530041168
1.0
0.011905265043515054
0.0
0.0
0.0
0.0
0.0
0.0
0.0
0.0
0.0
0.0
0.023867545855544403
0.12458717982583167
0.2331854561397234
0.34860543599486216
0.4650387326002411
0.5852962313117925
0.7023809360129154
0.8114043256001932
0.9161054040429134
1.0
0.026497189552677346
0.0
0.0
0.0
0.0
0.0
0.0
0.0
0.0
0.0
0.026531218578743077
0.11206594579962692
0.21238861917742347
0.3142795943254773
0.42349480428995917
0.535416283487081
0.6430120328970909
0.7459931893071787
0.8438211791563762
0.9340425434808677
1.0
