0.0
0.08851107171095617
0.18575514527812725
0.2733096197227109
0.3484229842719126
0.40444269796137955
0.4537341650486122
0.48968984492447093
0.5111559073731416
0.5270349209753352
0.5406696239204702
0.5486795734667373
0.5581284297034671
0.5715922042449134
0.5892340902296718
0.6168758894334603
0.6570320124736435
0.7118781262807121
0.785384270041366
0.8766529629947133
0.9859074695434313
0.0
0.0920184936722863
0.1830587443529359
0.26489193909748987
0.32794069231307454
0.38316301394760677
0.4220386946407432
0.45445501569332886
0.47605198246315095
0.4904872237355108
0.5016455632422525
0.5097980411138814
0.5203588285828604
0.5328620813776088
0.5560442413073413
0.5870610951339087
0.6345470174215211
0.692967302884971
0.7719366944989199
0.8692806377976661
0.9843447686987328
0.0
0.0929465313164323
0.17568529573010644
0.24760663031661412
0.3080632799885795
0.3555344402691833
0.39320450682571795
0.41788230653720304
0.4394623237804183
0.45283022428246844
0.46338172370716074
0.47167694724303366
0.4857673334067157
0.5012191603130047
0.5262155464690523
0.5626940323604066
0.6107922835883168
0.6772417973474505
0.7610899740096166
0.8620682885543206
0.9859577789283577
0.0038670885532242506
0.08934627294541427
0.16865233194839058
0.23094882263191602
0.2856922841585497
0.32821517145067075
0.3637036307057097
0.3869467079835366
0.4031726422113741
0.41687310337493977
0.42797674710634237
0.43825480595628763
0.4538458529960906
0.47095726665584065
0.5018951548334678
0.5388001781867887
0.591726753191903
0.6622318126799487
0.7506830276546868
0.8583821293587989
0.984654325224143
0.00945298362186292
0.08649359250869756
0.15657675200747911
0.21445572211930483
0.26390716162716776
0.304163749173389
0.3342883868203497
0.3567178294272329
0.3726075619185256
0.38618635677794
0.3974818516950721
0.40842034846985553
0.4233900517891708
0.4468207510340323
0.4777426903633664
0.5187492138245706
0.5785095030611308
0.6496471330014706
0.7429774865656661
0.8539037541184592
0.9845137781970064
0.009737736638109291
0.08001730236889196
0.14482156313257114
0.2001547115956401
0.24411303274713775
0.2820912643244265
0.3105875402170006
0.32922368181132633
0.34664796161125916
0.35978319314223417
0.37421996835240123
0.38702044669921587
0.4024517371054075
0.42720981997123597
0.45919504089310675
0.5074018388306297
0.5671372895289912
0.6434230348739762
0.738768736833153
0.8528153072069578
0.9894976962218023
0.010124324101355942
0.07789846292276914
0.1356157422444011
0.18683874253194618
0.22928510463325102
0.26236615988008133
0.28780889167987783
0.31101007386613577
0.32678579120950535
0.34051523778873594
0.3528822010056941
0.36693247933118217
0.38623107257655587
0.4150198159807649
0.4486247776582661
0.49792509660321915
0.5607273291752131
0.6407531189146016
0.7367522326224211
0.8543957903319713
0.9894368834909325
0.005855117976212053
0.07229121541856257
0.1269459717209177
0.1759426746613542
0.21492706992328914
0.2508656018941918
0.276464821870324
0.29511002545957465
0.31223041915498895
0.3276159307566956
0.3424966629766216
0.35793227978903647
0.37763605553953744
0.4043088938575424
0.44521507120805554
0.49602131479350725
0.5565480695940321
0.6400357425307698
0.73547483753495
0.8553340873702399
0.9934245403447085
0.0048545943663770436
0.0674173761398574
0.1204016351876922
0.16828562648417175
0.20640767718759007
0.24080228446494842
0.2697377956539707
0.28908810779487903
0.3059962117889473
0.3215201187602558
0.3348889875607628
0.35479764197928115
0.37578728199787254
0.4059617253932028
0.4456324539308558
0.494688669820785
0.5615388003230668
0.6473911860325994
0.7418060122126552
0.8597226705439013
0.9978172014960451
0.0011536577029729713
0.06450842791428515
0.11780798223767859
0.1674549648035265
0.2051836000677429
0.23645025083205432
0.2645821459517473
0.28717512957011837
0.3053571274375654
0.323167100965013
0.3386099113213123
0.3563260144306092
0.3824802789128497
0.4110919876302116
0.45128393865086397
0.5035204373723222
0.5666856200497931
0.650345315644334
0.7477748909421835
0.8658116517008149
1.0
0.00226047633424475
0.06160918212268879
0.11579962919914658
0.16176391562122688
0.20428579187930956
0.23990709095025328
0.26609001869629045
0.2935778633961993
0.3135019588889012
0.3322714767684173
0.34923996489052994
0.37115953721978434
0.3952027363169013
0.42497313939224246
0.46510704207124354
0.5144408551160365
0.5806828566203658
0.6581309630101875
0.7529421421676346
0.8682876464160366
1.0
0.0003593505102451539
0.05933762224253587
0.11521715533318401
0.16414651864952806
0.20848675611206105
0.24578751202005195
0.273906792410434
0.3047395343830375
0.326815578374406
0.3474215039206744
0.36640840842582434
0.3888046541233958
0.41323385821759956
0.44524600424470334
0.48182686467493124
0.5327416238841389
0.5928726255776609
0.6716303966263637
0.7657419488447013
0.8709533477972626
1.0
0.0
0.061405623013161714
0.11972801717357492
0.17121208988590675
0.21719797535378238
0.2601738207721397
0.29095707238541246
0.3236756730240772
0.3471284115450589
0.3696112599320427
0.3928546269838118
0.4137941546697086
0.43884250286136073
0.46993878877660095
0.5057679853881452
0.5551284311775377
0.6132304486587337
0.6850301308043099
0.7738797821901
0.8781347652789133
1.0
0.0
0.06283721743533019
0.12563428088258277
0.17939029427744962
0.23009607559476294
0.2727687566959281
0.3127280242303648
0.3471703633821983
0.37314094282299515
0.39928769913167134
0.4233476307924493
0.4473753360452589
0.47115649621597994
0.5015719720289675
0.5363286791105712
0.5799193121880166
0.6388668343449047
0.7033874809717283
0.7874409529810942
0.8878390173777156
1.0
0.0
0.06720027135450504
0.13051601441964983
0.19044011515419518
0.24516485367466162
0.29704305050099067
0.3389593239873543
0.3754178595125049
0.4078354298357788
0.4352173569145859
0.46033695508818734
0.48551705934825123
0.5121567668896403
0.5376712212845962
0.5699094056278498
0.6123634154814701
0.6625234082365459
0.7231780234705488
0.8018445881358299
0.8928995005315058
1.0
0.0
0.07140154154598158
0.140882148822306
0.20607054103907876
0.2670322543803108
0.3194319786728804
0.36892178516647783
0.4115240973813953
0.445222950713909
0.4774153961112317
0.5042906829839576
0.5308849438680924
0.5524286900727318
0.5813297128135354
0.6112567666898254
0.6470786403962697
0.6910822260082424
0.7467315362381353
0.8170817233149663
0.9010591843968904
1.0
0.0017459482260300605
0.07846451305240125
0.15422796564656838
0.22347165892742082
0.29073215966655225
0.3505782890249398
0.40444364892709833
0.4500092118435158
0.48979824404666705
0.5245252703766173
0.5543155945779329
0.5796486903977711
0.6018222191862321
0.6283389393867034
0.6542608827383771
0.6869357563314873
0.7236703859357693
0.7745401178568282
0.8334786426898573
0.9095701395629437
0.996760940739401
0.006035720223945111
0.08783134557320321
0.16737788110695723
0.24708311749533263
0.3169981165128949
0.3841922066566773
0.4396969279654524
0.49485169156273434
0.537387595441327
0.5755780858764115
0.6062556960484434
0.6342680893016603
0.657622832616063
0.6811424727652201
0.7033490275313523
0.7263087878248196
0.7612415259475352
0.8011902747892292
0.8528415586609854
0.915868141899728
0.9957799471149346
0.015114505568691894
0.10090171739084569
0.1871049027487513
0.268068346048265
0.34749136538037456
0.41943677648242156
0.4853018196413086
0.5424604048201205
0.5889530091625163
0.629666227228878
0.6653542589213688
0.6909301764097169
0.7154159748683376
0.7348155376404233
0.7534465300467247
0.7748953918755178
0.8026187549077448
0.833563725452801
0.8739846850161124
0.9270279694946535
0.992734194644224
0.024164641058169404
0.11576099923270504
0.2077723245593559
0.29503254764879466
0.3812190394414616
0.4590595834522109
0.5290223401132129
0.5929679722677136
0.6451518031947923
0.6899054326950166
0.7260632666566992
0.7540469586759077
0.7779289032236496
0.7937396294174981
0.8094006144235075
0.8233907460643275
0.8436172473356788
0.8650230203368109
0.8992986994952857
0.9398180165965988
0.9912424026672163
0.03590968998533443
0.13320814030562084
0.23109114036027045
0.3259110692361043
0.41759993454280364
0.5028449415048042
0.5791523850643171
0.646599293636332
0.7049346236443991
0.7533596545853419
0.7897332182401112
0.8176816121213266
0.8396905067535616
0.8556042136322881
0.8688494370582582
0.8776003724842014
0.8866418872204754
0.9014756925620206
0.9240606206397955
0.9524150502412719
0.9925596050386578
