0.02186739153250182
0.015199384344837329
0.021495553028867798
0.05250997335859023
0.09404345527775808
0.14693545103783
0.21630756118343816
0.29114891510221497
0.37578156508012656
0.4648420303913476
0.5570870777099235
0.6439453393215728
0.7290489866585884
0.8046503772312821
0.8743426766819405
0.9294306849330709
0.9747246666876015
1.0
1.0
1.0
0.995610016097407
0.007173078962606402
0.0
0.007516616062719916
0.0343458082828563
0.0748770273494572
0.12860935948719915
0.19915080104804975
0.27649597708421886
0.35884655855874803
0.44927029097425675
0.5368911251454971
0.6284491986949807
0.712798894095491
0.7913548548869626
0.8626270624449293
0.9199295063271196
0.9639515539799222
0.9961544503893135
1.0
1.0
0.9988907259860824
0.0
0.0
0.0
0.021918784980557104
0.061103660824506856
0.11654997052995411
0.18478187995620438
0.26154260928855005
0.34417168514614815
0.4354463983078921
0.5264849374655807
0.615261814972888
0.6989075625836078
0.7791924337111147
0.8495776002481373
0.9110284142920947
0.9564261891050463
0.9897768810403762
1.0
1.0
1.0
0.0
0.0
0.0
0.010980731075485278
0.0520094074489893
0.1100118901682757
0.17677146318746512
0.2539613426978189
0.3359289291091729
0.42652088644296904
0.5165449888651423
0.6058918332880384
0.6910915900896738
0.7709748129324377
0.8399829872724142
0.8989402274450788
0.9495687830884757
0.9845385976939214
1.0
1.0
1.0
0.0
0.0
0.0
0.009685781251782433
0.04943272653821906
0.10474036051080626
0.17263322582612967
0.24926446782526254
0.332790778573418
0.42196465156584456
0.5092940911716439
0.5986123845784392
0.6829755408069352
0.7632830958504571
0.8338002870423218
0.896093615075357
0.9416165364849931
0.9785790028793718
1.0
1.0
1.0
0.0
0.0
0.0
0.009060009819060993
0.051388915837161125
0.10543794264644218
0.17549061330621335
0.2512803852915547
0.3346012299562029
0.4204968822799196
0.5104403494259797
0.5975017839846951
0.6820853308276684
0.7583884289736288
0.829289013621485
0.8869910430073003
0.9375999007691533
0.9737641704701262
0.9975426584000779
1.0
1.0
0.0
0.0
0.0
0.012902569607712244
0.05596321005964619
0.1137286614312141
0.1812880157342097
0.2580791982639946
0.34027593637933473
0.42404956829677065
0.5120630134255625
0.5999419787329191
0.6807343324328672
0.7572762665731202
0.8247326189705343
0.8848416688494379
0.9339902655542461
0.9692431329056713
0.9914321513964622
1.0
1.0
0.0
0.0
0.0
0.022451169988651543
0.06614349096357242
0.12421642037669506
0.19151311924498018
0.26734789126803155
0.3482788622304126
0.43278385191557717
0.5183271068525018
0.6023830458317534
0.6811431021019144
0.7567724459158819
0.8218091188137508
0.8823400394788256
0.9298467574150108
0.965243436469449
0.9880516565195441
1.0
1.0
0.0
0.0
0.0022558086756323398
0.03362098523463811
0.07898284961090674
0.13645265537289564
0.20273275999417684
0.27947319902969686
0.36129819808865493
0.4443347697522478
0.5282935700402946
0.6104842543752941
0.6881902233750786
0.760085576673017
0.8256599041680048
0.8803581425102291
0.9252721053808907
0.9611932531839122
0.9853345488560954
1.0
1.0
0.0
0.0
0.010755311215790458
0.046137556645652014
0.09297226747870739
0.15390687565099737
0.22156329925999252
0.29475283421460713
0.3770147495712082
0.45834737762564454
0.5381811893308737
0.6187181688397093
0.6946340479278272
0.764111923716687
0.8243376884620014
0.881454172953221
0.9224171549541632
0.9568712229105929
0.982440369842749
0.9970509012649035
1.0
0.0
0.0016386582084782705
0.021472028563628662
0.06247102254996546
0.11076754226043942
0.17256879155950777
0.24018141373528712
0.31612487402752165
0.3952194146470019
0.4759556857888464
0.5545558152741553
0.6311656728241009
0.7031749434350398
0.769962554510189
0.8281961645159985
0.8789971080510521
0.9215209155971701
0.955459119906475
0.9794947395448286
0.9957820609699907
1.0
0.0
0.008243200425058973
0.03365532889571714
0.07661712699185093
0.12796933065249472
0.19177762560016776
0.2645396199766363
0.33734394750895424
0.4154185409457511
0.4918641406951369
0.5710641500689326
0.6436787390317802
0.713637940574685
0.7770237998091531
0.8330923109368336
0.882206025228806
0.9208603043116951
0.9540970215065158
0.9755175877703822
0.9916258230418912
0.9986483688724753
0.0
0.01382823593916098
0.04879611148451196
0.09146655782240358
0.14980247050793102
0.2136986425836245
0.28252700150908194
0.36028365952262165
0.43751019148545545
0.512481298046729
0.5893841157822652
0.6592897041593762
0.725246582075232
0.785082922845881
0.8377177082729309
0.8826886071910682
0.9220636105106201
0.9532098549488914
0.972697239767748
0.9887583337505677
0.9990007710845646
0.0
0.021390530859483656
0.0588443145183177
0.11096577619548446
0.1699884197385988
0.23766992358789277
0.30960867821067317
0.3820347635768895
0.46118633431611383
0.535198933001189
0.6077493360800545
0.6756480152564562
0.7372714397148122
0.7942557047942496
0.845526568580196
0.8861122258401278
0.9240828688539826
0.9496404416544549
0.970139355247297
0.9856303330915839
0.997694112002827
0.00040880617738171457
0.029163689959569705
0.07014075548557262
0.12692859937632042
0.19057021675125166
0.25973834693960013
0.33547760786213093
0.4099703358721014
0.48646955952096343
0.5572588919767215
0.6284419924561655
0.6926462555551258
0.7503652787029709
0.8039573706124018
0.8497369230763558
0.8908007627913666
0.9219653266595672
0.9472787267771442
0.9707268789306622
0.9864277991595716
0.9973191575442769
0.0
0.03587631329310046
0.08608035971573183
0.14563854434297302
0.21283345369140497
0.28476772967379854
0.36197914584227553
0.43586733871514477
0.5122150706657489
0.5829058496930566
0.648133218326575
0.709826816596067
0.7690655886985025
0.8133836075719378
0.859416087569547
0.8951153706066861
0.9267453389223672
0.9484678050797608
0.9689507276053163
0.9853615721668867
0.9986521684367912
0.000588007935817533
0.044041596001698664
0.100020550240119
0.16340644125541487
0.2374916507418771
0.31151443845992055
0.3876115036780412
0.4664099368764762
0.5401662235001253
0.6083513773649949
0.6721064944642714
0.7323147663326433
0.7842369610462524
0.8303386835374313
0.8671067139772421
0.9002645164252784
0.9301236008824941
0.9496184296624525
0.9690618360407899
0.9870076452169999
0.9980234593407054
0.0
0.05295501618874633
0.11383214825982614
0.18699966043572813
0.2595740320257804
0.3387805238130399
0.41657312773273736
0.49432578861167714
0.5660695126956596
0.6352022283168369
0.6975323558334707
0.7522681868548133
0.8008439598013348
0.8429843648406858
0.8787080296107884
0.9072424821950376
0.9307499578293768
0.9525283550506108
0.9728799554055774
0.9882944683391971
1.0
0.0
0.05820934149315707
0.13041504955624056
0.20559467317956664
0.2845132150167121
0.36574726856205614
0.4480459381090057
0.5237576955656925
0.5958997522833211
0.6615367599623381
0.7226855531141309
0.7725577664691835
0.8194583223385482
0.8583469439951537
0.8892331690249649
0.9157989866597298
0.9377913661844894
0.9588539435276952
0.9743075186798333
0.9910192976355404
1.0
0.002538000877300023
0.06966596060445629
0.1471368967273742
0.228147037180449
0.31085225099580466
0.3948973388290592
0.4773984136521274
0.5553693639370572
0.6264623717547801
0.6918255028051649
0.750677979736524
0.7975035378242996
0.8406410704691487
0.8733663583391158
0.9047346602930173
0.9261062897310699
0.9454725242560403
0.9636381962761567
0.9809454652547647
0.9947490607222883
1.0
0.006640647730659626
0.08226141492480481
0.16338871578177153
0.24976397893800334
0.34112627517318606
0.425927337590747
0.5114366348740739
0.5870996573829258
0.6596226233180817
0.7222044911423608
0.7767208227559798
0.8226214073311868
0.8611623147544699
0.8917487412989388
0.9164120652213024
0.9387897652752909
0.9539612347052705
0.9694574640604874
0.9849503769361098
1.0
1.0
