0.0007141396415219449
0.0
0.0
0.0
0.0
0.0
0.0
0.0
0.0
0.0
0.0
0.0
0.03827411294470373
0.14718276149545761
0.26849372783735326
0.3963027413514697
0.5300320112547898
0.6572337750105557
0.7823301023175665
0.8977820198939788
0.9980154161631442
0.0022452297798709157
0.0
0.0
0.0
0.0
0.0
0.0
0.0
0.0
0.0
0.0
0.0
0.05237930041393257
0.16423563045432532
0.283280484042574
0.4139063385572491
0.5444447251326633
0.6740361409726698
0.7983897659793542
0.9113731207726152
1.0
0.002692123803350225
0.0
0.0
0.0
0.0
0.0
0.0
0.0
0.0
0.0
0.0
0.0
0.068170835014987
0.1800912417504118
0.30282992899059474
0.4289592621387681
0.5584721017930132
0.6845306507930692
0.8074094342995247
0.9185315733194939
1.0
0.0004120996271443165
0.0
0.0
0.0
0.0
0.0
0.0
0.0
0.0
0.0
0.0
0.0
0.08489857584446758
0.1970185750914073
0.3179572697557316
0.4450314081850891
0.5726064284360347
0.6972190845624595
0.8161801855334876
0.9232879140565007
1.0
0.0
0.0
0.0
0.0
0.0
0.0
0.0
0.0
0.0
0.0
0.0
0.008019974526408236
0.1071189117069874
0.21724464122049925
0.334806128683577
0.45724074412744004
0.5839815569115148
0.7054187713629755
0.8221580807518518
0.9248154089964746
1.0
0.0
0.0
0.0
0.0
0.0
0.0
0.0
0.0
0.0
0.0
0.0
0.03155262924394531
0.1299938625491618
0.2392590871206407
0.3551771249260378
0.4765422717552516
0.5996352430393732
0.7170730395101272
0.8285443302323614
0.9293235147641524
1.0
0.0
0.0
0.0
0.0
0.0
0.0
0.0
0.0
0.0
0.0
0.0
0.05916288007239323
0.15916117568289445
0.26534750333407303
0.3789253453860082
0.4974881320005698
0.6164195142042956
0.7275668504502304
0.8334056574444194
0.9261195194408627
1.0
0.0
0.0
0.0
0.0
0.0
0.0
0.0
0.0
0.0
0.0
0.010370821103880434
0.09511033591414864
0.19160542389029733
0.2966446275607255
0.4083040832143216
0.5218923641630286
0.6347674206953626
0.7424927832856144
0.8396059469016973
0.9301686322826315
1.0
0.0
0.0
0.0
0.0
0.0
0.0
0.0
0.0
0.0
0.0
0.050483170857716364
0.13412603566442094
0.23077275480824871
0.33276118579309455
0.442370378894538
0.5502793089479512
0.6569547387912533
0.7571424795384151
0.8492162699842142
0.9302009253791464
0.9950012759976966
0.0
0.0
0.0
0.0
0.0
0.0
0.0
0.0
0.0
0.026216674076430302
0.09791795103055939
0.1797607415888064
0.27435634168539114
0.3746614862221613
0.47763964880086407
0.5831479713473935
0.6844121659169661
0.7776262483590269
0.8639709092068876
0.9351710006978711
0.9921652911851835
0.0
0.0
0.0
0.0
0.0
0.0
0.0
0.0
0.015499703955110133
0.0760471089286256
0.14832553847396457
0.23099415490930014
0.32227023446168
0.4184338384655804
0.5198371492147604
0.6171032137188055
0.7122916835651856
0.801935897918804
0.876053790260474
0.9414134872549458
0.9903830278533554
0.0
0.0
0.0
0.0
0.0
0.0
0.0
0.016322693518628806
0.06946350183589944
0.13266961481412093
0.20443300432603118
0.2888079725348451
0.3773217105868964
0.4689132567353572
0.5626313272507973
0.6564863839385713
0.7443578160495471
0.8246582609948688
0.8954128992675896
0.9495254123066054
0.9888746687142768
0.0
0.0
0.0
0.0
0.0
0.0
0.030131576921007652
0.07304326497312896
0.12561927823178015
0.1884070628802954
0.26371641407118535
0.3428940876690637
0.4302142226133231
0.5222296513010862
0.6082237299099285
0.6961513595242729
0.7771261107409163
0.8498045109283667
0.9113633352701223
0.9595311881274713
0.9897053558744763
0.002140960484981912
0.0
0.0
0.005530697827544784
0.021931894955945552
0.047937403716744514
0.08398696123579222
0.12870768135770605
0.18453294077355614
0.251544533392342
0.32275494476328614
0.40304580440637366
0.48551783002088583
0.5714217826773484
0.6566663263371609
0.7367642145083594
0.8127727041707361
0.8761069309317563
0.9319881648821043
0.9702110060678151
0.9930284408472859
0.011715783664776484
0.015958856449227763
0.024242500562864158
0.040082626496456594
0.06391611029876787
0.09428404328102377
0.13359582825565464
0.1849764000721504
0.24270510331951345
0.31199030506579184
0.3813255252874279
0.4589418626166137
0.5412677399747168
0.6227593616627789
0.7031627204460513
0.7778844394895034
0.8453111677844224
0.9033557917607582
0.9487771866744453
0.9814762903209533
0.9980591744450209
0.01633205785659947
0.0308621582688678
0.048392194368379604
0.07389493907601388
0.10310261593281325
0.1412958832822107
0.1855419313617164
0.23830242296449647
0.29952307545332724
0.36724386876518167
0.4377872844106435
0.5143255383068643
0.5896703962748365
0.6689014118403203
0.7459634615227957
0.8124420487710964
0.8756014311257795
0.9262829989687509
0.9666674575903437
0.9933020227620912
1.0
0.020464305983661425
0.043480932390166
0.07080214823899825
0.10224718245436332
0.13859552653432436
0.17982896882186628
0.23074182110402713
0.2878974930352612
0.35020728689834796
0.41679233125550935
0.48894248415150315
0.5623212454974391
0.6361821202809325
0.7106435710517283
0.7823577834693884
0.8445651517117907
0.9030664145443966
0.9458981653720153
0.9815032882054483
1.0
1.0
0.019827275164548526
0.052864115131315545
0.08839638989693442
0.1255456642699466
0.1692488497648969
0.216226149919328
0.2708456101054165
0.329396506953399
0.3924967792755129
0.4593124509554207
0.5313752780095703
0.6014293303438781
0.6748959633310205
0.7452326473237432
0.812050416176533
0.8715492790839485
0.9217861428126533
0.9639831355472477
0.9929229952579559
1.0
1.0
0.013807603835269284
0.05551819928944503
0.09726790107830155
0.14192103677897472
0.19064749522197272
0.24275000941819017
0.30101489648189916
0.35959047576950837
0.42290220391159195
0.4917144945545766
0.5619144358848113
0.6307230153978598
0.7022703935700141
0.7673875766662006
0.8309758097590815
0.886853195319797
0.9354264344628118
0.9726349239034174
0.9969524975722801
1.0
1.0
0.00249296108785947
0.049731451328148164
0.0992820308357897
0.14889119368714654
0.2027956527969112
0.2566366890966456
0.3149389871582936
0.3784589440687678
0.44443325180228815
0.5089078063024512
0.5788045858084065
0.6484917527901245
0.7161211887605521
0.778899244403933
0.8392136787272133
0.8919127809257863
0.9380325072557165
0.9720920511364576
0.9954526009120459
1.0
1.0
0.0
0.03568675560159666
0.09208428977994886
0.14513589124127174
0.19983905230617557
0.25797519273439196
0.318535728829154
0.3805612934664817
0.4442276448108253
0.5137478651817982
0.5791810789503669
0.6481061605480682
0.7112721919922264
0.7763815337047688
0.832616951100436
0.8864043733760771
0.9286829511333217
0.9633038091163105
0.9855453108574741
0.9962684036141092
0.9924073250643622
