0.0
0.10219154637368993
0.22144402507679878
0.3497077575378348
0.47814645712993425
0.6083279010796149
0.7328891909003062
0.8480823039604468
0.9519020914215942
1.0
1.0
1.0
1.0
1.0
1.0
1.0
1.0
1.0
1.0
1.0
1.0
0.0012573111945902097
0.11037761317810817
0.2309941542650681
0.35911340621499155
0.4876411727432677
0.6205405275964498
0.7432976432996262
0.8563687598979022
0.9601320018593591
1.0
1.0
1.0
1.0
1.0
1.0
1.0
1.0
1.0
1.0
1.0
0.9996951023853228
0.004590753206373559
0.11567100970834017
0.23735243191693317
0.3647050773677284
0.49692192703928634
0.6260970591046651
0.7475511162403893
0.8605813925604906
0.9654433181906079
1.0
1.0
1.0
1.0
1.0
1.0
1.0
1.0
1.0
1.0
1.0
0.9980810291736965
0.006637451964482985
0.11749929609179548
0.24164611521552765
0.37028102999939405
0.4999507356750816
0.6270389360353754
0.7523597487576343
0.8658213745795497
0.9676850876726638
1.0
1.0
1.0
1.0
1.0
1.0
1.0
1.0
1.0
1.0
1.0
0.9998950210802391
0.005482371582132382
0.11835027600023755
0.24041564441687216
0.36953528420852466
0.49948344885474677
0.6293216518167071
0.7521982431655723
0.863581972273353
0.9648504542302557
1.0
1.0
1.0
1.0
1.0
1.0
1.0
1.0
1.0
1.0
1.0
1.0
0.0035645427169504547
0.11598029345832113
0.24192369090116467
0.3700344539058221
0.499060876133535
0.6254740271964234
0.748687190357372
0.8596252376495654
0.9604860080721669
1.0
1.0
1.0
1.0
1.0
1.0
1.0
1.0
1.0
1.0
1.0
1.0
0.0013277685695386463
0.11678740763074222
0.2400313264162338
0.3678718476982774
0.4961118473864368
0.6218675921521745
0.7424265234526448
0.8535561579080675
0.9532084815702345
1.0
1.0
1.0
1.0
1.0
1.0
1.0
1.0
1.0
1.0
1.0
1.0
0.0
0.1113303505407367
0.23622335524013713
0.3640487450046146
0.4912724294943581
0.6159793446587846
0.734175170503097
0.8413659359263714
0.9427392371393014
1.0
1.0
1.0
1.0
1.0
1.0
1.0
1.0
1.0
1.0
1.0
1.0
0.0
0.11023822434946737
0.23139398465976718
0.3577386651512343
0.4815792190968831
0.6025521838256565
0.719642541366543
0.828348525695555
0.9243552242850354
1.0
1.0
1.0
1.0
1.0
1.0
1.0
1.0
1.0
1.0
1.0
1.0
0.0
0.10560982178562069
0.22544755273959313
0.34972322640474557
0.4719395832928154
0.5916834383600142
0.7048854987998372
0.8091004603810148
0.9041185310757566
0.9837081798916032
1.0
1.0
1.0
1.0
1.0
1.0
1.0
1.0
1.0
1.0
1.0
0.0
0.10316887128691044
0.2173129161327762
0.33939545625665707
0.45710900151485184
0.5756681075629666
0.6857626346600969
0.7857207992687565
0.8770082059125526
0.9567590740264766
1.0
1.0
1.0
1.0
1.0
1.0
1.0
1.0
1.0
1.0
1.0
0.0
0.09964577132842842
0.21137259184162793
0.3260545924495285
0.44076766087950164
0.552654806269059
0.6593569048088281
0.7592839757095242
0.8481737734111489
0.9248856361904096
0.9896886065766541
1.0
1.0
1.0
1.0
1.0
1.0
1.0
1.0
1.0
1.0
0.0
0.09477277825827259
0.20207117955206488
0.310097162339533
0.42018036323044017
0.5300027772270074
0.6310198742506217
0.7256342044435098
0.8124178539898068
0.8879250017234326
0.9498714727814523
1.0
1.0
1.0
1.0
1.0
1.0
1.0
1.0
1.0
0.9996796368791268
0.0
0.08953955356256788
0.19061948667858983
0.29480717833161385
0.3985106121114838
0.4989736215847085
0.5994412244720075
0.690032790357652
0.7731279542069265
0.8463672843883664
0.908181245584937
0.9591420663522762
1.0
1.0
1.0
1.0
1.0
1.0
1.0
1.0
0.9981197684574813
0.0
0.08501002342636446
0.17840351970298235
0.27576361750363465
0.3751354333290565
0.4699274635159552
0.5610444203299848
0.6507475939137207
0.7286161096050763
0.7998827348265294
0.8624704295945677
0.9134243932750062
0.953338074846632
0.9835060418998909
1.0
1.0
1.0
1.0
1.0
1.0
0.9948991195058658
0.0
0.0808105248758223
0.16630364578743578
0.25600302445397366
0.345831399058647
0.43590923581084307
0.5229363331045005
0.6057403171945455
0.6791307378051328
0.7513653623324602
0.8088616236922597
0.8610557163510919
0.9050860202377272
0.937395773111051
0.9619160149603506
0.9818931965531127
0.9913562382591379
0.998389281111522
1.0
0.9956098736258414
0.9917325870437463
0.0
0.07195073368436437
0.15231199850602326
0.23241898791856708
0.3174407476695027
0.3998833934185472
0.4809795985240912
0.556548183592889
0.6287642238724596
0.6950075176062349
0.7551556748882453
0.8075029308227079
0.8519959476371428
0.8873115980001187
0.9185303227147217
0.9409910029630674
0.9584212471413277
0.972592672379885
0.9823246617143957
0.9858256172656289
0.9881651203786052
0.0011168893189340678
0.06370488869642191
0.13334398496201558
0.20843280849822918
0.28430473588030386
0.36039179285312783
0.43546975770562296
0.5066274296484783
0.5762571735316975
0.6387356334379285
0.6982901069350007
0.7490178594567934
0.7965647176769637
0.8363273182144266
0.8711113468005443
0.9000378566933305
0.9240484904181105
0.9461455083474853
0.9607766260766283
0.9752892536888016
0.9883924144945878
0.0028693000935368627
0.05656386278021719
0.11685400837302462
0.18233517399705573
0.2469421327486473
0.3187486726829679
0.38584407558297396
0.454616112289997
0.5179134248237859
0.5809060935547051
0.6392857683042825
0.6909928568597362
0.7398728732655466
0.7837137253732258
0.8253740625591828
0.8594585627053084
0.8911483829332004
0.918782306824469
0.9460086310658946
0.9687704434068255
0.989629046441701
0.0018989280076331767
0.04549037129756827
0.09686923080164105
0.15216727037422403
0.21022696575370656
0.2743169918315176
0.3359710983100288
0.39988634437258624
0.4595243007589014
0.5209738796308365
0.5793183608720939
0.6315785668667232
0.6841151420255169
0.7314297319953131
0.7762097203042265
0.8197528116020582
0.8573442340951697
0.893767423314697
0.9274128500585329
0.960743081220001
0.9904036486469519
0.0
0.03470499629540276
0.07491734352867943
0.12208084078783578
0.17315138380809314
0.22781755192901026
0.2847980524123163
0.34261648324169874
0.4014257653982373
0.45795537364362965
0.5149826411177947
0.5734353962408255
0.6248106862700437
0.6802129852414316
0.7293201082944233
0.778324131885309
0.8261421387911547
0.8700597227658383
0.914070149940123
0.9592048850823911
0.9979086437397978
