0.0
0.09431810844337388
0.20644976986453267
0.32535690773382586
0.4530694398317605
0.5878148858772554
0.7199414762536649
0.8555229979942776
0.9802104510768286
1.0
1.0
1.0
1.0
1.0
1.0
1.0
1.0
1.0
1.0
1.0
0.9922923028251536
0.0
0.10155408861046511
0.21546149806776627
0.33817944842197833
0.46698927438624116
0.6015437748359007
0.7409172396325915
0.8725934554851602
1.0
1.0
1.0
1.0
1.0
1.0
1.0
1.0
1.0
1.0
1.0
1.0
1.0
0.004490974772207815
0.1066407879296076
0.22014452888221636
0.3466201451400528
0.4771160160351713
0.6118367316689665
0.7487397265447058
0.8818498431773232
1.0
1.0
1.0
1.0
1.0
1.0
1.0
1.0
1.0
1.0
1.0
1.0
1.0
0.0084715804179729
0.10929637159703
0.22470224600164415
0.34895541814609293
0.48074137576642184
0.6182028759766574
0.7531641529435498
0.8900004920269682
1.0
1.0
1.0
1.0
1.0
1.0
1.0
1.0
1.0
1.0
1.0
1.0
1.0
0.00398578510085894
0.11150043857861186
0.2250758803703647
0.3524876036990719
0.48380433814830637
0.6210219331821195
0.7580565648255637
0.8921427114786352
1.0
1.0
1.0
1.0
1.0
1.0
1.0
1.0
1.0
1.0
1.0
1.0
1.0
0.004765549887268156
0.11147740101604456
0.22659993477267998
0.35125739922521115
0.48301474987904913
0.6175497269783914
0.7551816587916798
0.8939179679910472
1.0
1.0
1.0
1.0
1.0
1.0
1.0
1.0
1.0
1.0
1.0
1.0
1.0
0.0030539240517590133
0.11171817736581362
0.22603035734659044
0.3505148182786275
0.4830778677499148
0.6185930236815596
0.7573132629984649
0.8909978135065195
1.0
1.0
1.0
1.0
1.0
1.0
1.0
1.0
1.0
1.0
1.0
1.0
1.0
0.002555226798615625
0.10967128950936357
0.22415028794779948
0.35042744864365016
0.48190640169580645
0.6173905524070751
0.7529310459683067
0.8895728530566639
1.0
1.0
1.0
1.0
1.0
1.0
1.0
1.0
1.0
1.0
1.0
1.0
0.9979268050778668
0.002944296678709632
0.10932696820651297
0.22380059408143757
0.35069139558379014
0.48279120049085733
0.615603483604268
0.7528492683131678
0.888587172540459
1.0
1.0
1.0
1.0
1.0
1.0
1.0
1.0
1.0
1.0
1.0
1.0
0.9967424609210096
0.0018000101192531366
0.1087359773691473
0.22490571187253208
0.3504275383144937
0.4792386393535294
0.6169292379472502
0.7534624744121776
0.8869864343352195
1.0
1.0
1.0
1.0
1.0
1.0
1.0
1.0
1.0
1.0
1.0
1.0
0.9965870465082579
0.0033807761890891513
0.10886661758589145
0.22544602948758985
0.3517804021393526
0.4833159768384559
0.6184730958399984
0.7523863263518387
0.888240653665699
1.0
1.0
1.0
1.0
1.0
1.0
1.0
1.0
1.0
1.0
1.0
1.0
0.9971648238975155
0.0007373696520094567
0.1087287016760943
0.22459957415208057
0.35166952930104173
0.4817153712806286
0.6201527442942314
0.7567661876259199
0.8882975007353268
1.0
1.0
1.0
1.0
1.0
1.0
1.0
1.0
1.0
1.0
1.0
1.0
0.9997510132495332
0.0014355604141585443
0.1100726132997144
0.2289881157590511
0.3541230839997577
0.48602102580699513
0.6222741379510273
0.7605338974504883
0.8924955500494235
1.0
1.0
1.0
1.0
1.0
1.0
1.0
1.0
1.0
1.0
1.0
1.0
1.0
0.001816952386658678
0.11260457065355717
0.22992767486181234
0.3541950806512469
0.4879911294117649
0.6257080444765213
0.7613540177569079
0.8939332201679159
1.0
1.0
1.0
1.0
1.0
1.0
1.0
1.0
1.0
1.0
1.0
1.0
1.0
0.003474238476967374
0.11150612102104218
0.23187793490597633
0.35808073083502945
0.4907933169828098
0.6262137511642194
0.7624852539829382
0.8974806042029451
1.0
1.0
1.0
1.0
1.0
1.0
1.0
1.0
1.0
1.0
1.0
1.0
1.0
0.0010933801963945245
0.1118193021318985
0.23098490885396422
0.35727855574151823
0.4937420826026843
0.6295586295611483
0.7638245961256611
0.8989886440600297
1.0
1.0
1.0
1.0
1.0
1.0
1.0
1.0
1.0
1.0
1.0
1.0
1.0
0.002311183184212918
0.10997497847845875
0.2310528861085549
0.35916565931708244
0.4921889411006784
0.6291275226940746
0.7685703450322953
0.9012319582608208
1.0
1.0
1.0
1.0
1.0
1.0
1.0
1.0
1.0
1.0
1.0
1.0
1.0
0.0
0.10968146089743422
0.2312369261874469
0.3591606018743695
0.4949241420414892
0.6310249765899023
0.7686554090662643
0.9023766264240413
1.0
1.0
1.0
1.0
1.0
1.0
1.0
1.0
1.0
1.0
1.0
1.0
1.0
0.0018740052347514682
0.11307907525177592
0.2312430482299173
0.36018274320214816
0.4960042839415448
0.6312086227087281
0.7667171997631574
0.9018358867742695
1.0
1.0
1.0
1.0
1.0
1.0
1.0
1.0
1.0
1.0
1.0
1.0
0.9964939132547903
0.0
0.10939961181066754
0.23129194699422911
0.35958609907793004
0.4937707662739409
0.629417717226436
0.7649386916945725
0.8999599627089505
1.0
1.0
1.0
1.0
1.0
1.0
1.0
1.0
1.0
1.0
1.0
1.0
0.9869488201727122
0.000756939385332449
0.11167435051187229
0.23222974383117045
0.35981987797379394
0.4915995663321528
0.6261338701095106
0.7640479404965874
0.8962892844302301
1.0
1.0
1.0
1.0
1.0
1.0
1.0
1.0
1.0
1.0
1.0
1.0
0.9768226608337779
