0.0062459786191375235
0.0
0.0
0.0
0.0
0.0
0.0
0.0
0.0
0.0
0.0
0.0
0.0
0.09365344809787612
0.2075045162536191
0.3294194161167051
0.4573679029245938
0.5873794006883413
0.7196449371013194
0.8504499753496331
0.9785631601849418
0.00893302001711264
0.0
0.0
0.0
0.0
0.0
0.0
0.0
0.0
0.0
0.0
0.0
0.035326742318017246
0.13828880497133944
0.246725812292804
0.3658576680695551
0.48682661541640837
0.6129215737494038
0.7397158002214007
0.8658797026949144
0.9902831529035854
0.010070770874984949
0.0
0.0
0.0
0.0
0.0
0.0
0.0
0.0
0.0
0.0
0.0
0.0833438467962232
0.180742353591947
0.2874814964782211
0.3996476570682951
0.5174729799365891
0.635674986643661
0.7576053086607026
0.8771738468101068
0.9974994921516775
0.009221943277427824
0.0
0.0
0.0
0.0
0.0
0.0
0.0
0.0
0.0
0.0
0.044501512584616654
0.12919273878086657
0.2237629996946472
0.32651733723131393
0.43376898614306314
0.5435362392208497
0.6570277339764461
0.7704545411981393
0.8874642476402812
1.0
0.008058895743206337
0.0
0.0
0.0
0.0
0.0
0.0
0.0
0.0
0.0
0.022680247633906303
0.09356983217485237
0.1767328083358426
0.26864422117023273
0.36230968479583375
0.4636919735526189
0.5679404320382521
0.6757260468913934
0.7844819269163994
0.8937545156012782
1.0
0.006852660173224676
0.0
0.0
0.0
0.0
0.0
0.0
0.0
0.0
0.011187145966521872
0.07348514036083664
0.14361065157084013
0.2228617224957004
0.3093283960589576
0.40164690342009685
0.49659076510206035
0.5931393304616455
0.6942829629248297
0.7957019712644238
0.8987440285816439
1.0
0.004009831302825121
0.0
0.0
0.0
0.0
0.0
0.0
0.0
0.012861733388586538
0.06631124436062491
0.12500343724670382
0.19514717338370124
0.27032029462047535
0.35162914248846827
0.4402352623892309
0.5279744566781484
0.6186048077708317
0.7128767294584317
0.8069748087147228
0.9054857126855654
1.0
0.0022273746575117432
0.0
0.0
0.0
0.0
0.0
0.0
0.019154474800726518
0.06374661484655786
0.1182179565018101
0.17795235858725317
0.24555215515834955
0.31976830764088016
0.39680867188205277
0.4755340303839784
0.5599678438350426
0.6461887945606545
0.730915463418077
0.82148187450538
0.9091445229976921
1.0
0.0022178625850368073
0.0
0.0
0.0
0.0
0.0005416416302557736
0.030656916699459358
0.06866584838239653
0.11597647387607507
0.1710690075209007
0.23120266711702642
0.29635296614749385
0.36505963257813534
0.44158241029446815
0.51408321454793
0.5918005741352419
0.6730754165106478
0.7509917263004177
0.832575105449147
0.915110923937076
0.9996927146343773
0.00010701340815274705
0.0
0.0
0.0
0.013843527434112185
0.040344583452802674
0.07686363330094459
0.12001493438684901
0.16749734723670384
0.22268175087113018
0.28443683571070505
0.34587862179032064
0.4155149614756617
0.4845288399399168
0.5540828323328794
0.6247170437387322
0.6983822321628836
0.7716144515567349
0.8468454201802396
0.9217062428402605
1.0
0.0
0.0
0.006975143763550087
0.022605359981634654
0.04705844510359539
0.08062524195562942
0.12045748665950584
0.1683812092783389
0.21783283775942897
0.27495394183248745
0.3339085053584311
0.395155167302375
0.4616153274356768
0.5239494400705056
0.5917592785750503
0.658409879007432
0.7244208629288277
0.7917023436621942
0.8583387408502199
0.9278875257776502
1.0
0.0
0.005327020760713876
0.022728049718110918
0.049172820519037624
0.07890950595448512
0.1184273452939153
0.16427219551528188
0.21388601615637418
0.26871486864399674
0.3238641785687424
0.3835894737823289
0.4442683364380657
0.5056933165700035
0.567519797338234
0.6293572690759488
0.6889642753386491
0.7517101758689547
0.8113619852741636
0.8734290492554077
0.9358899716742639
0.9986703074011825
0.0
0.01552383056407989
0.03825593598461309
0.07296893489143853
0.1120494117537602
0.1548959453734778
0.20426674240859227
0.2596973154446919
0.31520739681247145
0.37408502834879004
0.43210755875699436
0.4924274286478456
0.5516252768183844
0.6080383491563369
0.6668282134513059
0.7214106249058699
0.7760062533979986
0.8322503165144591
0.8849539845773602
0.9382817167948809
0.9991068978565186
0.0
0.02206476285049717
0.056511790230521684
0.09524561950458252
0.14032377263172396
0.19116699402768164
0.24469171375332838
0.3033917935658555
0.3599440432275577
0.421659082247715
0.4798303796487956
0.5381925981925822
0.5926278143981578
0.6483857167075683
0.6993066784453738
0.751868955714662
0.7999131019125859
0.8500835850006508
0.8974047993108947
0.9480014955745087
1.0
0.0
0.02956449588541918
0.0693685715586747
0.11785924852543486
0.1680158105034542
0.22425566362546767
0.2826063854519822
0.3406802414323512
0.40375653259566513
0.4632098588504577
0.5219458478608329
0.5789912180791827
0.6330567242446004
0.6839010693019566
0.7347545503011083
0.7781928680647116
0.8232030176151528
0.8650371395690988
0.9084959643281565
0.9544574616236008
1.0
0.0
0.03663414771020841
0.08230210296674334
0.1352778920095832
0.19361641706794297
0.25482495294830826
0.3151574473831992
0.3790686526247629
0.44189445812283984
0.5023149376453647
0.5612764206792629
0.6169409191199514
0.6694900464255897
0.7176128668609635
0.7653291539982813
0.8051979625189094
0.8450639162813393
0.8832448374749019
0.919527058445723
0.959265250777571
1.0
0.0
0.044843147801621686
0.09750287271722785
0.15522302644461922
0.2161222206949142
0.2806835739341422
0.34652321629647737
0.41219429467664465
0.4760201987630793
0.5391965234981332
0.5979850338310233
0.6524443259025076
0.7009776400912223
0.7488396781108719
0.7902113341121771
0.8292555841366883
0.8635260193855737
0.8978221081626327
0.9287100872684734
0.9631133223619529
0.9989701073824232
0.0
0.04875171473358905
0.10809306861380988
0.1714300358528726
0.2385936615433467
0.30659766207378736
0.37426372559254667
0.44177796924404145
0.5058267105076982
0.5708132690992588
0.6276715748354329
0.6823135521289662
0.7332231534634016
0.7716788611428712
0.8130456010459661
0.8474700750401977
0.8806486312131618
0.9091070866790588
0.9354292857452144
0.9674980281562626
0.997706346935042
0.00021834515297185217
0.05731246630067661
0.11939066171917442
0.18579612049189492
0.2575928832285771
0.3268865930082005
0.39952496210738164
0.46989102001855887
0.5356542095020137
0.5984111073948823
0.6567062043027863
0.7087237494632788
0.7551075633896961
0.7978176660502136
0.8320928885061449
0.8660700311331451
0.8926654243763441
0.9187873872209567
0.9437595264888278
0.9703627689070236
0.9960267453273332
0.0007664782503884529
0.06155828142054422
0.12700947050461991
0.20014009102550417
0.2715939875520111
0.3459471153666823
0.4193864944086592
0.49077115885381184
0.557310345774759
0.6205056217164135
0.678841510047459
0.7300463992581111
0.7757796133444905
0.8154393244312904
0.8505569699151645
0.8780978286415764
0.9056824432316052
0.9278139799385452
0.9493542625430893
0.9697225222147003
0.9920840503045073
0.0027102620024972864
0.06712187595122333
0.13619244876303305
0.21106155942745686
0.2852663859795251
0.3616021204480411
0.43556080751995546
0.5091957834383707
0.5772504320501008
0.6415428237438675
0.6968768809509492
0.7487243404248026
0.7932207076428246
0.8313678405767954
0.860414304154006
0.8882677154732064
0.9134324624672935
0.9320012845144899
0.9491628764403098
0.9671373677408004
0.9909524399579697
