0.0
0.048979600025716594
0.11767894152562682
0.19086578924934217
0.26059833890859124
0.3289410982888445
0.3946913392345163
0.45819644902956613
0.5164789534539668
0.571277694437021
0.6218187536267519
0.6692993214056301
0.7116391891961847
0.754110363376707
0.7917137087502535
0.8295014898790868
0.8662958854048025
0.90419340359388
0.9392757115715789
0.9770427652667257
1.0
0.0
0.06514015002735923
0.14496821891083453
0.22464503255524637
0.3026005601506252
0.3777686575236805
0.44983793790904925
0.5150636156251255
0.5779515400266331
0.6311053750041262
0.6828899227032948
0.7253031613099759
0.767720947514881
0.8048292579406231
0.8366567171625624
0.8684951072565511
0.8960750265969375
0.9243790327576533
0.9534539826647451
0.9816942213630351
1.0
0.0
0.07979634051101261
0.16693165553560857
0.2524174403160977
0.33689959446222173
0.4178625917453154
0.4947362542538778
0.5639463188741942
0.6275315618291893
0.684488740567106
0.7344648404664221
0.7769044652664027
0.8154350778847257
0.8466281272778927
0.872069052929283
0.9001181102546169
0.9225535662162627
0.9434544701262597
0.964010763848328
0.9870143299946738
1.0
0.0
0.09299882146802194
0.18327628976753244
0.2754331547875292
0.3661494753020045
0.4538293297489828
0.5344713259129642
0.6061803437653879
0.6712842347359712
0.7299251154107781
0.779578149685116
0.8209724159309505
0.856688848028539
0.8865199001639541
0.9099069369303929
0.9283978285759515
0.9444678056966684
0.9609362330733875
0.9752240825331063
0.9908369582416927
1.0
0.000149300854439829
0.09665268348519254
0.19618830299664264
0.29468307103670993
0.38863652796905623
0.48041332208950177
0.5648608444732977
0.6405055313752205
0.7092168291675885
0.7663641585780852
0.817299439268371
0.8578891883575839
0.8934069439225114
0.9139203958987401
0.937315961983497
0.9518210839961009
0.9622020464619694
0.9738560695590499
0.9825453895121053
0.9921521871508002
1.0
0.0030103324550540033
0.10299082222065248
0.2046444980286582
0.30764936798457465
0.40670317924469657
0.5008937315250233
0.5897565938510565
0.6677264220464956
0.7369078570097556
0.795302406286484
0.846226811659728
0.8856794044756275
0.9195785595045053
0.9428170273641084
0.9597908937629723
0.9713187671647985
0.9782914512198198
0.9849929694884948
0.9882486147117842
0.9940258455464331
0.9992952386638336
0.0022062903910151856
0.10833923057274242
0.21181426267416048
0.3165806813694819
0.41917108284729077
0.5167531344241497
0.6075824628173239
0.6859263604472328
0.7581131171299957
0.8173112093425754
0.8686830860977444
0.9074442115178647
0.9382424578032176
0.9628190572051002
0.9758187248981653
0.9879329394778406
0.9893102878831281
0.9911521725853953
0.9932702542284677
0.9955568277606657
0.9976351105897547
0.0007136934602327336
0.10646532338710826
0.21595788861925386
0.3229230248467299
0.4282041722260759
0.5260170515431843
0.6184329946944858
0.6994149755132
0.7702878833044923
0.831116913114762
0.8820629689629029
0.9216054887141834
0.9524572659898967
0.9751774268659851
0.9872562078960079
0.9954425648087437
0.9986991096992959
0.9989448252105457
0.9982624885532562
0.9970982369725735
0.9959162479971824
0.001232095843917141
0.10895810049383528
0.21537588297564114
0.325946981764406
0.43008242393373164
0.5281710118718046
0.6206883305413309
0.705323528772684
0.775468431410975
0.8382701644721466
0.8883497208479819
0.9279288285213994
0.9601637645642984
0.9795187157187474
0.9947683854703937
0.9993098082124874
1.0
1.0
1.0
0.9961647145987932
0.9951207106395088
0.0009573635787963521
0.10560074254618254
0.21264686385701845
0.3221163895957334
0.42685340016971085
0.5256634883693827
0.6188076133173532
0.7035495863615968
0.7745349687294134
0.8380951303729066
0.8897848229916763
0.9294366093974986
0.9611347596859194
0.980440698097843
0.9944038505989992
1.0
1.0
1.0
0.999174753509043
0.9953583172569652
0.9942946788179058
0.003512698477537684
0.10337295695031556
0.20783878785224033
0.31441290654740384
0.4196327975304156
0.5174440387523571
0.6101474546537102
0.6932714214216719
0.766795202332502
0.8305051883878458
0.882197320396849
0.9225178097998679
0.9530392518231302
0.9763675005887462
0.9896545333727467
0.9971756474556794
0.998796570473755
0.9991676391021586
0.9978964523789954
0.9959999503638188
0.9961479286856821
0.0028414592641231333
0.09965319853463867
0.20506864324109464
0.3075222198775044
0.40743563261729976
0.5066597218204802
0.5951629571227401
0.6796161227932844
0.7524041131909138
0.8153048006674518
0.8706004893126141
0.9091114966019657
0.9416607440737275
0.9639466860709737
0.9794795463196344
0.9878406529546317
0.9925979480971363
0.9950806535723749
0.9937950379052958
0.9942215345205061
0.9969753240490637
0.0013883732368800213
0.09676718495994019
0.19428361320461673
0.2940881905390059
0.39186071804166567
0.48656669178133005
0.5771738520719554
0.6602410159122778
0.7328083657266751
0.7948341065504967
0.8473509519445018
0.8901888021603741
0.9239393818987058
0.9479290903897123
0.9660889543155103
0.9776392247287564
0.9825113412554458
0.9876371377199868
0.9912843099040386
0.9932432963398721
0.9967390733874238
0.0012117771988037769
0.08923969715870533
0.1817904385397932
0.27903745026107996
0.3733225345078753
0.4668415109521916
0.5544763519915097
0.6338012665335198
0.7058786947040051
0.7685732444666196
0.8226571973630841
0.8653051459389789
0.9013605503567451
0.9294003424817616
0.9452271096326202
0.9607686043457515
0.9693801068792786
0.9786347967986813
0.9852861677084074
0.9910334374482143
1.0
0.003649313887468669
0.08268801316650509
0.17178234654149893
0.26097626250226064
0.3527352235420705
0.44022553921823804
0.526542925822912
0.6036268779056932
0.6744539446789244
0.736254361885877
0.7913547962535198
0.8354452667629062
0.8725533833071683
0.8993400149149081
0.9239768226193452
0.9381576996595002
0.9539847256761675
0.966813129092082
0.9755994618281251
0.9895661589112901
0.9999237385044422
0.0036769701955104233
0.07737508345747311
0.15888674657231242
0.2407929897495691
0.3268496168398466
0.41431009512774153
0.4918084400141312
0.5710139058532211
0.6387756436092982
0.701192649784121
0.7552432448699463
0.7996040927792979
0.8401868146177718
0.8711354865883771
0.8949872801750314
0.9161309080894231
0.9350483782369268
0.9512154525443474
0.9663251231761307
0.9847400447029846
1.0
0.0023777147775210844
0.06824148436740314
0.1415771478288497
0.2200417197854807
0.3015376711560809
0.38121086665920917
0.4567510165583015
0.5320935558901436
0.5982838226189526
0.661670699405366
0.7155770317983764
0.7632024496951275
0.8037001269317341
0.8359816517897891
0.8651251094043024
0.8895364770832287
0.915477128208758
0.9360361461946258
0.9558833879604883
0.9771385029909656
1.0
0.0020828133137052065
0.05967065301236357
0.1283084959810239
0.19943179601443367
0.27345145111836705
0.34827496730813856
0.42046933612426646
0.49237244202773256
0.5593201443076103
0.6193460271506155
0.6738089432590001
0.7210172632296443
0.7637337129626217
0.7994219163469707
0.8330873031693053
0.8619333271260636
0.8905127452731261
0.9158665644599192
0.943130221270232
0.9716429815660826
1.0
0.003357498872339024
0.052494500551896736
0.1102813081964168
0.17362874493211308
0.24390442882342253
0.3141235848063812
0.38503091657407496
0.45092941279646015
0.5144467638529135
0.5747107522013912
0.6291387288890754
0.6762952824060353
0.7210843615579796
0.7617562821872926
0.800325719426284
0.8328351789422934
0.8607278229840188
0.8948449299344388
0.9265824359325919
0.9630411741951417
0.9991162429948554
0.002855459816989955
0.04279418943195956
0.09428019931206182
0.15134951961643936
0.2139106564336621
0.27873431076528943
0.34567680535564665
0.4084556082455163
0.47083572488368763
0.532301929085803
0.5813149138224837
0.6319808888634304
0.679183258822436
0.721781129227432
0.7606610398026646
0.7992527137023405
0.8357594111241109
0.8740543986152468
0.9129075601529774
0.9538591401858165
0.9982366467466418
0.0010760608831990263
0.03567517707405318
0.07786805571711652
0.13019946789984121
0.18716809517446237
0.24471323427775446
0.3075840670897232
0.3675025897254911
0.4270434437124356
0.4854509961009804
0.5358459406184805
0.5876265611026629
0.6349129345097946
0.6796790031871538
0.7242588315604962
0.7643805577463489
0.8064282851139593
0.84822300277107
0.8943619136702975
0.9418255464244597
0.9909606734872034
