0.0
0.11132194707950041
0.22094829588160952
0.32240760349006037
0.41686568665964935
0.5024505869263742
0.5812677530407678
0.6462626350738877
0.7066998793608114
0.752531565593179
0.7938831930748962
0.825620100683622
0.8497361469860023
0.8711331268234432
0.8896779171714436
0.9045209813975963
0.9191562873605266
0.9353189285276547
0.9525803250623771
0.9787136025314611
1.0
0.003120610318286162
0.09982302233771728
0.19450652137571955
0.2844153476138128
0.3657315150605207
0.44412544537240517
0.5115976080603732
0.572792489433788
0.6234566809564221
0.6729799320513591
0.7101830224931598
0.7460621798456135
0.7739925972007882
0.7987130898210503
0.8234829863572855
0.848777824370732
0.8728184967890389
0.9023560623070532
0.9323917411493209
0.9674000326920154
1.0
0.001907743056666667
0.08467703033219329
0.16473339362763895
0.24302080905798223
0.3130412792079744
0.3795536318299096
0.438603977508215
0.4922501946151026
0.5404567317934545
0.5851487787914309
0.6245879361993941
0.6621168931198819
0.6948760115601447
0.7236235137842019
0.7581105301114845
0.7904315099532787
0.8251152965982416
0.8645882808203652
0.9061741959532115
0.9550388883434272
1.0
0.003812041779783883
0.07156193011522047
0.13744840296108551
0.19889268975772967
0.25759207229163933
0.31316770442354
0.36403269241954933
0.41242724369104056
0.4546161153879551
0.4957928298053036
0.5349638771019473
0.5723659251003498
0.6104712984107713
0.6480466111098946
0.6868758737117591
0.7268595287636941
0.7764729087448752
0.8277328470048355
0.8802627162839535
0.9406683765217705
1.0
0.0027530837328318203
0.05498146534585492
0.10647584757303186
0.15442036817247376
0.20095019411028883
0.24537100804921913
0.2862957124737797
0.3272133751794409
0.36548443288940047
0.40554332168096274
0.44574805552114705
0.482810732111939
0.5261708577819952
0.5681390795490524
0.6171726747109859
0.6676425706415343
0.7246739790589565
0.7864971072436654
0.8532337352801654
0.9273960800425652
1.0
0.0
0.03806326662269617
0.07217989544322434
0.10740579975368417
0.1436465669662666
0.17624072671541555
0.21271823971072934
0.24442550402087013
0.2781378102993406
0.3168414304463505
0.35287182053845606
0.39672107800220524
0.44265269633738275
0.49326430305552815
0.5468448073625594
0.6058702631793291
0.6761969580584972
0.7480528390471988
0.825199909497131
0.912953775998329
1.0
0.0
0.02116131648040338
0.04093078252683038
0.06432669223650335
0.08516038410905673
0.10867419203903186
0.13402882703873004
0.1618192685361219
0.1923260626530655
0.22686114738716862
0.26505969383889705
0.3090705497494569
0.3601559507382269
0.41485605983569285
0.47733139467477315
0.5481127380935948
0.6257800196022981
0.710015105120113
0.8000094622866434
0.899526819299829
1.0
0.0
0.005789398682987092
0.010425817364484655
0.019564268502620136
0.03264658079984489
0.045116995183257624
0.06256889985029745
0.08217848510300624
0.10828443941432181
0.1396737143303119
0.17860021859696035
0.22164641294532922
0.2773619281112325
0.3384816285626271
0.4099895750348063
0.4877482262730552
0.5766347131517942
0.6694580929895229
0.7762644714000301
0.886573506354911
1.0
0.0
0.0
0.0
0.0
0.0
0.0
0.0
0.004178609481116591
0.026192635960476773
0.0566388652214917
0.09208089824064869
0.14072548324337797
0.1966818473156864
0.2634206726912469
0.34090499587413664
0.4289776884945867
0.5279655739280562
0.6345406953646188
0.7516758144931964
0.8731909815058093
1.0
0.0
0.0
0.0
0.0
0.0
0.0
0.0
0.0
0.0
0.0
0.012169753494250202
0.06097089783944343
0.12006641231528625
0.19147075789538404
0.2768182000692402
0.37332669616423075
0.4812457552600022
0.6002459498085145
0.7263594733391093
0.8628312623142788
1.0
0.0
0.0
0.0
0.0
0.0
0.0
0.0
0.0
0.0
0.0
0.0
0.0
0.0458730332552274
0.12200498272496307
0.21590297206902487
0.32029963189592203
0.43466763912051787
0.5653373020735872
0.7031983977762675
0.8515932012623683
1.0
0.0
0.0
0.0
0.0
0.0
0.0
0.0
0.0
0.0
0.0
0.0
0.0
0.0
0.05747052975022915
0.15339564715458043
0.2668635427016166
0.39090164618974077
0.5310004457099646
0.6812691353881777
0.8401200289345467
1.0
0.0
0.0
0.0
0.0
0.0
0.0
0.0
0.0
0.0
0.0
0.0
0.0
0.0
0.0
0.09763569673544825
0.21705789733037173
0.35053722506193485
0.4993171160766289
0.6570183004284637
0.8269441982761594
1.0
0.002318638867549615
0.0
0.0
0.0
0.0
0.0
0.0
0.0
0.0
0.0
0.0
0.0
0.0
0.0
0.04066553657062488
0.16944585090660413
0.310079311375969
0.4673446841711822
0.636691142557733
0.8178258729898826
1.0
0.003887874606074015
0.0
0.0
0.0
0.0
0.0
0.0
0.0
0.0
0.0
0.0
0.0
0.0
0.0
0.0
0.12514630706122543
0.2710384225260356
0.43890667273573664
0.6149553562088661
0.8058881669665822
1.0
0.006578338135857079
0.0
0.0
0.0
0.0
0.0
0.0
0.0
0.0
0.0
0.0
0.0
0.0
0.0
0.0
0.08197788658799932
0.237708114238653
0.41027593046605537
0.5964273576595949
0.7934961850858868
1.0
0.007734822112313225
0.0
0.0
0.0
0.0
0.0
0.0
0.0
0.0
0.0
0.0
0.0
0.0
0.0
0.0
0.04366550006980341
0.20220955521826178
0.38281252799343013
0.5770315381516772
0.782730561970897
0.9999188295591241
0.008841476217564844
0.0
0.0
0.0
0.0
0.0
0.0
0.0
0.0
0.0
0.0
0.0
0.0
0.0
0.0
0.007028422242674526
0.17360282163752927
0.3590435736420523
0.5603215563668702
0.7725413683816157
0.9969040013821258
0.0007174725447391657
0.0
0.0
0.0
0.0
0.0
0.0
0.0
0.0
0.0
0.0
0.0
0.0
0.0
0.0
0.0
0.1483831227731479
0.33817059524621984
0.5438900785127565
0.7657172649015672
0.9934491141332634
0.0
0.0
0.0
0.0
0.0
0.0
0.0
0.0
0.0
0.0
0.0
0.0
0.0
0.0
0.0
0.0
0.12621077198790975
0.3216581145584987
0.5317066307878235
0.7571850489638107
0.9922313542254638
0.0
0.0
0.0
0.0
0.0
0.0
0.0
0.0
0.0
0.0
0.0
0.0
0.0
0.0
0.0
0.0
0.10854515168528667
0.3059921877995221
0.5219295347384241
0.7536620455453862
0.9938710098439705
