0.010785745618396738
0.0
0.0
0.0
0.0
0.0
0.0
0.0
0.0
0.0
0.028834347456691
0.0814887015864395
0.14056253514380446
0.21281731983983332
0.29586545428293054
0.38902126317653896
0.4933854098417351
0.6084603685734283
0.7333496912467664
0.8680622757299385
1.0
0.007091581197576442
0.0
0.0
0.0
0.0
0.0
0.0
0.0
0.0
0.011228703942703033
0.051788304665934204
0.10422904507571851
0.16029080173892296
0.23090249668208174
0.3125445936517091
0.40485037225408066
0.5041541409799003
0.6167798307302284
0.7387251544920075
0.8684824695968802
1.0
0.003692277023890257
0.0
0.0
0.0
0.0
0.0
0.0
0.0
0.008627224839497405
0.03770074740911017
0.0796132959611997
0.12814027232226827
0.1856971234456667
0.2531351799741041
0.3317027488972191
0.4194339258407708
0.5186743877798977
0.6263125240665177
0.7435397809147597
0.8705764156352838
1.0
0.0010736820206209683
0.0
0.0
0.0
0.0
0.0
0.0
0.009628030106853591
0.03461423293363969
0.06839257908797897
0.10895864541187816
0.1570107041410963
0.21161956279017613
0.28048273012446406
0.35470715991682533
0.4385060453831525
0.5324749759845113
0.6390068174180925
0.7493474518266675
0.8724214806474544
1.0
0.0014011863450026757
0.0
0.0
0.0
0.0
0.0013736111794505623
0.018844217122198526
0.042615521757078056
0.06794407513144612
0.10045772065818503
0.1418266359139303
0.1908703996702894
0.2444810558026354
0.3087551535492715
0.3789157651434622
0.46076311148181615
0.5525284449193932
0.649037042986528
0.7568619664791701
0.874531447105214
0.9994591072284833
0.0019129136782379003
0.0
0.0
0.0012409877581427142
0.015054254338740386
0.028892930453937815
0.04684375111478034
0.0714780954574693
0.10199651880720723
0.13728930657170235
0.1760849420688788
0.22648166507658474
0.2790617327898042
0.3396487592487293
0.40867069448297816
0.4870519498507432
0.572255971990121
0.6662208482718563
0.7691011985264742
0.8811821136357456
0.9992804420823662
0.000579348669544674
0.004369269266386318
0.010192511988706215
0.019623761801896816
0.03330533267139879
0.054629430218527814
0.07675440446214157
0.10625462034607869
0.13612656526802136
0.17475034582349286
0.21419894500978665
0.2616551773774165
0.31308470917634595
0.3733444525275745
0.4402275273592787
0.5133112960566645
0.5933325387714494
0.6827175459027737
0.7789940016918451
0.8839632476533068
0.9959114281106067
0.0029776882553664724
0.008501296680772007
0.021088370975267667
0.037256966160248164
0.05606519426996223
0.08044267598506491
0.10794108480434422
0.13922013588192614
0.17319702304762136
0.210740287809011
0.2523959927100052
0.301121308184393
0.35167391643162466
0.40928468151424807
0.4711918409394737
0.5398557349806501
0.6146815645557513
0.7017030787294976
0.7922814717966807
0.8901403036943103
0.9952141999722143
0.0014953841249862776
0.015160167008956157
0.03171033794458711
0.05318861914897147
0.07965398623331504
0.10468173592749042
0.1384855594124293
0.16854308648760294
0.20792169703965283
0.24825403637266724
0.29030112195236385
0.33928619780539543
0.38849485529545214
0.4442211061394871
0.5038270986854559
0.5690462694677891
0.6407718655462155
0.7189744002947278
0.8035746543252746
0.8960110577653846
0.9950655141817156
0.004453243965438237
0.023016826261175995
0.04426182995990133
0.06950585344556486
0.09945843396154173
0.13071974118348578
0.16506485214506028
0.20058384689155576
0.24081712720997306
0.283215261852811
0.32657692671466587
0.3739201593003452
0.42410512634968306
0.4771231892040165
0.5365751074463475
0.5962115636683396
0.6656415465844321
0.7363911999895175
0.8171002905686341
0.9023730399640503
0.9937716980937574
0.003298323905209999
0.027965080843009645
0.05410435681100421
0.08577938911004393
0.11904094709626677
0.15596313639987555
0.19365176618142466
0.23372503659059293
0.2743944001801333
0.31819455591882656
0.3614397323223283
0.4107160820751611
0.4586979929892985
0.5089550553648537
0.5660232056804294
0.6252796187108902
0.6875770352578853
0.7550189154832727
0.828671732588657
0.9087980029374764
0.9940173483280004
0.0035496768648079604
0.03343651361189059
0.06361663857438049
0.09753359229856026
0.13741483961846757
0.17631862478803972
0.21865762708910258
0.26069129079052666
0.3048715570352189
0.3491268226841421
0.3935121466824994
0.4424865467210184
0.49045285916372794
0.5423451162230866
0.5920646796979814
0.6506065030844619
0.7094063474042182
0.7737503817479361
0.8411004087560404
0.9130590180392497
0.9928254555235774
0.002197703293607846
0.03389568100809637
0.07051206618024403
0.11010286029046648
0.15144802423546624
0.19461120066699816
0.23910509520586026
0.2844998102403409
0.330639607609974
0.3763416298466643
0.42320623670131363
0.4714109069020055
0.5188408387350956
0.5674269189449312
0.6190296281061397
0.67262100859745
0.7274896260354531
0.7886606114883146
0.854354947298783
0.9219864292369034
0.9919138811182785
5.025734367212738e-06
0.03713926741004194
0.07681895496948521
0.11929422390090001
0.1633859838059935
0.21031719538001514
0.2570057603207304
0.30370533444557885
0.35238822280553617
0.399563288429559
0.44711951337100164
0.4964845187686573
0.5439956238215625
0.5905899476886108
0.6416343527211729
0.693850725662867
0.7458701407487014
0.8020173032157965
0.8627291734812527
0.9267075076341037
0.9938563947683273
0.0003388866629243547
0.03659877546210596
0.08003309424396071
0.12348192031327263
0.17207829433508773
0.22146101371355836
0.26871986638557427
0.3207898168403255
0.36830682958137917
0.42034357397462463
0.4680480466420035
0.5154028305136242
0.5637069159744049
0.6105270760675607
0.6603924801785053
0.7111799005872017
0.7621163270572082
0.8155500926968724
0.8695289071596176
0.9297487761750914
0.9941682761938146
0.0
0.038296077707372186
0.08195478436513019
0.1291803376477161
0.17984438922754775
0.22948383320415874
0.28076730130894745
0.33196339282062653
0.38288654837174796
0.4333165610105953
0.48439146235668873
0.532631435811853
0.5800394722920819
0.626403370191139
0.6762750173926398
0.72469134296758
0.7735161145368408
0.8240905804495925
0.8782653378013103
0.9369766737032754
0.9965565988693343
0.0
0.038500529174876244
0.08401013036698486
0.13199458390861274
0.18334262215749733
0.2340848505886443
0.2886943447267893
0.3408185411248246
0.3960162579548894
0.4437791319516688
0.4932096138216294
0.5430619201899729
0.5912428014913553
0.640610131125645
0.6869492348359919
0.7352963653947129
0.7825222953233968
0.8345130847280617
0.8859575523795197
0.9403743960745967
0.9968832209201658
0.0
0.037604194376393105
0.08565253131712193
0.13426288535866843
0.18641514067747908
0.24217401484865492
0.29310067268762324
0.34579712427952636
0.40027796634904145
0.4509649881864339
0.5034907925413697
0.5524397817432215
0.6028688875335559
0.649140209625545
0.6960911151468935
0.743759407452474
0.7917879344940231
0.8412907782471093
0.8921363307002201
0.941974268599504
0.9995820022977149
0.0
0.036303069770613684
0.08327437864311102
0.13810008414867592
0.19099715480736684
0.24217854754000004
0.29693551012176855
0.3506730850501462
0.4046089100761187
0.45725097108761026
0.5090692067221164
0.5563439158771637
0.6081363124068953
0.6575502536020431
0.7044040156264326
0.7508737508778365
0.7977007473082652
0.8470896868189794
0.8958820921290322
0.9487603614705435
1.0
0.0
0.03848411164085622
0.0872679589059783
0.14097099177420222
0.19203669404213491
0.2462494011463478
0.3016579643048193
0.35439961281627524
0.4082565845243384
0.46130344736646123
0.5137495608579682
0.5614112969765469
0.6137226399104501
0.6610817880796126
0.7091098413587323
0.7572559381301429
0.8041585946002249
0.8524905219462146
0.9029650185845747
0.9535673717636047
1.0
0.0
0.04455920604233545
0.09530788988297655
0.1453801387748613
0.1996122252708955
0.25100799580032196
0.3051521415408055
0.36132176797441334
0.4106411717207754
0.46459610013752745
0.5166250556225989
0.5644555851492995
0.616974416809172
0.6659073784362989
0.7140886293181197
0.7620861624975038
0.8111150116878768
0.8581997922386058
0.9104208551854635
0.9597126994428962
1.0
