0.0
0.0
0.0
0.0
0.0
0.0
0.0
0.0
0.0
0.0
0.0
0.0
0.0
0.018218335605267644
0.11066662583273379
0.21775017453197654
0.34412483147576234
0.4826071230560157
0.63307076563729
0.793315761605257
0.9603389261481787
0.0
0.0
0.0
0.0
0.0
0.0
0.0
0.0
0.0
0.0
0.0
0.0
0.0
0.042214247130979654
0.13547748640693702
0.2448818804134001
0.36998355583002396
0.5082114675670293
0.6583088759380292
0.8151819800530062
0.9800747730784176
0.00120387916184683
0.0
0.0
0.0
0.0
0.0
0.0
0.0
0.0
0.0
0.0
0.0
0.0
0.05904857234385952
0.1544644883202736
0.2645257459326811
0.39057078827896013
0.5256682000562916
0.6743953477668273
0.8302692223399623
0.9918160216003418
0.003772226724388086
0.0
0.0
0.0
0.0
0.0
0.0
0.0
0.0
0.0
0.0
0.0
0.0
0.07239136192196405
0.16712632740649747
0.2774402437750554
0.4007192912639586
0.5392801833914129
0.6842033502645257
0.8412078942706251
1.0
0.00584044648633009
0.0
0.0
0.0
0.0
0.0
0.0
0.0
0.0
0.0
0.0
0.0
0.0
0.077397887487474
0.17257202854128684
0.28227343842411323
0.40837927952778286
0.5458853034192146
0.6915214087884771
0.8461156484265797
1.0
0.006157793475466504
0.0
0.0
0.0
0.0
0.0
0.0
0.0
0.0
0.0
0.0
0.0
0.0
0.07617274154002363
0.17502944167864332
0.2876586970390772
0.411435999813658
0.5487455370756527
0.6929927412742756
0.8482520789555721
1.0
0.0048242602799371615
0.0
0.0
0.0
0.0
0.0
0.0
0.0
0.0
0.0
0.0
0.0
0.0
0.07311770684805263
0.1710571835986745
0.28363420860884303
0.41107200292712065
0.5479029832409974
0.6927963907296668
0.8461611171618302
1.0
0.003474855135890782
0.0
0.0
0.0
0.0
0.0
0.0
0.0
0.0
0.0
0.0
0.0
0.0
0.06615226202699498
0.16673848786211887
0.2769829165793817
0.4065425430063288
0.5425981158140059
0.6914696992260226
0.8447042182732226
1.0
0.0027323437586670653
0.0
0.0
0.0
0.0
0.0
0.0
0.0
0.0
0.0
0.0
0.0
0.0
0.05630944170158814
0.15763523377530708
0.2735921451137041
0.40145564687667795
0.5393245229522727
0.6856163547165506
0.8412990003464978
1.0
0.0
0.0
0.0
0.0
0.0
0.0
0.0
0.0
0.0
0.0
0.0
0.0
0.0
0.04412359690429901
0.15058257815039855
0.26615070898037096
0.39429706518672886
0.5332983403181977
0.6811684725344946
0.8398919623166656
1.0
0.0
0.0
0.0
0.0
0.0
0.0
0.0
0.0
0.0
0.0
0.0
0.0
0.0
0.037075632909552625
0.14183249010579846
0.2603738534584925
0.3900655560644195
0.5285827346470688
0.679387583687398
0.8360888620096216
1.0
0.0
0.0
0.0
0.0
0.0
0.0
0.0
0.0
0.0
0.0
0.0
0.0
0.0
0.03149851985597163
0.13400680731958958
0.25534339602527323
0.3850385671695258
0.5265114269082835
0.6764493513046284
0.8340918304355641
1.0
0.0
0.0
0.0
0.0
0.0
0.0
0.0
0.0
0.0
0.0
0.0
0.0
0.0
0.022949387725299086
0.1295074152285689
0.2488653451172146
0.38003652257963516
0.5226451731582828
0.672142904331104
0.8352902322614632
0.9979998376480251
0.0
0.0
0.0
0.0
0.0
0.0
0.0
0.0
0.0
0.0
0.0
0.0
0.0
0.02107916971235091
0.12711754467781955
0.24608301307462
0.3788959561215357
0.522936070701145
0.6723945984851842
0.833256117639483
1.0
0.0
0.0
0.0
0.0
0.0
0.0
0.0
0.0
0.0
0.0
0.0
0.0
0.0
0.02317556900208162
0.1277117218676651
0.2465371992065215
0.3808431690595752
0.5227875545767794
0.6767143549222274
0.8371168933296167
1.0
0.0
0.0
0.0
0.0
0.0
0.0
0.0
0.0
0.0
0.0
0.0
0.0
0.0
0.025769199493801187
0.13402186505778568
0.25343145666763256
0.3846566443082417
0.5282527594317443
0.6772591369045416
0.8392810582628376
1.0
0.0003143183074104611
0.0
0.0
0.0
0.0
0.0
0.0
0.0
0.0
0.0
0.0
0.0
0.0
0.03552815745174531
0.14099784014439987
0.2598558856887473
0.3919504179339699
0.5326468371436289
0.6842361632884708
0.8408516253180106
1.0
0.002275829987715739
0.0
0.0
0.0
0.0
0.0
0.0
0.0
0.0
0.0
0.0
0.0
0.0
0.04709134102977808
0.15332574229207574
0.2680840343820402
0.3983468616407625
0.537587963524609
0.6864652912311968
0.8421638174871393
1.0
0.004312986543685553
0.0
0.0
0.0
0.0
0.0
0.0
0.0
0.0
0.0
0.0
0.0
0.0
0.0667009042748199
0.16665903783082725
0.28127372199336287
0.40894020805975506
0.5466387269267582
0.6912617717560425
0.8441031287806511
1.0
0.002651720973772268
0.0
0.0
0.0
0.0
0.0
0.0
0.0
0.0
0.0
0.0
0.0
0.0009733565384286713
0.08780578861465194
0.18763690229270658
0.2986786696870568
0.41975319061476785
0.5534569027434515
0.6937737102584826
0.8454225443668426
1.0
0.005125794549458039
0.0
0.0
0.0
0.0
0.0
0.0
0.0
0.0
0.0
0.0
0.0
0.029273680986502182
0.11157605016944805
0.20500184131090393
0.31557815344625184
0.432672735568927
0.5611741076139871
0.6973616280278676
0.8421785393779557
0.9917965200289458
