0.010530258342618535
0.009930139405350563
0.0016710446940078338
0.0
0.0
0.0
0.0
0.0
0.008523511620643909
0.037209704450404946
0.07538499983203467
0.1286368258814748
0.19333378423738018
0.2698563927671707
0.3572034016385171
0.45263691651351773
0.5564092146004288
0.6651965247964422
0.7747523628973005
0.8870361979183771
0.9914181418247258
0.00870811611373733
0.008664669082591267
0.001999847360938431
0.0
0.0
0.0
0.0
0.0
0.017234172116120217
0.043291628030585616
0.08388351941044814
0.13613712443933235
0.20085346478479726
0.2767941503672959
0.3634364856775579
0.46101050329103876
0.5628737154162827
0.6711599404562192
0.779709537448434
0.8885604795482446
0.9946582777737311
0.00493658303440544
0.005661026100162551
0.0035867787882694763
0.0
0.0
0.0
0.0
0.002139145287133215
0.023147535445188883
0.049695978806145125
0.09196845237279838
0.14371155079728615
0.20762557337969767
0.2834691577874448
0.3716479214298192
0.4669689622347303
0.5674104471748169
0.6747466494711805
0.7864346474678774
0.8901773403080546
0.9920523734594351
0.003762623690967428
0.006332218503590066
0.003313764011796533
0.0
0.0
0.0
0.0
0.008058855453590474
0.02904949017889269
0.057081980540957034
0.09812967710905945
0.1525419592004711
0.2183435712618843
0.2921703582800637
0.37968537879534353
0.47474886175110975
0.5785404480919256
0.6819845471042761
0.7897332435301117
0.8947965582621847
0.9927044424509333
0.004611298073595239
0.006193098584113155
0.0041545355811453966
0.0009574518564017531
0.0
0.0
0.0014136761598497194
0.014612913279099748
0.03314536273714486
0.06483350481169808
0.10645492745107299
0.15939233064821168
0.22588890038112236
0.3008632195846058
0.38906218317733066
0.4843532338681304
0.5854410001954511
0.6899311597906193
0.7956038386338617
0.8968907376300329
0.9970488378846903
0.0036237345824819975
0.0069302181378026045
0.005095328005229591
0.0008266300602193244
0.0006720850747896912
0.000885994619044761
0.005843873666310173
0.01929196768958752
0.040855274735937364
0.07211296834206238
0.11352043337217493
0.1685413279261947
0.23214403643659837
0.3090222234030542
0.3957417308348571
0.4916781026696008
0.594666869793496
0.6978559321577233
0.8000191601853928
0.9029578709549867
0.9989646904443853
0.00465963896326862
0.007344631478744319
0.006465920809890918
0.004463394170137747
0.0008211947502917427
0.0031375905806235727
0.009680940323325504
0.02324807050754285
0.045042814450187485
0.07585701353863389
0.11895972311644026
0.17500083407158223
0.24248793501113125
0.3171374500920295
0.4060154145608213
0.5009476972170873
0.5990949710558962
0.703571939356499
0.8077392971709227
0.9057336714119548
0.9992934553379693
0.004472884477590853
0.007245347704580629
0.006697440127068188
0.004511956585402488
0.0043991072025958144
0.005293446877274455
0.012917701235421908
0.025495850021088284
0.048692191734129864
0.08223475408610009
0.12674523066810228
0.18119671647241065
0.24840926751410608
0.3275581005913264
0.41442931778392766
0.5065961348020536
0.6093583171069406
0.7098489509412036
0.8135421750215459
0.9115511850360394
1.0
0.005629002947586518
0.0059882809728838415
0.006376653876000782
0.003582747838115602
0.0038004450874785656
0.0068714837183740385
0.011935988762714178
0.03133471325538428
0.05309277524710915
0.0874017855187697
0.13279787327954096
0.18665512388950928
0.2539431169983681
0.33367677500592896
0.42187119138530144
0.5158949380879124
0.6152377618576188
0.7158531776082975
0.8159128996334828
0.9121909912821103
1.0
0.0046498860598146565
0.007769514394520921
0.005455186115435037
0.004002513079712278
0.0029287987708467578
0.0056736513812433165
0.015024783798399721
0.03174355229346071
0.05489681643889527
0.09282497357746616
0.13583245470855898
0.1945789704633239
0.26183372189357096
0.3415210817327905
0.4268372553842484
0.5219581725955156
0.6219819347520725
0.7217953648664748
0.8209045290365213
0.9146865941967639
1.0
0.0011386949903141445
0.003319717982074713
0.003448582819612564
0.0009560134681899646
0.003000736300120127
0.007090752328101857
0.016069793420349365
0.03155505339357667
0.05934992299467118
0.09260657924235499
0.1416151403780876
0.1976944451439136
0.26481804464734865
0.3478099370815168
0.43307197220993127
0.5268957922087432
0.625227544300776
0.7236507282744193
0.8217842763027072
0.9164048998525152
1.0
0.0012108171723951694
0.001867845400490703
0.0
0.0
0.0016963298390580972
0.006453933032386061
0.014707590877467647
0.03318095838104995
0.06094855437245905
0.09615574839817259
0.14555713835717382
0.20330733184455185
0.27328216729289173
0.3519521905018194
0.4377816202322925
0.5325438246571481
0.6286978771122139
0.7284732339972906
0.823993243360809
0.915299820039906
0.9973479972377799
0.0
0.0
0.0
0.0
0.0
0.004715616303333614
0.014025467934841218
0.03337174853916103
0.06281155703998725
0.10138668088099351
0.14926606539807058
0.2077388965719923
0.2760980305414319
0.35658605465479
0.44401908585457983
0.5368583218374259
0.6327978385839625
0.7311819583546587
0.8247568736933459
0.9132352434311791
0.9933429163008426
0.0
0.0
0.0
0.0
0.0
0.005447823255541551
0.014537804513680641
0.03534861945533724
0.0642247117129105
0.10153251362205706
0.1530986323629248
0.21074435878968623
0.2825714763448877
0.36255782956135596
0.4495412277548606
0.541509254884265
0.6363953066548553
0.731131595267783
0.8245192095009651
0.9121549471903203
0.9911339837112488
0.0
0.0
0.0
0.0
0.0
0.0001817553933237126
0.015780241746297885
0.03646941339747595
0.06645452760196979
0.10567407012413188
0.1572618586639994
0.2169316297895844
0.28585430476858065
0.3689445090910726
0.4560193890042516
0.546842729775695
0.6423749333139707
0.7352991207378168
0.8280694885905453
0.9108255988081915
0.9883699065019931
0.0
0.0
0.0
0.0
0.0
0.0023882503472063
0.01831889830088701
0.0395357883162325
0.07182181259682674
0.11405342957046721
0.16506139231695327
0.22641162413066723
0.2958098434704919
0.3753538011456835
0.46282320026328194
0.5549074592030512
0.6463615163924897
0.7390697489213786
0.8298818516959573
0.9115127513601206
0.988324790007428
0.0
0.0
0.0
0.0
0.0
0.007689119501311792
0.0234360775610839
0.04543406301163533
0.07838956882408732
0.12085182624332097
0.17117856394638176
0.23550491097727205
0.3053528466654032
0.3853134985178016
0.4715675681240698
0.5620063567064507
0.6540534305667569
0.7450932234299439
0.8306655612157113
0.9163620444227625
0.9875145855053359
0.0
0.0
0.0
0.0
0.0012324433940190949
0.014077052129460588
0.030649121792057643
0.05586143670889476
0.0885023425174275
0.13164726761526652
0.18517298291358747
0.24717279273069787
0.3202807379754992
0.39930761052382363
0.48320390681311043
0.5716238693109933
0.661865181543029
0.7536102119685124
0.8400511931931707
0.918972291373233
0.9908099700101061
0.0
0.0
0.0014956773080886804
0.003151310197652246
0.009315174917677277
0.023195620963335578
0.040080388962584035
0.06773188227335741
0.10251748500573771
0.14810533011069316
0.20222326704935167
0.2652123335745023
0.3367080136602819
0.41608476302768543
0.5011425349603573
0.5859345352945106
0.6770894743925755
0.7645632943875463
0.8490451565571476
0.9284428674714607
0.9961330779833342
0.00496490302262839
0.0062543263541565
0.008816059433293666
0.012703242541646842
0.021926655353224744
0.036037689888361035
0.05676581360029276
0.08273261123546671
0.11901223459961602
0.1660096094541597
0.22019427379994427
0.2858046054303723
0.35664005221134104
0.4357315503079878
0.5193760677668529
0.606438954336363
0.6954165773346472
0.7800102594725059
0.862611327834094
0.9390665947992717
1.0
0.014567077698743925
0.017417885068261994
0.021910339908363788
0.02851935081259814
0.03829126175656922
0.053564980361944736
0.07648441353424401
0.10622192436666872
0.14394789027539562
0.19079535169784678
0.24515996100539061
0.31130850675439387
0.3844607451306405
0.4591878955458917
0.542571755700523
0.630308139360506
0.715318115155554
0.8005290591778425
0.8800494152018731
0.9550019223360072
1.0
