0.0027808609303521625
0.03432151766534468
0.07380804765560209
0.1198150557986907
0.17727167978556846
0.23749632878872076
0.30508316088385884
0.37757845661240386
0.4469393879956372
0.5208382693022212
0.5912861732804285
0.6566108642422422
0.720023880620192
0.7790469915513482
0.8303727472396162
0.8750187226759858
0.9140910589593808
0.9451849511380553
0.9701540907839636
0.9865095337557254
0.9941878637382396
0.0
0.033907471738370464
0.07355314539149388
0.12357686305440568
0.17837037605661643
0.2415602287255684
0.30694291636764676
0.3783586485518294
0.44762744101247265
0.5191237821091956
0.5865297735779219
0.6535362359882211
0.7153192911730899
0.7719768481825519
0.8238929920108979
0.871095590300049
0.9087985400729706
0.9422627312278322
0.9658890154954998
0.9844048116825249
0.9976916219145278
0.0
0.032979727596390944
0.07358770657182793
0.12450166243874623
0.18023523245789555
0.24120931896376888
0.3087913892782362
0.37770596996268213
0.4472895072763099
0.5156767142423667
0.5834722322076586
0.6508409593643184
0.7111341652126415
0.7679948671883886
0.8188672157912531
0.8652451374325869
0.9029218865025813
0.9358874329983529
0.9608313151162203
0.9805763304497671
0.9975381071507522
0.0
0.031850531404177415
0.07391848613041718
0.12575152383188262
0.18036843380026482
0.24333909212328392
0.3072040089782711
0.3749194920119945
0.4435493408089967
0.5124821524859378
0.581434537426177
0.6437472289487411
0.7038479649516431
0.761773111507822
0.81128870589845
0.8577727551891908
0.895669124805644
0.9320613759103699
0.9576609459467852
0.9811325677701018
0.9974004539104655
0.0
0.030561254245780087
0.0772118839599779
0.12554711124104878
0.18291514882118756
0.2410583642975128
0.3049585092056859
0.37246898346779306
0.43876141605928926
0.5064756567504608
0.5734943360208699
0.638998978461585
0.6972284611346151
0.7569019821897636
0.804305839142675
0.8505094106083728
0.8921743782275715
0.9243506054448406
0.9537656941935243
0.979272360039769
0.997133593103475
0.0
0.0331557232205132
0.07537000732719637
0.12462949499876441
0.1793431881258641
0.2374836032213354
0.3025813537650135
0.3658864468179328
0.4329671795048724
0.5004345326270637
0.5655675061977403
0.628106862963938
0.6881399861279952
0.743696506186593
0.7964554319934034
0.8431355886687739
0.8837697135708606
0.9203962267321886
0.9529410977735207
0.9782825015118828
0.9983009470573128
0.0
0.03316826010271716
0.07457602917121163
0.12240885462145465
0.17564649566736323
0.2331673116902853
0.2942540659262858
0.35797674041112726
0.42401012084181866
0.49062097733635796
0.5557064506552504
0.6157388269523126
0.6787347576157511
0.7358286833218027
0.7867456359885149
0.835671708915447
0.8768769290627728
0.9144984022097709
0.9464515906799907
0.9733413917657096
0.9968809192268513
2.4477325883470562e-05
0.034744266682902765
0.07305520321493025
0.11823256043694541
0.17114798794273584
0.2228547755136578
0.28479526330220317
0.34748977351170446
0.41025862397547375
0.4766908479947484
0.5416603721032462
0.6024806536755677
0.665320726953193
0.7225096279253347
0.7765476233174187
0.825763384240359
0.8700763055878328
0.909003764823961
0.9428742415127742
0.9733300646769035
1.0
0.00038503363990696066
0.029224873743040343
0.06766675337951414
0.11129825591521705
0.1596095206880364
0.21479109402317165
0.27156375728830423
0.3346571272465455
0.39572500348594614
0.4620220590111299
0.5255740790166716
0.5905660199715184
0.6507907625416083
0.7106652913320832
0.7655585644816965
0.8138185986618396
0.8610397728208733
0.9024227417670877
0.9394815451189681
0.9698365957713864
0.9985655900587279
0.0024465073248948798
0.027895689637347433
0.0633937929989974
0.10217008715369641
0.14903321389882687
0.2000352609176266
0.25632215584487394
0.31640699819239243
0.37739908858494386
0.4438069872961732
0.5054485071425684
0.5692499162670499
0.6330296463411099
0.6909859486891375
0.7502190634271255
0.801702299800429
0.8507206040134982
0.8939303016471949
0.9326165420674669
0.9694724575566391
0.9994663671044407
0.0
0.023272594138375846
0.053270809803717456
0.09211101407920344
0.13571839785000953
0.18437649050738156
0.23693151583074537
0.29630812123557504
0.35626530389912625
0.4215405046017431
0.48571769214125654
0.5496883770971552
0.6138531116612072
0.6756963259111326
0.7357255693067172
0.789399517894926
0.8381215020825836
0.886897315341855
0.9279762010446109
0.9660986424378372
1.0
0.0
0.01856771518548176
0.045598976386786845
0.07798552424008302
0.11827724005510638
0.1643739333281399
0.21609266175221534
0.27211872309823665
0.333349680915409
0.396979456822397
0.4627143035271212
0.5278416129124641
0.5909808752822872
0.6572361370687704
0.7159977016709054
0.7753739070206523
0.8293574559126244
0.8779394338205663
0.9226438306831052
0.9623267752272666
1.0
0.0
0.011329024563415592
0.03380702149119323
0.0657544287695361
0.10033727150967918
0.14565106789331345
0.19355395679924758
0.24659120432574194
0.30621345151684765
0.3718710592468498
0.43513896005338576
0.501596064774773
0.5675936447598442
0.6357437198948934
0.6976088339650002
0.7565933353421902
0.8127000289126901
0.8691751660467073
0.9172938791636079
0.9610545202216932
1.0
0.0
0.0032442627539770313
0.022786423580798146
0.0494451630791965
0.08352800667786615
0.12327020603306563
0.1705301112288048
0.22301370342132676
0.28311886830558186
0.3436705574023803
0.4105542982159246
0.4783978209107982
0.5436573863679984
0.6135349332125704
0.6794152886891417
0.741135917181509
0.8025503783381246
0.8592789348658252
0.9110189488565545
0.9582751487507036
1.0
0.0
0.0
0.011274781954597052
0.03404841406335708
0.06491352388730137
0.10244454947874199
0.14617505746351625
0.19704595977713532
0.25590373011906886
0.3154820165158548
0.3804267277648018
0.4493996753000926
0.5183704789091672
0.5895273405651312
0.6581558383907282
0.7225699026606844
0.7863338953679126
0.8457167402662323
0.9036002213424963
0.9527020994489904
1.0
0.0
0.0
0.0021425346525628802
0.01961929921755634
0.04548751621021477
0.07972677273673759
0.12043132601401171
0.17185886125139538
0.22858801399458484
0.28938242467603015
0.35378319522090695
0.4214643303959338
0.49432735220239354
0.5664296163819991
0.6369317961478345
0.7066025237293532
0.7740876774413188
0.8353826482703405
0.894997515582519
0.9526549060338025
1.0
0.0
0.0
0.0
0.008196498902393129
0.030955734547497643
0.06130924664579507
0.10099406014278126
0.14621384969273557
0.20249010408859716
0.26135610567284323
0.32687921537537984
0.39855234526633254
0.46991380606091765
0.5428977767429372
0.6173006688301506
0.6893301241175556
0.757337168242592
0.8244224977522933
0.8893136307796927
0.9479433878967972
1.0
0.0
0.0
0.0
0.0
0.018015397211458478
0.04444312612534371
0.08078438621106646
0.12687893251163596
0.17730354171453883
0.2384791326146966
0.3055809346218209
0.37385898112046134
0.4465674968427686
0.5214016675196167
0.5967012286854895
0.6715085191428911
0.7439380773806396
0.8151495080353377
0.8798544462774859
0.9408281967237418
1.0
0.0
0.0
0.0
0.0
0.007491763562469417
0.03040369793039449
0.06324472528461422
0.10774876349864815
0.1584100244237167
0.21545143137417594
0.2793350712588199
0.34934925738029005
0.42218668777118845
0.4991491529482816
0.5760759923421492
0.6526568038066412
0.728401130292389
0.7989721236607419
0.872254360444486
0.93820829265099
1.0
0.009059796586256441
0.0
0.0
0.0
0.0008437754010996168
0.019397110826790742
0.051080600763054596
0.09016956767225087
0.13937895718035076
0.19572543992675517
0.2599855977422753
0.3289720749852836
0.4024497197618624
0.4781371693278808
0.5549843172398502
0.6337110078073206
0.7113702461094669
0.7859960789989404
0.8586309975788716
0.9308431522131909
0.9959410563254361
0.019631583011438435
0.001305265708767163
0.0
0.0
0.0
0.013111703272353892
0.04103143511902557
0.07924537970721612
0.1252816883591772
0.1797862183023513
0.23939046832990962
0.30833969686886153
0.3817922511207788
0.4577531944645182
0.5364956853341737
0.6145532617901392
0.6921376082886999
0.770702082297694
0.8455672038541546
0.9179121271653194
0.9878380953796551
