0.0
0.13205138297867725
0.2665164120179566
0.39741099589330864
0.5215755992588238
0.6395746411590525
0.7460547113911797
0.8436205256195053
0.9318556502701785
1.0
1.0
1.0
1.0
1.0
1.0
1.0
1.0
1.0
1.0
1.0
1.0
0.0
0.13624815770336487
0.26840631421634464
0.3979796329444838
0.5204155021481571
0.634774771727881
0.7408333289874955
0.8364101388886319
0.9229762832467346
0.9984092361218366
1.0
1.0
1.0
1.0
1.0
1.0
1.0
1.0
1.0
1.0
1.0
0.002834479767241576
0.13732862504789456
0.2698680822225518
0.3949796659742963
0.5132866307936517
0.6261594731272122
0.7303243094127705
0.8245378110772065
0.9091597744650107
0.984376296492963
1.0
1.0
1.0
1.0
1.0
1.0
1.0
1.0
1.0
1.0
1.0
0.006918955425236002
0.13934869311913398
0.26778504756869687
0.3898436087744643
0.5054016830158439
0.613265512365591
0.7159227056536098
0.8061984679349448
0.8887061732035749
0.9625201738744743
1.0
1.0
1.0
1.0
1.0
1.0
1.0
1.0
1.0
1.0
1.0
0.008430482070653032
0.13627657293865364
0.26124362039147575
0.3797105059667101
0.49300434399466414
0.5984448377618401
0.6967052011647475
0.7859833155245582
0.8675437686652567
0.9379195749839078
0.9980913049217497
1.0
1.0
1.0
1.0
1.0
1.0
1.0
1.0
1.0
1.0
0.008524188924798184
0.13247424103765898
0.2540763124376525
0.3680555034244629
0.4769932094711415
0.5811823544248491
0.676390741778933
0.7627696372097338
0.8411554460458984
0.9104401317377937
0.9690969095312616
1.0
1.0
1.0
1.0
1.0
1.0
1.0
1.0
1.0
1.0
0.007557250558917436
0.12881677312375553
0.2447697102105512
0.35513333469156655
0.46164982769727053
0.5631282332204447
0.6556159939565952
0.7383101678171256
0.8135094840866908
0.8791249237408951
0.9355969907724138
0.9884510827071404
1.0
1.0
1.0
1.0
1.0
1.0
1.0
1.0
1.0
0.00680657318021947
0.12285611364614943
0.23598521635349065
0.34351517896275435
0.4446991517880721
0.5387637060118746
0.6281594931893211
0.7097824199513024
0.783606040665735
0.8471575708268335
0.9040902939762545
0.9525164675499521
0.9918702979187068
1.0
1.0
1.0
1.0
1.0
1.0
1.0
1.0
0.005864750913885465
0.11696850055028844
0.22450735213731873
0.32841199844195473
0.426223376850951
0.5188783919707225
0.6019383078488775
0.6797908679307127
0.7519981040069152
0.8143673537207559
0.8723085126602529
0.9190346432920113
0.9590514300290929
0.99010692414617
1.0
1.0
1.0
1.0
1.0
1.0
1.0
0.002728761938351157
0.11189777950904994
0.2161134770196234
0.31566082816563734
0.40728567458300247
0.4952175067131452
0.5774130867786402
0.6532463076531774
0.722434564922234
0.7830375912085756
0.8377735724650124
0.8841761813806169
0.9239102323749271
0.9564031548239791
0.9812013974394449
1.0
1.0
1.0
1.0
1.0
1.0
0.0006560752352664941
0.10825857934767752
0.20817973139376703
0.3020462587377022
0.39471413268864225
0.47646757116076377
0.5554031502418342
0.627280535910361
0.6940203595057172
0.7493846617028399
0.8046497665495861
0.8499550114663202
0.8917422801547895
0.9253917941550396
0.9527546570045107
0.9735766251581631
0.9914580056952345
1.0
1.0
1.0
1.0
0.0003581475501139167
0.10329167453983717
0.20087228400659285
0.2939743419635411
0.3800148313401269
0.4612300797573491
0.5348068457368718
0.6038327824097609
0.6662351123382987
0.7243942072864588
0.7743282779396599
0.8201482907646663
0.8605099956138095
0.8939097386006105
0.9232169402424294
0.9487080912507394
0.9694650064931163
0.9849777436963313
0.9940629621807363
1.0
1.0
0.00263996976817775
0.09779588514126114
0.19365022122775427
0.2857069978384729
0.36955391994136544
0.4457544490900449
0.5176337684564944
0.584042575107968
0.6460216929782527
0.6975861745792318
0.7494256126364496
0.7930518825719237
0.8336863979688928
0.867966159888625
0.8993147847857099
0.9242848401870399
0.9475477993041571
0.9679981204840445
0.9828335886101254
0.9957334420613542
1.0
0.0
0.09815279599522408
0.19177160395196574
0.2791059727192294
0.3609121300524624
0.43424562626626734
0.5043064609096759
0.5662240360570218
0.6264226436853583
0.678127221598813
0.7278040942560644
0.7694288725565676
0.8096985861026806
0.8438988149971658
0.8750462294777309
0.9030994082067973
0.9303389418116941
0.9528508247437286
0.9753841764272166
0.9909839354546082
1.0
0.0014421964843087404
0.09812893772523432
0.1913746794683899
0.2742581306238079
0.3534774614796354
0.4278552007662525
0.4938416297559343
0.5548385064476444
0.6119441332017881
0.6631383723314432
0.7099289509590001
0.7515963476232426
0.7897420541941766
0.8248942983568298
0.8562446860550772
0.8875802125248536
0.9171347382557807
0.941447438569615
0.9658684701039554
0.9868887214570472
1.0
0.00390917428239318
0.09957534958580838
0.19026424538823122
0.2751298767590725
0.35168492486248537
0.42442805279546614
0.4891305316250326
0.5487513318009803
0.6022871210442636
0.6504018824271071
0.6960089837114618
0.7378206095464562
0.7761056555365384
0.8081403293257697
0.8430961171585512
0.8746970344559386
0.9029286731814997
0.9323270301403133
0.958244706028324
0.9825273820896208
1.0
0.0032139106362411517
0.1015483200618536
0.1897319794390503
0.276088918214486
0.35391509938687976
0.42294884810696554
0.4878027289838863
0.5423106797106925
0.596337359245646
0.6429829305525203
0.687461084060679
0.7279503057684451
0.7644214366352841
0.7998260657195491
0.8324627385924483
0.8636572294871131
0.8942763239077279
0.924885263897938
0.9525673247364971
0.9816480521965885
1.0
0.0037664184510014164
0.10225003612178907
0.19457263057136753
0.27656773707724824
0.35335905477369456
0.42401207937147223
0.4866110705611127
0.5432652156298614
0.5945150802320437
0.6411193437502705
0.6832006290691995
0.7204245376184243
0.7566831588831066
0.7911594049707192
0.8236072627372256
0.8534001109197701
0.8861286273923874
0.916002155213899
0.9456804240450051
0.976146080153907
1.0
0.0
0.10076907822257854
0.19256777167415012
0.2791524989792721
0.3563218583175739
0.4276038134240525
0.4876736120659808
0.5415950239571139
0.5955229927445229
0.6393794743955661
0.6824504382356498
0.7173263825766536
0.7512068560678404
0.7843494765956001
0.8198982654649495
0.8507470363255972
0.8780449621000298
0.9113896308184145
0.9413547929090194
0.9724489083529757
1.0
0.0
0.09712509987779536
0.19358967613819816
0.278252955797203
0.3546652057786648
0.4264226613437301
0.4901144480898042
0.5468688537633881
0.595691981090858
0.6408095146850548
0.6777711878787819
0.7163175252698964
0.7506583732190856
0.7821508879988013
0.8114659549346517
0.8405270531427647
0.8721767789077851
0.9016612611310111
0.9319634204788964
0.9658644306159733
0.9967983394559433
0.0
0.0883292739341565
0.18464972043851252
0.27327045115712345
0.354678802199233
0.4270628895234018
0.4910484298109694
0.5486356377488748
0.5971514544868051
0.640501645842938
0.67756737065518
0.7129454509412615
0.7453020155434719
0.7787932398342304
0.804062133303468
0.8327439339183413
0.8623841406582945
0.8906641589520866
0.9198837632816346
0.9517854656684631
0.986372863809322
