0.007687559357935166
0.0
0.0009344582226100684
0.008589917086677473
0.03329962010104062
0.0648746181923529
0.10873798225899622
0.1570814228702827
0.21472397174198607
0.27949926125400715
0.3467489198026281
0.417062931255464
0.4913541277260918
0.5620204031860538
0.6336576432358136
0.7021559657045342
0.7679169633962625
0.8310752926297862
0.89081889814839
0.9443279328424175
0.9951985846843409
0.006216367946113709
0.0
0.0
0.007619359658394165
0.02701593473526198
0.05870665750791526
0.1008195400351605
0.14956209978037127
0.20566224539599523
0.26661671470270754
0.33403634663415527
0.4031511564774902
0.4750120988753216
0.5478183673206434
0.6174179189531582
0.688452741599776
0.7555156455180154
0.8205596926316825
0.8807162186040919
0.9396463864083837
0.9951240814415601
0.0028141594791713277
0.0
0.0
0.002940455459839425
0.026075115788882275
0.05539536160059644
0.09202003108237272
0.14062217021687912
0.19709253588489867
0.2567592914978606
0.32273283410529413
0.39075846139369763
0.4620191985868477
0.5322155073251176
0.6036472186851126
0.6722483929679655
0.741597517485536
0.8069523099075501
0.8738696320009077
0.9343584001482933
0.9931001310539551
0.0
0.0
0.0
0.005945653018685493
0.024019796535105747
0.05429124497869234
0.09133227121504384
0.1382008954675652
0.1897291822939302
0.24929489590817788
0.31122241716424615
0.37950641743913793
0.44638000066187394
0.516591435402113
0.5880544519130895
0.6575380914240047
0.7263965617220335
0.7972779503356263
0.864089966348817
0.9289556772921992
0.9933907893007222
0.0
0.0
0.0
0.007072249880360731
0.0267678239189868
0.0563168093389938
0.09345825590953954
0.1369615452215779
0.18701122575478835
0.2428791264811319
0.3036737171211472
0.3691352172524054
0.4352297547716408
0.5066077562091964
0.5751428880656131
0.6435234107117327
0.7149393361618381
0.7859272238161901
0.8565864494193006
0.9239032938437904
0.9921616079843499
0.0
0.0
0.0017028659430513154
0.012780646809909008
0.03294963011966065
0.06203196049189619
0.09610360203903887
0.13878871312432106
0.18798488031961597
0.24210567014361445
0.30098860749083806
0.3615471483241172
0.42844785443083067
0.4952667377602485
0.5640378400285525
0.6341590671722117
0.7056095045524671
0.7756144013725497
0.847793397205795
0.9215494954619636
0.9923489060104336
0.0
0.0
0.004619342989144751
0.021832053359435832
0.04359534451311367
0.07167283707629374
0.10353043665502265
0.14581050865451195
0.19208751544572772
0.24303675712434625
0.2994550555605155
0.3607937173549717
0.4236142832997289
0.48609750853269895
0.555012591765291
0.6257576556918182
0.6953310095712578
0.7664519036034088
0.8405410591741055
0.9170695281441683
0.9925801528025162
0.0
0.004413918936808932
0.015475359337628738
0.03255750435176534
0.055064332496921026
0.08209692297905294
0.1142937266086484
0.1547206710152036
0.19946535160898726
0.24957179703469556
0.30381422859274765
0.3587292087118733
0.42047229218800974
0.4830703152201598
0.5492700660022204
0.61787939766154
0.6900450555150154
0.7603169024231694
0.8377486197196843
0.9118690281029629
0.992289609529388
0.0
0.012013956979366414
0.02535559808910598
0.04395425724170868
0.06854318715064556
0.0962115950058326
0.13182328886235956
0.1672314056518035
0.21084379368000683
0.2595945477794037
0.3103362732105383
0.3629291344168175
0.4213089514567689
0.479672073728422
0.5459635427719558
0.611194471543049
0.6810698445549257
0.7557031092898633
0.8327679591671601
0.9113261973462025
0.9955587390032572
0.0
0.01735172964285396
0.03730016852321941
0.060368751899899015
0.0868465738916969
0.11543121304659007
0.14831124481574046
0.18561492125741066
0.22600989769835325
0.2691883612274424
0.31729744606221527
0.3674977447193115
0.4249324233784205
0.4839140953767666
0.5440045946320093
0.6090070834374123
0.679597014986628
0.7524452524455812
0.8286689202635238
0.9098795996371102
0.99323968044281
0.0006798301308137981
0.025699208767336675
0.04818841687513972
0.07732485109334075
0.10476261077323652
0.13302764384270946
0.16744193822992842
0.20446073233132117
0.2405118148348033
0.2822746086902945
0.32878693155277683
0.3777513949067952
0.4294057193455013
0.4834334890409003
0.5447764022822081
0.6087367596795921
0.6745572488268794
0.7480504684010585
0.8250371460899024
0.9088526816601695
0.9942639002206536
0.0012089979662109776
0.03377409648838489
0.06265489290749743
0.09226899589182766
0.12351032997773002
0.15582007570131196
0.188643409902336
0.22316325365096354
0.26221292965186993
0.3006907853845815
0.34363809429878067
0.38866330203589244
0.43726463217645717
0.49041528483350916
0.5469588627917029
0.6096190191260904
0.6752100209453449
0.7472804573561356
0.8232805247144312
0.9064193331367936
0.9963905167357225
0.0020628791515137274
0.03915770401846558
0.0734120627993925
0.10992268351034144
0.14185803437275074
0.17736036063566873
0.20950223590748035
0.24355975695872029
0.283629320274583
0.3184944688863671
0.3592230350798715
0.40385470648733335
0.44777210132180234
0.49643129649379525
0.5524013608188235
0.6087982875460232
0.6756338055924546
0.7472595528773789
0.8230835538442669
0.9071830501088477
0.9970331338936494
0.004166541491542489
0.04613602310326988
0.0873658652942724
0.1266372746517021
0.16174344947918246
0.1984256956234709
0.23436442154684783
0.2661095383805568
0.30151192519688175
0.33713761739409953
0.37504813554814487
0.4160576956928139
0.459318740683459
0.5039663459739101
0.5577231249371475
0.6138731352613712
0.6768498405250896
0.7482069804417744
0.8228055656635037
0.9065578347129533
0.9993249892858139
0.0035102030033316856
0.05480850327311405
0.1000116589036914
0.1425880929263415
0.18174442946903355
0.217621146713801
0.2538832567699549
0.2887763350889564
0.3228408366764163
0.3575489106729523
0.39141304682955724
0.4286262013230416
0.4711376335444999
0.5150515349834672
0.5630950607236223
0.6173504732677962
0.6789593051414213
0.7461180759561411
0.8228164960343927
0.9059253189633143
0.9987876652466392
0.004666093285937668
0.05924547097402709
0.1108960361295075
0.15665891141290542
0.20035469288391075
0.23789463232347388
0.27359796858931973
0.3079383920831665
0.34101905007631095
0.3744696658677338
0.4079930878295607
0.442415754940776
0.48151312527005763
0.5239381161783625
0.5700258691157513
0.6230258869881864
0.6823962194954853
0.7478458482540946
0.8246116859881717
0.9070518935520318
0.9973657024815163
0.00515645045403175
0.06657547420141673
0.12057598127836731
0.16950460008272547
0.21692819643880884
0.2559397425397331
0.29496416701526873
0.3276081884024984
0.3603081711624011
0.39154765931082963
0.4219919405059139
0.4565741593605648
0.49323325448974303
0.5350695582586507
0.578600558817819
0.62755526841851
0.6858970815835475
0.7508113938871539
0.8235067874461968
0.9066087684622495
0.9992696785196074
0.002097837824308559
0.06979552422845016
0.1292770209299289
0.18206803597667068
0.2287072754531126
0.2741970326195721
0.3106476221024846
0.34448332893946454
0.3771886656719361
0.40715809350993576
0.43701681212396476
0.470531124910641
0.5036796498211684
0.544596576826007
0.5845460325657253
0.6317328781540293
0.6877232735181368
0.7531914637221389
0.8248898895515019
0.9082336733158194
1.0
0.001220623601926616
0.07301715090867672
0.13692025728536533
0.19222800256576242
0.24170493220151743
0.2867173118408712
0.3262769028107486
0.3620336479296714
0.39064318881258187
0.422588569745003
0.4525110762432637
0.48485275420712504
0.513965050195391
0.5514807626420072
0.5925734037426587
0.6380076143466611
0.694865077215114
0.7556443655053162
0.8270492163295665
0.9083216138261602
1.0
0.0025057405197789775
0.07768094157724201
0.14250900252044812
0.20013804795273746
0.2520831514869456
0.2968083060780321
0.33747018549373825
0.3745587620108922
0.4046607518998338
0.4356141830786017
0.4641223329317524
0.49145760095474633
0.5251750984041119
0.5586962374434359
0.5975523934908371
0.6444823792909915
0.6965830622548436
0.7593364673411953
0.8308864092026174
0.9136757838339138
1.0
0.006445800536841723
0.08018949478303525
0.14837769584972116
0.20831407373209646
0.2602259365803397
0.30909454664678254
0.3479281679616679
0.3822481753662234
0.41374895214396623
0.4431593903167293
0.4716067228231159
0.5023237896091078
0.529619915483915
0.5659387186179972
0.6034229040129226
0.6492603198213622
0.7012136483243063
0.7644802545602317
0.8348712793609053
0.9166378677463156
1.0
