0.0
0.0
0.0
0.0
0.0
0.0
0.0
0.0
0.0
0.04992457969044456
0.11560266915026068
0.19015794641813022
0.2736487004169253
0.36663028022283156
0.46306725188815057
0.5619078767731378
0.6576339152301243
0.755558021147805
0.8508867506754236
0.9339021492971681
1.0
0.0
0.0
0.0
0.0
0.0
0.0
0.0
0.0
0.03828364273576945
0.09714717372963694
0.1660154259707035
0.24177354395149392
0.3253341286944039
0.41556051649796205
0.5067310580472203
0.6006399731341846
0.693645046167746
0.7817782818528181
0.867249448660774
0.9451036677525725
1.0
0.0009500540932068651
0.0
0.0
0.0
0.0
0.0
0.0
0.03577427605055333
0.08446733890085978
0.14342194674985437
0.2128940877711139
0.28908864456747085
0.37399629464171247
0.4612059748498478
0.5488674331689644
0.6367513270680197
0.7255730994438385
0.8075604276899236
0.8834154578470216
0.9530996876754692
1.0
0.0036559145810198296
0.0
0.0
0.0
0.0
0.006421203990707558
0.03552644290423934
0.07773088183774213
0.12979623902921283
0.18952773677654128
0.26123041464831914
0.3362299978408314
0.4187758232112103
0.5029105107659873
0.587720893374257
0.6730585189550011
0.7536764520379378
0.8299758214506839
0.8979539921226338
0.957900143191711
1.0
0.0046078154912830354
0.0
0.0
0.0
0.010377975110108628
0.03861945800113495
0.07282630132432721
0.11791896936890639
0.1727171888976038
0.23506774351843773
0.3064633143177267
0.38001653783794465
0.4626398093707269
0.5433318224148501
0.6252522275796517
0.702806864018885
0.7803592649745358
0.8497725915199976
0.9106218090961551
0.9647589880411478
1.0
0.004129075789521906
0.0006493320822727883
0.003235310835085284
0.017574898043689807
0.04077453151846647
0.0686008213576548
0.111310060172264
0.15584537976260224
0.21422463309638448
0.2788874333000798
0.35165903894227635
0.42376908683325726
0.5037429877190941
0.5813575168275328
0.6601049923080491
0.73540477504874
0.8057603893955333
0.8675657473858338
0.923383806792033
0.9682499393049762
1.0
0.0026463041629110414
0.008231098379091036
0.02029367537578884
0.0373040592111713
0.0635929538951957
0.09954353061899349
0.14226880248904114
0.19616016716391016
0.2517890760497744
0.320369834523345
0.39059473363233443
0.46396436805418384
0.5412195446142021
0.6179150675836746
0.6928865036926
0.762510543447882
0.8262760858844738
0.8835087430841929
0.9334646480404836
0.9731329885166854
1.0
0.0
0.01612316322343986
0.0317491403308371
0.05552560623083033
0.08907870653599372
0.12899203828039896
0.175593447696113
0.2305963139972126
0.29077342470682055
0.3578360587643403
0.42941462320157514
0.5015134337569067
0.5749194355177532
0.6495019225116873
0.7189618605894724
0.7876313390946575
0.8451758906717293
0.8966026710277771
0.9428575102012867
0.9753721192351772
0.9957866075359625
0.0
0.020082999211264163
0.044904926854718835
0.0767180185571118
0.1133366472165231
0.1582750764267551
0.20765343741118053
0.2655040064465159
0.32611755528785696
0.3938994048820403
0.46458037869263097
0.5356999858024823
0.6080262300430723
0.6807676871185722
0.7463648292663767
0.8078019906330101
0.8651247002400299
0.9115032117399413
0.9503108219092044
0.9758911187828216
0.9913522133036224
0.0
0.026069529915792054
0.05735088726685713
0.09227796739829805
0.13569799634024104
0.18303074532442742
0.2380205659477852
0.29831464611460246
0.36105489555728565
0.4284093149078707
0.4973270860790319
0.5700090375809969
0.6375799588783451
0.7039893750702225
0.7694241478473977
0.8283469121911662
0.8802466002837497
0.9230862030299287
0.9550762999705171
0.9785322828614217
0.9896177347802547
0.0
0.03010796695085336
0.06885291402510685
0.11124298358696946
0.1585695275418302
0.21044516060586965
0.26628692010735544
0.32646800419964883
0.39112424949376046
0.4567605249236312
0.5267942457913676
0.596252836377003
0.6662069340054679
0.7303082500404593
0.7911902258123275
0.8453749384598535
0.8945901839775185
0.9315262587084997
0.9620583545969748
0.982050195859632
0.9893983194377213
0.0
0.03725256730761704
0.08181537755182922
0.1268276728492732
0.178273842665558
0.2327415275178974
0.29265681593099657
0.3543380790111703
0.4217034309386918
0.48593857814548636
0.5526555198892248
0.6225531849064696
0.6866090150144415
0.7506741615116657
0.807551250795177
0.8610269465980236
0.9050103041547556
0.9413468678284453
0.9673967080794232
0.9820206846270587
0.9885440124710161
0.0
0.04317644355428123
0.09262822796150694
0.1446675243184049
0.1971452878124457
0.25698985366708527
0.31517710656870745
0.3807761330495152
0.44421623703958435
0.5111658054720292
0.5770074786398015
0.6445576444252209
0.7072017736364781
0.7669001149795619
0.8237648756840248
0.8726056355043219
0.9135995014381566
0.9484364849963819
0.971154515683593
0.9867807754066835
0.9887888109797409
0.0
0.050561855644200855
0.1020201560546798
0.15901208344524057
0.21913544861276898
0.2759306657412713
0.33671957660729956
0.4008158090010492
0.4654939158019522
0.5318459188816058
0.5982737411733743
0.6628917539488001
0.7227961713948872
0.7824696695650614
0.8355775450793891
0.8816601603727277
0.9225055244293999
0.9529688251766746
0.9752719182645221
0.9874147710927426
0.9894875141704351
0.0027282504392976844
0.058240179274530506
0.11495031410107377
0.17219489310501032
0.23296829831918825
0.2942931496430623
0.3585757115928579
0.42103908437019116
0.48460495218811517
0.5512011096937175
0.6158845957172139
0.678929832629256
0.7363934630293961
0.7920077148182029
0.8441697143350873
0.8891685869765391
0.928131852983706
0.9574064054408996
0.9796272180482013
0.9907020903701661
0.9919448227046612
0.002111421334497798
0.0644994884305082
0.12185202553574066
0.1820568866173593
0.24616966835451007
0.3078770863685432
0.3720362020612863
0.43437198026484813
0.49881530564694637
0.5631118157274181
0.6246601435242032
0.6858892072943168
0.7416154186474466
0.7989884438292835
0.8491046718090289
0.8906872836177102
0.9285388371459852
0.9601007771232823
0.9815592754144522
0.9927023757738445
0.9943379651013324
0.00209861300674163
0.06526332672214896
0.12937031865363022
0.1906104353438663
0.25339954535369047
0.3156137812393579
0.3808527293717313
0.4422758443379333
0.5067273606728296
0.5692488619669226
0.6323257985948609
0.6893627327416815
0.7481301134290292
0.7996751599980512
0.8510854645234016
0.8929143194242773
0.9298517101479042
0.9582895136344082
0.9818325796019551
0.9903582044516644
0.9981572366130038
0.0036383980638875733
0.06705161261909164
0.13188890426057442
0.195417232238188
0.2591826341297663
0.3192302658228523
0.3839370619823747
0.4463869878192271
0.5073401764793422
0.570387460365547
0.6323440699515206
0.6891316425528233
0.7442206284324552
0.7971154301700998
0.8467922995171162
0.8889389681940858
0.9262486562125173
0.9546831097873044
0.977531618964126
0.9921717686752293
0.9984082054278063
0.0008332201963960769
0.06495605361688718
0.13170636039022401
0.1921168153618523
0.2545467301660067
0.31857519631385894
0.3815204519110633
0.4402836218744609
0.5039595237208417
0.5643102807557395
0.6236846282246875
0.6791251799197288
0.7375554787651389
0.7863041962067413
0.8368437066639824
0.8806927067192458
0.9183309581155017
0.9475720219980015
0.9739621081262125
0.9891414627774936
0.9978836859649407
0.0
0.05844870247802786
0.12138932233141267
0.18401748573619908
0.24715609655748455
0.3085960628675056
0.3704378130009371
0.43207288442804637
0.4934765175531391
0.5497117146217273
0.609165884387615
0.6662184664053303
0.7212473645828857
0.7727802507594138
0.8208051187215342
0.8664019900411595
0.9053179911264817
0.934663410421743
0.9610380663952572
0.9840962985825202
0.9960310757688493
0.0
0.04702450511912597
0.10929974452848408
0.17126756226617046
0.23262791569698343
0.291912493390374
0.3532961848663223
0.4110229033258683
0.4706226476822649
0.5288501577115571
0.5856390674845353
0.6437296345427704
0.6982013135016432
0.7505052499560823
0.7994034422368458
0.8431146277337284
0.8841309993035126
0.9220842242479605
0.9507351582761712
0.972739563134138
0.990263566409707
