0.0
0.15277859157571919
0.31157016198539983
0.4594784657984413
0.5976900001516593
0.7254544616381873
0.8420974389388366
0.9408720887232266
1.0
1.0
1.0
1.0
1.0
1.0
1.0
1.0
1.0
1.0
1.0
1.0
1.0
0.0
0.16942217078773694
0.33054649220594495
0.4838115039929103
0.6237461692241317
0.7521104544592465
0.869085048210522
0.9721792780556819
1.0
1.0
1.0
1.0
1.0
1.0
1.0
1.0
1.0
1.0
1.0
1.0
1.0
0.003395775372784775
0.1800884377036432
0.3473629670415372
0.500828207632949
0.6441425822644273
0.7745454274143243
0.8930957564445471
0.9946149328640209
1.0
1.0
1.0
1.0
1.0
1.0
1.0
1.0
1.0
1.0
1.0
1.0
1.0
0.009286547893857067
0.1868611182479379
0.35545333627100506
0.5156704822979267
0.6595864964572644
0.7928509775868061
0.911268478215635
1.0
1.0
1.0
1.0
1.0
1.0
1.0
1.0
1.0
1.0
1.0
1.0
1.0
0.9993561301019218
0.010007442267868177
0.1904918849910987
0.36661306312369296
0.5251799140517039
0.6742731285357
0.8067266779614217
0.924412185280699
1.0
1.0
1.0
1.0
1.0
1.0
1.0
1.0
1.0
1.0
1.0
1.0
1.0
0.9982837122711284
0.01000866819119697
0.19342913815174625
0.36975762578987936
0.5333609773769523
0.68089722758578
0.8156619469837654
0.9329412286909824
1.0
1.0
1.0
1.0
1.0
1.0
1.0
1.0
1.0
1.0
1.0
1.0
1.0
0.9986048112062861
0.005960899196173464
0.19481975818962516
0.37167604174960944
0.5369791018129842
0.6857194278343686
0.8195174942366148
0.9385160159487356
1.0
1.0
1.0
1.0
1.0
1.0
1.0
1.0
1.0
1.0
1.0
1.0
1.0
0.9961108057976753
0.005430649240930258
0.19563539709441005
0.37379889636235875
0.5398708718222274
0.6891669349994278
0.8223547532765745
0.940672396153982
1.0
1.0
1.0
1.0
1.0
1.0
1.0
1.0
1.0
1.0
1.0
1.0
1.0
1.0
0.003631174204972178
0.19481714095763866
0.37221774169727906
0.5390077067913479
0.6902924137922709
0.8219238846352268
0.9396621427655653
1.0
1.0
1.0
1.0
1.0
1.0
1.0
1.0
1.0
1.0
1.0
1.0
1.0
1.0
0.001200501572491032
0.19250959816018726
0.3739266157645413
0.535807682435457
0.6857728873255411
0.8201458458660077
0.9355806074219865
1.0
1.0
1.0
1.0
1.0
1.0
1.0
1.0
1.0
1.0
1.0
1.0
1.0
1.0
0.00037213813236436615
0.1911946367842665
0.3706701274606804
0.5359311179807742
0.6826148184467429
0.8147668244027296
0.9264052348333359
1.0
1.0
1.0
1.0
1.0
1.0
1.0
1.0
1.0
1.0
1.0
1.0
1.0
1.0
0.0
0.1895672039644313
0.3711623770561393
0.5313687580300936
0.6782854157220337
0.8075396547431036
0.9176716671193031
1.0
1.0
1.0
1.0
1.0
1.0
1.0
1.0
1.0
1.0
1.0
1.0
1.0
1.0
0.0
0.18968308478736573
0.3647756684614184
0.5275312239343568
0.6697466834126115
0.796878735355077
0.9067668806603068
0.9999419641336087
1.0
1.0
1.0
1.0
1.0
1.0
1.0
1.0
1.0
1.0
1.0
1.0
1.0
0.0
0.18724650656707167
0.3607126993153542
0.5209331770586659
0.6623991345156468
0.7883914829396124
0.894028889426954
0.9806991382413288
1.0
1.0
1.0
1.0
1.0
1.0
1.0
1.0
1.0
1.0
1.0
1.0
1.0
0.0
0.18702165011860888
0.358009336436291
0.5142049445561592
0.6540543170828272
0.7737685943765658
0.8780924665610433
0.9624911388313767
1.0
1.0
1.0
1.0
1.0
1.0
1.0
1.0
1.0
1.0
1.0
1.0
1.0
0.0
0.18491096496773787
0.3535972763954821
0.5077883434152677
0.6435339644298925
0.7615210039297878
0.8617463324084104
0.9460549100780897
1.0
1.0
1.0
1.0
1.0
1.0
1.0
1.0
1.0
1.0
1.0
1.0
1.0
0.0
0.18233916350439291
0.34846364822234666
0.49881933957097957
0.6303153336144425
0.7454299459091449
0.8423586241398029
0.9222780101698026
0.983631010928077
1.0
1.0
1.0
1.0
1.0
1.0
1.0
1.0
1.0
1.0
1.0
1.0
0.0017760450562523417
0.18061355064401433
0.3424508696454032
0.4901868612300866
0.6174210677898712
0.7299264011516795
0.8223503240545453
0.9001476339426595
0.9573345476932443
1.0
1.0
1.0
1.0
1.0
1.0
1.0
1.0
1.0
1.0
1.0
1.0
0.001003741185839913
0.17652364127875722
0.3337854854539206
0.4788777538899983
0.6052378049296572
0.7115355755204402
0.8002901350531201
0.8739695481434268
0.9305260052913118
0.9740986029905163
0.9996740679825551
1.0
1.0
1.0
1.0
1.0
1.0
0.9915831920544096
0.9925650072589282
0.9935161482863828
1.0
0.0025159446440559787
0.17318559535669206
0.3279409605377195
0.4674416112375844
0.5873556122891936
0.6919150622243826
0.7769526677302463
0.8466027798300355
0.9007573741831811
0.9421351814262271
0.9677456084674445
0.9831938185084558
0.9908205949193722
0.9889219929653792
0.9839151481802126
0.979018779015389
0.9761790944941127
0.9723386067887668
0.976011691696585
0.9855697846684577
1.0
0.0
0.16662784466079944
0.3185948161772914
0.4524916000736235
0.5721211189203121
0.672902167779443
0.7538545501149954
0.8185000363781141
0.8754050820719661
0.9105916749614017
0.9359251121136202
0.9497989491706051
0.9578477654793185
0.9576436190336872
0.9534335813333503
0.9513049753049312
0.9497867308812713
0.9509044995753322
0.9626586672836439
0.9789191954811622
0.9999790865869516
