0.0
0.16912025925004626
0.34552690836844235
0.5143914799205709
0.6688231371592663
0.8112094939638418
0.9346171153174674
1.0
1.0
1.0
1.0
1.0
1.0
1.0
1.0
1.0
1.0
1.0
1.0
1.0
1.0
0.0
0.18852250183417885
0.3750850465213971
0.5492682697073453
0.7141903404929953
0.8622526303725891
0.9895247738130798
1.0
1.0
1.0
1.0
1.0
1.0
1.0
1.0
1.0
1.0
1.0
1.0
1.0
0.990527232684705
0.0
0.20187388632639497
0.3998038247261862
0.582903514960248
0.7529330295835893
0.9095077710334635
1.0
1.0
1.0
1.0
1.0
1.0
1.0
1.0
1.0
1.0
1.0
1.0
1.0
1.0
0.9882367105694416
0.0
0.2141391720915981
0.4192962501564527
0.6135841273843261
0.7912676845772941
0.9545978206622548
1.0
1.0
1.0
1.0
1.0
1.0
1.0
1.0
1.0
1.0
1.0
1.0
1.0
1.0
0.9831334939490376
0.00036622265252188963
0.22383293810004182
0.4387800077705554
0.6415385995145513
0.8307428386891883
0.999967375459931
1.0
1.0
1.0
1.0
1.0
1.0
1.0
1.0
1.0
1.0
1.0
1.0
1.0
1.0
0.9839284628610843
0.0
0.2327414872532256
0.4523710693511736
0.6673686415628235
0.863866145976937
1.0
1.0
1.0
1.0
1.0
1.0
1.0
1.0
1.0
1.0
1.0
1.0
1.0
1.0
1.0
0.9831393314254114
0.0
0.2379158175221025
0.47174037002677643
0.6922008184780922
0.8958198053650458
1.0
1.0
1.0
1.0
1.0
1.0
1.0
1.0
1.0
1.0
1.0
1.0
1.0
1.0
1.0
0.9887327609386648
0.0
0.24380118900473807
0.48625058357375195
0.7146670505384809
0.9268318514587012
1.0
1.0
1.0
1.0
1.0
1.0
1.0
1.0
1.0
1.0
1.0
1.0
1.0
1.0
1.0
0.9913277805664804
0.0
0.2527970440958187
0.49967674986675525
0.7337265935048319
0.9519694601702566
1.0
1.0
1.0
1.0
1.0
1.0
1.0
1.0
1.0
1.0
1.0
1.0
1.0
1.0
1.0
0.9958600548827545
0.0
0.2586425163305877
0.5106610271464541
0.753679807181077
0.9761120092702695
1.0
1.0
1.0
1.0
1.0
1.0
1.0
1.0
1.0
1.0
1.0
1.0
1.0
1.0
1.0
0.9972732208245659
0.0
0.26674185840467074
0.522600857544354
0.7687307190737995
0.9965555130562201
1.0
1.0
1.0
1.0
1.0
1.0
1.0
1.0
1.0
1.0
1.0
1.0
1.0
1.0
1.0
0.999384376055166
0.0
0.2719238835671193
0.5336370442019311
0.7809666250111972
1.0
1.0
1.0
1.0
1.0
1.0
1.0
1.0
1.0
1.0
1.0
1.0
1.0
1.0
1.0
1.0
1.0
0.0005163928790196536
0.2776634067116935
0.5396651193850254
0.7912617368458454
1.0
1.0
1.0
1.0
1.0
1.0
1.0
1.0
1.0
1.0
1.0
1.0
1.0
1.0
1.0
1.0
1.0
0.005916183734359545
0.2798109573400944
0.543406558413517
0.79393659094325
1.0
1.0
1.0
1.0
1.0
1.0
1.0
1.0
1.0
1.0
1.0
1.0
1.0
1.0
1.0
1.0
1.0
0.006584106855377996
0.27966347286912785
0.5457146715693173
0.7940355627150437
1.0
1.0
1.0
1.0
1.0
1.0
1.0
1.0
1.0
1.0
1.0
1.0
1.0
1.0
1.0
1.0
1.0
0.011291882482356266
0.2803867469632164
0.5399550743914463
0.787969059858065
1.0
1.0
1.0
1.0
1.0
1.0
1.0
1.0
1.0
1.0
1.0
1.0
1.0
1.0
1.0
1.0
1.0
0.011740371812684938
0.2771795697703432
0.5326697436831601
0.7769316028710117
1.0
1.0
1.0
1.0
1.0
1.0
1.0
1.0
1.0
1.0
1.0
1.0
1.0
1.0
1.0
1.0
1.0
0.009376430120597655
0.2697970024991853
0.519551732121294
0.7587220587483134
0.9816121971001743
1.0
1.0
1.0
1.0
1.0
1.0
1.0
1.0
1.0
1.0
1.0
1.0
1.0
1.0
1.0
1.0
0.006692481091253261
0.25702740071259833
0.5030349723149339
0.7341419509600474
0.9522369871883128
1.0
1.0
1.0
1.0
1.0
1.0
1.0
1.0
1.0
1.0
1.0
1.0
1.0
1.0
1.0
1.0
0.0
0.24044831177245915
0.47828616609295926
0.7040144454399484
0.9151207391516228
1.0
1.0
1.0
1.0
1.0
1.0
1.0
1.0
1.0
1.0
1.0
1.0
1.0
1.0
1.0
1.0
0.0
0.21983543703650396
0.45033443409598745
0.6685133778804209
0.8717801201354232
1.0
1.0
1.0
1.0
1.0
1.0
1.0
1.0
1.0
1.0
1.0
1.0
1.0
1.0
1.0
1.0
