0.010596202309139177
0.1757638461204215
0.34985817263915764
0.5292325049524389
0.7043276305641522
0.8759053130490604
1.0
1.0
1.0
1.0
1.0
1.0
1.0
1.0
1.0
1.0
1.0
1.0
1.0
1.0
0.9843975278208138
0.006129808260018751
0.1723452294419549
0.3451320451674087
0.5231499723596682
0.7005530683475274
0.8700432761766651
1.0
1.0
1.0
1.0
1.0
1.0
1.0
1.0
1.0
1.0
1.0
1.0
1.0
1.0
0.9937465827032899
0.0033927412459369244
0.16871677775989352
0.34232814733132305
0.5168105113773624
0.6928425848568347
0.8623509952145161
1.0
1.0
1.0
1.0
1.0
1.0
1.0
1.0
1.0
1.0
1.0
1.0
1.0
1.0
1.0
0.0
0.16606565134582624
0.33570937882800883
0.5116244470170583
0.6868329726298167
0.854272331966487
1.0
1.0
1.0
1.0
1.0
1.0
1.0
1.0
1.0
1.0
1.0
1.0
1.0
1.0
1.0
0.0
0.16096860088676163
0.3299133490974834
0.503569568987706
0.6764220427298395
0.8455554846977956
0.9995018401916383
1.0
1.0
1.0
1.0
1.0
1.0
1.0
1.0
1.0
1.0
1.0
1.0
1.0
1.0
0.0
0.15865134235627204
0.32857300716526416
0.4976432618868783
0.6659756580290647
0.8306901465862556
0.9875025285516729
1.0
1.0
1.0
1.0
1.0
1.0
1.0
1.0
1.0
1.0
1.0
1.0
1.0
1.0
0.003618877425005725
0.15730889079937993
0.3220055240807028
0.48946507188893956
0.6539599720245145
0.8163117058670104
0.9677832788734103
1.0
1.0
1.0
1.0
1.0
1.0
1.0
1.0
1.0
1.0
1.0
1.0
1.0
1.0
0.0009135754891989281
0.1557549189796211
0.3176047519485946
0.4802401501885776
0.6416762293220789
0.8020157804930406
0.9523239822160887
1.0
1.0
1.0
1.0
1.0
1.0
1.0
1.0
1.0
1.0
1.0
1.0
1.0
1.0
0.005206484857058996
0.15250420621475158
0.3108720021878576
0.4710369618849395
0.630467175377333
0.7854780102890387
0.9341528677698839
1.0
1.0
1.0
1.0
1.0
1.0
1.0
1.0
1.0
1.0
1.0
1.0
1.0
1.0
0.003956939200999773
0.15241720562726274
0.30518476858060883
0.4607106882007136
0.6185358086602475
0.7691028484867601
0.9128842612498254
1.0
1.0
1.0
1.0
1.0
1.0
1.0
1.0
1.0
1.0
1.0
1.0
1.0
1.0
0.005344552086240329
0.15126154752208626
0.2992887426556943
0.4503558110449045
0.604193318655424
0.7537800398512375
0.8933717803034421
1.0
1.0
1.0
1.0
1.0
1.0
1.0
1.0
1.0
1.0
1.0
1.0
1.0
0.999749419360028
0.006762472573981314
0.14663664829420836
0.2929507797013676
0.43917851198471003
0.5893122360020118
0.7343279469075068
0.8760061921782121
1.0
1.0
1.0
1.0
1.0
1.0
1.0
1.0
1.0
1.0
1.0
1.0
1.0
0.99621622807302
0.0075524274386309515
0.14199997881550364
0.2847171859102089
0.42846448203104337
0.5747864993171972
0.7194975848725682
0.855278828750397
0.9840618181866739
1.0
1.0
1.0
1.0
1.0
1.0
1.0
1.0
1.0
1.0
1.0
1.0
0.9937458820155846
0.008269019842554804
0.13844712199998513
0.27431138719236625
0.4179336659576803
0.561179697528371
0.7009865607903145
0.8380853727694142
0.9623727126524363
1.0
1.0
1.0
1.0
1.0
1.0
1.0
1.0
1.0
1.0
1.0
1.0
0.9952975789024767
0.007501358392209444
0.1341399664682424
0.26817709189846406
0.4092597714374296
0.5477094364898248
0.6863028859615823
0.8180600300326565
0.9439194259757718
1.0
1.0
1.0
1.0
1.0
1.0
1.0
1.0
1.0
1.0
1.0
1.0
0.9940465718644913
0.004148157146642615
0.12835122048015254
0.26091749096861605
0.3964058355068246
0.535016569563775
0.67064678205601
0.8006192089747144
0.923482840477154
1.0
1.0
1.0
1.0
1.0
1.0
1.0
1.0
1.0
1.0
1.0
1.0
0.9964459704247175
0.002662598187810681
0.12506353735455472
0.2536561202095369
0.3868551757054234
0.5210545812276636
0.6579276141997996
0.7887621888919274
0.9080832951301123
1.0
1.0
1.0
1.0
1.0
1.0
1.0
1.0
1.0
1.0
1.0
1.0
0.9961043334293371
0.0
0.11949883613776674
0.24638357691401827
0.37628226494196404
0.5121411135641425
0.644817129694536
0.7706964693780595
0.8940506471021865
1.0
1.0
1.0
1.0
1.0
1.0
1.0
1.0
1.0
1.0
1.0
1.0
0.9987513019902253
0.0
0.11256360492399789
0.23684612556053264
0.36862177057177925
0.5006048022180832
0.6338224192293209
0.7607339927144693
0.8806872311746717
0.9919451266980324
1.0
1.0
1.0
1.0
1.0
1.0
1.0
1.0
1.0
1.0
1.0
0.9971902668656338
0.0
0.11068127793950769
0.2337434784522294
0.36192247834226465
0.4940553378423509
0.623789528949398
0.7518057743451436
0.8725915324432831
0.9830212502182712
1.0
1.0
1.0
1.0
1.0
1.0
1.0
1.0
1.0
1.0
1.0
0.9968824327171389
0.0
0.106475243874643
0.22991321547704902
0.3576577229995034
0.488859132662981
0.61953578841775
0.7461268442645751
0.8674542225295508
0.9754727839709042
1.0
1.0
1.0
1.0
1.0
1.0
1.0
1.0
1.0
1.0
1.0
0.9957070643440479
