0.02861048312197932
0.10818331932568316
0.20047872764780994
0.30448970950390164
0.42126395323325083
0.5397299823108772
0.6592573816146545
0.7825554392051438
0.9007932289073253
1.0
1.0
1.0
1.0
1.0
1.0
1.0
1.0
1.0
1.0
1.0
0.9951018609780788
0.008954491061927142
0.09255529326797185
0.18972782347025627
0.29682900067092777
0.41243536683277177
0.5331904380155791
0.6549919446768389
0.7781164476728267
0.8965450860150164
1.0
1.0
1.0
1.0
1.0
1.0
1.0
1.0
1.0
1.0
1.0
0.9949731584171243
0.0006009648885950767
0.08458123243286697
0.18796886244146546
0.2948147564877223
0.4121824954701525
0.5358010602560707
0.6601269469088391
0.7822355226239504
0.8992009751738594
1.0
1.0
1.0
1.0
1.0
1.0
1.0
1.0
1.0
1.0
1.0
0.9957269517769285
0.0
0.08265957360772058
0.18561246831525857
0.29853903151821365
0.41746986959352544
0.5402679161928776
0.6649326214759309
0.7881330500879566
0.9059849775049958
1.0
1.0
1.0
1.0
1.0
1.0
1.0
1.0
1.0
1.0
1.0
0.9983845274216665
0.0
0.08454904841888429
0.19005768623975983
0.30294429983820714
0.4236139546925653
0.5492974914922115
0.6744560159753106
0.7973924187674338
0.9107497671647313
1.0
1.0
1.0
1.0
1.0
1.0
1.0
1.0
1.0
1.0
1.0
1.0
0.0
0.08735703417762086
0.19580738362559486
0.31025730127042017
0.4339949524602189
0.5600797876156702
0.6828846706213131
0.806339958773558
0.921047967324448
1.0
1.0
1.0
1.0
1.0
1.0
1.0
1.0
1.0
1.0
1.0
1.0
0.0
0.09385281578217974
0.2010726707221025
0.32069315174606383
0.44280074170406347
0.5710205991455375
0.6958014771936739
0.814430569569514
0.9293883418918061
1.0
1.0
1.0
1.0
1.0
1.0
1.0
1.0
1.0
1.0
1.0
1.0
0.0
0.0985550829472957
0.20897503628690764
0.3271102259728809
0.45340348239030775
0.5804479300767307
0.7042743164080298
0.8223727548127369
0.9345216512701047
1.0
1.0
1.0
1.0
1.0
1.0
1.0
1.0
1.0
1.0
1.0
1.0
0.0
0.10080487988079662
0.213562031167499
0.33555882008919324
0.46035688838498734
0.5859853077065078
0.7105759635690618
0.828775005073831
0.937097238467822
1.0
1.0
1.0
1.0
1.0
1.0
1.0
1.0
1.0
1.0
1.0
1.0
0.00019243687524859738
0.10105685624707211
0.21715423461900746
0.3369390423904953
0.4648522198904967
0.5888199618068934
0.7111686372776618
0.8268703834069959
0.9372053651959976
1.0
1.0
1.0
1.0
1.0
1.0
1.0
1.0
1.0
1.0
1.0
1.0
0.0007040507000337353
0.10419412536835856
0.21884219803337013
0.3383125260713045
0.46473560323954494
0.5892811296245655
0.7095099820949251
0.8258982424557264
0.931706419503767
1.0
1.0
1.0
1.0
1.0
1.0
1.0
1.0
1.0
1.0
1.0
1.0
0.0
0.10333169214177083
0.21749887961749786
0.3372200691762558
0.46296756699478403
0.5851736232331305
0.7049445484836978
0.8180491278643003
0.9206169686950245
1.0
1.0
1.0
1.0
1.0
1.0
1.0
1.0
1.0
1.0
1.0
1.0
0.0
0.10230861296790239
0.21447166096699927
0.3358764176578021
0.4581135495727276
0.5787987757424238
0.6951360138394522
0.8048878461102431
0.9060373991957121
0.9932773877323603
1.0
1.0
1.0
1.0
1.0
1.0
1.0
1.0
1.0
1.0
0.9982286772426614
0.0
0.09672125802249311
0.20948321766237676
0.3299101512840667
0.4491961102533052
0.5709699875775496
0.6844813702815246
0.7907110283394247
0.8889853419191376
0.9738612345342977
1.0
1.0
1.0
1.0
1.0
1.0
1.0
1.0
1.0
1.0
0.9965427663322582
0.0
0.09444393736899498
0.20396221115950508
0.32386933053224387
0.4394579762677504
0.5554734453013692
0.6683707603109295
0.7712918080011664
0.8671224960123896
0.950097932997815
1.0
1.0
1.0
1.0
1.0
1.0
1.0
1.0
1.0
1.0
0.9958530001933827
0.0
0.09056114651058471
0.1988493923249339
0.3145433694071349
0.4289290888348096
0.5409969448460732
0.6507402769711919
0.7523205002536426
0.8419830617231603
0.9233220998416534
0.9908675401845142
1.0
1.0
1.0
1.0
1.0
1.0
1.0
1.0
1.0
0.9931298059104512
0.0
0.08721463357681589
0.1931807116170879
0.3041297143142155
0.4150046076100872
0.5259592602564709
0.6304672951193385
0.7280825122304511
0.8179341694638742
0.8953470166060483
0.9606705610884454
1.0
1.0
1.0
1.0
1.0
1.0
1.0
1.0
1.0
0.9918659313336974
0.0
0.08574404443934124
0.19005253627606036
0.2950337995625492
0.4031751513742794
0.5108165720218746
0.6119230884651256
0.706514724005827
0.7936305423040316
0.8681499068616585
0.9286199869873516
0.9799210488358909
1.0
1.0
1.0
1.0
1.0
1.0
1.0
1.0
0.9932232348187527
0.0
0.08979546958120846
0.19050586405827688
0.29171753091191593
0.3958393578621956
0.4974490041463294
0.5926199187887419
0.6877298026376584
0.7688519591834851
0.840631469895927
0.9019420165338083
0.9493241313637245
0.9847821753194861
1.0
1.0
1.0
1.0
1.0
1.0
1.0
0.9935022480620915
0.005709601829201372
0.09671074548489828
0.1909465765392393
0.29177552795186157
0.38866056221190937
0.48484868268707526
0.5805035107047003
0.6683895695607014
0.7451116046748727
0.8129129698738707
0.8715315880783385
0.9204860391555161
0.9566481719714547
0.9824243979293277
0.9974075611858898
1.0
1.0
1.0
0.9975065038714102
0.9981660579368532
0.9970118912474101
0.02275077206238535
0.1097242553857943
0.1996747727010348
0.2933806481812668
0.3883270487704302
0.4797651831518057
0.5687465465129532
0.6510519566616242
0.7272619102049964
0.7904373129155621
0.8468748089749562
0.8917357343413891
0.9284455306770739
0.9547983296046807
0.9707247123593976
0.9808378039977195
0.9866869279769208
0.9861445952690754
0.986628646971335
0.9920819409131485
0.9995331366583365
