0.00023988778742889925
0.148344790832489
0.28320593033319624
0.4049142497160047
0.5176549064703857
0.6151206163565055
0.701871385489598
0.7790178303244979
0.8464719855832203
0.9013072653262317
0.9478889078376727
0.9862527520374313
1.0
1.0
1.0
1.0
1.0
1.0
1.0
1.0
1.0
0.0044183201963705595
0.15980317165223107
0.3023956520261496
0.4330443988370696
0.5504089596164867
0.6570117240928194
0.7482212610151416
0.8307260755683389
0.897922295711727
0.9539997652330607
0.9991011141489895
1.0
1.0
1.0
1.0
1.0
1.0
1.0
1.0
1.0
1.0
0.004598636861255553
0.16981624799071976
0.31950241212789604
0.4587870723387068
0.5832219266606748
0.6937471266827662
0.7922108465334236
0.8739461479924971
0.943611817583119
1.0
1.0
1.0
1.0
1.0
1.0
1.0
1.0
1.0
1.0
1.0
1.0
0.005651173886051895
0.17985249920069077
0.3379556817884283
0.48181406371783825
0.6119683470841706
0.7267925252040368
0.828417072003089
0.914803593373712
0.9872124350632955
1.0
1.0
1.0
1.0
1.0
1.0
1.0
1.0
1.0
1.0
1.0
1.0
0.004423726588798952
0.18527229191889336
0.35197818651743973
0.5014095598283309
0.6376451698756758
0.7595113199117338
0.8625047787637179
0.9519421637999482
1.0
1.0
1.0
1.0
1.0
1.0
1.0
1.0
1.0
1.0
1.0
1.0
1.0
0.005223123525020491
0.1888940887283261
0.3630025480892126
0.5206667394817053
0.6595559446458351
0.7834964747877474
0.8917742967238832
0.9848930812198646
1.0
1.0
1.0
1.0
1.0
1.0
1.0
1.0
1.0
1.0
1.0
1.0
1.0
0.003130284915030144
0.19597704007532613
0.3737813155344728
0.5349936794251495
0.6810384146122388
0.80851507643529
0.9187818227249136
1.0
1.0
1.0
1.0
1.0
1.0
1.0
1.0
1.0
1.0
1.0
1.0
1.0
1.0
0.0008406231492230683
0.19831764441505206
0.3802468391577113
0.5462437876537558
0.6955237143427855
0.8261468381607
0.9405025879331016
1.0
1.0
1.0
1.0
1.0
1.0
1.0
1.0
1.0
1.0
1.0
1.0
1.0
1.0
0.0
0.19985123478718791
0.3865647277015505
0.5557681734266409
0.7079709798208951
0.8426116696387967
0.9602903346601968
1.0
1.0
1.0
1.0
1.0
1.0
1.0
1.0
1.0
1.0
1.0
1.0
1.0
1.0
0.001160535766257337
0.2014049429198133
0.3899197069838744
0.5646502318647663
0.7200040357245752
0.8554660173838348
0.9743003199929017
1.0
1.0
1.0
1.0
1.0
1.0
1.0
1.0
1.0
1.0
1.0
1.0
1.0
1.0
0.0
0.20438093163421348
0.3929324327947562
0.569210037777344
0.7251194374142278
0.8639471543730328
0.9853795024682065
1.0
1.0
1.0
1.0
1.0
1.0
1.0
1.0
1.0
1.0
1.0
1.0
1.0
1.0
0.0
0.20191725909103198
0.3955814023733059
0.5718788362675786
0.7321722343770118
0.8709219360839013
0.992199346177069
1.0
1.0
1.0
1.0
1.0
1.0
1.0
1.0
1.0
1.0
1.0
1.0
1.0
1.0
0.0
0.2026504943725622
0.39493110564658884
0.5723603154595442
0.7333748059853066
0.8759404945989394
1.0
1.0
1.0
1.0
1.0
1.0
1.0
1.0
1.0
1.0
1.0
1.0
1.0
1.0
1.0
0.0
0.20113182739966495
0.39311337901418736
0.5693840601016706
0.7327176042956579
0.8762119304607571
1.0
1.0
1.0
1.0
1.0
1.0
1.0
1.0
1.0
1.0
1.0
1.0
1.0
1.0
1.0
0.0
0.2003230726202609
0.39031198362922076
0.5683298343376634
0.7286408027535974
0.8722166407840507
1.0
1.0
1.0
1.0
1.0
1.0
1.0
1.0
1.0
1.0
1.0
1.0
1.0
1.0
1.0
0.0
0.2003283775933281
0.38863745196805305
0.5646966096683521
0.7250765799953695
0.8684108674040052
0.993515070646406
1.0
1.0
1.0
1.0
1.0
1.0
1.0
1.0
1.0
1.0
1.0
1.0
1.0
1.0
0.001090526053066414
0.19816468649106164
0.38514289711058664
0.5571696445968346
0.7164975128999315
0.8595720652115273
0.9876163250956422
1.0
1.0
1.0
1.0
1.0
1.0
1.0
1.0
1.0
1.0
1.0
1.0
1.0
1.0
0.003025578243155443
0.1930913107964645
0.37620822596739634
0.5498229632057541
0.7066469100739049
0.8490497113937546
0.9778864408334158
1.0
1.0
1.0
1.0
1.0
1.0
1.0
1.0
1.0
1.0
1.0
1.0
1.0
1.0
0.004653640004925435
0.19363107728464432
0.3709629057934202
0.5378647021307883
0.6961111885159246
0.8371066089262034
0.963531521419462
1.0
1.0
1.0
1.0
1.0
1.0
1.0
1.0
1.0
1.0
1.0
1.0
1.0
0.9995671463523644
0.008479928331381838
0.1906897763911393
0.36493966809401124
0.5272012650428523
0.6800077911380881
0.8213061009096458
0.9447210239203383
1.0
1.0
1.0
1.0
1.0
1.0
1.0
1.0
1.0
1.0
1.0
1.0
1.0
0.988689045473488
0.014149250609852438
0.18775307888694076
0.3547948962953888
0.5141890067720537
0.6669279325709787
0.8018948315379664
0.9263033838795856
1.0
1.0
1.0
1.0
1.0
1.0
1.0
1.0
1.0
1.0
1.0
1.0
1.0
0.9713000385251425
