0.022002477619702462
0.01859384493529552
0.010420497510696833
0.0
0.0
0.0
0.0
0.0
0.0
0.01891931066170993
0.05626650406004552
0.10482142083635182
0.16529743057525015
0.23948129031749588
0.32534020593511925
0.4227786571228818
0.525844008022036
0.6391567211360133
0.7552392805229929
0.8756683607233834
0.9979034870824196
0.010251717498293862
0.0021343667523890386
0.0
0.0
0.0
0.0
0.0
0.0
0.0
0.0
0.004462643152705947
0.053794350354904874
0.1164502158264834
0.19425426568379034
0.28511455963015625
0.3846366536557887
0.49484867657923903
0.6132461511275742
0.7403046654208937
0.865453005533159
0.996961128772237
0.0029043348673525307
0.0
0.0
0.0
0.0
0.0
0.0
0.0
0.0
0.0
0.0
0.009087808931890762
0.07369843753101368
0.15248731232816504
0.24437711509728477
0.35091782689641876
0.46555365728645787
0.5904051903477838
0.7240720037073564
0.8606057214674435
1.0
0.0
0.0
0.0
0.0
0.0
0.0
0.0
0.0
0.0
0.0
0.0
0.0
0.03533541992616274
0.1161396870760466
0.2115694865304827
0.32100473536444984
0.4416712280505601
0.5714780468988925
0.7097221856000984
0.852446481691747
0.9979043613282674
0.0
0.0
0.0
0.0
0.0
0.0
0.0
0.0
0.0
0.0
0.0
0.0
0.0
0.082908491841298
0.18303868760399677
0.29542621536780456
0.4205583586137924
0.5542800392600051
0.6987605570504691
0.8463021121392456
1.0
0.0
0.0
0.0
0.0
0.0
0.0
0.0
0.0
0.0
0.0
0.0
0.0
0.0
0.05448213481797326
0.15581109706963647
0.27513373454639045
0.4006642972431042
0.5399253015736534
0.690627308432297
0.8418233311078892
1.0
0.0
0.0
0.0
0.0
0.0
0.0
0.0
0.0
0.0
0.0
0.0
0.0
0.0
0.03446621836052399
0.13720445597410957
0.2534495350327124
0.3864793352553014
0.5288763657110498
0.6811298689605072
0.8377744640224178
1.0
0.0
0.0
0.0
0.0
0.0
0.0
0.0
0.0
0.0
0.0
0.0
0.0
0.0
0.016725093149138615
0.11959287759934323
0.24210312510167675
0.3755631227045716
0.5215773884317728
0.675885705793521
0.8363358511816549
1.0
0.0
0.0
0.0
0.0
0.0
0.0
0.0
0.0
0.0
0.0
0.0
0.0
0.0
0.006861403876765371
0.11101204213024418
0.23208169659067712
0.3690973489740844
0.5167756451210448
0.6704861431460217
0.8350278196203017
1.0
0.0
0.0
0.0
0.0
0.0
0.0
0.0
0.0
0.0
0.0
0.0
0.0
0.0
0.0
0.10715055142676755
0.22806406851078476
0.3641879172133693
0.5126708464510996
0.6679099913749618
0.8335180793096959
1.0
0.003507165078437332
0.0
0.0
0.0
0.0
0.0
0.0
0.0
0.0
0.0
0.0
0.0
0.0
0.0013090960659001283
0.10294754450534016
0.22880091794295643
0.3648805702993788
0.5128332909048176
0.6697014416664282
0.8333973412710555
1.0
0.0031868958035123213
0.0
0.0
0.0
0.0
0.0
0.0
0.0
0.0
0.0
0.0
0.0
0.0
0.0022175900649227254
0.10934170969986345
0.23167019528272637
0.367502568879313
0.5157025535035025
0.6706958501926168
0.8332736574694324
0.998381008177614
0.0048165273144852245
0.0
0.0
0.0
0.0
0.0
0.0
0.0
0.0
0.0
0.0
0.0
0.0
0.013855310505376583
0.11855061913551501
0.2433581875524039
0.37768741042387316
0.5210697862094309
0.6753952964540507
0.8371948181032675
0.9993543617187322
0.009122946672558013
0.0
0.0
0.0
0.0
0.0
0.0
0.0
0.0
0.0
0.0
0.0
0.0
0.027717744405917233
0.13350232794656924
0.25362968907022
0.387658534158489
0.5316665039972177
0.6812737267263822
0.8381191001382821
0.9984090533032298
0.0077376442414863016
0.0
0.0
0.0
0.0
0.0
0.0
0.0
0.0
0.0
0.0
0.0
0.0
0.04612098137482823
0.15171474329629364
0.2691405278762605
0.3995740444805454
0.5397996414388061
0.6900051598812178
0.8421494854565515
0.9964041080449981
0.009886405469774543
0.0
0.0
0.0
0.0
0.0
0.0
0.0
0.0
0.0
0.0
0.0
0.0
0.07061430707489402
0.17400794210075832
0.2898270259210345
0.4183784514268823
0.5539908267994766
0.6991415127305733
0.8467886540104934
0.9960978024732651
0.010635143734770557
0.0
0.0
0.0
0.0
0.0
0.0
0.0
0.0
0.0
0.0
0.0
0.010155525489426886
0.09835965026547944
0.1970878889229165
0.31202664372497924
0.4367157590706839
0.5706555834410096
0.7095069802467789
0.8493159692434822
0.9949918104204742
0.009557820712416008
0.0
0.0
0.0
0.0
0.0
0.0
0.0
0.0
0.0
0.0
0.0
0.0408714901119287
0.1263931160438041
0.22478915727234916
0.33763677610589526
0.45870668977550283
0.5854536006962426
0.7203249836980209
0.8587525568069392
0.9938654679691648
0.00902844398169815
0.0
0.0
0.0
0.0
0.0
0.0
0.0
0.0
0.0
0.0
0.005262949133944317
0.07474489251745386
0.16086854569277265
0.25839065635711567
0.3612216146824972
0.4823297641367123
0.6065046940759001
0.7340864632589317
0.8623866098517139
0.9943998493033329
0.003949704399479694
0.0
0.0
0.0
0.0
0.0
0.0
0.0
0.0
0.0
0.0
0.04110069381207149
0.1129039176515878
0.19354351511725199
0.2882000942597989
0.3930430206415148
0.5072858596219985
0.6225660146908747
0.7457584364847318
0.8691130854785358
0.9914550188236516
0.0
0.0
0.0
0.0
0.0
0.0
0.0
0.0
0.0
0.0
0.021514839652328588
0.07984967101069174
0.1493323390299075
0.23057047520112284
0.32294551948988676
0.4248431004813081
0.5306176305745323
0.6448600945137278
0.759820007584029
0.8737603680391545
0.9896567889587089
