0.0
0.218610864793796
0.44096912278640216
0.6477499438949884
0.8422669109441874
1.0
1.0
1.0
1.0
1.0
1.0
1.0
1.0
1.0
1.0
1.0
1.0
1.0
1.0
1.0
0.9814655987353226
0.0
0.22220743012156952
0.4381901213264763
0.6451392303888277
0.8374123071104099
1.0
1.0
1.0
1.0
1.0
1.0
1.0
1.0
1.0
1.0
1.0
1.0
1.0
1.0
1.0
0.9931259316369552
0.0
0.21929158108464572
0.43673293784388983
0.6405842922709709
0.830581638436648
1.0
1.0
1.0
1.0
1.0
1.0
1.0
1.0
1.0
1.0
1.0
1.0
1.0
1.0
1.0
1.0
0.0
0.21883355390966547
0.43108097628897735
0.6341023471208228
0.8215782621681972
0.9892548817451742
1.0
1.0
1.0
1.0
1.0
1.0
1.0
1.0
1.0
1.0
1.0
1.0
1.0
1.0
1.0
0.0
0.2154615766362549
0.42660504708887165
0.6221766721476674
0.8076893566416603
0.9742612147959185
1.0
1.0
1.0
1.0
1.0
1.0
1.0
1.0
1.0
1.0
1.0
1.0
1.0
1.0
1.0
0.0
0.21190977138449255
0.4194734655210351
0.6132404894676283
0.7938616649665259
0.9592624869444452
1.0
1.0
1.0
1.0
1.0
1.0
1.0
1.0
1.0
1.0
1.0
1.0
1.0
1.0
1.0
0.0
0.20790911346552118
0.4101788388946482
0.6038512682571584
0.7826488339704072
0.9438920706226432
1.0
1.0
1.0
1.0
1.0
1.0
1.0
1.0
1.0
1.0
1.0
1.0
1.0
1.0
1.0
0.0
0.20281001976022056
0.4057585937051547
0.5942444957746178
0.7675509076811804
0.9256756065586804
1.0
1.0
1.0
1.0
1.0
1.0
1.0
1.0
1.0
1.0
1.0
1.0
1.0
1.0
1.0
0.0
0.20054247302857778
0.396966120106154
0.5791641439827081
0.7544594848875493
0.9116668711348264
1.0
1.0
1.0
1.0
1.0
1.0
1.0
1.0
1.0
1.0
1.0
1.0
1.0
1.0
0.9978385082774079
0.0
0.19804908294177176
0.3899574612051509
0.5736509096453957
0.7435446485057118
0.8953144159532295
1.0
1.0
1.0
1.0
1.0
1.0
1.0
1.0
1.0
1.0
1.0
1.0
1.0
1.0
0.9967933901112298
0.0
0.19509121021292364
0.38471514480796404
0.5657537759881364
0.7339208363055215
0.8834757052504416
1.0
1.0
1.0
1.0
1.0
1.0
1.0
1.0
1.0
1.0
1.0
1.0
1.0
1.0
0.9932264591412514
0.0
0.19408694899015894
0.3842041391194844
0.5605259200205422
0.7244244380172573
0.8727195681275589
1.0
1.0
1.0
1.0
1.0
1.0
1.0
1.0
1.0
1.0
1.0
1.0
1.0
1.0
0.9928463748397434
0.0
0.193701002129334
0.3791847548724429
0.555180491991293
0.7188127160581147
0.8646679483186458
0.9959165909784818
1.0
1.0
1.0
1.0
1.0
1.0
1.0
1.0
1.0
1.0
1.0
1.0
1.0
0.9946240345962319
0.0010859456901881176
0.19273828157517037
0.3784493678720603
0.5516311300925654
0.7123502192688004
0.8595855809102357
0.9899342299426335
1.0
1.0
1.0
1.0
1.0
1.0
1.0
1.0
1.0
1.0
1.0
1.0
1.0
0.999720942130285
0.0020529887316564615
0.19496281612942695
0.37796300453789144
0.5493323718934937
0.7101757902170875
0.8552940903936844
0.9832127234655678
1.0
1.0
1.0
1.0
1.0
1.0
1.0
1.0
1.0
1.0
1.0
1.0
1.0
1.0
0.005496459608396308
0.195630062369124
0.3776470243165488
0.546958202949865
0.7090620378573292
0.8518623129376595
0.9792920577572084
1.0
1.0
1.0
1.0
1.0
1.0
1.0
1.0
1.0
1.0
1.0
1.0
1.0
1.0
0.0067001781980325316
0.19816512311278098
0.37741025995825583
0.5466744948877144
0.7032992822001698
0.8478037431214482
0.9757715547503351
1.0
1.0
1.0
1.0
1.0
1.0
1.0
1.0
1.0
1.0
1.0
1.0
1.0
1.0
0.010661182341373298
0.19621246660672576
0.37506249299013517
0.5423451011403195
0.700853555408657
0.8423687514580981
0.9696257508775451
1.0
1.0
1.0
1.0
1.0
1.0
1.0
1.0
1.0
1.0
1.0
1.0
1.0
1.0
0.007721809436274131
0.19361265945401918
0.37167935462100643
0.536937919243641
0.6951699171328466
0.8347794207348325
0.9607501546135805
1.0
1.0
1.0
1.0
1.0
1.0
1.0
1.0
1.0
1.0
1.0
1.0
1.0
1.0
0.005581150229242405
0.18753438930063834
0.36447655468023493
0.5301898690806826
0.6833790877201746
0.8228682350059299
0.9494149522791372
1.0
1.0
1.0
1.0
1.0
1.0
1.0
1.0
1.0
1.0
1.0
1.0
1.0
0.9961469819249091
0.0008375799799819044
0.17980680011617842
0.3553479021156151
0.5189366671167306
0.6688934539749868
0.8062470789069545
0.9311754055255554
1.0
1.0
1.0
1.0
1.0
1.0
1.0
1.0
1.0
1.0
1.0
1.0
1.0
0.9832383522903889
