0.00228278205871227
0.1979195144224922
0.3856559954878934
0.5612490883828036
0.7277589679487249
0.8816484626288595
1.0
1.0
1.0
1.0
1.0
1.0
1.0
1.0
1.0
1.0
1.0
1.0
1.0
1.0
1.0
0.0
0.20241817362654677
0.3985434767847272
0.5825799607809764
0.7555036882859613
0.9149990082610086
1.0
1.0
1.0
1.0
1.0
1.0
1.0
1.0
1.0
1.0
1.0
1.0
1.0
1.0
1.0
0.0
0.20822974192918906
0.40980946400307305
0.6021016021354266
0.7802214405374729
0.9429423339994459
1.0
1.0
1.0
1.0
1.0
1.0
1.0
1.0
1.0
1.0
1.0
1.0
1.0
1.0
1.0
0.0
0.21366167883116682
0.42106134557815117
0.6188734282162746
0.8010402399611063
0.9687812905292758
1.0
1.0
1.0
1.0
1.0
1.0
1.0
1.0
1.0
1.0
1.0
1.0
1.0
1.0
0.998820543998094
0.0
0.21600753363646424
0.4310796919857858
0.6357632065796972
0.8216413037964779
0.9929178106635089
1.0
1.0
1.0
1.0
1.0
1.0
1.0
1.0
1.0
1.0
1.0
1.0
1.0
1.0
0.9971860323123409
0.0
0.22335128027160658
0.4401064654248244
0.647565155645926
0.838258419408791
1.0
1.0
1.0
1.0
1.0
1.0
1.0
1.0
1.0
1.0
1.0
1.0
1.0
1.0
1.0
0.9946332011546014
0.0
0.22460598495735992
0.44849580335907174
0.6585085790474697
0.8495426320916372
1.0
1.0
1.0
1.0
1.0
1.0
1.0
1.0
1.0
1.0
1.0
1.0
1.0
1.0
1.0
0.9925978779738537
0.0
0.22957328953836356
0.4563515747196602
0.6688001423926925
0.8633284379591942
1.0
1.0
1.0
1.0
1.0
1.0
1.0
1.0
1.0
1.0
1.0
1.0
1.0
1.0
1.0
0.9878289213591581
0.0
0.23157371507457236
0.46256852490471995
0.6762831958923556
0.8710982653233869
1.0
1.0
1.0
1.0
1.0
1.0
1.0
1.0
1.0
1.0
1.0
1.0
1.0
1.0
1.0
0.9865215246219209
0.0
0.23330479596304282
0.4665003369723483
0.6808399744309708
0.8789509260974463
1.0
1.0
1.0
1.0
1.0
1.0
1.0
1.0
1.0
1.0
1.0
1.0
1.0
1.0
1.0
0.9898168594398348
0.0
0.23508003824350046
0.4683759893698214
0.6834425929959433
0.8821498526401658
1.0
1.0
1.0
1.0
1.0
1.0
1.0
1.0
1.0
1.0
1.0
1.0
1.0
1.0
1.0
0.991111196122469
0.0
0.23657795632579612
0.4689359718479193
0.684463659910949
0.8798026996371908
1.0
1.0
1.0
1.0
1.0
1.0
1.0
1.0
1.0
1.0
1.0
1.0
1.0
1.0
1.0
0.9923442031191648
0.0
0.23816066226074498
0.4676482944099782
0.6818281088726854
0.8763200288062825
1.0
1.0
1.0
1.0
1.0
1.0
1.0
1.0
1.0
1.0
1.0
1.0
1.0
1.0
1.0
0.9940492375323721
0.0
0.23716029796994886
0.466933555882504
0.6783469754633827
0.8733048821189572
1.0
1.0
1.0
1.0
1.0
1.0
1.0
1.0
1.0
1.0
1.0
1.0
1.0
1.0
1.0
0.9973684349462566
0.0
0.23536776517167649
0.4618817520809596
0.6699515012019225
0.8605336994687911
1.0
1.0
1.0
1.0
1.0
1.0
1.0
1.0
1.0
1.0
1.0
1.0
1.0
1.0
1.0
1.0
0.0
0.23283722289053874
0.4539981345025145
0.6597938736508547
0.8473835545734756
1.0
1.0
1.0
1.0
1.0
1.0
1.0
1.0
1.0
1.0
1.0
1.0
1.0
1.0
1.0
1.0
0.0
0.2303015496524585
0.4487149188119291
0.6498221620869211
0.8331138321585
0.9947959681590006
1.0
1.0
1.0
1.0
1.0
1.0
1.0
1.0
1.0
1.0
1.0
1.0
1.0
1.0
1.0
0.0
0.22513057482975457
0.4378650249032194
0.6358753078414832
0.8155810038853353
0.9735574561044553
1.0
1.0
1.0
1.0
1.0
1.0
1.0
1.0
1.0
1.0
1.0
1.0
1.0
1.0
1.0
0.003994926959301291
0.22453628212999113
0.4275647847880857
0.6240526829498754
0.7968834230315864
0.950969053688685
1.0
1.0
1.0
1.0
1.0
1.0
1.0
1.0
1.0
1.0
1.0
1.0
1.0
1.0
0.9995168061266887
0.006613957380244452
0.22096432422485618
0.42101250064329393
0.610331154828738
0.777255323445006
0.9236723246584745
1.0
1.0
1.0
1.0
1.0
1.0
1.0
1.0
1.0
1.0
1.0
1.0
1.0
1.0
0.9943069791292047
0.012049929421051507
0.21919657120223865
0.4139304767886239
0.5926551483533844
0.7550407003079241
0.9001752638504813
1.0
1.0
1.0
1.0
1.0
1.0
1.0
1.0
1.0
1.0
1.0
1.0
1.0
1.0
0.9853716247833212
