0.018652363418670735
0.0723384723890512
0.12346439040025198
0.1752142441288026
0.22255124526764608
0.27258267329117075
0.3217705284864456
0.3733146189334872
0.42643822698818057
0.4803096599515733
0.5391576211462811
0.5959906652925241
0.6562493110635659
0.7134972811365772
0.7726236535988821
0.827872830917783
0.8785445893638745
0.9215466810629688
0.9566679281833971
0.9793938172665195
0.9921872095363895
0.008858947843942665
0.0565137406026988
0.10684844104039591
0.15433419071290835
0.2024671417473931
0.2502396400842116
0.2998103972265523
0.34990369243094793
0.40490597851465804
0.46202686441985213
0.5187451146949765
0.5787573939844665
0.6399955369308831
0.7035801409843228
0.7599085425750166
0.8191641816517208
0.8694576260292275
0.9149035544870128
0.9509313766106476
0.9775938297414959
0.9880260083284234
0.0011261244915499375
0.048461769784087554
0.09386133847918972
0.14004095180291162
0.18432931347760081
0.23414211831091947
0.27935135096975866
0.33159927078418644
0.3868554118263527
0.44451613157426145
0.5038294461645905
0.5671757660239471
0.6274101607769549
0.691013270372982
0.7537528106777985
0.8117498082429104
0.8667816353618528
0.9129770521647528
0.9496746039066377
0.9769589896556587
0.9884084647497398
0.0
0.04083773718594595
0.08323983513170338
0.12854084543512456
0.17130131076779098
0.21997231514043192
0.2653401601722097
0.3181703940567173
0.37558604820027275
0.4327891614837721
0.4940863156259286
0.5546372402342853
0.6218159769743591
0.6873953193498543
0.750798630889338
0.8105200310426656
0.8636101175347132
0.9104288622459474
0.9513331558425794
0.9761365431426711
0.9886782327735933
0.0
0.035408848330841985
0.07787361965936732
0.12068086302475181
0.16343530368569317
0.20908380216375966
0.2554847417650409
0.3103214800196967
0.365521085701595
0.42648612491826043
0.48851288070418436
0.5536183956779333
0.6183411172172257
0.6855905809540838
0.7507093525833812
0.8133061604730651
0.8674505429619713
0.9148085539602206
0.9556491608624084
0.9816833171013902
0.9921074583128668
0.0
0.034188133275816365
0.07312795318281626
0.11363343221749991
0.1560977531394433
0.20441385822391095
0.2507985617168863
0.30389786988664047
0.3630210197764505
0.42388029896230306
0.4859933050509304
0.5519930618354706
0.6216042847905361
0.687552991550072
0.7536799547982675
0.8154694750572185
0.8747079286868973
0.9200893785011955
0.9592724147704154
0.9851793205508114
0.9957175148221744
0.0
0.0346317538748046
0.07094318755652725
0.11100139328581599
0.1537159703398238
0.19994805882524277
0.24917637050517005
0.30429967203596436
0.3612111964369419
0.4235664513768367
0.4895736658500156
0.5568434984702557
0.6260777167630633
0.6943131418254387
0.761743996239282
0.825931184011595
0.8821054040410912
0.9298395772834976
0.9667944449396774
0.9896412121914323
1.0
0.0033658881114172782
0.03716212652015502
0.06946964557176162
0.10846978794617977
0.15272233501951726
0.19820856999324257
0.2488570940525478
0.30537801973567674
0.3644941065088243
0.4265486916914909
0.49201240553319503
0.5630436199966636
0.6343392422854555
0.7037547160536429
0.7723341631464882
0.834428317186637
0.889601557671096
0.9387955618656273
0.9727548573560543
0.9962764297369009
1.0
0.006893899604073961
0.038084690245597706
0.07059805049186248
0.10678002408523599
0.15120136383122584
0.19809789948494272
0.25090701624680234
0.3062712501059136
0.36912889926769693
0.4325715561638047
0.5036666472166611
0.5729213264357996
0.643075053937022
0.7150729095994697
0.7836606862939246
0.8461766815434703
0.9016965005652037
0.9469548786056216
0.9822094685944063
1.0
1.0
0.006847469585695449
0.03676198859636481
0.07198084819570218
0.11167669286722896
0.1516605611486941
0.1987192076588773
0.2531182097466613
0.3121995789294363
0.37427702132562435
0.44185526477255865
0.5110514624398056
0.5833603797902833
0.6566846692516324
0.7265491648201003
0.7941055150247754
0.8555695957508789
0.910396756546219
0.957818487660181
0.9907372765481623
1.0
1.0
0.01168156085658838
0.038420418472306844
0.07164503051305895
0.10774019313174688
0.15462267987975153
0.2032236592809096
0.2573334220179765
0.31792814763625166
0.38138981535065813
0.45052284777256757
0.5230290448108964
0.5971626326255338
0.6686475696005463
0.7409606759500034
0.8052939769200383
0.8681618806676281
0.9241216084952187
0.965949963138554
0.9960331468856114
1.0
1.0
0.00834429072198534
0.03652901650974607
0.07163518790225092
0.11035714755590591
0.15605027199516625
0.2068103869651438
0.26238897063914174
0.32338521802134945
0.38946813496394056
0.4605577712261463
0.5323054660033575
0.6066425937473316
0.6798600401141589
0.7516930318503124
0.8184678621623319
0.8799565191777875
0.9330091191694052
0.9750736439122043
1.0
1.0
1.0
0.005744942803779043
0.03594926520868644
0.0702904341068937
0.1103412041060782
0.15423401222602112
0.20786390005296101
0.2654299407755024
0.3329107303727952
0.3968771406388139
0.4689749325427396
0.5442081915924835
0.6182853892707819
0.6922318679800882
0.7655517357901265
0.8311304964067175
0.892181664786038
0.9437669154593965
0.9821277822049921
1.0
1.0
1.0
0.0029876670330762313
0.03315639111300307
0.06711157665416262
0.10783708407962349
0.15681750017865415
0.20973831994582764
0.27130495600198495
0.336049558085051
0.4053176869513863
0.4794506955074761
0.5552521914105327
0.6300553184686266
0.7051413174971162
0.7781964404205727
0.8424573754857615
0.9016620170429759
0.9505677633142254
0.9902603477222074
1.0
1.0
1.0
0.0005756181778067643
0.029933392190565226
0.06566727185621632
0.10773279156969662
0.15927254095685373
0.21215266670712796
0.27543896074829904
0.3419786112767184
0.4135046236654355
0.4871372200998461
0.5637923093669351
0.6411685893717916
0.7163850675996087
0.7891851677072663
0.8547587691713988
0.9111168028112203
0.9601879163142998
0.993115892995446
1.0
1.0
1.0
0.0
0.028189909202209026
0.06300757590186667
0.10815118781946431
0.15853996342070972
0.21605121951960168
0.278851870355825
0.3469737867583809
0.4206676798093262
0.4958213456715825
0.5748482359078665
0.6517079855068955
0.72737985721695
0.7946276305451142
0.863271299496639
0.9206975264803999
0.9648560269707407
0.9977070427485168
1.0
1.0
1.0
0.0
0.022890822967744286
0.0639330523416187
0.1093006908630938
0.16144421162068173
0.21868959484114517
0.2851077064222623
0.35468118565587636
0.42785850583875606
0.5048664310142105
0.5834933813239463
0.6634068889816692
0.7366374037513997
0.8099783731860146
0.8729494003304781
0.9287197665921259
0.9729167163437002
1.0
1.0
1.0
0.9983744969201648
0.0
0.024018255575497877
0.06276197356173888
0.11020150097834275
0.16371477414704583
0.2253062739109873
0.2887807745104402
0.3591623406964072
0.4364609144744737
0.5117096311420706
0.591283208653885
0.6730559119888844
0.7470701809761915
0.8169106096935588
0.8810933533314276
0.935022956130985
0.9767893688840733
1.0
1.0
1.0
0.9946895559975114
0.0
0.024124521149739758
0.0652712727871437
0.11604491956453092
0.16987228066817062
0.22976473486319193
0.29969233318254573
0.3704542126719613
0.44589096608080336
0.5234650434137166
0.6063300090993875
0.6831274626114955
0.7587863347996066
0.8278651315873677
0.8886458071563643
0.9420019859052514
0.9845898224712822
1.0
1.0
1.0
0.9918351889832268
0.0
0.0321987865457299
0.07480983610779354
0.12192743719524857
0.18117745101676574
0.2425740803355757
0.309301042972317
0.3810578142334505
0.4586039092172374
0.5364104458311522
0.6141907654395666
0.6957353628849832
0.7701076148060868
0.8383524140324085
0.8984722490170793
0.9499038714016974
0.9900516242481683
1.0
1.0
1.0
0.9942444589530505
0.0058697935495717135
0.04089896299671817
0.08485601926540087
0.13402338312475343
0.19211179378202914
0.2543697587319007
0.32340223237911775
0.39833091856687297
0.47441295281797347
0.5529092461395327
0.6314773914075533
0.7068624784352092
0.7813507160583641
0.8487696010090003
0.9106342139895103
0.9601909184196556
0.9982587749677005
1.0
1.0
1.0
0.9954931147512376
