   1      0.248497E+09   -0.8472357E+07   -0.2573882E+07
   2      0.257418E+09    0.2744439E+08   -0.5337215E+07
   3      0.217662E+09    0.6678890E+08   -0.7201681E+07
   4      0.157231E+09    0.1253313E+09   -0.6980175E+07
   5      0.840222E+08    0.1825482E+09   -0.7870536E+07
   6      0.127806E+08    0.2351670E+09   -0.6454962E+07
   7     -0.511533E+08    0.2856128E+09   -0.5456687E+07
   8     -0.111681E+09    0.3247744E+09   -0.6002921E+07
   9     -0.168061E+09    0.3655390E+09   -0.5960544E+07
  10     -0.205356E+09    0.3848679E+09   -0.4026521E+07
  11     -0.224953E+09    0.4022909E+09   -0.1857363E+07
  12     -0.227365E+09    0.3908583E+09   -0.1145190E+07
  13     -0.221047E+09    0.3803841E+09   -0.3986517E+06
  14     -0.197970E+09    0.3454931E+09    0.2607088E+07
  15     -0.141573E+09    0.3089355E+09    0.3421376E+07
  16     -0.876907E+08    0.2562400E+09    0.4745653E+07
  17     -0.760886E+07    0.2036603E+09    0.8795288E+07
  18      0.860425E+08    0.1464922E+09    0.1123979E+08
  19      0.192467E+09    0.8817825E+08    0.1380863E+08
  20      0.312439E+09    0.3992558E+08    0.1119985E+08
  21      0.422541E+09   -0.5805016E+07    0.7721330E+07
  22      0.288209E+09   -0.4505554E+07   -0.6707213E+07
  23      0.273650E+09    0.1387078E+08   -0.2425836E+08
  24      0.223975E+09    0.3447175E+08   -0.4012190E+08
  25      0.159091E+09    0.6957689E+08   -0.4036362E+08
  26      0.824950E+08    0.1028118E+09   -0.4194547E+08
  27      0.972314E+07    0.1353421E+09   -0.3837831E+08
  28     -0.565649E+08    0.1688718E+09   -0.3508842E+08
  29     -0.119646E+09    0.1913488E+09   -0.2727948E+08
  30     -0.176118E+09    0.2125811E+09   -0.1969139E+08
  31     -0.215824E+09    0.2178000E+09   -0.9505927E+07
  32     -0.235744E+09    0.2235564E+09    0.1060614E+07
  33     -0.239036E+09    0.2106371E+09    0.1250662E+08
  34     -0.229206E+09    0.1957949E+09    0.2353851E+08
  35     -0.203816E+09    0.1674157E+09    0.2962866E+08
  36     -0.149525E+09    0.1401702E+09    0.3680493E+08
  37     -0.895950E+08    0.1053229E+09    0.4005424E+08
  38     -0.739168E+07    0.6957846E+08    0.4257650E+08
  39      0.913621E+08    0.3987337E+08    0.3755962E+08
  40      0.201930E+09    0.1046926E+08    0.3312647E+08
  41      0.324151E+09    0.2668866E+07    0.1980619E+08
  42      0.458826E+09   -0.4132349E+07    0.5714020E+07
  43      0.332694E+09   -0.3105705E+07   -0.9292898E+07
  44      0.292850E+09    0.2600806E+07   -0.4216020E+08
  45      0.231177E+09    0.9776503E+07   -0.7289942E+08
  46      0.161220E+09    0.2617016E+08   -0.7382279E+08
  47      0.801495E+08    0.4165746E+08   -0.7586067E+08
  48      0.732160E+07    0.5279435E+08   -0.7002740E+08
  49     -0.631393E+08    0.6349103E+08   -0.6447952E+08
  50     -0.128950E+09    0.6728199E+08   -0.4803494E+08
  51     -0.185047E+09    0.7101924E+08   -0.3269473E+08
  52     -0.227143E+09    0.6585291E+08   -0.1494722E+08
  53     -0.247555E+09    0.6105823E+08    0.3706966E+07
  54     -0.251796E+09    0.4273539E+08    0.2579115E+08
  55     -0.238031E+09    0.2344055E+08    0.4607366E+08
  56     -0.212365E+09    0.1685120E+07    0.5772557E+08
  57     -0.168000E+09   -0.2300416E+08    0.7707732E+08
  58     -0.928178E+08   -0.5107778E+08    0.8109110E+08
  59     -0.619533E+07   -0.7440147E+08    0.7617684E+08
  60      0.986732E+08   -0.5280642E+08    0.5885497E+08
  61      0.214434E+09   -0.2818990E+08    0.4481679E+08
  62      0.340113E+09   -0.9531152E+07    0.2428740E+08
  63      0.499218E+09    0.4858388E+07    0.2919148E+07
  64      0.392038E+09    0.1310634E+07   -0.8250500E+07
  65      0.325347E+09   -0.1281558E+07   -0.3852817E+08
  66      0.246480E+09   -0.4556840E+07   -0.6740587E+08
  67      0.163532E+09   -0.1080359E+08   -0.6862365E+08
  68      0.769635E+08   -0.1561634E+08   -0.7106010E+08
  69     -0.104274E+07   -0.2264340E+08   -0.6189011E+08
  70     -0.777278E+08   -0.3114138E+08   -0.5241621E+08
  71     -0.146330E+09   -0.4432433E+08   -0.3580983E+08
  72     -0.203331E+09   -0.5626442E+08   -0.1998522E+08
  73     -0.248860E+09   -0.7155155E+08    0.6970933E+06
  74     -0.272521E+09   -0.8743405E+08    0.2239094E+08
  75     -0.279373E+09   -0.1097441E+09    0.4836179E+08
  76     -0.255919E+09   -0.1350080E+09    0.7514276E+08
  77     -0.214228E+09   -0.1613984E+09    0.7688364E+08
  78     -0.166724E+09   -0.1850386E+09    0.7582475E+08
  79     -0.734511E+08   -0.1483028E+09    0.5449936E+08
  80      0.153922E+08   -0.1075021E+09    0.3272988E+08
  81      0.112787E+09   -0.6724495E+08    0.1856557E+08
  82      0.223267E+09   -0.2979575E+08    0.6983571E+07
  83      0.348094E+09   -0.1227782E+08    0.3750918E+07
  84      0.508114E+09    0.4186540E+07   -0.4857943E+06
  85      0.449912E+09    0.2760542E+07   -0.8667103E+07
  86      0.356643E+09   -0.6725077E+07   -0.3581191E+08
  87      0.262312E+09   -0.1701353E+08   -0.6156723E+08
  88      0.166299E+09   -0.4046730E+08   -0.6243880E+08
  89      0.755434E+08   -0.6376269E+08   -0.6523852E+08
  90     -0.116545E+08   -0.9167578E+08   -0.5293004E+08
  91     -0.918634E+08   -0.1197497E+09   -0.3983589E+08
  92     -0.161960E+09   -0.1419669E+09   -0.2447995E+08
  93     -0.221973E+09   -0.1625235E+09   -0.8616026E+07
  94     -0.270314E+09   -0.1859534E+09    0.1662417E+08
  95     -0.296230E+09   -0.2098209E+09    0.4177184E+08
  96     -0.314286E+09   -0.2433641E+09    0.7722722E+08
  97     -0.278451E+09   -0.2857482E+09    0.1139875E+09
  98     -0.212398E+09   -0.2634125E+09    0.9100830E+08
  99     -0.145584E+09   -0.2242991E+09    0.5737627E+08
 100     -0.508512E+08   -0.1661052E+09    0.1792832E+08
 101      0.362905E+08   -0.1161331E+09   -0.1218576E+08
 102      0.125276E+09   -0.7435389E+08   -0.1772509E+08
 103      0.229470E+09   -0.3109362E+08   -0.2347061E+08
 104      0.352422E+09   -0.1143467E+08   -0.1265097E+08
 105      0.513525E+09    0.6366902E+07   -0.2550928E+07
 106      0.483064E+09    0.4777144E+07   -0.6615210E+07
 107      0.370704E+09   -0.1177768E+08   -0.1927716E+08
 108      0.266646E+09   -0.2980538E+08   -0.3086552E+08
 109      0.163775E+09   -0.6644196E+08   -0.2637940E+08
 110      0.698876E+08   -0.1033033E+09   -0.2269041E+08
 111     -0.219327E+08   -0.1431883E+09   -0.1323626E+08
 112     -0.103977E+09   -0.1802894E+09   -0.4450184E+07
 113     -0.176097E+09   -0.2151741E+09    0.1047867E+08
 114     -0.244759E+09   -0.2515790E+09    0.2588997E+08
 115     -0.294644E+09   -0.2876943E+09    0.5083485E+08
 116     -0.330466E+09   -0.3313805E+09    0.8255315E+08
 117     -0.321716E+09   -0.3448683E+09    0.8917965E+08
 118     -0.250161E+09   -0.3436976E+09    0.8416154E+08
 119     -0.168053E+09   -0.2841643E+09    0.3691544E+08
 120     -0.950519E+08   -0.2308563E+09   -0.8297728E+07
 121     -0.223843E+08   -0.1786424E+09   -0.3750024E+08
 122      0.489861E+08   -0.1262553E+09   -0.6423487E+08
 123      0.123756E+09   -0.8136574E+08   -0.6265295E+08
 124      0.214073E+09   -0.3588109E+08   -0.6070445E+08
 125      0.324549E+09   -0.1440140E+08   -0.3244749E+08
 126      0.475410E+09    0.5469205E+07   -0.4608807E+07
 127      0.515503E+09    0.7160413E+07   -0.5337272E+07
 128      0.383858E+09   -0.1339774E+08   -0.2784847E+07
 129      0.271592E+09   -0.3635877E+08   -0.7399896E+05
 130      0.160729E+09   -0.8570318E+08    0.9382384E+07
 131      0.630071E+08   -0.1337465E+09    0.1911948E+08
 132     -0.303169E+08   -0.1868356E+09    0.2618794E+08
 133     -0.116119E+09   -0.2404603E+09    0.3192241E+08
 134     -0.193294E+09   -0.2852481E+09    0.4729746E+08
 135     -0.267340E+09   -0.3277591E+09    0.6187600E+08
 136     -0.320203E+09   -0.3576313E+09    0.8657235E+08
 137     -0.375207E+09   -0.3930714E+09    0.1243086E+09
 138     -0.314551E+09   -0.3748944E+09    0.9153730E+08
 139     -0.212631E+09   -0.3473749E+09    0.4049641E+08
 140     -0.124371E+09   -0.2928359E+09   -0.1462379E+08
 141     -0.554817E+08   -0.2423103E+09   -0.6349375E+08
 142      0.383098E+07   -0.1881020E+09   -0.8931685E+08
 143      0.611444E+08   -0.1335556E+09   -0.1152306E+09
 144      0.121758E+09   -0.8548059E+08   -0.1069536E+09
 145      0.198381E+09   -0.3615819E+08   -0.9804204E+08
 146      0.296401E+09   -0.1328211E+08   -0.5217806E+08
 147      0.437503E+09    0.7224675E+07   -0.6554245E+07
 148      0.494688E+09    0.6588248E+07   -0.2030609E+07
 149      0.360671E+09   -0.1869577E+08    0.2237699E+08
 150      0.250419E+09   -0.4609565E+08    0.4777412E+08
 151      0.144702E+09   -0.1040995E+09    0.6561834E+08
 152      0.532094E+08   -0.1618731E+09    0.8197729E+08
 153     -0.338353E+08   -0.2228163E+09    0.8617011E+08
 154     -0.117717E+09   -0.2836581E+09    0.8985494E+08
 155     -0.198339E+09   -0.3282958E+09    0.9164632E+08
 156     -0.271182E+09   -0.3719686E+09    0.9503672E+08
 157     -0.339682E+09   -0.3916007E+09    0.1074527E+09
 158     -0.353978E+09   -0.4099255E+09    0.1175018E+09
 159     -0.244655E+09   -0.3757082E+09    0.5561287E+08
 160     -0.149078E+09   -0.3413334E+09   -0.7300922E+07
 161     -0.720168E+08   -0.2943595E+09   -0.6176091E+08
 162     -0.150821E+08   -0.2475883E+09   -0.1149322E+09
 163      0.301765E+08   -0.1939564E+09   -0.1425853E+09
 164      0.681180E+08   -0.1398353E+09   -0.1698865E+09
 165      0.106260E+09   -0.9059864E+08   -0.1553173E+09
 166      0.158023E+09   -0.4065980E+08   -0.1400371E+09
 167      0.230632E+09   -0.1625590E+08   -0.7459429E+08
 168      0.348260E+09    0.6148749E+07   -0.9123055E+07
 169      0.471778E+09    0.1051220E+08    0.3484485E+06
 170      0.337812E+09   -0.1741995E+08    0.4757486E+08
 171      0.226676E+09   -0.4957444E+08    0.9632539E+08
 172      0.129097E+09   -0.1148178E+09    0.1218345E+09
 173      0.434477E+08   -0.1774819E+09    0.1452908E+09
 174     -0.385432E+08   -0.2444250E+09    0.1470236E+09
 175     -0.118518E+09   -0.3117459E+09    0.1472341E+09
 176     -0.201223E+09   -0.3538132E+09    0.1347516E+09
 177     -0.275182E+09   -0.3959951E+09    0.1278392E+09
 178     -0.360815E+09   -0.4010048E+09    0.1255358E+09
 179     -0.312611E+09   -0.4010947E+09    0.1073753E+09
 180     -0.180383E+09   -0.3665141E+09    0.2290228E+08
 181     -0.890244E+08   -0.3348188E+09   -0.5003313E+08
 182     -0.197368E+08   -0.2908925E+09   -0.1082447E+09
 183      0.265654E+08   -0.2470196E+09   -0.1672608E+09
 184      0.564638E+08   -0.1952829E+09   -0.1960721E+09
 185      0.747984E+08   -0.1426622E+09   -0.2248656E+09
 186      0.903652E+08   -0.9230990E+08   -0.2039214E+09
 187      0.117287E+09   -0.4028191E+08   -0.1822238E+09
 188      0.164667E+09   -0.1466741E+08   -0.9702620E+08
 189      0.258990E+09    0.7989586E+07   -0.1151323E+08
 190      0.384357E+09    0.8168357E+07    0.3162033E+07
 191      0.263451E+09   -0.2289522E+08    0.7823897E+08
 192      0.172010E+09   -0.5653769E+08    0.1536669E+09
 193      0.984410E+08   -0.1231046E+09    0.1861188E+09
 194      0.315017E+08   -0.1902533E+09    0.2174507E+09
 195     -0.321601E+08   -0.2553465E+09    0.2104442E+09
 196     -0.974614E+08   -0.3186164E+09    0.2021499E+09
 197     -0.172210E+09   -0.3579761E+09    0.1725552E+09
 198     -0.252609E+09   -0.3979473E+09    0.1484392E+09
 199     -0.332933E+09   -0.3910004E+09    0.1168067E+09
 200     -0.223122E+09   -0.3784921E+09    0.7421656E+08
 201     -0.105139E+09   -0.3431626E+09   -0.7679932E+07
 202     -0.178574E+08   -0.3124435E+09   -0.8359603E+08
 203      0.428590E+08   -0.2743661E+09   -0.1466392E+09
 204      0.762664E+08   -0.2358126E+09   -0.2102511E+09
 205      0.877508E+08   -0.1892145E+09   -0.2428709E+09
 206      0.807371E+08   -0.1415601E+09   -0.2757145E+09
 207      0.644736E+08   -0.9337060E+08   -0.2515119E+09
 208      0.529195E+08   -0.4377309E+08   -0.2265216E+09
 209      0.581982E+08   -0.1739097E+08   -0.1210694E+09
 210      0.109834E+09    0.6406216E+07   -0.1472627E+08
 211      0.299204E+09    0.1124415E+08    0.6307823E+07
 212      0.187665E+09   -0.2123146E+08    0.1089348E+09
 213      0.118747E+09   -0.5867380E+08    0.2111349E+09
 214      0.658054E+08   -0.1283433E+09    0.2512269E+09
 215      0.193672E+08   -0.1945076E+09    0.2898730E+09
 216     -0.254611E+08   -0.2502423E+09    0.2736784E+09
 217     -0.772086E+08   -0.3057812E+09    0.2575991E+09
 218     -0.141821E+09   -0.3335563E+09    0.2115904E+09
 219     -0.229552E+09   -0.3610814E+09    0.1698745E+09
 220     -0.297245E+09   -0.3472128E+09    0.1089154E+09
 221     -0.144025E+09   -0.3292071E+09    0.4199708E+08
 222     -0.294962E+08   -0.2980628E+09   -0.3842112E+08
 223      0.537449E+08   -0.2710792E+09   -0.1175175E+09
 224      0.105913E+09   -0.2412564E+09   -0.1854930E+09
 225      0.126384E+09   -0.2113332E+09   -0.2539215E+09
 226      0.119129E+09   -0.1733984E+09   -0.2903686E+09
 227      0.862593E+08   -0.1342542E+09   -0.3273225E+09
 228      0.379372E+08   -0.8957594E+08   -0.2996987E+09
 229     -0.122880E+08   -0.4210719E+08   -0.2712184E+09
 230     -0.486158E+08   -0.1524178E+08   -0.1452633E+09
 231     -0.397674E+08    0.8076996E+07   -0.1792048E+08
 232      0.129353E+09    0.7509012E+07    0.1375875E+08
 233      0.582248E+08   -0.2765326E+08    0.1429765E+09
 234      0.345355E+08   -0.6704911E+08    0.2719857E+09
 235      0.263814E+08   -0.1300728E+09    0.3107554E+09
 236      0.199943E+08   -0.1916549E+09    0.3467949E+09
 237      0.432348E+07   -0.2339564E+09    0.3146864E+09
 238     -0.289278E+08   -0.2731103E+09    0.2833390E+09
 239     -0.812663E+08   -0.2808039E+09    0.2220347E+09
 240     -0.161688E+09   -0.2876461E+09    0.1619002E+09
 241     -0.221348E+09   -0.2663467E+09    0.8937556E+08
 242     -0.685036E+08   -0.2451717E+09    0.1599624E+08
 243      0.464771E+08   -0.2219948E+09   -0.6013440E+08
 244      0.127787E+09   -0.2007477E+09   -0.1361244E+09
 245      0.173942E+09   -0.1825128E+09   -0.2041445E+09
 246      0.184842E+09   -0.1647915E+09   -0.2731103E+09
 247      0.160218E+09   -0.1411616E+09   -0.3154039E+09
 248      0.998528E+08   -0.1161971E+09   -0.3590238E+09
 249      0.116261E+08   -0.8078957E+08   -0.3355876E+09
 250     -0.931927E+08   -0.4229975E+08   -0.3115384E+09
 251     -0.194519E+09   -0.1659798E+08   -0.1681421E+09
 252     -0.255099E+09    0.5625821E+07   -0.2203443E+08
 253     -0.428693E+08    0.1185565E+08    0.2090277E+08
 254     -0.711691E+08   -0.2321361E+08    0.1776136E+09
 255     -0.539324E+08   -0.6414804E+08    0.3343513E+09
 256     -0.129024E+08   -0.1176906E+09    0.3716089E+09
 257      0.192817E+08   -0.1644271E+09    0.4054167E+09
 258      0.358196E+08   -0.1840158E+09    0.3577892E+09
 259      0.214101E+08   -0.2054229E+09    0.3115154E+09
 260     -0.192262E+08   -0.1967580E+09    0.2323282E+09
 261     -0.889574E+08   -0.1841304E+09    0.1512971E+09
 262     -0.149767E+09   -0.1527421E+09    0.7012551E+08
 263      0.111861E+08   -0.1230746E+09   -0.8219329E+07
 264      0.123852E+09   -0.1048370E+09   -0.8144222E+08
 265      0.203059E+09   -0.8914810E+08   -0.1548210E+09
 266      0.243149E+09   -0.8827561E+08   -0.2229859E+09
 267      0.244160E+09   -0.8855962E+08   -0.2926978E+09
 268      0.202106E+09   -0.8716995E+08   -0.3413972E+09
 269      0.112882E+09   -0.8505000E+08   -0.3921149E+09
 270     -0.155526E+08   -0.6403896E+08   -0.3729050E+09
 271     -0.176202E+09   -0.3811594E+08   -0.3531026E+09
 272     -0.341766E+09   -0.1369820E+08   -0.1914520E+09
 273     -0.470378E+09    0.7164755E+07   -0.2619317E+08
 274     -0.309064E+09    0.3946688E+07    0.3197519E+08
 275     -0.248798E+09   -0.2782872E+08    0.2086964E+09
 276     -0.148676E+09   -0.6594355E+08    0.3814914E+09
 277     -0.332560E+08   -0.9615886E+08    0.3974197E+09
 278      0.490276E+08   -0.1204051E+09    0.4116154E+09
 279      0.957053E+08   -0.1071205E+09    0.3472115E+09
 280      0.981963E+08   -0.9101555E+08    0.2865005E+09
 281      0.647028E+08   -0.5670656E+08    0.2023572E+09
 282      0.370606E+07   -0.2505932E+08    0.1172517E+09
 283     -0.700784E+08    0.1011362E+08    0.3629837E+08
 284      0.700843E+08    0.4906801E+08   -0.3936487E+08
 285      0.180452E+09    0.6372291E+08   -0.9108047E+08
 286      0.261891E+09    0.7324021E+08   -0.1459305E+09
 287      0.302255E+09    0.5223693E+08   -0.2033722E+09
 288      0.304196E+09    0.3019342E+08   -0.2622973E+09
 289      0.254994E+09    0.7607844E+06   -0.3153348E+09
 290      0.147897E+09   -0.2794953E+08   -0.3722525E+09
 291     -0.206590E+08   -0.3264392E+08   -0.3717855E+09
 292     -0.250503E+09   -0.3093049E+08   -0.3727775E+09
 293     -0.514983E+09   -0.1260534E+08   -0.2069143E+09
 294     -0.752457E+09    0.1070029E+07   -0.3376311E+08
 295     -0.575330E+09    0.1251693E+08    0.4592604E+08
 296     -0.429381E+09   -0.2413056E+08    0.2419578E+09
 297     -0.250764E+09   -0.6147208E+08    0.4335511E+09
 298     -0.533578E+08   -0.5528889E+08    0.4280675E+09
 299      0.779568E+08   -0.4087285E+08    0.4212063E+09
 300      0.159576E+09    0.2779974E+08    0.3374051E+09
 301      0.177163E+09    0.9355099E+08    0.2580909E+09
 302      0.150776E+09    0.1600743E+09    0.1720518E+09
 303      0.955258E+08    0.2223924E+09    0.8513870E+08
 304      0.144065E+08    0.2635700E+09    0.2052236E+07
 305      0.125174E+09    0.3071379E+09   -0.7193062E+08
 306      0.236345E+09    0.3094350E+09   -0.1003053E+09
 307      0.321016E+09    0.3082101E+09   -0.1357545E+09
 308      0.362611E+09    0.2605452E+09   -0.1824935E+09
 309      0.366080E+09    0.2100813E+09   -0.2302713E+09
 310      0.311185E+09    0.1375078E+09   -0.2894158E+09
 311      0.182854E+09    0.6123479E+08   -0.3534763E+09
 312     -0.246157E+08    0.1709279E+08   -0.3738109E+09
 313     -0.331977E+09   -0.2135898E+08   -0.3964040E+09
 314     -0.691636E+09   -0.8302125E+07   -0.2241272E+09
 315     -0.103605E+10    0.6623627E+07   -0.4314193E+08
 316     -0.943532E+09   -0.1428676E+08    0.7033683E+08
 317     -0.619918E+09   -0.2100292E+08    0.2548022E+09
 318     -0.286473E+09   -0.3819779E+08    0.4208244E+09
 319     -0.127491E+08    0.3058393E+08    0.3575438E+09
 320      0.156699E+09    0.1151488E+09    0.3051073E+09
 321      0.236433E+09    0.2430928E+09    0.2206120E+09
 322      0.251629E+09    0.3687423E+09    0.1450822E+09
 323      0.214211E+09    0.4644899E+09    0.8379321E+08
 324      0.161187E+09    0.5578365E+09    0.2020151E+08
 325      0.813729E+08    0.6011927E+09   -0.3817789E+08
 326      0.129403E+09    0.6446431E+09   -0.8791099E+08
 327      0.243099E+09    0.6322924E+09   -0.8663111E+08
 328      0.333287E+09    0.6195159E+09   -0.9117659E+08
 329      0.382331E+09    0.5449215E+09   -0.1075851E+09
 330      0.400935E+09    0.4676921E+09   -0.1239831E+09
 331      0.360124E+09    0.3431567E+09   -0.1693252E+09
 332      0.248520E+09    0.2153340E+09   -0.2222367E+09
 333      0.255952E+08    0.1079921E+09   -0.2776110E+09
 334     -0.338224E+09    0.1246269E+08   -0.3474781E+09
 335     -0.845679E+09    0.7538930E+06   -0.2148102E+09
 336     -0.138657E+10   -0.1691848E+08   -0.6058107E+08
 337     -0.134344E+10    0.3924147E+08    0.1195135E+09
 338     -0.813183E+09   -0.7145960E+07    0.2771288E+09
 339     -0.359596E+09   -0.1263261E+08    0.4242737E+09
 340      0.503080E+08    0.1893117E+09    0.2973993E+09
 341      0.243762E+09    0.3749414E+09    0.1765296E+09
 342      0.318572E+09    0.5910647E+09    0.9730874E+08
 343      0.329574E+09    0.7845520E+09    0.2777161E+08
 344      0.277887E+09    0.8987742E+09   -0.8179959E+07
 345      0.226890E+09    0.1011184E+10   -0.4741257E+08
 346      0.145084E+09    0.1044059E+10   -0.7858002E+08
 347      0.129987E+09    0.1078188E+10   -0.1034366E+09
 348      0.248032E+09    0.1057017E+10   -0.7227653E+08
 349      0.343365E+09    0.1036884E+10   -0.4419491E+08
 350      0.401136E+09    0.9390057E+09   -0.2835537E+08
 351      0.437184E+09    0.8395344E+09   -0.1172961E+08
 352      0.413828E+09    0.6595151E+09   -0.4217903E+08
 353      0.320859E+09    0.4616483E+09   -0.7930508E+08
 354      0.952419E+08    0.2653286E+09   -0.1875490E+09
 355     -0.371592E+09    0.4849597E+08   -0.3100814E+09
 356     -0.100391E+10    0.1900352E+08   -0.2128842E+09
 357     -0.176729E+10    0.2896586E+08   -0.9665404E+08
 358     -0.179321E+10   -0.1037681E+09    0.1505888E+09
 359     -0.875761E+09    0.3792325E+08    0.1931942E+09
 360     -0.166779E+09    0.1661647E+09    0.1684623E+09
 361      0.165016E+09    0.5050300E+09   -0.2495669E+08
 362      0.306592E+09    0.8629940E+09   -0.1361435E+09
 363      0.329618E+09    0.1113023E+10   -0.1374014E+09
 364      0.322316E+09    0.1355319E+10   -0.1408857E+09
 365      0.264354E+09    0.1468754E+10   -0.1184050E+09
 366      0.214142E+09    0.1580089E+10   -0.1001294E+09
 367      0.144816E+09    0.1593941E+10   -0.9306386E+08
 368      0.105589E+09    0.1611071E+10   -0.9042656E+08
 369      0.187493E+09    0.1576495E+10   -0.3704627E+08
 370      0.283837E+09    0.1545925E+10    0.2192341E+08
 371      0.343449E+09    0.1438497E+10    0.8358003E+08
 372      0.389796E+09    0.1331803E+10    0.1476146E+09
 373      0.390747E+09    0.1111948E+10    0.1801309E+09
 374      0.352257E+09    0.8835466E+09    0.2171130E+09
 375      0.196349E+09    0.5454242E+09    0.1285988E+09
 376     -0.172726E+09    0.2177113E+09   -0.3263578E+08
 377     -0.990683E+09    0.6397788E+08   -0.1044490E+09
 378     -0.214834E+10   -0.9496271E+08   -0.1138280E+09
 379     -0.288575E+10    0.2564236E+09    0.6099571E+09
 380     -0.791518E+09    0.2387590E+09    0.2015220E+09
 381      0.103114E+09    0.4635399E+09   -0.2618779E+09
 382      0.280641E+09    0.1193264E+10   -0.4094469E+09
 383      0.372332E+09    0.1677711E+10   -0.4672886E+09
 384      0.330437E+09    0.1905939E+10   -0.3862738E+09
 385      0.306966E+09    0.2136484E+10   -0.3126027E+09
 386      0.241998E+09    0.2206829E+10   -0.2306821E+09
 387      0.194724E+09    0.2283467E+10   -0.1520985E+09
 388      0.139377E+09    0.2267964E+10   -0.1068259E+09
 389      0.892456E+08    0.2252445E+10   -0.7644306E+08
 390      0.114837E+09    0.2201129E+10   -0.6072041E+06
 391      0.220207E+09    0.2161331E+10    0.9009395E+08
 392      0.280494E+09    0.2070623E+10    0.1987711E+09
 393      0.335718E+09    0.1983527E+10    0.3104567E+09
 394      0.357444E+09    0.1769218E+10    0.4171214E+09
 395      0.385032E+09    0.1559917E+10    0.5318139E+09
 396      0.297233E+09    0.1123910E+10    0.5041169E+09
 397      0.929410E+08    0.4761340E+09    0.3962433E+09
 398     -0.837244E+09    0.2517571E+09   -0.6887392E+08
 399     -0.312440E+10    0.2295465E+09   -0.4705656E+09
 400     -0.243582E+10   -0.4610265E+09   -0.1346830E+09
 401     -0.247822E+09    0.7957170E+09   -0.6745014E+09
 402      0.318555E+08    0.2015891E+10   -0.1049236E+10
 403      0.174177E+09    0.2425831E+10   -0.8318689E+09
 404      0.195023E+09    0.2844802E+10   -0.6913645E+09
 405      0.172916E+09    0.2956603E+10   -0.5186771E+09
 406      0.158947E+09    0.3082528E+10   -0.3558403E+09
 407      0.122855E+09    0.3080547E+10   -0.2352451E+09
 408      0.100103E+09    0.3085739E+10   -0.1174616E+09
 409      0.707748E+08    0.3028969E+10   -0.5047387E+08
 410      0.514860E+08    0.2967714E+10    0.8110845E+07
 411      0.448855E+08    0.2898915E+10    0.6184011E+08
 412      0.109342E+09    0.2849925E+10    0.1257587E+09
 413      0.143116E+09    0.2800901E+10    0.2625429E+09
 414      0.172467E+09    0.2749970E+10    0.4004221E+09
 415      0.188088E+09    0.2610444E+10    0.5731862E+09
 416      0.204097E+09    0.2483767E+10    0.7541378E+09
 417      0.188689E+09    0.2118811E+10    0.8961972E+09
 418      0.417868E+08    0.1754462E+10    0.1121282E+10
 419     -0.251768E+09    0.6932362E+09    0.7210039E+09
 420     -0.251775E+10   -0.3888750E+09    0.2019160E+09
 421     -0.133693E+10    0.4341374E+10   -0.1051116E+10
 422      0.132894E+09    0.4444232E+10   -0.1525595E+10
 423     -0.620686E+08    0.4495205E+10   -0.1667623E+10
 424      0.428518E+08    0.4387410E+10   -0.1179582E+10
 425      0.916407E+07    0.4364406E+10   -0.8723583E+09
 426      0.152012E+08    0.4272451E+10   -0.6191114E+09
 427      0.124098E+08    0.4196455E+10   -0.3809516E+09
 428      0.803522E+07    0.4081890E+10   -0.2258379E+09
 429      0.899128E+07    0.3972168E+10   -0.7454006E+08
 430      0.584347E+07    0.3862677E+10    0.1127228E+08
 431      0.973167E+07    0.3744449E+10    0.9655315E+08
 432     -0.124372E+08    0.3657357E+10    0.1255008E+09
 433      0.299984E+07    0.3597241E+10    0.1582183E+09
 434      0.960472E+07    0.3609257E+10    0.3202218E+09
 435      0.126639E+08    0.3610658E+10    0.4822308E+09
 436      0.213783E+08    0.3614861E+10    0.7107656E+09
 437      0.179775E+08    0.3630567E+10    0.9510610E+09
 438      0.618986E+08    0.3641446E+10    0.1239250E+10
 439     -0.338184E+08    0.3734942E+10    0.1716082E+10
 440      0.192974E+09    0.3697121E+10    0.1565397E+10
 441     -0.129654E+10    0.3586835E+10    0.1160154E+10
