   1     -0.551748E+09    0.2268511E+07   -0.1185430E+06
   2     -0.435598E+09   -0.4812110E+07   -0.1242057E+06
   3     -0.304618E+09   -0.1272654E+08   -0.1305021E+06
   4     -0.165319E+09   -0.2934780E+08   -0.2105021E+06
   5     -0.198855E+08   -0.4659667E+08   -0.3087700E+06
   6      0.126695E+09   -0.5770476E+08   -0.1851882E+07
   7      0.270153E+09   -0.6484066E+08   -0.3118643E+07
   8      0.325607E+09   -0.7701193E+08   -0.8163043E+06
   9      0.360244E+09   -0.9328958E+08    0.6877124E+06
  10      0.369280E+09   -0.1114849E+09    0.2624098E+06
  11      0.353328E+09   -0.1279783E+09    0.4357228E+06
  12      0.305713E+09   -0.1383400E+09    0.1560357E+07
  13      0.233571E+09   -0.1501218E+09    0.2156677E+07
  14      0.132547E+09   -0.1465619E+09    0.1156232E+07
  15      0.148479E+08   -0.1404780E+09    0.8597183E+06
  16     -0.104624E+09   -0.1188921E+09    0.9338977E+06
  17     -0.216462E+09   -0.9777982E+08    0.2611729E+06
  18     -0.291918E+09   -0.6692178E+08   -0.2519180E+06
  19     -0.316134E+09   -0.3411472E+08   -0.3869564E+06
  20     -0.272326E+09   -0.1337950E+08   -0.6653567E+06
  21     -0.131483E+09    0.4776003E+07   -0.8210025E+06
  22     -0.560181E+09    0.2075419E+07    0.9935396E+06
  23     -0.442046E+09   -0.5509544E+07    0.7384517E+07
  24     -0.309093E+09   -0.1376774E+08    0.1385770E+08
  25     -0.167384E+09   -0.3045245E+08    0.1588946E+08
  26     -0.189279E+08   -0.4697778E+08    0.1725632E+08
  27      0.131327E+09   -0.6275977E+08    0.1334615E+08
  28      0.263849E+09   -0.7759990E+08    0.1167257E+08
  29      0.322698E+09   -0.9430989E+08    0.1626281E+08
  30      0.360605E+09   -0.1119923E+09    0.1901690E+08
  31      0.372494E+09   -0.1280028E+09    0.1577989E+08
  32      0.357285E+09   -0.1441005E+09    0.1281529E+08
  33      0.311910E+09   -0.1499864E+09    0.6905938E+07
  34      0.240276E+09   -0.1549180E+09    0.9039764E+06
  35      0.140704E+09   -0.1466566E+09   -0.7018257E+07
  36      0.225479E+08   -0.1388755E+09   -0.1503479E+08
  37     -0.980116E+08   -0.1166196E+09   -0.2183202E+08
  38     -0.210030E+09   -0.9257801E+08   -0.2947826E+08
  39     -0.292816E+09   -0.6147939E+08   -0.2977002E+08
  40     -0.321227E+09   -0.2994994E+08   -0.2977733E+08
  41     -0.285675E+09   -0.1180070E+08   -0.1684056E+08
  42     -0.155841E+09    0.4392923E+07   -0.3308533E+07
  43     -0.568312E+09    0.2624898E+07    0.1834558E+07
  44     -0.448279E+09   -0.5101805E+07    0.1475499E+08
  45     -0.313411E+09   -0.1374690E+08    0.2778522E+08
  46     -0.169388E+09   -0.3231683E+08    0.3195433E+08
  47     -0.180255E+08   -0.5002722E+08    0.3499990E+08
  48      0.137526E+09   -0.7094323E+08    0.2891854E+08
  49      0.256224E+09   -0.9249336E+08    0.2693443E+08
  50      0.319414E+09   -0.1127770E+09    0.3315190E+08
  51      0.359541E+09   -0.1321765E+09    0.3665034E+08
  52      0.375215E+09   -0.1472747E+09    0.3134438E+08
  53      0.361111E+09   -0.1629615E+09    0.2529673E+08
  54      0.318217E+09   -0.1653205E+09    0.1184087E+08
  55      0.245965E+09   -0.1680876E+09   -0.2166229E+06
  56      0.149286E+09   -0.1563158E+09   -0.1553682E+08
  57      0.305719E+08   -0.1414348E+09   -0.3266925E+08
  58     -0.917105E+08   -0.1121166E+09   -0.4507968E+08
  59     -0.202976E+09   -0.8569279E+08   -0.5766145E+08
  60     -0.293403E+09   -0.5788806E+08   -0.5878577E+08
  61     -0.325652E+09   -0.2576180E+08   -0.5980117E+08
  62     -0.299630E+09   -0.8209534E+07   -0.3242565E+08
  63     -0.179385E+09    0.5802065E+07   -0.4302600E+07
  64     -0.593893E+09    0.2430140E+07    0.2907166E+07
  65     -0.469057E+09   -0.6599311E+07    0.2350701E+08
  66     -0.327252E+09   -0.1648435E+08    0.4427595E+08
  67     -0.175761E+09   -0.3597255E+08    0.5062826E+08
  68     -0.168435E+08   -0.5418660E+08    0.5499588E+08
  69      0.140233E+09   -0.7691993E+08    0.5272026E+08
  70      0.246049E+09   -0.1009701E+09    0.5487855E+08
  71      0.319428E+09   -0.1269446E+09    0.5725422E+08
  72      0.364796E+09   -0.1526547E+09    0.5668984E+08
  73      0.386669E+09   -0.1659095E+09    0.4444662E+08
  74      0.377061E+09   -0.1784369E+09    0.3243503E+08
  75      0.339264E+09   -0.1790779E+09    0.1191734E+08
  76      0.265216E+09   -0.1790488E+09   -0.8158772E+07
  77      0.173138E+09   -0.1635633E+09   -0.3082654E+08
  78      0.535268E+08   -0.1493815E+09   -0.5475876E+08
  79     -0.740864E+08   -0.1231096E+09   -0.7297489E+08
  80     -0.194636E+09   -0.9388826E+08   -0.9063142E+08
  81     -0.293540E+09   -0.6056467E+08   -0.8927247E+08
  82     -0.346390E+09   -0.2830924E+08   -0.8790175E+08
  83     -0.341033E+09   -0.1184560E+08   -0.4728361E+08
  84     -0.240714E+09    0.3522048E+07   -0.6409869E+07
  85     -0.618977E+09    0.3235959E+07    0.4016806E+07
  86     -0.489741E+09   -0.6707480E+07    0.3234263E+08
  87     -0.340854E+09   -0.1796618E+08    0.6096596E+08
  88     -0.181997E+09   -0.4015239E+08    0.6915497E+08
  89     -0.137406E+08   -0.5977358E+08    0.7376304E+08
  90      0.140348E+09   -0.8740177E+08    0.7642760E+08
  91      0.237161E+09   -0.1187513E+09    0.8382226E+08
  92      0.319405E+09   -0.1448501E+09    0.8145828E+08
  93      0.371806E+09   -0.1683954E+09    0.7741506E+08
  94      0.399069E+09   -0.1841776E+09    0.5797825E+08
  95      0.392507E+09   -0.1994641E+09    0.3904628E+08
  96      0.360026E+09   -0.1970742E+09    0.1200960E+08
  97      0.285625E+09   -0.1958593E+09   -0.1600886E+08
  98      0.195940E+09   -0.1793708E+09   -0.4597875E+08
  99      0.759167E+08   -0.1604969E+09   -0.7598316E+08
 100     -0.555740E+08   -0.1281124E+09   -0.1006928E+09
 101     -0.187239E+09   -0.9623404E+08   -0.1253086E+09
 102     -0.294355E+09   -0.6303924E+08   -0.1200788E+09
 103     -0.367598E+09   -0.2870707E+08   -0.1151671E+09
 104     -0.381405E+09   -0.1036437E+08   -0.6265564E+08
 105     -0.302944E+09    0.5858709E+07   -0.9158635E+07
 106     -0.667650E+09    0.2976944E+07    0.5965895E+07
 107     -0.527838E+09   -0.8884915E+07    0.4381875E+08
 108     -0.365627E+09   -0.2155847E+08    0.8158054E+08
 109     -0.193009E+09   -0.4631011E+08    0.9270542E+08
 110     -0.149533E+08   -0.7086940E+08    0.1019913E+09
 111      0.129413E+09   -0.1024433E+09    0.1077588E+09
 112      0.239140E+09   -0.1339934E+09    0.1156487E+09
 113      0.328708E+09   -0.1593449E+09    0.1059000E+09
 114      0.388323E+09   -0.1837115E+09    0.9631674E+08
 115      0.424170E+09   -0.1965541E+09    0.7192609E+08
 116      0.424598E+09   -0.2103797E+09    0.4658008E+08
 117      0.394941E+09   -0.2104639E+09    0.1047689E+08
 118      0.327004E+09   -0.2095264E+09   -0.2599528E+08
 119      0.233598E+09   -0.1897611E+09   -0.6535183E+08
 120      0.112395E+09   -0.1695870E+09   -0.1047445E+09
 121     -0.271143E+08   -0.1367032E+09   -0.1330704E+09
 122     -0.173188E+09   -0.1032136E+09   -0.1619687E+09
 123     -0.303039E+09   -0.6727482E+08   -0.1547282E+09
 124     -0.402424E+09   -0.3046920E+08   -0.1471569E+09
 125     -0.449271E+09   -0.1192271E+08   -0.7965449E+08
 126     -0.409445E+09    0.4648062E+07   -0.1091552E+08
 127     -0.716579E+09    0.4063882E+07    0.7868750E+07
 128     -0.565908E+09   -0.8818395E+07    0.5547729E+08
 129     -0.390849E+09   -0.2278138E+08    0.1023329E+09
 130     -0.202974E+09   -0.5070715E+08    0.1164783E+09
 131     -0.191675E+08   -0.7909713E+08    0.1321385E+09
 132      0.119342E+09   -0.1153150E+09    0.1394578E+09
 133      0.241454E+09   -0.1496327E+09    0.1455603E+09
 134      0.338446E+09   -0.1738076E+09    0.1306202E+09
 135      0.404111E+09   -0.1993050E+09    0.1165798E+09
 136      0.448704E+09   -0.2136456E+09    0.8572570E+08
 137      0.457952E+09   -0.2263206E+09    0.5376186E+08
 138      0.430433E+09   -0.2212187E+09    0.8626106E+07
 139      0.368722E+09   -0.2169682E+09   -0.3671983E+08
 140      0.272021E+09   -0.1984523E+09   -0.8500551E+08
 141      0.148976E+09   -0.1782634E+09   -0.1335682E+09
 142     -0.132461E+06   -0.1449444E+09   -0.1653578E+09
 143     -0.158919E+09   -0.1123720E+09   -0.1982970E+09
 144     -0.311567E+09   -0.7483810E+08   -0.1899027E+09
 145     -0.438915E+09   -0.3477564E+08   -0.1795933E+09
 146     -0.516381E+09   -0.1282483E+08   -0.9660650E+08
 147     -0.516141E+09    0.6124423E+07   -0.1317799E+08
 148     -0.796042E+09    0.3171164E+07    0.1080378E+08
 149     -0.624707E+09   -0.1082469E+08    0.6912909E+08
 150     -0.427410E+09   -0.2510874E+08    0.1255142E+09
 151     -0.223916E+09   -0.5506682E+08    0.1459377E+09
 152     -0.389966E+08   -0.8625389E+08    0.1695583E+09
 153      0.116331E+09   -0.1211553E+09    0.1733844E+09
 154      0.249898E+09   -0.1549730E+09    0.1758239E+09
 155      0.358458E+09   -0.1808128E+09    0.1553785E+09
 156      0.433729E+09   -0.2059128E+09    0.1348442E+09
 157      0.487647E+09   -0.2147611E+09    0.9549320E+08
 158      0.503547E+09   -0.2235885E+09    0.5650802E+08
 159      0.482076E+09   -0.2211373E+09    0.5540495E+07
 160      0.424189E+09   -0.2189087E+09   -0.4600895E+08
 161      0.328291E+09   -0.2024419E+09   -0.1018950E+09
 162      0.199427E+09   -0.1860090E+09   -0.1585038E+09
 163      0.378015E+08   -0.1536046E+09   -0.1976274E+09
 164     -0.139251E+09   -0.1192099E+09   -0.2377020E+09
 165     -0.321812E+09   -0.7891051E+08   -0.2284398E+09
 166     -0.491819E+09   -0.3734977E+08   -0.2187343E+09
 167     -0.617818E+09   -0.1393651E+08   -0.1175984E+09
 168     -0.671325E+09    0.6565824E+07   -0.1452832E+08
 169     -0.875133E+09    0.4397256E+07    0.1394121E+08
 170     -0.683476E+09   -0.1061259E+08    0.8274719E+08
 171     -0.462034E+09   -0.2663475E+08    0.1485574E+09
 172     -0.247003E+09   -0.6069383E+08    0.1760269E+09
 173     -0.585563E+08   -0.9545574E+08    0.2074354E+09
 174      0.113362E+09   -0.1297327E+09    0.2080551E+09
 175      0.257576E+09   -0.1625745E+09    0.2079583E+09
 176      0.378920E+09   -0.1805454E+09    0.1804280E+09
 177      0.465658E+09   -0.1968100E+09    0.1514632E+09
 178      0.527141E+09   -0.2029357E+09    0.1053908E+09
 179      0.549422E+09   -0.2108492E+09    0.6077860E+08
 180      0.533949E+09   -0.2085259E+09    0.3016690E+07
 181      0.479969E+09   -0.2057695E+09   -0.5542951E+08
 182      0.385028E+09   -0.1912927E+09   -0.1192265E+09
 183      0.250211E+09   -0.1765071E+09   -0.1836946E+09
 184      0.768339E+08   -0.1477419E+09   -0.2308372E+09
 185     -0.121348E+09   -0.1184467E+09   -0.2778827E+09
 186     -0.332450E+09   -0.8174107E+08   -0.2671893E+09
 187     -0.542450E+09   -0.4157917E+08   -0.2586918E+09
 188     -0.722110E+09   -0.1520696E+08   -0.1390769E+09
 189     -0.822381E+09    0.7216024E+07   -0.1574349E+08
 190     -0.992180E+09    0.3688316E+07    0.1764564E+08
 191     -0.764345E+09   -0.1319698E+08    0.9873138E+08
 192     -0.516110E+09   -0.3182543E+08    0.1786258E+09
 193     -0.281214E+09   -0.6709739E+08    0.2093356E+09
 194     -0.717776E+08   -0.1016609E+09    0.2406240E+09
 195      0.119473E+09   -0.1263796E+09    0.2327073E+09
 196      0.278038E+09   -0.1494168E+09    0.2249026E+09
 197      0.412390E+09   -0.1585261E+09    0.1905580E+09
 198      0.509087E+09   -0.1678967E+09    0.1566443E+09
 199      0.574300E+09   -0.1705678E+09    0.1087895E+09
 200      0.605009E+09   -0.1731414E+09    0.6155585E+08
 201      0.595347E+09   -0.1701763E+09    0.8456031E+06
 202      0.547361E+09   -0.1675865E+09   -0.6056367E+08
 203      0.453535E+09   -0.1584874E+09   -0.1283257E+09
 204      0.314365E+09   -0.1499540E+09   -0.1967564E+09
 205      0.132114E+09   -0.1310768E+09   -0.2512045E+09
 206     -0.927636E+08   -0.1103160E+09   -0.3074748E+09
 207     -0.340444E+09   -0.7525392E+08   -0.3009683E+09
 208     -0.604899E+09   -0.3898212E+08   -0.2948861E+09
 209     -0.859265E+09   -0.1633551E+08   -0.1608029E+09
 210     -0.104173E+10    0.4039445E+07   -0.2271531E+08
 211     -0.110933E+10    0.5959863E+07    0.2056426E+08
 212     -0.844757E+09   -0.1300151E+08    0.1151713E+09
 213     -0.574268E+09   -0.3502815E+08    0.2101811E+09
 214     -0.315939E+09   -0.6742838E+08    0.2438500E+09
 215     -0.840968E+08   -0.9772346E+08    0.2748137E+09
 216      0.125661E+09   -0.1098796E+09    0.2575065E+09
 217      0.299439E+09   -0.1195076E+09    0.2418887E+09
 218      0.446536E+09   -0.1171945E+09    0.2020242E+09
 219      0.551715E+09   -0.1153568E+09    0.1634008E+09
 220      0.622859E+09   -0.1086514E+09    0.1120811E+09
 221      0.660964E+09   -0.1025509E+09    0.6158412E+08
 222      0.658315E+09   -0.1009791E+09   -0.1444952E+07
 223      0.615398E+09   -0.1007574E+09   -0.6536226E+08
 224      0.522686E+09   -0.1033342E+09   -0.1375220E+09
 225      0.378978E+09   -0.1055963E+09   -0.2108814E+09
 226      0.187162E+09   -0.9593924E+08   -0.2729538E+09
 227     -0.620092E+08   -0.8573375E+08   -0.3383864E+09
 228     -0.350001E+09   -0.6262323E+08   -0.3354753E+09
 229     -0.670001E+09   -0.3453225E+08   -0.3321277E+09
 230     -0.995579E+09   -0.1082838E+08   -0.1821362E+09
 231     -0.126468E+10    0.8155917E+07   -0.2707134E+08
 232     -0.126308E+10    0.3513762E+07    0.2666971E+08
 233     -0.954862E+09   -0.1737902E+08    0.1346877E+09
 234     -0.640623E+09   -0.4235627E+08    0.2413007E+09
 235     -0.341566E+09   -0.6354519E+08    0.2617699E+09
 236     -0.765912E+08   -0.8005378E+08    0.2807696E+09
 237      0.149367E+09   -0.7281173E+08    0.2517739E+09
 238      0.334630E+09   -0.6437273E+08    0.2249389E+09
 239      0.485516E+09   -0.4239941E+08    0.1840297E+09
 240      0.594524E+09   -0.2104209E+08    0.1449762E+09
 241      0.669555E+09   -0.6628000E+07    0.9948078E+08
 242      0.710874E+09    0.7285674E+07    0.5478787E+08
 243      0.714816E+09    0.6119365E+07    0.9303923E+06
 244      0.679558E+09    0.3343727E+07   -0.5345659E+08
 245      0.593935E+09   -0.1197207E+08   -0.1225793E+09
 246      0.453600E+09   -0.2796733E+08   -0.1936240E+09
 247      0.256472E+09   -0.4114909E+08   -0.2626389E+09
 248     -0.121430E+08   -0.5394207E+08   -0.3346719E+09
 249     -0.342809E+09   -0.4608560E+08   -0.3451146E+09
 250     -0.733427E+09   -0.3327107E+08   -0.3574602E+09
 251     -0.115712E+10   -0.1365778E+08   -0.1989926E+09
 252     -0.155546E+10    0.2238629E+07   -0.3293108E+08
 253     -0.141555E+10    0.3025674E+07    0.3521144E+08
 254     -0.106777E+10   -0.1861573E+08    0.1554915E+09
 255     -0.707411E+09   -0.4250715E+08    0.2730040E+09
 256     -0.367386E+09   -0.4485234E+08    0.2808988E+09
 257     -0.706896E+08   -0.4336172E+08    0.2884017E+09
 258      0.173899E+09   -0.7573978E+07    0.2476909E+09
 259      0.370775E+09    0.2949766E+08    0.2093871E+09
 260      0.525431E+09    0.7456163E+08    0.1665046E+09
 261      0.638169E+09    0.1189565E+09    0.1265968E+09
 262      0.717340E+09    0.1468395E+09    0.8746424E+08
 263      0.762632E+09    0.1729185E+09    0.4841297E+08
 264      0.771484E+09    0.1684568E+09    0.3519141E+07
 265      0.745502E+09    0.1625592E+09   -0.4173595E+08
 266      0.666551E+09    0.1264365E+09   -0.1073331E+09
 267      0.529002E+09    0.8768620E+08   -0.1747649E+09
 268      0.327134E+09    0.4321676E+08   -0.2519494E+09
 269      0.363529E+08    0.8642382E+06   -0.3337591E+09
 270     -0.335577E+09   -0.1264390E+08   -0.3568734E+09
 271     -0.800233E+09   -0.2379123E+08   -0.3820745E+09
 272     -0.131966E+10   -0.1042893E+08   -0.2171055E+09
 273     -0.185012E+10    0.1862484E+07   -0.4259345E+08
 274     -0.162990E+10   -0.3729883E+07    0.5251636E+08
 275     -0.119015E+10   -0.1648505E+08    0.1685977E+09
 276     -0.748925E+09   -0.3414728E+08    0.2778696E+09
 277     -0.355933E+09   -0.9737142E+07    0.2539969E+09
 278     -0.319057E+08    0.2204829E+08    0.2325862E+09
 279      0.219387E+09    0.9673461E+08    0.1789120E+09
 280      0.411850E+09    0.1721756E+09    0.1303947E+09
 281      0.556544E+09    0.2477380E+09    0.9759989E+08
 282      0.661451E+09    0.3219219E+09    0.6727702E+08
 283      0.735769E+09    0.3625837E+09    0.5114266E+08
 284      0.781694E+09    0.4013013E+09    0.3585906E+08
 285      0.794282E+09    0.3895523E+09    0.1631219E+08
 286      0.780462E+09    0.3766456E+09   -0.3184458E+07
 287      0.715518E+09    0.3171427E+09   -0.4815249E+08
 288      0.599284E+09    0.2551768E+09   -0.9621833E+08
 289      0.407052E+09    0.1753555E+09   -0.1750742E+09
 290      0.116892E+09    0.9433902E+08   -0.2599073E+09
 291     -0.290619E+09    0.4132640E+08   -0.3101680E+09
 292     -0.828493E+09   -0.3157481E+07   -0.3674102E+09
 293     -0.147786E+10   -0.1273861E+07   -0.2174667E+09
 294     -0.220812E+10   -0.3800748E+07   -0.5177269E+08
 295     -0.184947E+10    0.2126512E+07    0.7199458E+08
 296     -0.131469E+10   -0.1429000E+08    0.1837915E+09
 297     -0.799327E+09   -0.2712215E+08    0.2880939E+09
 298     -0.343219E+09    0.4573567E+08    0.2311334E+09
 299      0.608806E+07    0.1243470E+09    0.1779790E+09
 300      0.268360E+09    0.2567345E+09    0.1109552E+09
 301      0.454571E+09    0.3844466E+09    0.5000861E+08
 302      0.589235E+09    0.4964910E+09    0.2738103E+08
 303      0.685944E+09    0.6059624E+09    0.7033839E+07
 304      0.753509E+09    0.6593999E+09    0.1524501E+08
 305      0.800007E+09    0.7109350E+09    0.2438861E+08
 306      0.817831E+09    0.6947179E+09    0.3075191E+08
 307      0.814730E+09    0.6763461E+09    0.3812053E+08
 308      0.766049E+09    0.5908541E+09    0.1240540E+08
 309      0.672804E+09    0.5034639E+09   -0.1692234E+08
 310      0.490604E+09    0.3704440E+09   -0.9736393E+08
 311      0.197584E+09    0.2297349E+09   -0.1835916E+09
 312     -0.242979E+09    0.1208372E+09   -0.2659471E+09
 313     -0.861849E+09    0.1769408E+08   -0.3590046E+09
 314     -0.164275E+10    0.5160412E+07   -0.2200143E+09
 315     -0.256644E+10   -0.2435029E+07   -0.6231509E+08
 316     -0.212129E+10   -0.2633650E+08    0.1002458E+09
 317     -0.139675E+10   -0.2086035E+07    0.1688862E+09
 318     -0.751586E+09    0.1540454E+08    0.2167805E+09
 319     -0.256358E+09    0.1540325E+09    0.9671698E+08
 320      0.906966E+08    0.3055023E+09   -0.5146610E+07
 321      0.318860E+09    0.4973947E+09   -0.6664839E+08
 322      0.474575E+09    0.6861201E+09   -0.1185909E+09
 323      0.577821E+09    0.8281363E+09   -0.1066125E+09
 324      0.656417E+09    0.9671756E+09   -0.9368692E+08
 325      0.706380E+09    0.1031546E+10   -0.4487341E+08
 326      0.751908E+09    0.1096037E+10    0.4022420E+07
 327      0.770461E+09    0.1074446E+10    0.5508178E+08
 328      0.781313E+09    0.1052433E+10    0.1068030E+09
 329      0.754712E+09    0.9415455E+09    0.1242921E+09
 330      0.694244E+09    0.8270473E+09    0.1419234E+09
 331      0.550551E+09    0.6367890E+09    0.8884372E+08
 332      0.300613E+09    0.4416040E+09    0.2659475E+08
 333     -0.124502E+09    0.2565330E+09   -0.9400271E+08
 334     -0.785853E+09    0.7980740E+08   -0.2382805E+09
 335     -0.173281E+10    0.2563189E+08   -0.1749879E+09
 336     -0.293515E+10   -0.2958360E+08   -0.8096130E+08
 337     -0.242466E+10    0.2901645E+08    0.1536513E+09
 338     -0.148263E+10    0.1497742E+08    0.1623598E+09
 339     -0.736469E+09    0.4973151E+08    0.1581004E+09
 340     -0.147650E+09    0.3303331E+09   -0.3026068E+08
 341      0.181858E+09    0.5849624E+09   -0.2012728E+09
 342      0.374193E+09    0.8587454E+09   -0.2511867E+09
 343      0.495752E+09    0.1111292E+10   -0.2925132E+09
 344      0.564877E+09    0.1276074E+10   -0.2431878E+09
 345      0.625172E+09    0.1438494E+10   -0.1946043E+09
 346      0.657396E+09    0.1508270E+10   -0.1052499E+09
 347      0.701514E+09    0.1580286E+10   -0.1593381E+08
 348      0.720141E+09    0.1559092E+10    0.8121805E+08
 349      0.747775E+09    0.1539073E+10    0.1783601E+09
 350      0.741998E+09    0.1407809E+10    0.2425387E+09
 351      0.716568E+09    0.1274732E+10    0.3090447E+09
 352      0.615745E+09    0.1027770E+10    0.2830769E+09
 353      0.412476E+09    0.7605036E+09    0.2491790E+09
 354      0.148289E+08    0.4671710E+09    0.7369460E+08
 355     -0.735840E+09    0.1431860E+09   -0.1263604E+09
 356     -0.182594E+10    0.5168918E+08   -0.1379453E+09
 357     -0.334527E+10    0.1086336E+08   -0.1214876E+09
 358     -0.269069E+10   -0.1238529E+09    0.1836368E+09
 359     -0.137456E+10    0.6906110E+08    0.3853154E+08
 360     -0.446750E+09    0.2540290E+09   -0.1655466E+09
 361      0.630876E+07    0.6590257E+09   -0.4069852E+09
 362      0.241174E+09    0.1074368E+10   -0.5623051E+09
 363      0.354537E+09    0.1373298E+10   -0.5343035E+09
 364      0.428876E+09    0.1664257E+10   -0.5108130E+09
 365      0.465409E+09    0.1830270E+10   -0.4069587E+09
 366      0.504664E+09    0.1998486E+10   -0.3058276E+09
 367      0.526456E+09    0.2066845E+10   -0.1719597E+09
 368      0.559646E+09    0.2138145E+10   -0.3876341E+08
 369      0.578259E+09    0.2116412E+10    0.1057387E+09
 370      0.609810E+09    0.2098236E+10    0.2510513E+09
 371      0.618061E+09    0.1967182E+10    0.3803391E+09
 372      0.621933E+09    0.1837507E+10    0.5129248E+09
 373      0.569617E+09    0.1552795E+10    0.5712083E+09
 374      0.454529E+09    0.1258052E+10    0.6354188E+09
 375      0.169005E+09    0.8115617E+09    0.4968151E+09
 376     -0.428999E+09    0.3645442E+09    0.2784592E+09
 377     -0.165342E+10    0.1217687E+09    0.4455805E+08
 378     -0.360232E+10   -0.1160785E+09   -0.1261709E+09
 379     -0.359682E+10    0.2616053E+09    0.6422740E+09
 380     -0.110327E+10    0.2862639E+09   -0.7085456E+07
 381     -0.978011E+08    0.5625397E+09   -0.6742746E+09
 382      0.155896E+09    0.1333496E+10   -0.8454640E+09
 383      0.299024E+09    0.1845009E+10   -0.9391127E+09
 384      0.322657E+09    0.2109353E+10   -0.8297329E+09
 385      0.353569E+09    0.2381002E+10   -0.7301392E+09
 386      0.359316E+09    0.2513198E+10   -0.5714411E+09
 387      0.378450E+09    0.2653690E+10   -0.4164749E+09
 388      0.391070E+09    0.2711615E+10   -0.2371735E+09
 389      0.414287E+09    0.2773740E+10   -0.5892509E+08
 390      0.433039E+09    0.2761952E+10    0.1330890E+09
 391      0.466199E+09    0.2755193E+10    0.3266310E+09
 392      0.488703E+09    0.2649795E+10    0.5222374E+09
 393      0.520462E+09    0.2552313E+10    0.7219330E+09
 394      0.513494E+09    0.2285541E+10    0.8762647E+09
 395      0.498425E+09    0.2024367E+10    0.1042395E+10
 396      0.323819E+09    0.1475036E+10    0.9835492E+09
 397     -0.517480E+08    0.6919247E+09    0.8436007E+09
 398     -0.132941E+10    0.3368890E+09    0.1562994E+09
 399     -0.448770E+10    0.2029536E+09   -0.4786180E+09
 400     -0.279558E+10   -0.4616017E+09   -0.1499590E+09
 401     -0.402273E+09    0.8436903E+09   -0.8889109E+09
 402     -0.867396E+08    0.2085316E+10   -0.1425629E+10
 403      0.980405E+08    0.2467755E+10   -0.1256471E+10
 404      0.144824E+09    0.2876740E+10   -0.1174113E+10
 405      0.158602E+09    0.3026216E+10   -0.1000621E+10
 406      0.171626E+09    0.3193228E+10   -0.8372479E+09
 407      0.175259E+09    0.3270297E+10   -0.6539593E+09
 408      0.185695E+09    0.3355051E+10   -0.4727638E+09
 409      0.192951E+09    0.3395191E+10   -0.2767117E+09
 410      0.206689E+09    0.3440352E+10   -0.8099636E+08
 411      0.217617E+09    0.3445499E+10    0.1332470E+09
 412      0.236100E+09    0.3455332E+10    0.3481096E+09
 413      0.250972E+09    0.3402398E+10    0.5857722E+09
 414      0.270331E+09    0.3356087E+10    0.8263467E+09
 415      0.273173E+09    0.3181060E+10    0.1071753E+10
 416      0.271087E+09    0.3021052E+10    0.1330334E+10
 417      0.210818E+09    0.2555045E+10    0.1480775E+10
 418     -0.242258E+08    0.2075473E+10    0.1736707E+10
 419     -0.497510E+09    0.8435054E+09    0.1090836E+10
 420     -0.330187E+10   -0.4033989E+09    0.2873098E+09
 421     -0.133657E+10    0.4532526E+10   -0.1065255E+10
 422      0.122648E+09    0.4446000E+10   -0.1720808E+10
 423     -0.836601E+08    0.4310753E+10   -0.2007238E+10
 424      0.212252E+08    0.4177868E+10   -0.1596947E+10
 425     -0.109224E+08    0.4122908E+10   -0.1374310E+10
 426     -0.120613E+07    0.4086974E+10   -0.1146081E+10
 427     -0.435892E+07    0.4067789E+10   -0.9318283E+09
 428     -0.237032E+07    0.4066423E+10   -0.7274014E+09
 429     -0.433776E+06    0.4069327E+10   -0.5239573E+09
 430      0.134403E+07    0.4089819E+10   -0.3132122E+09
 431      0.518551E+07    0.4113436E+10   -0.1023584E+09
 432      0.840333E+07    0.4145027E+10    0.1326332E+09
 433      0.127324E+08    0.4180264E+10    0.3670833E+09
 434      0.194854E+08    0.4207911E+10    0.6438546E+09
 435      0.256888E+08    0.4240794E+10    0.9233180E+09
 436      0.370272E+08    0.4238223E+10    0.1249885E+10
 437      0.391173E+08    0.4248905E+10    0.1594547E+10
 438      0.793202E+08    0.4177180E+10    0.1930109E+10
 439     -0.200199E+08    0.4187381E+10    0.2499448E+10
 440      0.186171E+09    0.3954936E+10    0.2084928E+10
 441     -0.144564E+10    0.3643246E+10    0.1355065E+10
