   1      0.575789E+09    0.1207106E+06    0.2660841E+07
   2      0.497872E+09   -0.1027129E+08    0.6761862E+06
   3      0.419556E+09   -0.2003130E+08   -0.1448853E+07
   4      0.319661E+09   -0.3311974E+08   -0.1585498E+07
   5      0.201562E+09   -0.4865312E+08   -0.8860058E+06
   6      0.710188E+08   -0.6803579E+08   -0.2100669E+07
   7     -0.729004E+08   -0.8469976E+08   -0.3063292E+07
   8     -0.219881E+09   -0.1005015E+09   -0.1129537E+07
   9     -0.357197E+09   -0.1166680E+09   -0.1420164E+07
  10     -0.498092E+09   -0.1271792E+09   -0.6982938E+06
  11     -0.592820E+09   -0.1426953E+09    0.4068248E+07
  12     -0.644634E+09   -0.1617895E+09    0.3939625E+07
  13     -0.477982E+09   -0.1741467E+09    0.6661855E+06
  14     -0.324410E+09   -0.1524442E+09    0.2715855E+06
  15     -0.182593E+09   -0.1323596E+09    0.2641807E+06
  16     -0.437235E+08   -0.1027756E+09    0.2247413E+06
  17      0.950405E+08   -0.7306682E+08    0.2018018E+06
  18      0.239062E+09   -0.4599419E+08    0.1944455E+06
  19      0.395352E+09   -0.1886658E+08    0.1002170E+06
  20      0.565566E+09   -0.6971919E+07    0.1786599E+06
  21      0.759179E+09    0.3763629E+07    0.3577953E+06
  22      0.560474E+09    0.2840379E+07    0.2255627E+07
  23      0.493165E+09   -0.4044538E+07    0.8080971E+07
  24      0.413987E+09   -0.1156678E+08    0.1370721E+08
  25      0.314964E+09   -0.3241777E+08    0.1809948E+08
  26      0.199497E+09   -0.5312827E+08    0.2274616E+08
  27      0.720762E+08   -0.7768688E+08    0.2195300E+08
  28     -0.711962E+08   -0.1026902E+09    0.2093856E+08
  29     -0.217043E+09   -0.1226501E+09    0.1830835E+08
  30     -0.356461E+09   -0.1419979E+09    0.1575438E+08
  31     -0.494300E+09   -0.1569153E+09    0.1349422E+08
  32     -0.601291E+09   -0.1724883E+09    0.1532451E+08
  33     -0.627403E+09   -0.1736411E+09    0.5173146E+07
  34     -0.466705E+09   -0.1736760E+09   -0.1017778E+08
  35     -0.316758E+09   -0.1542235E+09   -0.1908728E+08
  36     -0.177778E+09   -0.1341415E+09   -0.2687203E+08
  37     -0.419494E+08   -0.1043777E+09   -0.2870755E+08
  38      0.936897E+08   -0.7462010E+08   -0.3054676E+08
  39      0.234498E+09   -0.4748703E+08   -0.2608037E+08
  40      0.387723E+09   -0.2057086E+08   -0.2149821E+08
  41      0.555230E+09   -0.8270309E+07   -0.1124145E+08
  42      0.746937E+09    0.3175172E+07   -0.1100724E+07
  43      0.545767E+09    0.3150159E+07    0.1268795E+07
  44      0.488767E+09   -0.5125954E+07    0.1516956E+08
  45      0.409670E+09   -0.1437762E+08    0.2864851E+08
  46      0.310426E+09   -0.3635210E+08    0.3701440E+08
  47      0.198120E+09   -0.5777992E+08    0.4557800E+08
  48      0.726669E+08   -0.8805880E+08    0.4619171E+08
  49     -0.685070E+08   -0.1191618E+09    0.4559553E+08
  50     -0.214532E+09   -0.1457943E+09    0.3798102E+08
  51     -0.358034E+09   -0.1710931E+09    0.3272631E+08
  52     -0.491505E+09   -0.1841376E+09    0.2815920E+08
  53     -0.611419E+09   -0.1982432E+09    0.2669566E+08
  54     -0.609364E+09   -0.1932232E+09    0.5809558E+07
  55     -0.454908E+09   -0.1870364E+09   -0.2095813E+08
  56     -0.308868E+09   -0.1645998E+09   -0.3826195E+08
  57     -0.172898E+09   -0.1417650E+09   -0.5384031E+08
  58     -0.401730E+08   -0.1101126E+09   -0.5748655E+08
  59      0.923354E+08   -0.7824615E+08   -0.6114731E+08
  60      0.229957E+09   -0.4934757E+08   -0.5219791E+08
  61      0.380219E+09   -0.2029801E+08   -0.4302847E+08
  62      0.545095E+09   -0.7476583E+07   -0.2247925E+08
  63      0.735120E+09    0.4074728E+07   -0.2149650E+07
  64      0.519707E+09    0.3311341E+07    0.3106664E+06
  65      0.464384E+09   -0.6577135E+07    0.2480789E+08
  66      0.390165E+09   -0.1700113E+08    0.4983846E+08
  67      0.295651E+09   -0.4672760E+08    0.6512876E+08
  68      0.191898E+09   -0.7723457E+08    0.7977604E+08
  69      0.712748E+08   -0.1121979E+09    0.8042472E+08
  70     -0.599676E+08   -0.1467566E+09    0.8070292E+08
  71     -0.202127E+09   -0.1772606E+09    0.6774791E+08
  72     -0.344325E+09   -0.2078525E+09    0.5458114E+08
  73     -0.476215E+09   -0.2176473E+09    0.3800900E+08
  74     -0.598835E+09   -0.2261572E+09    0.2450972E+08
  75     -0.573323E+09   -0.2146746E+09   -0.5751435E+07
  76     -0.425677E+09   -0.2033118E+09   -0.4002119E+08
  77     -0.287181E+09   -0.1778495E+09   -0.6311131E+08
  78     -0.159120E+09   -0.1520804E+09   -0.8491358E+08
  79     -0.351022E+08   -0.1185075E+09   -0.9028113E+08
  80      0.880507E+08   -0.8464536E+08   -0.9555235E+08
  81      0.215882E+09   -0.5404569E+08   -0.8177281E+08
  82      0.356615E+09   -0.2352866E+08   -0.6763202E+08
  83      0.512804E+09   -0.9446219E+07   -0.3539960E+08
  84      0.696528E+09    0.3627110E+07   -0.3464556E+07
  85      0.494801E+09    0.5085930E+07   -0.7131141E+06
  86      0.440398E+09   -0.7510000E+07    0.3471400E+08
  87      0.369258E+09   -0.2153036E+08    0.7157850E+08
  88      0.281006E+09   -0.5660307E+08    0.9416875E+08
  89      0.185564E+09   -0.9142160E+08    0.1149145E+09
  90      0.704066E+08   -0.1335376E+09    0.1148363E+09
  91     -0.532570E+08   -0.1758228E+09    0.1155012E+09
  92     -0.189817E+09   -0.2085719E+09    0.9724524E+08
  93     -0.328355E+09   -0.2419834E+09    0.7730826E+08
  94     -0.460391E+09   -0.2531236E+09    0.4723318E+08
  95     -0.586783E+09   -0.2603309E+09    0.2084553E+08
  96     -0.537621E+09   -0.2414126E+09   -0.1725628E+08
  97     -0.396893E+09   -0.2246330E+09   -0.5932506E+08
  98     -0.265707E+09   -0.1958457E+09   -0.8833698E+08
  99     -0.145463E+09   -0.1664921E+09   -0.1162390E+09
 100     -0.301263E+08   -0.1296544E+09   -0.1232784E+09
 101      0.836883E+08   -0.9235972E+08   -0.1301169E+09
 102      0.201765E+09   -0.5855975E+08   -0.1114537E+09
 103      0.333056E+09   -0.2434826E+08   -0.9231676E+08
 104      0.480672E+09   -0.8923283E+07   -0.4831672E+08
 105      0.658288E+09    0.4912548E+07   -0.4663242E+07
 106      0.444019E+09    0.4638118E+07    0.3929658E+06
 107      0.389585E+09   -0.1227883E+08    0.5102561E+08
 108      0.327329E+09   -0.3038039E+08    0.1027178E+09
 109      0.252869E+09   -0.6921118E+08    0.1321596E+09
 110      0.171643E+09   -0.1082916E+09    0.1606861E+09
 111      0.717927E+08   -0.1543085E+09    0.1599597E+09
 112     -0.401753E+08   -0.2003834E+09    0.1590342E+09
 113     -0.161467E+09   -0.2353623E+09    0.1308860E+09
 114     -0.290141E+09   -0.2696394E+09    0.1019773E+09
 115     -0.414976E+09   -0.2791401E+09    0.5605037E+08
 116     -0.541549E+09   -0.2869351E+09    0.1018911E+08
 117     -0.489653E+09   -0.2654717E+09   -0.3770492E+08
 118     -0.355144E+09   -0.2448332E+09   -0.8588949E+08
 119     -0.232763E+09   -0.2131495E+09   -0.1197564E+09
 120     -0.123788E+09   -0.1811420E+09   -0.1533177E+09
 121     -0.220213E+08   -0.1416857E+09   -0.1621452E+09
 122      0.762072E+08   -0.1017750E+09   -0.1707300E+09
 123      0.177316E+09   -0.6537081E+08   -0.1468814E+09
 124      0.291278E+09   -0.2879960E+08   -0.1224251E+09
 125      0.422355E+09   -0.1151378E+08   -0.6422695E+08
 126      0.586596E+09    0.4436353E+07   -0.6346428E+07
 127      0.391989E+09    0.6050742E+07    0.1524646E+07
 128      0.338839E+09   -0.1031682E+08    0.6697199E+08
 129      0.286049E+09   -0.2817282E+08    0.1334434E+09
 130      0.224744E+09   -0.7348398E+08    0.1705997E+09
 131      0.156724E+09   -0.1194583E+09    0.2074342E+09
 132      0.734003E+08   -0.1703963E+09    0.2053412E+09
 133     -0.262255E+08   -0.2199491E+09    0.2022703E+09
 134     -0.132806E+09   -0.2562733E+09    0.1649109E+09
 135     -0.251452E+09   -0.2938126E+09    0.1265632E+09
 136     -0.369559E+09   -0.3035318E+09    0.6449624E+08
 137     -0.493849E+09   -0.3095560E+09    0.1148089E+06
 138     -0.442465E+09   -0.2867095E+09   -0.5787549E+08
 139     -0.313775E+09   -0.2654332E+09   -0.1126259E+09
 140     -0.199873E+09   -0.2310474E+09   -0.1513535E+09
 141     -0.102221E+09   -0.1964853E+09   -0.1906970E+09
 142     -0.140434E+08   -0.1540704E+09   -0.2013097E+09
 143      0.685510E+08   -0.1110282E+09   -0.2116273E+09
 144      0.152709E+09   -0.7097350E+08   -0.1825101E+09
 145      0.249412E+09   -0.3006270E+08   -0.1526828E+09
 146      0.364085E+09   -0.1093685E+08   -0.8013170E+08
 147      0.515154E+09    0.6072299E+07   -0.7848358E+07
 148      0.300042E+09    0.5971259E+07    0.2747017E+07
 149      0.254339E+09   -0.1472913E+08    0.8677139E+08
 150      0.220024E+09   -0.3723974E+08    0.1720010E+09
 151      0.181201E+09   -0.8486989E+08    0.2169378E+09
 152      0.136188E+09   -0.1321470E+09    0.2607776E+09
 153      0.796770E+08   -0.1832764E+09    0.2553973E+09
 154      0.155522E+07   -0.2345817E+09    0.2492609E+09
 155     -0.848995E+08   -0.2720299E+09    0.2010360E+09
 156     -0.185148E+09   -0.3088831E+09    0.1525044E+09
 157     -0.291028E+09   -0.3181389E+09    0.7294402E+08
 158     -0.403422E+09   -0.3249509E+09   -0.1125167E+08
 159     -0.382644E+09   -0.3013710E+09   -0.7962935E+08
 160     -0.259161E+09   -0.2789488E+09   -0.1425699E+09
 161     -0.155840E+09   -0.2434130E+09   -0.1865123E+09
 162     -0.722809E+08   -0.2078171E+09   -0.2315470E+09
 163     -0.199904E+07   -0.1641464E+09   -0.2446292E+09
 164      0.587692E+08   -0.1198428E+09   -0.2575781E+09
 165      0.117846E+09   -0.7776606E+08   -0.2237624E+09
 166      0.187162E+09   -0.3506391E+08   -0.1891229E+09
 167      0.274164E+09   -0.1393184E+08   -0.9956157E+08
 168      0.400426E+09    0.5360654E+07   -0.1004973E+08
 169      0.209648E+09    0.7454859E+07    0.4589088E+07
 170      0.169279E+09   -0.1611550E+08    0.1075316E+09
 171      0.153871E+09   -0.4239512E+08    0.2115599E+09
 172      0.137055E+09   -0.9338543E+08    0.2635022E+09
 173      0.116386E+09   -0.1432986E+09    0.3137061E+09
 174      0.855794E+08   -0.1922212E+09    0.3054204E+09
 175      0.298113E+08   -0.2402152E+09    0.2969477E+09
 176     -0.360051E+08   -0.2738070E+09    0.2375462E+09
 177     -0.118314E+09   -0.3071327E+09    0.1782245E+09
 178     -0.210880E+09   -0.3187135E+09    0.8231759E+08
 179     -0.309491E+09   -0.3301938E+09   -0.2238130E+08
 180     -0.326436E+09   -0.3090972E+09   -0.1023403E+09
 181     -0.202228E+09   -0.2865073E+09   -0.1727458E+09
 182     -0.111279E+09   -0.2498341E+09   -0.2221179E+09
 183     -0.421669E+08   -0.2141884E+09   -0.2730131E+09
 184      0.995106E+07   -0.1705778E+09   -0.2884593E+09
 185      0.486881E+08   -0.1261311E+09   -0.3040274E+09
 186      0.826301E+08   -0.8185733E+08   -0.2653835E+09
 187      0.124531E+09   -0.3596359E+08   -0.2258168E+09
 188      0.184136E+09   -0.1300667E+08   -0.1190189E+09
 189      0.285728E+09    0.7144578E+07   -0.1206001E+08
 190      0.603632E+08    0.5850965E+07    0.9557714E+07
 191      0.461175E+08   -0.1906040E+08    0.1322210E+09
 192      0.632896E+08   -0.4646368E+08    0.2556555E+09
 193      0.826937E+08   -0.9538828E+08    0.3103047E+09
 194      0.988481E+08   -0.1430445E+09    0.3629452E+09
 195      0.984986E+08   -0.1871504E+09    0.3487419E+09
 196      0.727663E+08   -0.2305544E+09    0.3346612E+09
 197      0.315931E+08   -0.2605150E+09    0.2669898E+09
 198     -0.274595E+08   -0.2900767E+09    0.1990351E+09
 199     -0.106256E+09   -0.3011500E+09    0.9397301E+08
 200     -0.184064E+09   -0.3147807E+09   -0.1736639E+08
 201     -0.235670E+09   -0.3012687E+09   -0.1185741E+09
 202     -0.141402E+09   -0.2812185E+09   -0.2087564E+09
 203     -0.591011E+08   -0.2424856E+09   -0.2561212E+09
 204     -0.386763E+07   -0.2084823E+09   -0.3091113E+09
 205      0.282651E+08   -0.1689908E+09   -0.3288510E+09
 206      0.400456E+08   -0.1279299E+09   -0.3486822E+09
 207      0.403109E+08   -0.8483619E+08   -0.3081412E+09
 208      0.419370E+08   -0.4015719E+08   -0.2666636E+09
 209      0.576512E+08   -0.1579535E+08   -0.1412190E+09
 210      0.116749E+09    0.6004734E+07   -0.1497191E+08
 211     -0.894595E+08    0.9063272E+07    0.1316338E+08
 212     -0.773439E+08   -0.1659523E+08    0.1569103E+09
 213     -0.276110E+08   -0.4616942E+08    0.3003034E+09
 214      0.277474E+08   -0.9323982E+08    0.3577463E+09
 215      0.800616E+08   -0.1381811E+09    0.4144806E+09
 216      0.111870E+09   -0.1751241E+09    0.3940235E+09
 217      0.115863E+09   -0.2091782E+09    0.3729263E+09
 218      0.995637E+08   -0.2221974E+09    0.2964266E+09
 219      0.642862E+08   -0.2359155E+09    0.2204829E+09
 220      0.462386E+05   -0.2431094E+09    0.1059118E+09
 221     -0.632476E+08   -0.2526739E+09   -0.1152204E+08
 222     -0.135356E+09   -0.2479966E+09   -0.1347807E+09
 223     -0.892099E+08   -0.2393663E+09   -0.2461690E+09
 224     -0.681154E+07   -0.2126253E+09   -0.2906658E+09
 225      0.339422E+08   -0.1883655E+09   -0.3458106E+09
 226      0.465086E+08   -0.1563660E+09   -0.3699990E+09
 227      0.308303E+08   -0.1232922E+09   -0.3941512E+09
 228     -0.266595E+07   -0.8301029E+08   -0.3515751E+09
 229     -0.415637E+08   -0.3985826E+08   -0.3079496E+09
 230     -0.693602E+08   -0.1448493E+08   -0.1635612E+09
 231     -0.521884E+08    0.7416149E+07   -0.1788545E+08
 232     -0.303627E+09    0.4417530E+07    0.1993137E+08
 233     -0.240392E+09   -0.2113096E+08    0.1815191E+09
 234     -0.132114E+09   -0.5027322E+08    0.3417668E+09
 235     -0.250185E+08   -0.8792816E+08    0.3921627E+09
 236      0.716911E+08   -0.1220970E+09    0.4415351E+09
 237      0.140996E+09   -0.1357644E+09    0.4102638E+09
 238      0.174972E+09   -0.1485917E+09    0.3790701E+09
 239      0.179726E+09   -0.1493061E+09    0.2982563E+09
 240      0.157899E+09   -0.1494057E+09    0.2200575E+09
 241      0.114080E+09   -0.1514611E+09    0.1102697E+09
 242      0.561689E+08   -0.1555875E+09   -0.3053992E+07
 243     -0.195256E+07   -0.1619430E+09   -0.1284473E+09
 244     -0.145947E+08   -0.1677588E+09   -0.2492041E+09
 245      0.468801E+08   -0.1555546E+09   -0.3031838E+09
 246      0.805253E+08   -0.1437021E+09   -0.3598575E+09
 247      0.751107E+08   -0.1256642E+09   -0.3892754E+09
 248      0.315945E+08   -0.1067546E+09   -0.4206347E+09
 249     -0.426279E+08   -0.7550036E+08   -0.3835921E+09
 250     -0.137487E+09   -0.4099551E+08   -0.3460048E+09
 251     -0.232175E+09   -0.1610280E+08   -0.1857594E+09
 252     -0.286787E+09    0.5285558E+07   -0.2264636E+08
 253     -0.518916E+09    0.7437109E+07    0.2793317E+08
 254     -0.403794E+09   -0.1856371E+08    0.2070999E+09
 255     -0.240276E+09   -0.4911974E+08    0.3851767E+09
 256     -0.778465E+08   -0.7252721E+08    0.4282299E+09
 257      0.625412E+08   -0.8991875E+08    0.4692626E+09
 258      0.170489E+09   -0.7768474E+08    0.4271739E+09
 259      0.234911E+09   -0.6342714E+08    0.3858062E+09
 260      0.261556E+09   -0.3761852E+08    0.3012180E+09
 261      0.252364E+09   -0.1299976E+08    0.2193739E+09
 262      0.228078E+09   -0.1743823E+07    0.1144089E+09
 263      0.182003E+09    0.6488799E+07    0.6864151E+07
 264      0.129051E+09   -0.1939279E+08   -0.1189284E+09
 265      0.763873E+08   -0.4746236E+08   -0.2511060E+09
 266      0.958456E+08   -0.5961855E+08   -0.3183612E+09
 267      0.127725E+09   -0.6932304E+08   -0.3753139E+09
 268      0.105040E+09   -0.7235647E+08   -0.4092940E+09
 269      0.318804E+08   -0.7624968E+08   -0.4486497E+09
 270     -0.835458E+08   -0.5943148E+08   -0.4170666E+09
 271     -0.235418E+09   -0.3773025E+08   -0.3853240E+09
 272     -0.396394E+09   -0.1384348E+08   -0.2084801E+09
 273     -0.521575E+09    0.6556085E+07   -0.2756813E+08
 274     -0.809064E+09   -0.5868624E+06    0.4059039E+08
 275     -0.590698E+09   -0.1949780E+08    0.2258097E+09
 276     -0.338747E+09   -0.4342655E+08    0.4057944E+09
 277     -0.100184E+09   -0.4004031E+08    0.4215324E+09
 278      0.860535E+08   -0.3033522E+08    0.4373212E+09
 279      0.220866E+09    0.2074746E+08    0.3806550E+09
 280      0.303064E+09    0.7409834E+08    0.3275222E+09
 281      0.334607E+09    0.1282433E+09    0.2535233E+09
 282      0.335345E+09    0.1808266E+09    0.1813149E+09
 283      0.312294E+09    0.2000145E+09    0.9826345E+08
 284      0.280689E+09    0.2177977E+09    0.1570751E+08
 285      0.231434E+09    0.1859017E+09   -0.8355086E+08
 286      0.195813E+09    0.1459129E+09   -0.1896545E+09
 287      0.166293E+09    0.8994621E+08   -0.2715024E+09
 288      0.175051E+09    0.4457279E+08   -0.3432701E+09
 289      0.145281E+09    0.1632333E+08   -0.3783559E+09
 290      0.555208E+08   -0.1747722E+08   -0.4224829E+09
 291     -0.991171E+08   -0.2735411E+08   -0.4114697E+09
 292     -0.321056E+09   -0.3007885E+08   -0.4025288E+09
 293     -0.582145E+09   -0.1243629E+08   -0.2235268E+09
 294     -0.829878E+09    0.5495018E+06   -0.3644645E+08
 295     -0.109948E+10    0.6968121E+07    0.5598667E+08
 296     -0.780994E+09   -0.1648956E+08    0.2469767E+09
 297     -0.444366E+09   -0.3853285E+08    0.4314012E+09
 298     -0.122528E+09    0.1009928E+08    0.4190972E+09
 299      0.110066E+09    0.6674425E+08    0.4071166E+09
 300      0.275118E+09    0.1752522E+09    0.3352670E+09
 301      0.373723E+09    0.2794034E+09    0.2695598E+09
 302      0.408845E+09    0.3668942E+09    0.2056584E+09
 303      0.419541E+09    0.4516081E+09    0.1428352E+09
 304      0.396705E+09    0.4871259E+09    0.8165996E+08
 305      0.375402E+09    0.5213863E+09    0.2236136E+08
 306      0.333674E+09    0.4867629E+09   -0.4966919E+08
 307      0.307408E+09    0.4477699E+09   -0.1242724E+09
 308      0.251183E+09    0.3435945E+09   -0.2160979E+09
 309      0.226428E+09    0.2385577E+09   -0.3079782E+09
 310      0.183159E+09    0.1579448E+09   -0.3518289E+09
 311      0.773749E+08    0.7469458E+08   -0.3997482E+09
 312     -0.113930E+09    0.2450457E+08   -0.4094812E+09
 313     -0.413976E+09   -0.2029616E+08   -0.4235975E+09
 314     -0.771052E+09   -0.7926862E+07   -0.2403653E+09
 315     -0.114097E+10    0.6108341E+07   -0.4716323E+08
 316     -0.145991E+10   -0.2147146E+08    0.8240246E+08
 317     -0.948979E+09   -0.9426553E+07    0.2420625E+09
 318     -0.457851E+09   -0.5681786E+07    0.3806828E+09
 319     -0.754320E+08    0.1089224E+09    0.3049770E+09
 320      0.183661E+09    0.2383235E+09    0.2439698E+09
 321      0.332905E+09    0.4101749E+09    0.1770581E+09
 322      0.416930E+09    0.5795032E+09    0.1207013E+09
 323      0.440528E+09    0.7019437E+09    0.9242721E+08
 324      0.446381E+09    0.8212228E+09    0.6379094E+08
 325      0.420675E+09    0.8621403E+09    0.4367385E+08
 326      0.398267E+09    0.9024586E+09    0.2415279E+08
 327      0.368403E+09    0.8595395E+09   -0.4980578E+07
 328      0.349982E+09    0.8158877E+09   -0.3554713E+08
 329      0.314408E+09    0.6922646E+09   -0.8727639E+08
 330      0.293224E+09    0.5602599E+09   -0.1413217E+09
 331      0.234464E+09    0.3901493E+09   -0.1981668E+09
 332      0.138786E+09    0.2275229E+09   -0.2579579E+09
 333     -0.699559E+08    0.1181561E+09   -0.3057178E+09
 334     -0.426540E+09    0.1634311E+08   -0.3708046E+09
 335     -0.932822E+09    0.2361797E+07   -0.2290891E+09
 336     -0.152126E+10   -0.1765944E+08   -0.6467932E+08
 337     -0.185282E+10    0.3099052E+08    0.1343819E+09
 338     -0.112084E+10    0.7202525E+07    0.2463852E+09
 339     -0.505969E+09    0.2991856E+08    0.3441355E+09
 340     -0.546299E+07    0.2861294E+09    0.2002213E+09
 341      0.263021E+09    0.5194351E+09    0.6965206E+08
 342      0.396823E+09    0.7755778E+09    0.1247275E+08
 343      0.460267E+09    0.1011678E+10   -0.3488189E+08
 344      0.471647E+09    0.1160809E+10   -0.2517124E+08
 345      0.470310E+09    0.1307177E+10   -0.1700066E+08
 346      0.442748E+09    0.1353679E+10    0.6142084E+07
 347      0.419491E+09    0.1399287E+10    0.2863984E+08
 348      0.401106E+09    0.1351495E+10    0.4129917E+08
 349      0.392170E+09    0.1305952E+10    0.5301361E+08
 350      0.369835E+09    0.1158071E+10    0.4205779E+08
 351      0.359737E+09    0.1006205E+10    0.3285250E+08
 352      0.301379E+09    0.7681466E+09   -0.2953999E+08
 353      0.208472E+09    0.5107769E+09   -0.9736526E+08
 354     -0.699308E+07    0.2861761E+09   -0.2084573E+09
 355     -0.469182E+09    0.4876051E+08   -0.3346643E+09
 356     -0.110095E+10    0.2094121E+08   -0.2271157E+09
 357     -0.193256E+10    0.2889422E+08   -0.1003878E+09
 358     -0.225070E+10   -0.1159221E+09    0.1667475E+09
 359     -0.111119E+10    0.5855615E+08    0.1335175E+09
 360     -0.279207E+09    0.2234126E+09    0.3561636E+08
 361      0.116310E+09    0.6147881E+09   -0.1681643E+09
 362      0.308830E+09    0.1021331E+10   -0.2865659E+09
 363      0.383682E+09    0.1312512E+10   -0.2620509E+09
 364      0.413967E+09    0.1594197E+10   -0.2417482E+09
 365      0.408884E+09    0.1743401E+10   -0.1726377E+09
 366      0.399931E+09    0.1893707E+10   -0.1064254E+09
 367      0.373669E+09    0.1935800E+10   -0.3414263E+08
 368      0.355202E+09    0.1980622E+10    0.3614019E+08
 369      0.343278E+09    0.1928755E+10    0.9603516E+08
 370      0.340112E+09    0.1877582E+10    0.1567537E+09
 371      0.328755E+09    0.1721749E+10    0.2017090E+09
 372      0.334823E+09    0.1567545E+10    0.2494294E+09
 373      0.312795E+09    0.1289039E+10    0.2532589E+09
 374      0.266042E+09    0.1000760E+10    0.2615511E+09
 375      0.113672E+09    0.6144360E+09    0.1513912E+09
 376     -0.258877E+09    0.2406933E+09   -0.3140836E+08
 377     -0.108622E+10    0.7268365E+08   -0.1066644E+09
 378     -0.232967E+10   -0.1003297E+09   -0.1184083E+09
 379     -0.329771E+10    0.2435538E+09    0.6238544E+09
 380     -0.942523E+09    0.2635352E+09    0.1026436E+09
 381      0.111407E+08    0.5341724E+09   -0.4546638E+09
 382      0.235289E+09    0.1306666E+10   -0.5972248E+09
 383      0.354848E+09    0.1822778E+10   -0.6585091E+09
 384      0.357386E+09    0.2092199E+10   -0.5493994E+09
 385      0.361176E+09    0.2368100E+10   -0.4486967E+09
 386      0.338807E+09    0.2484722E+10   -0.3191214E+09
 387      0.326145E+09    0.2607622E+10   -0.1935103E+09
 388      0.299673E+09    0.2632958E+10   -0.7331791E+08
 389      0.289181E+09    0.2661812E+10    0.4426068E+08
 390      0.280240E+09    0.2607738E+10    0.1527345E+09
 391      0.283776E+09    0.2557187E+10    0.2630221E+09
 392      0.281131E+09    0.2413252E+10    0.3648858E+09
 393      0.305648E+09    0.2275084E+10    0.4686756E+09
 394      0.307797E+09    0.2004022E+10    0.5472298E+09
 395      0.327616E+09    0.1739016E+10    0.6353648E+09
 396      0.237240E+09    0.1242884E+10    0.5748259E+09
 397      0.232171E+08    0.5303516E+09    0.4337653E+09
 398     -0.927760E+09    0.2698737E+09   -0.5697784E+08
 399     -0.334019E+10    0.2170528E+09   -0.4817008E+09
 400     -0.266074E+10   -0.4495824E+09   -0.1480229E+09
 401     -0.316803E+09    0.8378762E+09   -0.7872979E+09
 402     -0.286920E+08    0.2072544E+10   -0.1241642E+10
 403      0.144156E+09    0.2488682E+10   -0.1039012E+10
 404      0.178465E+09    0.2927312E+10   -0.9195891E+09
 405      0.181104E+09    0.3090711E+10   -0.7329413E+09
 406      0.181222E+09    0.3269641E+10   -0.5557599E+09
 407      0.170052E+09    0.3333857E+10   -0.3864217E+09
 408      0.165839E+09    0.3403909E+10   -0.2190900E+09
 409      0.150964E+09    0.3402242E+10   -0.7131761E+08
 410      0.148765E+09    0.3404202E+10    0.7492749E+08
 411      0.142344E+09    0.3350222E+10    0.2098792E+09
 412      0.146031E+09    0.3298981E+10    0.3453047E+09
 413      0.144412E+09    0.3191176E+10    0.4800178E+09
 414      0.160860E+09    0.3089077E+10    0.6161377E+09
 415      0.163688E+09    0.2889923E+10    0.7614727E+09
 416      0.177356E+09    0.2704664E+10    0.9167967E+09
 417      0.160594E+09    0.2280990E+10    0.1028176E+10
 418      0.640041E+07    0.1854538E+10    0.1227000E+10
 419     -0.296719E+09    0.7391829E+09    0.7812192E+09
 420     -0.266024E+10   -0.3940450E+09    0.2131021E+09
 421     -0.136478E+10    0.4360034E+10   -0.1083386E+10
 422      0.135130E+09    0.4367619E+10   -0.1647345E+10
 423     -0.799120E+08    0.4334246E+10   -0.1860457E+10
 424      0.315135E+08    0.4273149E+10   -0.1411154E+10
 425     -0.215236E+07    0.4285755E+10   -0.1144492E+10
 426      0.755106E+07    0.4279082E+10   -0.8885098E+09
 427      0.452621E+07    0.4287830E+10   -0.6479953E+09
 428      0.603879E+07    0.4271802E+10   -0.4431236E+09
 429      0.898162E+07    0.4259719E+10   -0.2381337E+09
 430      0.727211E+07    0.4224874E+10   -0.6428406E+08
 431      0.113085E+08    0.4191863E+10    0.1084522E+09
 432      0.997185E+07    0.4140691E+10    0.2680038E+09
 433      0.125471E+08    0.4092178E+10    0.4266513E+09
 434      0.133375E+08    0.4034378E+10    0.5904755E+09
 435      0.181484E+08    0.3978722E+10    0.7566418E+09
 436      0.235961E+08    0.3920112E+10    0.9593245E+09
 437      0.202884E+08    0.3873558E+10    0.1173970E+10
 438      0.642157E+08    0.3822811E+10    0.1431700E+10
 439     -0.355497E+08    0.3855848E+10    0.1887356E+10
 440      0.192092E+09    0.3757967E+10    0.1677219E+10
 441     -0.134511E+10    0.3585773E+10    0.1203948E+10
