   1     -0.737704E+09    0.1584966E+07   -0.4776898E+05
   2     -0.581770E+09   -0.3483552E+07   -0.8824055E+05
   3     -0.452568E+09   -0.9229300E+07   -0.8526984E+04
   4     -0.316950E+09   -0.2176489E+08    0.7723650E+05
   5     -0.178449E+09   -0.3413997E+08    0.4326891E+05
   6     -0.407476E+08   -0.4462877E+08    0.4213207E+05
   7      0.918606E+08   -0.5498169E+08    0.2303989E+05
   8      0.218280E+09   -0.5737248E+08    0.9032418E+04
   9      0.333357E+09   -0.5963651E+08   -0.2815671E+05
  10      0.438145E+09   -0.4912245E+08   -0.1824396E+06
  11      0.527671E+09   -0.3998493E+08    0.3558905E+06
  12      0.604328E+09   -0.1008750E+08   -0.1723687E+07
  13      0.663197E+09    0.2949988E+08   -0.7849289E+07
  14      0.685321E+09    0.7388551E+08   -0.5019694E+07
  15      0.575091E+09    0.1067760E+09    0.1928020E+07
  16      0.397179E+09    0.9302013E+08    0.2975997E+07
  17      0.153908E+09    0.8155725E+08    0.3453657E+07
  18     -0.182654E+09    0.5259441E+08    0.3895685E+07
  19     -0.598307E+09    0.2044692E+08    0.3975993E+07
  20     -0.113306E+10    0.4459110E+07   -0.3174597E+05
  21     -0.176239E+10   -0.7390410E+07   -0.3773650E+07
  22     -0.741980E+09    0.1700776E+07    0.4187842E+06
  23     -0.587144E+09   -0.3871427E+07    0.5372998E+07
  24     -0.455630E+09   -0.1009953E+08    0.1045665E+08
  25     -0.317932E+09   -0.2214544E+08    0.1149855E+08
  26     -0.177615E+09   -0.3409651E+08    0.1236798E+08
  27     -0.382538E+08   -0.4436706E+08    0.9753544E+07
  28      0.958029E+08   -0.5447358E+08    0.7134772E+07
  29      0.223468E+09   -0.5670941E+08    0.1847349E+07
  30      0.339538E+09   -0.5881873E+08   -0.3428611E+07
  31      0.445330E+09   -0.4865662E+08   -0.1062318E+08
  32      0.535288E+09   -0.3787318E+08   -0.1756493E+08
  33      0.613457E+09   -0.1357390E+08   -0.2661258E+08
  34      0.673915E+09    0.1275493E+08   -0.3953353E+08
  35      0.665935E+09    0.3709191E+08   -0.2690568E+08
  36      0.558379E+09    0.5931749E+08   -0.8559706E+07
  37      0.387401E+09    0.5903989E+08    0.3796698E+07
  38      0.143490E+09    0.5723533E+08    0.1507835E+08
  39     -0.185230E+09    0.4129538E+08    0.1907195E+08
  40     -0.597551E+09    0.2518207E+08    0.2273665E+08
  41     -0.112122E+10    0.1102532E+08    0.1239691E+08
  42     -0.174965E+10   -0.1761076E+07    0.1585796E+07
  43     -0.745799E+09    0.1630169E+07    0.8268295E+06
  44     -0.592647E+09   -0.3762033E+07    0.1079789E+08
  45     -0.458634E+09   -0.9829923E+07    0.2097443E+08
  46     -0.318903E+09   -0.2222403E+08    0.2301371E+08
  47     -0.176700E+09   -0.3444834E+08    0.2474892E+08
  48     -0.357264E+08   -0.4483842E+08    0.1952056E+08
  49      0.997927E+08   -0.5508511E+08    0.1430844E+08
  50      0.228727E+09   -0.5755002E+08    0.3704957E+07
  51      0.345789E+09   -0.5972768E+08   -0.6950733E+07
  52      0.452285E+09   -0.5032199E+08   -0.2081697E+08
  53      0.543302E+09   -0.4040350E+08   -0.3553017E+08
  54      0.625702E+09   -0.1549886E+08   -0.5345201E+08
  55      0.685320E+09    0.9441118E+07   -0.7076131E+08
  56      0.644229E+09    0.1483347E+08   -0.4659249E+08
  57      0.539040E+09    0.2138318E+08   -0.2015734E+08
  58      0.375659E+09    0.2932479E+08    0.3272646E+07
  59      0.131543E+09    0.3503289E+08    0.2630181E+08
  60     -0.187181E+09    0.2821908E+08    0.3400908E+08
  61     -0.595648E+09    0.2060377E+08    0.4184588E+08
  62     -0.110905E+10    0.8860578E+07    0.2574348E+08
  63     -0.173272E+10   -0.1465363E+07    0.8214901E+07
  64     -0.760515E+09    0.1486239E+07    0.1995335E+07
  65     -0.608235E+09   -0.4422156E+07    0.1653187E+08
  66     -0.467505E+09   -0.1092020E+08    0.3130547E+08
  67     -0.321798E+09   -0.2263717E+08    0.3421990E+08
  68     -0.174210E+09   -0.3429391E+08    0.3677966E+08
  69     -0.283025E+08   -0.4427640E+08    0.2904149E+08
  70      0.111529E+09   -0.5409475E+08    0.2127260E+08
  71      0.244015E+09   -0.5637819E+08    0.5679562E+07
  72      0.364299E+09   -0.5870956E+08   -0.9941404E+07
  73      0.473239E+09   -0.4836059E+08   -0.3120130E+08
  74      0.565559E+09   -0.3465192E+08   -0.5521460E+08
  75      0.639276E+09   -0.1995125E+08   -0.6696830E+08
  76      0.666315E+09   -0.9786128E+07   -0.7158797E+08
  77      0.619989E+09   -0.1000641E+08   -0.4593753E+08
  78      0.516534E+09   -0.9078422E+07   -0.2433097E+08
  79      0.352261E+09   -0.4782045E+07   -0.3389976E+07
  80      0.112486E+09    0.1695740E+07    0.1829555E+08
  81     -0.199443E+09    0.5467123E+07    0.3149961E+08
  82     -0.597844E+09    0.5789152E+07    0.4682066E+08
  83     -0.108928E+10    0.1288448E+07    0.2951620E+08
  84     -0.168046E+10   -0.1420050E+07    0.9499865E+07
  85     -0.775459E+09    0.1610026E+07    0.3186528E+07
  86     -0.623892E+09   -0.4136945E+07    0.2243279E+08
  87     -0.476209E+09   -0.1050804E+08    0.4177363E+08
  88     -0.324692E+09   -0.2210034E+08    0.4545307E+08
  89     -0.171582E+09   -0.3358026E+08    0.4887541E+08
  90     -0.208722E+08   -0.4343321E+08    0.3864442E+08
  91      0.123407E+09   -0.5293400E+08    0.2829280E+08
  92      0.259332E+09   -0.5524687E+08    0.7210490E+07
  93      0.383450E+09   -0.5797536E+08   -0.1389074E+08
  94      0.497737E+09   -0.4791930E+08   -0.4484334E+08
  95      0.589555E+09   -0.3326859E+08   -0.7869211E+08
  96      0.646156E+09   -0.3335645E+08   -0.7716242E+08
  97      0.644130E+09   -0.4167308E+08   -0.6903650E+08
  98      0.596694E+09   -0.4675115E+08   -0.4647498E+08
  99      0.495896E+09   -0.4637148E+08   -0.2685875E+08
 100      0.330608E+09   -0.3740935E+08   -0.7873134E+07
 101      0.945227E+08   -0.2964132E+08    0.1144115E+08
 102     -0.213306E+09   -0.1843575E+08    0.2887731E+08
 103     -0.601844E+09   -0.5073154E+07    0.4986571E+08
 104     -0.106727E+10    0.1041552E+06    0.3244685E+08
 105     -0.163105E+10    0.3237710E+07    0.1112966E+08
 106     -0.804473E+09    0.1110587E+07    0.4840581E+07
 107     -0.647872E+09   -0.4371502E+07    0.2779305E+08
 108     -0.490502E+09   -0.1028878E+08    0.5094463E+08
 109     -0.329441E+09   -0.2070300E+08    0.5549151E+08
 110     -0.167841E+09   -0.3111916E+08    0.5969395E+08
 111     -0.886034E+07   -0.4008530E+08    0.4722805E+08
 112      0.142542E+09   -0.4932142E+08    0.3459879E+08
 113      0.285170E+09   -0.5021566E+08    0.8533219E+07
 114      0.411652E+09   -0.4671890E+08   -0.1884263E+08
 115      0.522715E+09   -0.4851283E+08   -0.4185420E+08
 116      0.602388E+09   -0.5811879E+08   -0.6318661E+08
 117      0.640004E+09   -0.7825974E+08   -0.6153803E+08
 118      0.635342E+09   -0.9390013E+08   -0.5907878E+08
 119      0.585575E+09   -0.9043279E+08   -0.4860736E+08
 120      0.480935E+09   -0.8635564E+08   -0.3795869E+08
 121      0.314918E+09   -0.7087493E+08   -0.2169076E+08
 122      0.781939E+08   -0.5569736E+08   -0.5562120E+07
 123     -0.230432E+09   -0.3731488E+08    0.1058625E+08
 124     -0.611709E+09   -0.1796794E+08    0.2959414E+08
 125     -0.105684E+10   -0.6719482E+07    0.2270964E+08
 126     -0.157994E+10    0.3119317E+07    0.1256707E+08
 127     -0.835177E+09    0.1068331E+07    0.6369120E+07
 128     -0.671027E+09   -0.2940550E+07    0.3249112E+08
 129     -0.505002E+09   -0.7462229E+07    0.5907551E+08
 130     -0.333168E+09   -0.1703694E+08    0.6410503E+08
 131     -0.163884E+09   -0.2675139E+08    0.6866117E+08
 132      0.416003E+07   -0.3408992E+08    0.5329363E+08
 133      0.161970E+09   -0.3799088E+08    0.3729452E+08
 134      0.311818E+09   -0.4812543E+08    0.1019501E+08
 135      0.439282E+09   -0.6412538E+08   -0.1805167E+08
 136      0.540939E+09   -0.9399511E+08   -0.3160402E+08
 137      0.610577E+09   -0.1206252E+09   -0.4206305E+08
 138      0.637276E+09   -0.1300675E+09   -0.4703951E+08
 139      0.628851E+09   -0.1402431E+09   -0.5290911E+08
 140      0.575836E+09   -0.1351909E+09   -0.5168496E+08
 141      0.465944E+09   -0.1288012E+09   -0.4975784E+08
 142      0.298579E+09   -0.1071495E+09   -0.3661288E+08
 143      0.617701E+08   -0.8531518E+08   -0.2327614E+08
 144     -0.246577E+09   -0.5944003E+08   -0.7112014E+07
 145     -0.620141E+09   -0.3210309E+08    0.1086245E+08
 146     -0.104794E+10   -0.1304852E+08    0.1234116E+08
 147     -0.152667E+10    0.3924143E+07    0.1133391E+08
 148     -0.869685E+09    0.1718044E+07    0.5603963E+07
 149     -0.703213E+09   -0.2165121E+07    0.3644404E+08
 150     -0.525681E+09   -0.5786831E+07    0.6765126E+08
 151     -0.342622E+09   -0.1945005E+08    0.7731498E+08
 152     -0.161093E+09   -0.3361908E+08    0.8624100E+08
 153      0.177397E+08   -0.5677704E+08    0.7255621E+08
 154      0.183946E+09   -0.8038076E+08    0.5774983E+08
 155      0.334412E+09   -0.1065115E+09    0.3405473E+08
 156      0.460614E+09   -0.1325879E+09    0.1174471E+08
 157      0.556380E+09   -0.1528744E+09   -0.7521040E+07
 158      0.624454E+09   -0.1728541E+09   -0.2618633E+08
 159      0.651639E+09   -0.1798671E+09   -0.4030449E+08
 160      0.639397E+09   -0.1862599E+09   -0.5449480E+08
 161      0.583383E+09   -0.1759610E+09   -0.6150498E+08
 162      0.465799E+09   -0.1657752E+09   -0.6821325E+08
 163      0.293212E+09   -0.1397039E+09   -0.6306013E+08
 164      0.496533E+08   -0.1123918E+09   -0.5729164E+08
 165     -0.261285E+09   -0.7606880E+08   -0.4162803E+08
 166     -0.636174E+09   -0.3787352E+08   -0.2512611E+08
 167     -0.106363E+10   -0.1469067E+08   -0.8574242E+07
 168     -0.151938E+10    0.5639020E+07    0.6540616E+07
 169     -0.897715E+09    0.3189176E+07    0.5453493E+07
 170     -0.734718E+09   -0.1001408E+08    0.4108436E+08
 171     -0.544843E+09   -0.2429517E+08    0.7702766E+08
 172     -0.353867E+09   -0.5182850E+08    0.9229721E+08
 173     -0.159559E+09   -0.7897894E+08    0.1065325E+09
 174      0.290522E+08   -0.1068361E+09    0.9539793E+08
 175      0.205107E+09   -0.1338804E+09    0.8342715E+08
 176      0.355241E+09   -0.1581463E+09    0.5950234E+08
 177      0.481164E+09   -0.1829608E+09    0.3727986E+08
 178      0.575860E+09   -0.1971648E+09    0.1181612E+08
 179      0.640082E+09   -0.2105255E+09   -0.1278036E+08
 180      0.666583E+09   -0.2131177E+09   -0.3431545E+08
 181      0.650431E+09   -0.2166739E+09   -0.5648178E+08
 182      0.590976E+09   -0.2063323E+09   -0.7195259E+08
 183      0.466417E+09   -0.1950411E+09   -0.8782275E+08
 184      0.288061E+09   -0.1638951E+09   -0.9073916E+08
 185      0.379363E+08   -0.1311728E+09   -0.9313619E+08
 186     -0.277198E+09   -0.8900565E+08   -0.7717666E+08
 187     -0.652133E+09   -0.4569468E+08   -0.6082336E+08
 188     -0.107928E+10   -0.1843221E+08   -0.2923982E+08
 189     -0.151384E+10    0.6222732E+07    0.2209874E+07
 190     -0.955449E+09    0.4394356E+07    0.1080999E+08
 191     -0.784172E+09   -0.1535588E+08    0.6030062E+08
 192     -0.580004E+09   -0.3726894E+08    0.1106475E+09
 193     -0.371308E+09   -0.7483005E+08    0.1270190E+09
 194     -0.157593E+09   -0.1110581E+09    0.1408211E+09
 195      0.428905E+08   -0.1391798E+09    0.1234366E+09
 196      0.226761E+09   -0.1661368E+09    0.1070378E+09
 197      0.381819E+09   -0.1832783E+09    0.7844394E+08
 198      0.508968E+09   -0.1999640E+09    0.5043433E+08
 199      0.604586E+09   -0.2101083E+09    0.2172968E+08
 200      0.667580E+09   -0.2214676E+09   -0.6500679E+07
 201      0.694624E+09   -0.2222512E+09   -0.3390934E+08
 202      0.675146E+09   -0.2224010E+09   -0.6079534E+08
 203      0.613499E+09   -0.2118493E+09   -0.8273975E+08
 204      0.487833E+09   -0.2020732E+09   -0.1059971E+09
 205      0.300477E+09   -0.1754260E+09   -0.1195404E+09
 206      0.398771E+08   -0.1473200E+09   -0.1325315E+09
 207     -0.288580E+09   -0.1025489E+09   -0.1216278E+09
 208     -0.682012E+09   -0.5336139E+08   -0.1103844E+09
 209     -0.113195E+10   -0.2051260E+08   -0.5712428E+08
 210     -0.158112E+10    0.7559727E+07   -0.3434672E+07
 211     -0.101572E+10    0.7974518E+07    0.1473796E+08
 212     -0.834311E+09   -0.1770722E+08    0.8037293E+08
 213     -0.617487E+09   -0.4777296E+08    0.1465381E+09
 214     -0.388967E+09   -0.8744084E+08    0.1626998E+09
 215     -0.154883E+09   -0.1223834E+09    0.1756667E+09
 216      0.573525E+08   -0.1455204E+09    0.1524134E+09
 217      0.248159E+09   -0.1683942E+09    0.1311717E+09
 218      0.409945E+09   -0.1780681E+09    0.9748218E+08
 219      0.538202E+09   -0.1879931E+09    0.6442587E+08
 220      0.633112E+09   -0.1892639E+09    0.3207588E+08
 221      0.697707E+09   -0.1897893E+09   -0.1088324E+06
 222      0.723577E+09   -0.1924042E+09   -0.3276854E+08
 223      0.700732E+09   -0.1976169E+09   -0.6496993E+08
 224      0.636614E+09   -0.1921476E+09   -0.9486799E+08
 225      0.509356E+09   -0.1853175E+09   -0.1254329E+09
 226      0.313473E+09   -0.1637228E+09   -0.1488482E+09
 227      0.402869E+08   -0.1412574E+09   -0.1724891E+09
 228     -0.298727E+09   -0.9869764E+08   -0.1674631E+09
 229     -0.714882E+09   -0.5154767E+08   -0.1620353E+09
 230     -0.118679E+10   -0.1881820E+08   -0.8490536E+08
 231     -0.164720E+10    0.9040064E+07   -0.6884383E+07
 232     -0.113644E+10    0.4297482E+07    0.2353604E+08
 233     -0.918996E+09   -0.2223122E+08    0.1067708E+09
 234     -0.662057E+09   -0.5246398E+08    0.1882477E+09
 235     -0.398092E+09   -0.8652704E+08    0.1935886E+09
 236     -0.139913E+09   -0.1174464E+09    0.1980700E+09
 237      0.869605E+08   -0.1283907E+09    0.1641465E+09
 238      0.283512E+09   -0.1369384E+09    0.1313877E+09
 239      0.444904E+09   -0.1302706E+09    0.9406415E+08
 240      0.571856E+09   -0.1245433E+09    0.5871522E+08
 241      0.663976E+09   -0.1194836E+09    0.2779684E+08
 242      0.727662E+09   -0.1149800E+09   -0.2093645E+07
 243      0.752330E+09   -0.1168671E+09   -0.2929458E+08
 244      0.734473E+09   -0.1198120E+09   -0.5734861E+08
 245      0.669780E+09   -0.1267659E+09   -0.8994856E+08
 246      0.544294E+09   -0.1348588E+09   -0.1226401E+09
 247      0.348650E+09   -0.1296976E+09   -0.1569561E+09
 248      0.652290E+08   -0.1218009E+09   -0.1942383E+09
 249     -0.295029E+09   -0.9073204E+08   -0.1992536E+09
 250     -0.751799E+09   -0.5645183E+08   -0.2050490E+09
 251     -0.128278E+10   -0.2390990E+08   -0.1134451E+09
 252     -0.180001E+10    0.4789185E+07   -0.1746602E+08
 253     -0.125915E+10    0.7057872E+07    0.3326140E+08
 254     -0.100527E+10   -0.2196609E+08    0.1337030E+09
 255     -0.708911E+09   -0.5560443E+08    0.2312127E+09
 256     -0.407667E+09   -0.7882192E+08    0.2264401E+09
 257     -0.127725E+09   -0.9475523E+08    0.2220815E+09
 258      0.117892E+09   -0.7783323E+08    0.1770649E+09
 259      0.320720E+09   -0.6194931E+08    0.1329535E+09
 260      0.481072E+09   -0.3472872E+08    0.9131222E+08
 261      0.606828E+09   -0.6635892E+07    0.5235994E+08
 262      0.696747E+09    0.1108400E+08    0.2449309E+08
 263      0.758379E+09    0.2634829E+08   -0.2650571E+07
 264      0.781759E+09    0.1920480E+08   -0.2595258E+08
 265      0.769708E+09    0.1029656E+08   -0.4961782E+08
 266      0.704387E+09   -0.1408063E+08   -0.8437136E+08
 267      0.580806E+09   -0.3864419E+08   -0.1201841E+09
 268      0.385059E+09   -0.5613756E+08   -0.1664602E+09
 269      0.911365E+08   -0.7480704E+08   -0.2165635E+09
 270     -0.293780E+09   -0.6563956E+08   -0.2321311E+09
 271     -0.789816E+09   -0.4916035E+08   -0.2495581E+09
 272     -0.138030E+10   -0.1945605E+08   -0.1431609E+09
 273     -0.195748E+10    0.5992238E+07   -0.2999081E+08
 274     -0.146256E+10   -0.7179034E+06    0.4889089E+08
 275     -0.111548E+10   -0.2206161E+08    0.1554390E+09
 276     -0.740418E+09   -0.4894023E+08    0.2549276E+09
 277     -0.384275E+09   -0.4609208E+08    0.2208522E+09
 278     -0.818609E+08   -0.3624109E+08    0.1888643E+09
 279      0.169502E+09    0.1640452E+08    0.1295090E+09
 280      0.366174E+09    0.7085473E+08    0.7508442E+08
 281      0.513718E+09    0.1278001E+09    0.4068394E+08
 282      0.628646E+09    0.1829411E+09    0.8683544E+07
 283      0.707012E+09    0.2107861E+09   -0.1841307E+06
 284      0.767268E+09    0.2368357E+09   -0.8281821E+07
 285      0.788967E+09    0.2246984E+09   -0.1312573E+08
 286      0.785056E+09    0.2117260E+09   -0.1748788E+08
 287      0.729902E+09    0.1661342E+09   -0.3962230E+08
 288      0.623809E+09    0.1186114E+09   -0.6414280E+08
 289      0.437438E+09    0.6326569E+08   -0.1155172E+09
 290      0.148698E+09    0.8261042E+07   -0.1721368E+09
 291     -0.257367E+09   -0.1498230E+08   -0.2133823E+09
 292     -0.809151E+09   -0.3174225E+08   -0.2595153E+09
 293     -0.148716E+10   -0.1491221E+08   -0.1579345E+09
 294     -0.222621E+10   -0.2238003E+07   -0.4530989E+08
 295     -0.166888E+10    0.5401891E+07    0.6772489E+08
 296     -0.122955E+10   -0.1965620E+08    0.1792633E+09
 297     -0.779867E+09   -0.4226867E+08    0.2823195E+09
 298     -0.360306E+09    0.9629883E+07    0.2186735E+09
 299     -0.348361E+08    0.6826425E+08    0.1580167E+09
 300      0.224580E+09    0.1766409E+09    0.8351847E+08
 301      0.413534E+09    0.2800127E+09    0.1596711E+08
 302      0.548443E+09    0.3714884E+09   -0.1062953E+08
 303      0.651217E+09    0.4599262E+09   -0.3462574E+08
 304      0.717338E+09    0.5021204E+09   -0.2501060E+08
 305      0.775990E+09    0.5440202E+09   -0.1459373E+08
 306      0.797332E+09    0.5280547E+09    0.5060307E+06
 307      0.800744E+09    0.5103745E+09    0.1581669E+08
 308      0.757024E+09    0.4355872E+09    0.7178387E+07
 309      0.669566E+09    0.3562968E+09   -0.3808801E+07
 310      0.493625E+09    0.2468150E+09   -0.6310460E+08
 311      0.206727E+09    0.1332206E+09   -0.1288623E+09
 312     -0.219156E+09    0.5825986E+08   -0.1982226E+09
 313     -0.836836E+09   -0.9493905E+07   -0.2752750E+09
 314     -0.159808E+10   -0.3069141E+07   -0.1748320E+09
 315     -0.250126E+10    0.5008190E+07   -0.6002086E+08
 316     -0.195184E+10   -0.2329534E+08    0.9676624E+08
 317     -0.131762E+10   -0.8582335E+07    0.1735208E+09
 318     -0.730025E+09   -0.1588246E+07    0.2283701E+09
 319     -0.268046E+09    0.1162545E+09    0.1035357E+09
 320      0.604184E+08    0.2475894E+09   -0.4083695E+07
 321      0.282886E+09    0.4197535E+09   -0.7377439E+08
 322      0.440364E+09    0.5891972E+09   -0.1330570E+09
 323      0.543380E+09    0.7134031E+09   -0.1265194E+09
 324      0.624620E+09    0.8342469E+09   -0.1188511E+09
 325      0.675352E+09    0.8856779E+09   -0.7363425E+08
 326      0.725398E+09    0.9372035E+09   -0.2794155E+08
 327      0.747557E+09    0.9125462E+09    0.2651041E+08
 328      0.761293E+09    0.8871809E+09    0.8092494E+08
 329      0.734154E+09    0.7859249E+09    0.1088036E+09
 330      0.677916E+09    0.6833363E+09    0.1370818E+09
 331      0.537899E+09    0.5178612E+09    0.9884603E+08
 332      0.296230E+09    0.3461277E+09    0.5167286E+08
 333     -0.115446E+09    0.1903560E+09   -0.5723187E+08
 334     -0.761238E+09    0.4590044E+08   -0.1888382E+09
 335     -0.166625E+10    0.1261663E+08   -0.1470400E+09
 336     -0.281687E+10   -0.2453225E+08   -0.7738527E+08
 337     -0.226824E+10    0.3125276E+08    0.1505764E+09
 338     -0.140937E+10    0.9441733E+07    0.1763459E+09
 339     -0.714156E+09    0.3498110E+08    0.1878990E+09
 340     -0.152908E+09    0.2975527E+09   -0.3656701E+07
 341      0.161331E+09    0.5355950E+09   -0.1788853E+09
 342      0.346791E+09    0.7911451E+09   -0.2382874E+09
 343      0.467704E+09    0.1025321E+10   -0.2881189E+09
 344      0.536967E+09    0.1175769E+10   -0.2458646E+09
 345      0.596451E+09    0.1324466E+10   -0.2046813E+09
 346      0.631773E+09    0.1382720E+10   -0.1218859E+09
 347      0.672404E+09    0.1441840E+10   -0.3883339E+08
 348      0.695903E+09    0.1413848E+10    0.5492674E+08
 349      0.720307E+09    0.1388354E+10    0.1491603E+09
 350      0.711534E+09    0.1264294E+10    0.2155319E+09
 351      0.685968E+09    0.1136836E+10    0.2843029E+09
 352      0.587325E+09    0.9092765E+09    0.2680551E+09
 353      0.392378E+09    0.6644162E+09    0.2442561E+09
 354      0.105692E+08    0.4038608E+09    0.7938289E+08
 355     -0.710865E+09    0.1135908E+09   -0.1097719E+09
 356     -0.174056E+10    0.4080032E+08   -0.1266718E+09
 357     -0.316842E+10    0.1611636E+08   -0.1187458E+09
 358     -0.257044E+10   -0.1210552E+09    0.1813201E+09
 359     -0.131919E+10    0.6446460E+08    0.5842928E+08
 360     -0.430080E+09    0.2420745E+09   -0.1258798E+09
 361      0.461416E+07    0.6359444E+09   -0.3695455E+09
 362      0.228583E+09    0.1040040E+10   -0.5272893E+09
 363      0.336504E+09    0.1325578E+10   -0.5082028E+09
 364      0.409660E+09    0.1603106E+10   -0.4930339E+09
 365      0.445961E+09    0.1755907E+10   -0.3974000E+09
 366      0.485245E+09    0.1910766E+10   -0.3046433E+09
 367      0.507876E+09    0.1968334E+10   -0.1780456E+09
 368      0.539202E+09    0.2029041E+10   -0.5231257E+08
 369      0.559898E+09    0.2000703E+10    0.8620977E+08
 370      0.586742E+09    0.1974861E+10    0.2260098E+09
 371      0.591646E+09    0.1843038E+10    0.3517449E+09
 372      0.590760E+09    0.1713598E+10    0.4808879E+09
 373      0.539689E+09    0.1443998E+10    0.5401676E+09
 374      0.426159E+09    0.1164900E+10    0.6056662E+09
 375      0.157375E+09    0.7455580E+09    0.4743609E+09
 376     -0.417022E+09    0.3276091E+09    0.2638631E+09
 377     -0.157727E+10    0.1064003E+09    0.3726548E+08
 378     -0.342079E+10   -0.1123026E+09   -0.1286896E+09
 379     -0.351302E+10    0.2611411E+09    0.6390881E+09
 380     -0.106728E+10    0.2818675E+09    0.1966063E+08
 381     -0.848190E+08    0.5521029E+09   -0.6231661E+09
 382      0.157323E+09    0.1316473E+10   -0.7972042E+09
 383      0.295112E+09    0.1824761E+10   -0.8925185E+09
 384      0.312950E+09    0.2086044E+10   -0.7906954E+09
 385      0.344733E+09    0.2352865E+10   -0.6985868E+09
 386      0.348117E+09    0.2477865E+10   -0.5490245E+09
 387      0.369075E+09    0.2610819E+10   -0.4025548E+09
 388      0.379994E+09    0.2658909E+10   -0.2328749E+09
 389      0.403091E+09    0.2711851E+10   -0.6409126E+08
 390      0.420024E+09    0.2689365E+10    0.1199648E+09
 391      0.449634E+09    0.2672820E+10    0.3049436E+09
 392      0.465282E+09    0.2562365E+10    0.4919875E+09
 393      0.491429E+09    0.2457613E+10    0.6825053E+09
 394      0.481832E+09    0.2192915E+10    0.8291108E+09
 395      0.462524E+09    0.1935328E+10    0.9878091E+09
 396      0.303759E+09    0.1410013E+10    0.9310970E+09
 397     -0.571480E+08    0.6545972E+09    0.7952139E+09
 398     -0.126162E+10    0.3237443E+09    0.1301330E+09
 399     -0.430070E+10    0.2103932E+09   -0.4869757E+09
 400     -0.275601E+10   -0.4617752E+09   -0.1483992E+09
 401     -0.383945E+09    0.8391631E+09   -0.8637845E+09
 402     -0.786805E+08    0.2080042E+10   -0.1382578E+10
 403      0.100282E+09    0.2472097E+10   -0.1214930E+10
 404      0.144495E+09    0.2887727E+10   -0.1132961E+10
 405      0.154357E+09    0.3040162E+10   -0.9649356E+09
 406      0.169047E+09    0.3210796E+10   -0.8069612E+09
 407      0.170717E+09    0.3286754E+10   -0.6297915E+09
 408      0.181930E+09    0.3370424E+10   -0.4545464E+09
 409      0.189273E+09    0.3403172E+10   -0.2645009E+09
 410      0.201289E+09    0.3439762E+10   -0.7470652E+08
 411      0.211861E+09    0.3431274E+10    0.1329640E+09
 412      0.228537E+09    0.3426840E+10    0.3412438E+09
 413      0.238001E+09    0.3358481E+10    0.5684856E+09
 414      0.255136E+09    0.3297620E+10    0.7982681E+09
 415      0.254766E+09    0.3116179E+10    0.1029545E+10
 416      0.248734E+09    0.2949418E+10    0.1272893E+10
 417      0.197063E+09    0.2493647E+10    0.1414199E+10
 418     -0.349906E+08    0.2028914E+10    0.1656601E+10
 419     -0.464050E+09    0.8227928E+09    0.1041476E+10
 420     -0.319432E+10   -0.4019674E+09    0.2706118E+09
 421     -0.134021E+10    0.4499841E+10   -0.1066231E+10
 422      0.125097E+09    0.4437081E+10   -0.1701748E+10
 423     -0.815793E+08    0.4325829E+10   -0.1973932E+10
 424      0.240774E+08    0.4208906E+10   -0.1562693E+10
 425     -0.864276E+07    0.4171446E+10   -0.1337791E+10
 426     -0.444818E+05    0.4154402E+10   -0.1113383E+10
 427     -0.206912E+07    0.4151648E+10   -0.9027508E+09
 428     -0.762125E+06    0.4157974E+10   -0.7011927E+09
 429      0.510698E+06    0.4168607E+10   -0.5016510E+09
 430      0.389194E+07    0.4182514E+10   -0.2926288E+09
 431      0.491923E+07    0.4200019E+10   -0.8404120E+08
 432      0.924237E+07    0.4212725E+10    0.1454980E+09
 433      0.126867E+08    0.4228618E+10    0.3764259E+09
 434      0.167655E+08    0.4229531E+10    0.6400955E+09
 435      0.225036E+08    0.4234589E+10    0.9060531E+09
 436      0.316165E+08    0.4208241E+10    0.1212245E+10
 437      0.303219E+08    0.4195412E+10    0.1534033E+10
 438      0.720547E+08    0.4120987E+10    0.1849285E+10
 439     -0.328187E+08    0.4127366E+10    0.2386847E+10
 440      0.185070E+09    0.3935257E+10    0.2005581E+10
 441     -0.142223E+10    0.3665465E+10    0.1319287E+10
