   1     -0.494799E+09    0.3260604E+07    0.1710499E+06
   2     -0.387411E+09   -0.8445834E+07    0.2030383E+06
   3     -0.255835E+09   -0.2062642E+08    0.2969213E+06
   4     -0.122864E+09   -0.4923899E+08    0.7999510E+06
   5     -0.106814E+08   -0.7852970E+08    0.1254410E+07
   6      0.841439E+08   -0.1128335E+09    0.1522274E+07
   7      0.162459E+09   -0.1468241E+09    0.1885243E+07
   8      0.227496E+09   -0.1735584E+09    0.1136478E+07
   9      0.269382E+09   -0.1995297E+09    0.6444809E+06
  10      0.300291E+09   -0.2113906E+09    0.3503161E+06
  11      0.303543E+09   -0.2229475E+09   -0.2396093E+06
  12      0.289831E+09   -0.2180402E+09   -0.2541250E+06
  13      0.244151E+09   -0.2133148E+09    0.5196420E+05
  14      0.185529E+09   -0.1936980E+09   -0.3660181E+06
  15      0.112629E+09   -0.1736669E+09   -0.1369868E+07
  16      0.210686E+08   -0.1369502E+09   -0.2142310E+07
  17     -0.886923E+08   -0.9799456E+08   -0.2815132E+07
  18     -0.188779E+09   -0.5882676E+08   -0.1797260E+07
  19     -0.298027E+09   -0.1928171E+08   -0.1649604E+07
  20     -0.386808E+09   -0.4094890E+07    0.5731205E+06
  21     -0.453183E+09    0.8273582E+07    0.3757770E+07
  22     -0.511582E+09    0.3217124E+07    0.2150161E+07
  23     -0.396381E+09   -0.8705122E+07    0.1180293E+08
  24     -0.264274E+09   -0.2167292E+08    0.2163024E+08
  25     -0.127211E+09   -0.4802001E+08    0.2617525E+08
  26     -0.121077E+08   -0.7392318E+08    0.3035576E+08
  27      0.850212E+08   -0.1020161E+09    0.2930060E+08
  28      0.165023E+09   -0.1299412E+09    0.2854139E+08
  29      0.232583E+09   -0.1528494E+09    0.2351833E+08
  30      0.276697E+09   -0.1754521E+09    0.1800487E+08
  31      0.306914E+09   -0.1861032E+09    0.1080580E+08
  32      0.311114E+09   -0.1966611E+09    0.3976212E+07
  33      0.297313E+09   -0.1938996E+09   -0.3606187E+07
  34      0.252544E+09   -0.1909190E+09   -0.1137337E+08
  35      0.193491E+09   -0.1717287E+09   -0.1940557E+08
  36      0.118542E+09   -0.1516729E+09   -0.2720074E+08
  37      0.248323E+08   -0.1225360E+09   -0.3103449E+08
  38     -0.857515E+08   -0.9377087E+08   -0.3552061E+08
  39     -0.191898E+09   -0.6178236E+08   -0.3326169E+08
  40     -0.304863E+09   -0.2832396E+08   -0.3033178E+08
  41     -0.405128E+09   -0.1126662E+08   -0.1423527E+08
  42     -0.459832E+09    0.3922702E+07    0.1853983E+07
  43     -0.529704E+09    0.2984506E+07    0.3965859E+07
  44     -0.405289E+09   -0.6341173E+07    0.2320335E+08
  45     -0.273143E+09   -0.1612030E+08    0.4264765E+08
  46     -0.131544E+09   -0.4049634E+08    0.5177077E+08
  47     -0.136823E+08   -0.6602744E+08    0.6036011E+08
  48      0.860817E+08   -0.9309445E+08    0.5714385E+08
  49      0.167501E+09   -0.1182252E+09    0.5441321E+08
  50      0.237645E+09   -0.1367824E+09    0.4564321E+08
  51      0.285256E+09   -0.1560566E+09    0.3561333E+08
  52      0.313493E+09   -0.1665333E+09    0.2148889E+08
  53      0.319130E+09   -0.1769300E+09    0.8371439E+07
  54      0.304991E+09   -0.1725534E+09   -0.7282026E+07
  55      0.261625E+09   -0.1667403E+09   -0.2366249E+08
  56      0.201676E+09   -0.1490966E+09   -0.3841924E+08
  57      0.124123E+09   -0.1332006E+09   -0.5184123E+08
  58      0.290377E+08   -0.1080348E+09   -0.5971121E+08
  59     -0.827257E+08   -0.7965708E+08   -0.6897882E+08
  60     -0.195062E+09   -0.5189342E+08   -0.6415042E+08
  61     -0.312720E+09   -0.2597761E+08   -0.5799383E+08
  62     -0.424236E+09   -0.1098224E+08   -0.2945629E+08
  63     -0.465967E+09    0.3488433E+07   -0.1295575E+07
  64     -0.569532E+09    0.2875097E+07    0.4203795E+07
  65     -0.432780E+09   -0.6282760E+07    0.3194977E+08
  66     -0.294086E+09   -0.1628706E+08    0.5971065E+08
  67     -0.145006E+09   -0.3763854E+08    0.7252233E+08
  68     -0.158016E+08   -0.5877450E+08    0.8465993E+08
  69      0.909248E+08   -0.8151726E+08    0.7923226E+08
  70      0.176816E+09   -0.1040178E+09    0.7416709E+08
  71      0.249884E+09   -0.1199761E+09    0.6134585E+08
  72      0.302765E+09   -0.1356748E+09    0.4867084E+08
  73      0.331912E+09   -0.1441020E+09    0.2990625E+08
  74      0.340802E+09   -0.1522031E+09    0.1109744E+08
  75      0.326904E+09   -0.1488866E+09   -0.1092125E+08
  76      0.285279E+09   -0.1457247E+09   -0.3348151E+08
  77      0.220461E+09   -0.1315840E+09   -0.5280116E+08
  78      0.138598E+09   -0.1164328E+09   -0.7133653E+08
  79      0.405332E+08   -0.9330357E+08   -0.8202553E+08
  80     -0.788452E+08   -0.7085819E+08   -0.9354269E+08
  81     -0.202989E+09   -0.4823937E+08   -0.8615637E+08
  82     -0.335139E+09   -0.2448041E+08   -0.7845477E+08
  83     -0.460096E+09   -0.1020227E+08   -0.4267601E+08
  84     -0.525390E+09    0.2774369E+07   -0.6307972E+07
  85     -0.607429E+09    0.2804968E+07    0.4303335E+07
  86     -0.460611E+09   -0.5385877E+07    0.4074041E+08
  87     -0.314588E+09   -0.1492199E+08    0.7728217E+08
  88     -0.158969E+09   -0.3454087E+08    0.9298419E+08
  89     -0.167508E+08   -0.5244641E+08    0.1071870E+09
  90      0.956320E+08   -0.7060424E+08    0.1008852E+09
  91      0.187021E+09   -0.9012989E+08    0.9523985E+08
  92      0.262516E+09   -0.1082218E+09    0.7771187E+08
  93      0.318853E+09   -0.1249714E+09    0.6109975E+08
  94      0.350397E+09   -0.1304792E+09    0.3773742E+08
  95      0.362154E+09   -0.1366851E+09    0.1392016E+08
  96      0.348737E+09   -0.1343613E+09   -0.1405011E+08
  97      0.308719E+09   -0.1315063E+09   -0.4237844E+08
  98      0.238982E+09   -0.1176033E+09   -0.6735909E+08
  99      0.153780E+09   -0.1028763E+09   -0.9248679E+08
 100      0.511523E+08   -0.8054074E+08   -0.1045058E+09
 101     -0.747995E+08   -0.5862146E+08   -0.1167604E+09
 102     -0.210538E+09   -0.3732842E+08   -0.1086459E+09
 103     -0.357047E+09   -0.1463613E+08   -0.1003275E+09
 104     -0.495211E+09   -0.4317962E+07   -0.5489978E+08
 105     -0.587386E+09    0.4215366E+07   -0.8485061E+07
 106     -0.660881E+09    0.2265043E+07    0.5644436E+07
 107     -0.505423E+09   -0.6719902E+07    0.4925725E+08
 108     -0.344185E+09   -0.1665834E+08    0.9283139E+08
 109     -0.175762E+09   -0.3320961E+08    0.1085947E+09
 110     -0.192177E+08   -0.4910473E+08    0.1236194E+09
 111      0.999327E+08   -0.6696144E+08    0.1179567E+09
 112      0.201441E+09   -0.8450540E+08    0.1125749E+09
 113      0.282055E+09   -0.9877917E+08    0.9261263E+08
 114      0.343288E+09   -0.1136771E+09    0.7296295E+08
 115      0.379056E+09   -0.1215410E+09    0.4411817E+08
 116      0.393683E+09   -0.1284315E+09    0.1521039E+08
 117      0.381653E+09   -0.1239822E+09   -0.1760968E+08
 118      0.340610E+09   -0.1197539E+09   -0.5024384E+08
 119      0.268649E+09   -0.1072817E+09   -0.7972702E+08
 120      0.179673E+09   -0.9450977E+08   -0.1101895E+09
 121      0.636167E+08   -0.7419908E+08   -0.1244513E+09
 122     -0.700627E+08   -0.5316630E+08   -0.1384680E+09
 123     -0.222373E+09   -0.3414908E+08   -0.1270434E+09
 124     -0.385809E+09   -0.1561818E+08   -0.1162952E+09
 125     -0.549255E+09   -0.6353589E+07   -0.6301433E+08
 126     -0.674355E+09    0.2399549E+07   -0.8018157E+07
 127     -0.714150E+09    0.2471000E+07    0.7310117E+07
 128     -0.550047E+09   -0.6680820E+07    0.5803866E+08
 129     -0.373686E+09   -0.1706275E+08    0.1083805E+09
 130     -0.191793E+09   -0.3381419E+08    0.1242280E+09
 131     -0.229765E+08   -0.4897939E+08    0.1404263E+09
 132      0.104488E+09   -0.6466355E+08    0.1353338E+09
 133      0.214770E+09   -0.8172713E+08    0.1300810E+09
 134      0.301383E+09   -0.9604310E+08    0.1072260E+09
 135      0.367839E+09   -0.1089254E+09    0.8458375E+08
 136      0.408353E+09   -0.1119228E+09    0.5038270E+08
 137      0.424916E+09   -0.1151371E+09    0.1608042E+08
 138      0.414882E+09   -0.1128689E+09   -0.2111846E+08
 139      0.371233E+09   -0.1111848E+09   -0.5748644E+08
 140      0.298908E+09   -0.1018623E+09   -0.9172720E+08
 141      0.205186E+09   -0.9179351E+08   -0.1277108E+09
 142      0.761967E+08   -0.7270024E+08   -0.1447713E+09
 143     -0.659367E+08   -0.5247743E+08   -0.1612621E+09
 144     -0.235295E+09   -0.3137360E+08   -0.1457019E+09
 145     -0.413530E+09   -0.1088280E+08   -0.1314534E+09
 146     -0.603303E+09   -0.3854094E+07   -0.7108436E+08
 147     -0.759172E+09    0.2473600E+07   -0.8698555E+07
 148     -0.791202E+09    0.1890238E+07    0.1044174E+08
 149     -0.607965E+09   -0.7890761E+07    0.6738591E+08
 150     -0.409798E+09   -0.1857444E+08    0.1235188E+09
 151     -0.207734E+09   -0.3448277E+08    0.1390681E+09
 152     -0.311756E+08   -0.4961259E+08    0.1555662E+09
 153      0.109741E+09   -0.6459122E+08    0.1501439E+09
 154      0.230347E+09   -0.7966531E+08    0.1442762E+09
 155      0.327953E+09   -0.8967497E+08    0.1175441E+09
 156      0.398533E+09   -0.9923390E+08    0.9124461E+08
 157      0.446033E+09   -0.1036141E+09    0.5437740E+08
 158      0.464323E+09   -0.1082172E+09    0.1714543E+08
 159      0.455379E+09   -0.1059675E+09   -0.2316546E+08
 160      0.409163E+09   -0.1034491E+09   -0.6295042E+08
 161      0.338221E+09   -0.9362272E+08   -0.1008063E+09
 162      0.236106E+09   -0.8409513E+08   -0.1394958E+09
 163      0.970127E+08   -0.6918865E+08   -0.1602944E+09
 164     -0.640177E+08   -0.5372823E+08   -0.1805457E+09
 165     -0.251606E+09   -0.3544264E+08   -0.1642170E+09
 166     -0.454108E+09   -0.1603784E+08   -0.1484125E+09
 167     -0.671724E+09   -0.5837467E+07   -0.7922256E+08
 168     -0.866063E+09    0.2889733E+07   -0.8895892E+07
 169     -0.868897E+09    0.2340614E+07    0.1357107E+08
 170     -0.665601E+09   -0.7414951E+07    0.7681681E+08
 171     -0.446228E+09   -0.1782024E+08    0.1385210E+09
 172     -0.222838E+09   -0.3410485E+08    0.1540044E+09
 173     -0.397242E+08   -0.5075594E+08    0.1718214E+09
 174      0.114546E+09   -0.6632087E+08    0.1654167E+09
 175      0.246334E+09   -0.8000064E+08    0.1576382E+09
 176      0.354359E+09   -0.8865708E+08    0.1283890E+09
 177      0.429498E+09   -0.9888741E+08    0.9977691E+08
 178      0.483419E+09   -0.1027898E+09    0.5911183E+08
 179      0.505091E+09   -0.1055041E+09    0.1793973E+08
 180      0.495517E+09   -0.1012243E+09   -0.2615483E+08
 181      0.448781E+09   -0.9692053E+08   -0.7012047E+08
 182      0.376415E+09   -0.8925667E+08   -0.1105145E+09
 183      0.266928E+09   -0.8321879E+08   -0.1506975E+09
 184      0.118353E+09   -0.7109616E+08   -0.1758219E+09
 185     -0.625664E+08   -0.5549034E+08   -0.2009927E+09
 186     -0.267776E+09   -0.3380535E+08   -0.1829024E+09
 187     -0.495849E+09   -0.1426300E+08   -0.1645689E+09
 188     -0.739727E+09   -0.5972739E+07   -0.8757028E+08
 189     -0.972548E+09    0.2259063E+07   -0.9674422E+07
 190     -0.972006E+09    0.1425633E+07    0.1756539E+08
 191     -0.735470E+09   -0.8479100E+07    0.8617905E+08
 192     -0.483700E+09   -0.1851542E+08    0.1518081E+09
 193     -0.244187E+09   -0.3408514E+08    0.1693859E+09
 194     -0.460658E+08   -0.5064981E+08    0.1899698E+09
 195      0.125091E+09   -0.6474010E+08    0.1782428E+09
 196      0.269086E+09   -0.7772017E+08    0.1660141E+09
 197      0.385124E+09   -0.8254431E+08    0.1336996E+09
 198      0.468021E+09   -0.8629763E+08    0.1016998E+09
 199      0.524755E+09   -0.8514141E+08    0.5972965E+08
 200      0.550394E+09   -0.8521892E+08    0.1836287E+08
 201      0.540019E+09   -0.8644126E+08   -0.2626410E+08
 202      0.495374E+09   -0.8816969E+08   -0.7108853E+08
 203      0.419751E+09   -0.8456606E+08   -0.1146471E+09
 204      0.303434E+09   -0.7957931E+08   -0.1581542E+09
 205      0.147926E+09   -0.6773416E+08   -0.1865119E+09
 206     -0.522529E+08   -0.5697606E+08   -0.2163597E+09
 207     -0.284861E+09   -0.4011357E+08   -0.2007601E+09
 208     -0.546158E+09   -0.2043750E+08   -0.1839628E+09
 209     -0.823820E+09   -0.7392141E+07   -0.9818048E+08
 210     -0.110595E+10    0.3351541E+07   -0.1111064E+08
 211     -0.107437E+10    0.2218386E+07    0.2195958E+08
 212     -0.804941E+09   -0.8538334E+07    0.9546960E+08
 213     -0.519285E+09   -0.2057236E+08    0.1654520E+09
 214     -0.268620E+09   -0.3959448E+08    0.1859367E+09
 215     -0.516631E+08   -0.5766753E+08    0.2088199E+09
 216      0.135415E+09   -0.6438925E+08    0.1919430E+09
 217      0.291890E+09   -0.6959456E+08    0.1755224E+09
 218      0.416564E+09   -0.6500344E+08    0.1391810E+09
 219      0.506864E+09   -0.6158966E+08    0.1038586E+09
 220      0.566844E+09   -0.5972322E+08    0.6098058E+08
 221      0.595558E+09   -0.5709078E+08    0.1867197E+08
 222      0.585272E+09   -0.5496678E+08   -0.2656534E+08
 223      0.542329E+09   -0.5337789E+08   -0.7256375E+08
 224      0.464549E+09   -0.5529570E+08   -0.1193249E+09
 225      0.339880E+09   -0.5939927E+08   -0.1660743E+09
 226      0.176736E+09   -0.5916046E+08   -0.1977925E+09
 227     -0.413119E+08   -0.5641960E+08   -0.2317084E+09
 228     -0.302947E+09   -0.4009115E+08   -0.2193346E+09
 229     -0.596952E+09   -0.2195476E+08   -0.2051622E+09
 230     -0.908489E+09   -0.7721172E+07   -0.1091387E+09
 231     -0.123770E+10    0.4226759E+07   -0.1135113E+08
 232     -0.120709E+10    0.1678638E+07    0.2698793E+08
 233     -0.885309E+09   -0.1116575E+08    0.1071122E+09
 234     -0.566828E+09   -0.2649573E+08    0.1858525E+09
 235     -0.288282E+09   -0.4256906E+08    0.1998946E+09
 236     -0.455211E+08   -0.5605652E+08    0.2138210E+09
 237      0.157072E+09   -0.5145660E+08    0.1882068E+09
 238      0.324125E+09   -0.4581113E+08    0.1634692E+09
 239      0.452313E+09   -0.3058355E+08    0.1258096E+09
 240      0.544311E+09   -0.1496384E+08    0.8970539E+08
 241      0.604513E+09   -0.3253938E+07    0.5243999E+08
 242      0.634011E+09    0.6513787E+07    0.1622901E+08
 243      0.626326E+09    0.2556416E+07   -0.2326298E+08
 244      0.587541E+09   -0.1635140E+07   -0.6356720E+08
 245      0.508643E+09   -0.1484355E+08   -0.1069763E+09
 246      0.386675E+09   -0.2841498E+08   -0.1519149E+09
 247      0.213426E+09   -0.3655326E+08   -0.1902118E+09
 248     -0.160784E+08   -0.4498195E+08   -0.2298428E+09
 249     -0.307307E+09   -0.3835338E+08   -0.2280627E+09
 250     -0.643711E+09   -0.2700669E+08   -0.2262607E+09
 251     -0.101456E+10   -0.1040050E+08   -0.1226234E+09
 252     -0.140124E+10    0.2722665E+07   -0.1536364E+08
 253     -0.133827E+10    0.5365349E+07    0.3078708E+08
 254     -0.966481E+09   -0.1177759E+08    0.1199149E+09
 255     -0.619701E+09   -0.3247522E+08    0.2088502E+09
 256     -0.306770E+09   -0.4066073E+08    0.2149893E+09
 257     -0.420621E+08   -0.4342457E+08    0.2202660E+09
 258      0.179401E+09   -0.1833459E+08    0.1860202E+09
 259      0.356665E+09    0.7534183E+07    0.1527181E+09
 260      0.488952E+09    0.4102957E+08    0.1135463E+09
 261      0.583848E+09    0.7331253E+08    0.7531460E+08
 262      0.642492E+09    0.9187612E+08    0.4372204E+08
 263      0.672552E+09    0.1095287E+09    0.1472283E+08
 264      0.669086E+09    0.1008688E+09   -0.1844896E+08
 265      0.633191E+09    0.8970835E+08   -0.5256651E+08
 266      0.553870E+09    0.6233169E+08   -0.9513078E+08
 267      0.434405E+09    0.3433759E+08   -0.1396101E+09
 268      0.250837E+09    0.4733707E+07   -0.1841816E+09
 269      0.671058E+07   -0.2409671E+08   -0.2298250E+09
 270     -0.311409E+09   -0.2775377E+08   -0.2383643E+09
 271     -0.692812E+09   -0.2771527E+08   -0.2484665E+09
 272     -0.112187E+10   -0.1146498E+08   -0.1370258E+09
 273     -0.156617E+10    0.2750708E+07   -0.2094087E+08
 274     -0.149901E+10   -0.2175896E+07    0.4213619E+08
 275     -0.106408E+10   -0.1602340E+08    0.1339521E+09
 276     -0.656018E+09   -0.3397541E+08    0.2215819E+09
 277     -0.296651E+09   -0.2380970E+08    0.2024292E+09
 278     -0.101559E+08   -0.8512149E+07    0.1846286E+09
 279      0.220045E+09    0.4389952E+08    0.1369930E+09
 280      0.395216E+09    0.9824501E+08    0.9297855E+08
 281      0.518200E+09    0.1559374E+09    0.6163046E+08
 282      0.607295E+09    0.2119468E+09    0.3269926E+08
 283      0.656522E+09    0.2389703E+09    0.1937300E+08
 284      0.686222E+09    0.2652063E+09    0.6770053E+07
 285      0.684888E+09    0.2554271E+09   -0.5849648E+07
 286      0.656244E+09    0.2439043E+09   -0.1851715E+08
 287      0.586803E+09    0.1948379E+09   -0.4810800E+08
 288      0.477888E+09    0.1434793E+09   -0.7925694E+08
 289      0.302632E+09    0.8511474E+08   -0.1297135E+09
 290      0.525867E+08    0.2787481E+08   -0.1838923E+09
 291     -0.281197E+09    0.1502341E+07   -0.2154941E+09
 292     -0.718592E+09   -0.1869777E+08   -0.2511363E+09
 293     -0.123362E+10   -0.8103184E+07   -0.1456563E+09
 294     -0.178982E+10   -0.1645245E+07   -0.3126365E+08
 295     -0.166079E+10    0.6400171E+07    0.5720361E+08
 296     -0.116491E+10   -0.1729409E+08    0.1502927E+09
 297     -0.699174E+09   -0.3888178E+08    0.2388051E+09
 298     -0.287225E+09    0.5905974E+07    0.1946247E+09
 299      0.222133E+08    0.5719940E+08    0.1514548E+09
 300      0.264148E+09    0.1607856E+09    0.8924126E+08
 301      0.435436E+09    0.2601012E+09    0.3322575E+08
 302      0.549577E+09    0.3452055E+09    0.9813042E+07
 303      0.629720E+09    0.4278094E+09   -0.1089370E+08
 304      0.671415E+09    0.4687825E+09   -0.5392564E+07
 305      0.701483E+09    0.5077015E+09   -0.3172779E+06
 306      0.700349E+09    0.4881252E+09    0.7336382E+07
 307      0.680037E+09    0.4676928E+09    0.1553942E+08
 308      0.620798E+09    0.3980748E+09    0.3712396E+04
 309      0.524142E+09    0.3258466E+09   -0.1761704E+08
 310      0.358065E+09    0.2247326E+09   -0.7503455E+08
 311      0.996678E+08    0.1178226E+09   -0.1375302E+09
 312     -0.250287E+09    0.4918373E+08   -0.1959627E+09
 313     -0.751455E+09   -0.1306706E+08   -0.2590819E+09
 314     -0.134947E+10   -0.6289072E+07   -0.1562865E+09
 315     -0.201622E+10    0.3278269E+07   -0.4274634E+08
 316     -0.188936E+10   -0.2086759E+08    0.8541142E+08
 317     -0.124279E+10   -0.1261481E+08    0.1505753E+09
 318     -0.660431E+09   -0.1284690E+08    0.1980578E+09
 319     -0.213467E+09    0.8932556E+08    0.9438264E+08
 320      0.101580E+09    0.2053495E+09    0.5123256E+07
 321      0.313264E+09    0.3612221E+09   -0.5435440E+08
 322      0.455988E+09    0.5147283E+09   -0.1041868E+09
 323      0.543965E+09    0.6300269E+09   -0.9699708E+08
 324      0.605573E+09    0.7420769E+09   -0.8898296E+08
 325      0.635246E+09    0.7887494E+09   -0.4972074E+08
 326      0.659242E+09    0.8357635E+09   -0.9768267E+07
 327      0.659924E+09    0.8105724E+09    0.3480581E+08
 328      0.650695E+09    0.7846871E+09    0.7909424E+08
 329      0.607506E+09    0.6870352E+09    0.9690371E+08
 330      0.540352E+09    0.5864253E+09    0.1147347E+09
 331      0.405187E+09    0.4345117E+09    0.7231277E+08
 332      0.187001E+09    0.2799519E+09    0.2090758E+08
 333     -0.158194E+09    0.1494809E+09   -0.7638282E+08
 334     -0.694419E+09    0.2930715E+08   -0.1902223E+09
 335     -0.142237E+10    0.6522561E+07   -0.1382850E+09
 336     -0.229815E+10   -0.2103895E+08   -0.6277400E+08
 337     -0.215298E+10    0.3540548E+08    0.1383173E+09
 338     -0.132355E+10    0.9551574E+06    0.1595946E+09
 339     -0.657822E+09    0.1144871E+08    0.1720135E+09
 340     -0.117258E+09    0.2439297E+09    0.4153740E+07
 341      0.185773E+09    0.4539162E+09   -0.1515826E+09
 342      0.367925E+09    0.6902861E+09   -0.2029495E+09
 343      0.479407E+09    0.9063018E+09   -0.2467059E+09
 344      0.536795E+09    0.1044377E+10   -0.2071754E+09
 345      0.581539E+09    0.1180051E+10   -0.1676593E+09
 346      0.597670E+09    0.1229839E+10   -0.9344042E+08
 347      0.614798E+09    0.1280929E+10   -0.1942853E+08
 348      0.617400E+09    0.1251805E+10    0.6309932E+08
 349      0.619979E+09    0.1222780E+10    0.1465050E+09
 350      0.594021E+09    0.1102087E+10    0.1994641E+09
 351      0.557322E+09    0.9810351E+09    0.2539928E+09
 352      0.457979E+09    0.7733031E+09    0.2266741E+09
 353      0.282139E+09    0.5464356E+09    0.1907073E+09
 354     -0.463226E+08    0.3186911E+09    0.3720602E+08
 355     -0.665027E+09    0.6793033E+08   -0.1332322E+09
 356     -0.150003E+10    0.2543188E+08   -0.1284993E+09
 357     -0.261520E+10    0.2557563E+08   -0.1021935E+09
 358     -0.243473E+10   -0.1133887E+09    0.1700731E+09
 359     -0.124767E+10    0.4989601E+08    0.6227808E+08
 360     -0.393883E+09    0.2009031E+09   -0.1045321E+09
 361      0.272381E+08    0.5605377E+09   -0.3323396E+09
 362      0.244806E+09    0.9355964E+09   -0.4774640E+09
 363      0.353497E+09    0.1204819E+10   -0.4551892E+09
 364      0.423711E+09    0.1465528E+10   -0.4364737E+09
 365      0.448756E+09    0.1604855E+10   -0.3443051E+09
 366      0.477752E+09    0.1746562E+10   -0.2548394E+09
 367      0.482541E+09    0.1792503E+10   -0.1370144E+09
 368      0.496206E+09    0.1840120E+10   -0.2051256E+08
 369      0.495645E+09    0.1801871E+10    0.1023603E+09
 370      0.505063E+09    0.1767640E+10    0.2265929E+09
 371      0.494143E+09    0.1641350E+10    0.3313950E+09
 372      0.484888E+09    0.1516206E+10    0.4389074E+09
 373      0.429006E+09    0.1266659E+10    0.4785055E+09
 374      0.332802E+09    0.1008241E+10    0.5229930E+09
 375      0.976192E+08    0.6306334E+09    0.3911415E+09
 376     -0.386828E+09    0.2611500E+09    0.1830078E+09
 377     -0.137896E+10    0.8061680E+08    0.9859287E+06
 378     -0.289388E+10   -0.1032322E+09   -0.1174798E+09
 379     -0.335774E+10    0.2611875E+09    0.6332288E+09
 380     -0.101725E+10    0.2588266E+09    0.5033692E+08
 381     -0.666862E+08    0.5034220E+09   -0.5589902E+09
 382      0.169262E+09    0.1247559E+10   -0.7281576E+09
 383      0.306122E+09    0.1738723E+10   -0.8188450E+09
 384      0.328089E+09    0.1988220E+10   -0.7195375E+09
 385      0.359615E+09    0.2243603E+10   -0.6270713E+09
 386      0.355897E+09    0.2352355E+10   -0.4815658E+09
 387      0.368652E+09    0.2467821E+10   -0.3404136E+09
 388      0.363048E+09    0.2494558E+10   -0.1795601E+09
 389      0.372961E+09    0.2525679E+10   -0.1926244E+08
 390      0.371330E+09    0.2486202E+10    0.1441198E+09
 391      0.385905E+09    0.2451650E+10    0.3077920E+09
 392      0.388004E+09    0.2335318E+10    0.4664547E+09
 393      0.406591E+09    0.2226181E+10    0.6281927E+09
 394      0.388813E+09    0.1979806E+10    0.7459562E+09
 395      0.384830E+09    0.1740648E+10    0.8735877E+09
 396      0.242078E+09    0.1260441E+10    0.8062147E+09
 397     -0.413904E+08    0.5560446E+09    0.6584891E+09
 398     -0.111009E+10    0.2833246E+09    0.5789303E+08
 399     -0.379784E+10    0.2232051E+09   -0.4830749E+09
 400     -0.266951E+10   -0.4621437E+09   -0.1404110E+09
 401     -0.363061E+09    0.8269340E+09   -0.8248480E+09
 402     -0.700252E+08    0.2059058E+10   -0.1318550E+10
 403      0.107039E+09    0.2460032E+10   -0.1147969E+10
 404      0.151142E+09    0.2883665E+10   -0.1059388E+10
 405      0.164307E+09    0.3032222E+10   -0.8846034E+09
 406      0.177219E+09    0.3196828E+10   -0.7186766E+09
 407      0.177248E+09    0.3249976E+10   -0.5377108E+09
 408      0.183605E+09    0.3309355E+10   -0.3587261E+09
 409      0.181265E+09    0.3307327E+10   -0.1770873E+09
 410      0.186286E+09    0.3310650E+10    0.3907027E+07
 411      0.188047E+09    0.3271960E+10    0.1872766E+09
 412      0.195401E+09    0.3236886E+10    0.3708462E+09
 413      0.198359E+09    0.3151252E+10    0.5597213E+09
 414      0.210041E+09    0.3072345E+10    0.7508024E+09
 415      0.205467E+09    0.2898360E+10    0.9375730E+09
 416      0.207414E+09    0.2738740E+10    0.1135028E+10
 417      0.163956E+09    0.2324259E+10    0.1248592E+10
 418     -0.263890E+08    0.1907329E+10    0.1454886E+10
 419     -0.383198E+09    0.7656180E+09    0.9151844E+09
 420     -0.291551E+10   -0.3984335E+09    0.2392859E+09
 421     -0.132599E+10    0.4470406E+10   -0.1046942E+10
 422      0.121202E+09    0.4472876E+10   -0.1654519E+10
 423     -0.843153E+08    0.4429887E+10   -0.1909675E+10
 424      0.233441E+08    0.4354002E+10   -0.1495438E+10
 425     -0.911424E+07    0.4353940E+10   -0.1261743E+10
 426      0.207954E+07    0.4330106E+10   -0.1020638E+10
 427     -0.119148E+07    0.4320851E+10   -0.7939863E+09
 428      0.228204E+07    0.4288923E+10   -0.5815177E+09
 429      0.333167E+07    0.4261915E+10   -0.3693781E+09
 430      0.448179E+07    0.4220585E+10   -0.1688209E+09
 431      0.540455E+07    0.4182320E+10    0.3017896E+08
 432      0.916269E+07    0.4141999E+10    0.2315965E+09
 433      0.101426E+08    0.4104920E+10    0.4333353E+09
 434      0.142002E+08    0.4068121E+10    0.6489059E+09
 435      0.173922E+08    0.4034052E+10    0.8668015E+09
 436      0.258844E+08    0.3999570E+10    0.1112143E+10
 437      0.246272E+08    0.3980302E+10    0.1373381E+10
 438      0.670551E+08    0.3939321E+10    0.1643530E+10
 439     -0.341092E+08    0.3984289E+10    0.2119201E+10
 440      0.196115E+09    0.3869592E+10    0.1830199E+10
 441     -0.138130E+10    0.3674611E+10    0.1259999E+10
