   1      0.153871E+08    0.2989682E+07    0.4738418E+07
   2     -0.304769E+08   -0.2391117E+08    0.4289232E+07
   3     -0.344141E+08   -0.5192861E+08    0.3453349E+07
   4     -0.231880E+08   -0.8642910E+08    0.2306276E+07
   5     -0.101157E+07   -0.1199641E+09    0.1450719E+07
   6      0.219810E+08   -0.1551357E+09    0.1766135E+07
   7      0.422475E+08   -0.1911823E+09    0.2210376E+07
   8      0.585386E+08   -0.2233726E+09    0.1797067E+07
   9      0.706766E+08   -0.2547457E+09    0.1230485E+07
  10      0.754324E+08   -0.2723039E+09    0.9064624E+06
  11      0.692323E+08   -0.2903605E+09    0.1679535E+07
  12      0.464050E+08   -0.2966966E+09    0.1570691E+07
  13      0.185663E+08   -0.3024295E+09    0.6804951E+06
  14     -0.810252E+07   -0.2844701E+09   -0.4103710E+06
  15     -0.375485E+08   -0.2646339E+09   -0.2490814E+07
  16     -0.715009E+08   -0.2266733E+09   -0.1865827E+07
  17     -0.886366E+08   -0.1909759E+09   -0.1134063E+07
  18     -0.914367E+08   -0.1446596E+09   -0.2925502E+07
  19     -0.700571E+08   -0.9451977E+08   -0.5442757E+07
  20     -0.129046E+08   -0.4267238E+08   -0.7365016E+07
  21      0.190588E+09    0.5812379E+07   -0.7884778E+07
  22     -0.161543E+08    0.4116523E+07    0.5518749E+07
  23     -0.398164E+08   -0.7554501E+07    0.1674404E+08
  24     -0.403500E+08   -0.2079867E+08    0.2693798E+08
  25     -0.257190E+08   -0.4854667E+08    0.2858069E+08
  26     -0.200692E+07   -0.7516364E+08    0.3108643E+08
  27      0.211898E+08   -0.1051864E+09    0.3139967E+08
  28      0.450145E+08   -0.1354974E+09    0.3170007E+08
  29      0.633831E+08   -0.1608422E+09    0.2680582E+08
  30      0.760511E+08   -0.1855964E+09    0.2191498E+08
  31      0.816786E+08   -0.2007846E+09    0.1581769E+08
  32      0.734700E+08   -0.2164004E+09    0.1071675E+08
  33      0.570450E+08   -0.2167965E+09    0.1761123E+07
  34      0.270175E+08   -0.2163058E+09   -0.8030813E+07
  35      0.752864E+06   -0.1998055E+09   -0.1681231E+08
  36     -0.290921E+08   -0.1839823E+09   -0.2583312E+08
  37     -0.648488E+08   -0.1533461E+09   -0.3272381E+08
  38     -0.832180E+08   -0.1204765E+09   -0.3999609E+08
  39     -0.914435E+08   -0.8090603E+08   -0.4072822E+08
  40     -0.743471E+08   -0.4082423E+08   -0.4381631E+08
  41     -0.236943E+08   -0.1665235E+08   -0.3069206E+08
  42      0.120029E+09    0.5123041E+07   -0.1467323E+08
  43     -0.491686E+08    0.2403585E+07    0.4890504E+07
  44     -0.503491E+08   -0.1683681E+07    0.2755676E+08
  45     -0.458057E+08   -0.5714176E+07    0.4871530E+08
  46     -0.281556E+08   -0.2567976E+08    0.5440911E+08
  47     -0.257257E+07   -0.4742479E+08    0.6131195E+08
  48      0.205284E+08   -0.7385325E+08    0.6077032E+08
  49      0.479212E+08   -0.9856964E+08    0.6062535E+08
  50      0.686512E+08   -0.1205522E+09    0.5189425E+08
  51      0.814463E+08   -0.1433143E+09    0.4287261E+08
  52      0.879120E+08   -0.1555168E+09    0.3057170E+08
  53      0.776399E+08   -0.1662968E+09    0.1883960E+08
  54      0.684224E+08   -0.1633547E+09    0.1637002E+07
  55      0.355987E+08   -0.1613746E+09   -0.1657979E+08
  56      0.976721E+07   -0.1454229E+09   -0.3317999E+08
  57     -0.210328E+08   -0.1287464E+09   -0.4850531E+08
  58     -0.563229E+08   -0.1038563E+09   -0.6284156E+08
  59     -0.776804E+08   -0.7897239E+08   -0.7813102E+08
  60     -0.908899E+08   -0.4883429E+08   -0.7847578E+08
  61     -0.780805E+08   -0.1532089E+08   -0.8259256E+08
  62     -0.358531E+08   -0.2308040E+07   -0.5182213E+08
  63      0.432100E+08    0.6962058E+07   -0.1703317E+08
  64     -0.866937E+08    0.1617366E+07    0.3036890E+07
  65     -0.792255E+08   -0.3392903E+07    0.3055121E+08
  66     -0.634067E+08   -0.8530286E+07    0.5748856E+08
  67     -0.406358E+08   -0.2353629E+08    0.6930280E+08
  68     -0.782817E+07   -0.3888284E+08    0.8151860E+08
  69      0.212256E+08   -0.5920962E+08    0.8088588E+08
  70      0.527635E+08   -0.7963273E+08    0.8060179E+08
  71      0.803955E+08   -0.9773382E+08    0.6964337E+08
  72      0.972794E+08   -0.1158242E+09    0.5815579E+08
  73      0.106304E+09   -0.1248896E+09    0.3922190E+08
  74      0.100223E+09   -0.1331961E+09    0.2010043E+08
  75      0.901149E+08   -0.1296344E+09   -0.2063481E+07
  76      0.623699E+08   -0.1267104E+09   -0.2493045E+08
  77      0.326649E+08   -0.1115598E+09   -0.4880195E+08
  78     -0.345850E+07   -0.9430090E+08   -0.7141518E+08
  79     -0.401984E+08   -0.6926567E+08   -0.8526430E+08
  80     -0.701215E+08   -0.4544574E+08   -0.1001194E+09
  81     -0.929666E+08   -0.2681966E+08   -0.9781541E+08
  82     -0.970067E+08   -0.8649182E+07   -0.9663767E+08
  83     -0.792619E+08   -0.3433326E+07   -0.5498599E+08
  84     -0.442955E+08    0.1809194E+07   -0.1125701E+08
  85     -0.122026E+09    0.2233654E+07    0.1806346E+07
  86     -0.107008E+09   -0.1042595E+07    0.3473179E+08
  87     -0.816937E+08   -0.4968439E+07    0.6799734E+08
  88     -0.528712E+08   -0.2049367E+08    0.8422903E+08
  89     -0.136829E+08   -0.3581545E+08    0.1004179E+09
  90      0.216961E+08   -0.5648310E+08    0.1011820E+09
  91      0.581696E+08   -0.7715522E+08    0.1008876E+09
  92      0.914315E+08   -0.9208668E+08    0.8670275E+08
  93      0.113185E+09   -0.1069670E+09    0.7290263E+08
  94      0.124649E+09   -0.1156230E+09    0.4822568E+08
  95      0.123773E+09   -0.1243465E+09    0.2285875E+08
  96      0.110411E+09   -0.1200680E+09   -0.5486489E+07
  97      0.900981E+08   -0.1144300E+09   -0.3417844E+08
  98      0.560878E+08   -0.9783262E+08   -0.6460289E+08
  99      0.150421E+08   -0.8217396E+08   -0.9430747E+08
 100     -0.270208E+08   -0.6205809E+08   -0.1079158E+09
 101     -0.617952E+08   -0.4037793E+08   -0.1228253E+09
 102     -0.954957E+08   -0.2089246E+08   -0.1168104E+09
 103     -0.117074E+09   -0.2181751E+07   -0.1096215E+09
 104     -0.121716E+09    0.7826358E+06   -0.5946486E+08
 105     -0.124978E+09    0.3029992E+07   -0.8502620E+07
 106     -0.163096E+09    0.1279654E+07    0.1954155E+07
 107     -0.145308E+09   -0.4422929E+07    0.3973877E+08
 108     -0.112967E+09   -0.9976726E+07    0.7819115E+08
 109     -0.725597E+08   -0.2470929E+08    0.9896964E+08
 110     -0.255024E+08   -0.4036012E+08    0.1193141E+09
 111      0.212008E+08   -0.5964556E+08    0.1199269E+09
 112      0.686213E+08   -0.7880949E+08    0.1197506E+09
 113      0.108177E+09   -0.9587964E+08    0.1019731E+09
 114      0.138473E+09   -0.1125839E+09    0.8412207E+08
 115      0.154714E+09   -0.1175291E+09    0.5358711E+08
 116      0.157643E+09   -0.1223598E+09    0.2333170E+08
 117      0.145067E+09   -0.1156882E+09   -0.1193224E+08
 118      0.125229E+09   -0.1079333E+09   -0.4737067E+08
 119      0.876709E+08   -0.9360237E+08   -0.7852397E+08
 120      0.422527E+08   -0.8029816E+08   -0.1102698E+09
 121     -0.118028E+08   -0.6066081E+08   -0.1274278E+09
 122     -0.561408E+08   -0.3965623E+08   -0.1446998E+09
 123     -0.108767E+09   -0.2303460E+08   -0.1322340E+09
 124     -0.150754E+09   -0.7744045E+07   -0.1191785E+09
 125     -0.178600E+09   -0.3139635E+07   -0.6334007E+08
 126     -0.202774E+09    0.1563904E+07   -0.6904719E+07
 127     -0.204710E+09    0.2569814E+07    0.2868622E+07
 128     -0.182487E+09   -0.4747499E+07    0.4518328E+08
 129     -0.143431E+09   -0.1236169E+08    0.8801346E+08
 130     -0.931130E+08   -0.3174244E+08    0.1141804E+09
 131     -0.370195E+08   -0.5252725E+08    0.1395670E+09
 132      0.209468E+08   -0.7485404E+08    0.1386213E+09
 133      0.775039E+08   -0.9538660E+08    0.1381930E+09
 134      0.125214E+09   -0.1078294E+09    0.1173001E+09
 135      0.163800E+09   -0.1206307E+09    0.9550868E+08
 136      0.185263E+09   -0.1266529E+09    0.5895677E+08
 137      0.190133E+09   -0.1318872E+09    0.2291249E+08
 138      0.181142E+09   -0.1260725E+09   -0.1836037E+08
 139      0.158032E+09   -0.1212982E+09   -0.5926998E+08
 140      0.118116E+09   -0.1062494E+09   -0.9255953E+08
 141      0.687449E+08   -0.9009268E+08   -0.1274223E+09
 142      0.520385E+07   -0.6747206E+08   -0.1478658E+09
 143     -0.525343E+08   -0.4390061E+08   -0.1670866E+09
 144     -0.123058E+09   -0.2553846E+08   -0.1474826E+09
 145     -0.184176E+09   -0.8765604E+07   -0.1280836E+09
 146     -0.234015E+09   -0.3529319E+07   -0.6750868E+08
 147     -0.280445E+09    0.1809576E+07   -0.6592991E+07
 148     -0.260907E+09    0.3100731E+07    0.2990760E+07
 149     -0.233943E+09   -0.6777046E+07    0.5468182E+08
 150     -0.184892E+09   -0.1803457E+08    0.1072978E+09
 151     -0.121873E+09   -0.4138954E+08    0.1359720E+09
 152     -0.489989E+08   -0.6344659E+08    0.1633072E+09
 153      0.237480E+08   -0.8519923E+08    0.1603012E+09
 154      0.907215E+08   -0.1077468E+09    0.1573358E+09
 155      0.152171E+09   -0.1225189E+09    0.1305011E+09
 156      0.196712E+09   -0.1360176E+09    0.1037954E+09
 157      0.226393E+09   -0.1395873E+09    0.6324055E+08
 158      0.233913E+09   -0.1436038E+09    0.2216714E+08
 159      0.226694E+09   -0.1388290E+09   -0.2314489E+08
 160      0.200380E+09   -0.1340424E+09   -0.6830557E+08
 161      0.157265E+09   -0.1186473E+09   -0.1080678E+09
 162      0.100643E+09   -0.1022100E+09   -0.1484309E+09
 163      0.258980E+08   -0.8116749E+08   -0.1686480E+09
 164     -0.542812E+08   -0.6136324E+08   -0.1879746E+09
 165     -0.143859E+09   -0.4084715E+08   -0.1677241E+09
 166     -0.228551E+09   -0.1801337E+08   -0.1474284E+09
 167     -0.304300E+09   -0.6069035E+07   -0.7699810E+08
 168     -0.370793E+09    0.3868504E+07   -0.6209462E+07
 169     -0.313965E+09    0.4356841E+07    0.2744547E+07
 170     -0.286102E+09   -0.8799570E+07    0.6428695E+08
 171     -0.226887E+09   -0.2342840E+08    0.1270107E+09
 172     -0.149765E+09   -0.5003028E+08    0.1577362E+09
 173     -0.621037E+08   -0.7696287E+08    0.1873777E+09
 174      0.261312E+08   -0.1028417E+09    0.1827335E+09
 175      0.104726E+09   -0.1259567E+09    0.1769810E+09
 176      0.179546E+09   -0.1384753E+09    0.1448751E+09
 177      0.229447E+09   -0.1525560E+09    0.1133394E+09
 178      0.267568E+09   -0.1551506E+09    0.6713556E+08
 179      0.278292E+09   -0.1566140E+09    0.2103659E+08
 180      0.271321E+09   -0.1506843E+09   -0.2811076E+08
 181      0.245066E+09   -0.1452952E+09   -0.7833901E+08
 182      0.196714E+09   -0.1310229E+09   -0.1238030E+09
 183      0.133581E+09   -0.1162064E+09   -0.1698108E+09
 184      0.440430E+08   -0.9431976E+08   -0.1893913E+09
 185     -0.546745E+08   -0.7243832E+08   -0.2082095E+09
 186     -0.163538E+09   -0.4848822E+08   -0.1886274E+09
 187     -0.272811E+09   -0.2409695E+08   -0.1675238E+09
 188     -0.375334E+09   -0.1036161E+08   -0.8720306E+08
 189     -0.459973E+09    0.2488585E+07   -0.7065864E+07
 190     -0.398436E+09    0.3540394E+07    0.7394831E+07
 191     -0.360468E+09   -0.1412372E+08    0.8110029E+08
 192     -0.280698E+09   -0.3364855E+08    0.1552680E+09
 193     -0.180334E+09   -0.6471016E+08    0.1862842E+09
 194     -0.721273E+08   -0.9457256E+08    0.2159732E+09
 195      0.365961E+08   -0.1158308E+09    0.2042483E+09
 196      0.131194E+09   -0.1362323E+09    0.1918042E+09
 197      0.214123E+09   -0.1460836E+09    0.1554288E+09
 198      0.274779E+09   -0.1558292E+09    0.1194917E+09
 199      0.317372E+09   -0.1579950E+09    0.6899248E+08
 200      0.330035E+09   -0.1605611E+09    0.1947904E+08
 201      0.324178E+09   -0.1550390E+09   -0.3350515E+08
 202      0.299266E+09   -0.1494131E+09   -0.8722675E+08
 203      0.245259E+09   -0.1367085E+09   -0.1361560E+09
 204      0.173356E+09   -0.1245373E+09   -0.1852693E+09
 205      0.672709E+08   -0.1036916E+09   -0.2104554E+09
 206     -0.499944E+08   -0.8075211E+08   -0.2360685E+09
 207     -0.184734E+09   -0.5279331E+08   -0.2149922E+09
 208     -0.329259E+09   -0.2465122E+08   -0.1927233E+09
 209     -0.465920E+09   -0.9432669E+07   -0.1016893E+09
 210     -0.586044E+09    0.4111184E+07   -0.1019294E+08
 211     -0.485504E+09    0.5502247E+07    0.1215330E+08
 212     -0.434109E+09   -0.1420623E+08    0.9813365E+08
 213     -0.334423E+09   -0.3612024E+08    0.1840017E+09
 214     -0.212359E+09   -0.6913075E+08    0.2160473E+09
 215     -0.807242E+08   -0.1014563E+09    0.2458587E+09
 216      0.469230E+08   -0.1230292E+09    0.2269557E+09
 217      0.157826E+09   -0.1428693E+09    0.2087910E+09
 218      0.248308E+09   -0.1461615E+09    0.1663948E+09
 219      0.321897E+09   -0.1471029E+09    0.1238146E+09
 220      0.366986E+09   -0.1405519E+09    0.7117467E+08
 221      0.383566E+09   -0.1375975E+09    0.1943891E+08
 222      0.378759E+09   -0.1347353E+09   -0.3896803E+08
 223      0.352618E+09   -0.1306808E+09   -0.9663861E+08
 224      0.294910E+09   -0.1256826E+09   -0.1486939E+09
 225      0.210434E+09   -0.1225601E+09   -0.2002273E+09
 226      0.933839E+08   -0.1088016E+09   -0.2327391E+09
 227     -0.479166E+08   -0.9205946E+08   -0.2664094E+09
 228     -0.208011E+09   -0.6364901E+08   -0.2425002E+09
 229     -0.385016E+09   -0.3313364E+08   -0.2198808E+09
 230     -0.557331E+09   -0.1154460E+08   -0.1164997E+09
 231     -0.710253E+09    0.6740834E+07   -0.1078011E+08
 232     -0.625879E+09    0.4678091E+07    0.1791306E+08
 233     -0.535245E+09   -0.1741258E+08    0.1193878E+09
 234     -0.397463E+09   -0.4348665E+08    0.2199216E+09
 235     -0.239323E+09   -0.7561824E+08    0.2443340E+09
 236     -0.752596E+08   -0.1038303E+09    0.2670548E+09
 237      0.728951E+08   -0.1133992E+09    0.2376671E+09
 238      0.198440E+09   -0.1219120E+09    0.2089332E+09
 239      0.294802E+09   -0.1135707E+09    0.1600169E+09
 240      0.373246E+09   -0.1057534E+09    0.1125960E+09
 241      0.415976E+09   -0.9614507E+08    0.6259243E+08
 242      0.438014E+09   -0.8574411E+08    0.1297395E+08
 243      0.433448E+09   -0.8276654E+08   -0.4021100E+08
 244      0.405794E+09   -0.8216447E+08   -0.9327934E+08
 245      0.348411E+09   -0.8632155E+08   -0.1451721E+09
 246      0.255926E+09   -0.8999914E+08   -0.1979276E+09
 247      0.134929E+09   -0.8614847E+08   -0.2376319E+09
 248     -0.320682E+08   -0.8254233E+08   -0.2791144E+09
 249     -0.224930E+09   -0.6133690E+08   -0.2654683E+09
 250     -0.443768E+09   -0.3602852E+08   -0.2516092E+09
 251     -0.676412E+09   -0.1484597E+08   -0.1354735E+09
 252     -0.882297E+09    0.3105540E+07   -0.1647037E+08
 253     -0.765403E+09    0.5600758E+07    0.2534353E+08
 254     -0.637374E+09   -0.2166455E+08    0.1418994E+09
 255     -0.463262E+09   -0.5166314E+08    0.2570419E+09
 256     -0.266669E+09   -0.7497520E+08    0.2743246E+09
 257     -0.725833E+08   -0.9520215E+08    0.2899652E+09
 258      0.995138E+08   -0.8434129E+08    0.2492801E+09
 259      0.240125E+09   -0.7140659E+08    0.2094379E+09
 260      0.343451E+09   -0.4486186E+08    0.1544937E+09
 261      0.424348E+09   -0.1771529E+08    0.1022474E+09
 262      0.466976E+09    0.1072708E+07    0.5470354E+08
 263      0.492692E+09    0.1576567E+08    0.6975187E+07
 264      0.488724E+09    0.1281486E+08   -0.4167219E+08
 265      0.460380E+09    0.9855083E+07   -0.8988365E+08
 266      0.402927E+09   -0.8232913E+07   -0.1426029E+09
 267      0.304630E+09   -0.2735805E+08   -0.1975091E+09
 268      0.174869E+09   -0.4471768E+08   -0.2432948E+09
 269     -0.138156E+08   -0.6193077E+08   -0.2925357E+09
 270     -0.242179E+09   -0.5151234E+08   -0.2902519E+09
 271     -0.506967E+09   -0.3478066E+08   -0.2849965E+09
 272     -0.796196E+09   -0.1144649E+08   -0.1545104E+09
 273     -0.105641E+10    0.7491325E+07   -0.2142682E+08
 274     -0.977337E+09    0.1497760E+07    0.3838707E+08
 275     -0.764924E+09   -0.2084932E+08    0.1647149E+09
 276     -0.519067E+09   -0.4951225E+08    0.2859671E+09
 277     -0.265986E+09   -0.5742570E+08    0.2775291E+09
 278     -0.369422E+08   -0.5774526E+08    0.2686615E+09
 279      0.149832E+09   -0.1611315E+08    0.2114266E+09
 280      0.291787E+09    0.2734070E+08    0.1587726E+09
 281      0.392102E+09    0.7745219E+08    0.1098267E+09
 282      0.463954E+09    0.1254143E+09    0.6316221E+08
 283      0.501252E+09    0.1524970E+09    0.3075376E+08
 284      0.526531E+09    0.1796944E+09   -0.1474948E+07
 285      0.521531E+09    0.1715611E+09   -0.3205736E+08
 286      0.499214E+09    0.1611120E+09   -0.6264031E+08
 287      0.447279E+09    0.1212304E+09   -0.1045645E+09
 288      0.359315E+09    0.7939608E+08   -0.1487091E+09
 289      0.226162E+09    0.3431261E+08   -0.2015483E+09
 290      0.342164E+08   -0.1006161E+08   -0.2584606E+09
 291     -0.225456E+09   -0.2568202E+08   -0.2792894E+09
 292     -0.555916E+09   -0.3416430E+08   -0.3012682E+09
 293     -0.932401E+09   -0.1500388E+08   -0.1702051E+09
 294     -0.130201E+10   -0.6909105E+06   -0.3196689E+08
 295     -0.119011E+10    0.8925302E+07    0.5240658E+08
 296     -0.895963E+09   -0.2174213E+08    0.1893962E+09
 297     -0.583353E+09   -0.5192833E+08    0.3210991E+09
 298     -0.264555E+09   -0.2150483E+08    0.2852977E+09
 299     -0.174445E+07    0.1697398E+08    0.2493275E+09
 300      0.204344E+09    0.1090667E+09    0.1754630E+09
 301      0.345133E+09    0.1980361E+09    0.1069662E+09
 302      0.442247E+09    0.2809785E+09    0.6444984E+08
 303      0.504571E+09    0.3600314E+09    0.2518751E+08
 304      0.536750E+09    0.3944189E+09    0.7310609E+07
 305      0.560334E+09    0.4270495E+09   -0.1036434E+08
 306      0.554286E+09    0.4107128E+09   -0.2158171E+08
 307      0.539582E+09    0.3934195E+09   -0.3384158E+08
 308      0.492850E+09    0.3292996E+09   -0.6516559E+08
 309      0.415866E+09    0.2621560E+09   -0.9804658E+08
 310      0.282178E+09    0.1719769E+09   -0.1601132E+09
 311      0.795413E+08    0.7884595E+08   -0.2264336E+09
 312     -0.206710E+09    0.2582829E+08   -0.2718306E+09
 313     -0.612226E+09   -0.2211384E+08   -0.3211163E+09
 314     -0.107252E+10   -0.8903877E+07   -0.1881728E+09
 315     -0.155236E+10    0.6348357E+07   -0.4568902E+08
 316     -0.148328E+10   -0.1800772E+08    0.7908705E+08
 317     -0.102069E+10   -0.1623413E+08    0.1952440E+09
 318     -0.569087E+09   -0.2388971E+08    0.2919795E+09
 319     -0.194126E+09    0.6585622E+08    0.1953860E+09
 320      0.833409E+08    0.1704836E+09    0.1118040E+09
 321      0.267971E+09    0.3200188E+09    0.3865634E+08
 322      0.385727E+09    0.4672868E+09   -0.2505082E+08
 323      0.456431E+09    0.5770148E+09   -0.3816508E+08
 324      0.501370E+09    0.6840958E+09   -0.4933735E+08
 325      0.524977E+09    0.7286366E+09   -0.3285179E+08
 326      0.540627E+09    0.7722933E+09   -0.1626448E+08
 327      0.536483E+09    0.7466225E+09    0.5366496E+07
 328      0.531425E+09    0.7210198E+09    0.2660038E+08
 329      0.496874E+09    0.6288658E+09    0.2675883E+08
 330      0.443822E+09    0.5338993E+09    0.2690161E+08
 331      0.336520E+09    0.3917074E+09   -0.2233058E+08
 332      0.160131E+09    0.2462287E+09   -0.7983973E+08
 333     -0.127680E+09    0.1253614E+09   -0.1631484E+09
 334     -0.579787E+09    0.1610322E+08   -0.2634574E+09
 335     -0.117998E+10    0.1216358E+07   -0.1766260E+09
 336     -0.188175E+10   -0.1927321E+08   -0.6587476E+08
 337     -0.180949E+10    0.3685895E+08    0.1302870E+09
 338     -0.114901E+10   -0.2145779E+07    0.2101808E+09
 339     -0.590846E+09    0.1588567E+07    0.2784069E+09
 340     -0.101924E+09    0.2270118E+09    0.1155430E+09
 341      0.175510E+09    0.4339858E+09   -0.3755984E+08
 342      0.336974E+09    0.6685823E+09   -0.1040049E+09
 343      0.428911E+09    0.8805589E+09   -0.1608190E+09
 344      0.470635E+09    0.1015249E+10   -0.1439526E+09
 345      0.497689E+09    0.1149744E+10   -0.1271993E+09
 346      0.510197E+09    0.1197632E+10   -0.7393576E+08
 347      0.519668E+09    0.1243622E+10   -0.2070416E+08
 348      0.517863E+09    0.1207084E+10    0.3456858E+08
 349      0.522237E+09    0.1173065E+10    0.8949257E+08
 350      0.500222E+09    0.1056844E+10    0.1229948E+09
 351      0.473278E+09    0.9384502E+09    0.1581004E+09
 352      0.395151E+09    0.7352458E+09    0.1227846E+09
 353      0.249440E+09    0.5140789E+09    0.7996160E+08
 354     -0.297701E+08    0.2979705E+09   -0.6022716E+08
 355     -0.572609E+09    0.6128209E+08   -0.2184762E+09
 356     -0.129320E+10    0.2493066E+08   -0.1726478E+09
 357     -0.224380E+10    0.2859826E+08   -0.1039608E+09
 358     -0.216723E+10   -0.1109133E+09    0.1631688E+09
 359     -0.112741E+10    0.4577500E+08    0.1159509E+09
 360     -0.344498E+09    0.1904553E+09    0.3746808E+07
 361      0.433952E+08    0.5511355E+09   -0.2237331E+09
 362      0.244562E+09    0.9282950E+09   -0.3681372E+09
 363      0.335076E+09    0.1200015E+10   -0.3581846E+09
 364      0.388381E+09    0.1463670E+10   -0.3505505E+09
 365      0.403800E+09    0.1599616E+10   -0.2774735E+09
 366      0.416486E+09    0.1735083E+10   -0.2078114E+09
 367      0.416943E+09    0.1774529E+10   -0.1130598E+09
 368      0.423583E+09    0.1818272E+10   -0.1854945E+08
 369      0.423686E+09    0.1778139E+10    0.7863520E+08
 370      0.433797E+09    0.1739237E+10    0.1759139E+09
 371      0.420300E+09    0.1605319E+10    0.2591802E+09
 372      0.418287E+09    0.1473170E+10    0.3456119E+09
 373      0.378578E+09    0.1225440E+10    0.3720931E+09
 374      0.300290E+09    0.9701735E+09    0.4034223E+09
 375      0.103668E+09    0.6054138E+09    0.2821724E+09
 376     -0.321166E+09    0.2487615E+09    0.8518701E+08
 377     -0.122072E+10    0.7565531E+08   -0.4878851E+08
 378     -0.257847E+10   -0.1010257E+09   -0.1185255E+09
 379     -0.316895E+10    0.2558808E+09    0.6254478E+09
 380     -0.953846E+09    0.2531914E+09    0.1093612E+09
 381     -0.286382E+08    0.4960510E+09   -0.4491904E+09
 382      0.187627E+09    0.1246007E+10   -0.6247384E+09
 383      0.315457E+09    0.1745524E+10   -0.7153231E+09
 384      0.322254E+09    0.1996071E+10   -0.6258238E+09
 385      0.339370E+09    0.2251804E+10   -0.5430991E+09
 386      0.329265E+09    0.2357820E+10   -0.4118115E+09
 387      0.330722E+09    0.2470337E+10   -0.2855758E+09
 388      0.320857E+09    0.2490366E+10   -0.1507937E+09
 389      0.322839E+09    0.2514421E+10   -0.1553140E+08
 390      0.325093E+09    0.2466809E+10    0.1243200E+09
 391      0.339959E+09    0.2423448E+10    0.2642647E+09
 392      0.334298E+09    0.2299857E+10    0.3995228E+09
 393      0.357138E+09    0.2183324E+10    0.5373893E+09
 394      0.352968E+09    0.1936500E+10    0.6363523E+09
 395      0.351154E+09    0.1695432E+10    0.7456059E+09
 396      0.237158E+09    0.1220362E+10    0.6862759E+09
 397     -0.486810E+07    0.5272337E+09    0.5460153E+09
 398     -0.100274E+10    0.2718613E+09    0.1948691E+07
 399     -0.352644E+10    0.2244502E+09   -0.4803500E+09
 400     -0.257894E+10   -0.4617674E+09   -0.1356327E+09
 401     -0.330933E+09    0.8185820E+09   -0.7721525E+09
 402     -0.435242E+08    0.2052023E+10   -0.1231461E+10
 403      0.120770E+09    0.2469088E+10   -0.1056216E+10
 404      0.159364E+09    0.2901593E+10   -0.9599704E+09
 405      0.164037E+09    0.3047410E+10   -0.7896705E+09
 406      0.169082E+09    0.3208107E+10   -0.6290739E+09
 407      0.163854E+09    0.3254719E+10   -0.4636182E+09
 408      0.166456E+09    0.3309139E+10   -0.2999632E+09
 409      0.161512E+09    0.3299946E+10   -0.1406773E+09
 410      0.161723E+09    0.3293856E+10    0.1765990E+08
 411      0.164325E+09    0.3244903E+10    0.1765837E+09
 412      0.172787E+09    0.3199469E+10    0.3367855E+09
 413      0.170296E+09    0.3105956E+10    0.5002922E+09
 414      0.185012E+09    0.3019697E+10    0.6648437E+09
 415      0.187776E+09    0.2839821E+10    0.8329879E+09
 416      0.187141E+09    0.2672098E+10    0.1010752E+10
 417      0.159401E+09    0.2264174E+10    0.1121671E+10
 418     -0.878037E+07    0.1856214E+10    0.1322259E+10
 419     -0.331991E+09    0.7413920E+09    0.8371038E+09
 420     -0.275759E+10   -0.3950764E+09    0.2232925E+09
 421     -0.133563E+10    0.4400796E+10   -0.1048636E+10
 422      0.124639E+09    0.4458829E+10   -0.1618345E+10
 423     -0.750941E+08    0.4465134E+10   -0.1844780E+10
 424      0.309824E+08    0.4374489E+10   -0.1414649E+10
 425     -0.297255E+07    0.4366024E+10   -0.1165692E+10
 426      0.689776E+07    0.4328504E+10   -0.9244755E+09
 427      0.247921E+07    0.4307157E+10   -0.6988011E+09
 428      0.337001E+07    0.4267350E+10   -0.5032052E+09
 429      0.593100E+07    0.4232287E+10   -0.3072204E+09
 430      0.606139E+07    0.4184983E+10   -0.1254652E+09
 431      0.592049E+07    0.4141041E+10    0.5333700E+08
 432      0.838940E+07    0.4092770E+10    0.2295043E+09
 433      0.106806E+08    0.4045682E+10    0.4085393E+09
 434      0.117080E+08    0.3995342E+10    0.5966044E+09
 435      0.162612E+08    0.3949730E+10    0.7853567E+09
 436      0.249166E+08    0.3907384E+10    0.1012735E+10
 437      0.191159E+08    0.3876262E+10    0.1251771E+10
 438      0.634399E+08    0.3838315E+10    0.1508330E+10
 439     -0.350610E+08    0.3885710E+10    0.1967135E+10
 440      0.193840E+09    0.3796690E+10    0.1729121E+10
 441     -0.135060E+10    0.3631023E+10    0.1220359E+10
