   1      0.621511E+09    0.2192045E+06   -0.5267181E+07
   2      0.617237E+09    0.1997055E+08   -0.5330645E+07
   3      0.539250E+09    0.4085702E+08   -0.4229095E+07
   4      0.411790E+09    0.4294839E+08   -0.1846013E+07
   5      0.251456E+09    0.4399572E+08   -0.1358270E+07
   6      0.351171E+08    0.3246018E+08   -0.1114108E+07
   7     -0.190336E+09    0.2209411E+08   -0.7083791E+06
   8     -0.441129E+09   -0.8030937E+07    0.1205698E+07
   9     -0.683561E+09   -0.4720959E+08    0.7403945E+07
  10     -0.814376E+09   -0.1061469E+09    0.6230906E+07
  11     -0.631764E+09   -0.1541648E+09    0.7356321E+06
  12     -0.469675E+09   -0.1534479E+09    0.1686582E+06
  13     -0.328592E+09   -0.1554215E+09    0.1970625E+06
  14     -0.197946E+09   -0.1385968E+09    0.1461377E+06
  15     -0.792813E+08   -0.1215061E+09    0.1457491E+06
  16      0.352311E+08   -0.9468214E+08    0.1582351E+06
  17      0.148256E+09   -0.6769501E+08    0.1740451E+06
  18      0.265335E+09   -0.4256060E+08    0.1824000E+06
  19      0.393186E+09   -0.1741724E+08    0.7960763E+05
  20      0.533577E+09   -0.6425786E+07    0.1296686E+06
  21      0.695383E+09    0.3490378E+07    0.2895886E+06
  22      0.644997E+09    0.9190485E+05   -0.6727220E+07
  23      0.614466E+09   -0.3058146E+06   -0.6353474E+07
  24      0.534396E+09    0.2021933E+04   -0.4545000E+07
  25      0.406497E+09   -0.3273294E+07    0.2322753E+07
  26      0.244285E+09   -0.7477512E+07    0.8259287E+07
  27      0.310558E+08   -0.2209797E+08    0.1347311E+08
  28     -0.197859E+09   -0.3542952E+08    0.1746406E+08
  29     -0.451630E+09   -0.6125276E+08    0.2837436E+08
  30     -0.706555E+09   -0.9164920E+08    0.4658635E+08
  31     -0.791808E+09   -0.1231296E+09    0.3572712E+08
  32     -0.616796E+09   -0.1514363E+09    0.1641580E+08
  33     -0.458150E+09   -0.1546069E+09    0.2859890E+07
  34     -0.319019E+09   -0.1568361E+09   -0.8832958E+07
  35     -0.190583E+09   -0.1398191E+09   -0.1622403E+08
  36     -0.743423E+08   -0.1227278E+09   -0.2369544E+08
  37      0.373904E+08   -0.9591447E+08   -0.2595128E+08
  38      0.147359E+09   -0.6895339E+08   -0.2815670E+08
  39      0.261208E+09   -0.4379639E+08   -0.2413172E+08
  40      0.386033E+09   -0.1887924E+08   -0.1992603E+08
  41      0.523975E+09   -0.7550624E+07   -0.1033880E+08
  42      0.684208E+09    0.2958650E+07   -0.9084302E+06
  43      0.671351E+09    0.1300721E+07   -0.6653203E+07
  44      0.612458E+09   -0.5511996E+07   -0.5841009E+07
  45      0.529737E+09   -0.1265463E+08   -0.3658321E+07
  46      0.401444E+09   -0.2403617E+08    0.6715231E+07
  47      0.235498E+09   -0.3426954E+08    0.1720921E+08
  48      0.271112E+08   -0.5216758E+08    0.2795276E+08
  49     -0.205765E+09   -0.7215704E+08    0.3630770E+08
  50     -0.463941E+09   -0.9894789E+08    0.5506161E+08
  51     -0.732290E+09   -0.1255434E+09    0.8311590E+08
  52     -0.767837E+09   -0.1454603E+09    0.6339488E+08
  53     -0.601097E+09   -0.1651394E+09    0.3209950E+08
  54     -0.446287E+09   -0.1660770E+09    0.5620888E+07
  55     -0.309363E+09   -0.1659205E+09   -0.1773869E+08
  56     -0.183218E+09   -0.1477339E+09   -0.3251558E+08
  57     -0.694649E+08   -0.1291806E+09   -0.4745029E+08
  58      0.394818E+08   -0.1007753E+09   -0.5196532E+08
  59      0.146372E+09   -0.7214735E+08   -0.5637607E+08
  60      0.257073E+09   -0.4521644E+08   -0.4831673E+08
  61      0.378877E+09   -0.1815619E+08   -0.3983085E+08
  62      0.514831E+09   -0.6618020E+07   -0.2062567E+08
  63      0.672704E+09    0.3698028E+07   -0.1798164E+07
  64      0.674115E+09    0.1726411E+07   -0.3022259E+07
  65      0.606490E+09   -0.5922523E+07    0.3580424E+07
  66      0.518278E+09   -0.1371102E+08    0.1097350E+08
  67      0.389081E+09   -0.3196371E+08    0.2444226E+08
  68      0.220454E+09   -0.5049426E+08    0.3726087E+08
  69      0.150144E+08   -0.7307430E+08    0.5033568E+08
  70     -0.222438E+09   -0.9600450E+08    0.6372803E+08
  71     -0.482153E+09   -0.1229940E+09    0.8077924E+08
  72     -0.751814E+09   -0.1502898E+09    0.1039218E+09
  73     -0.727061E+09   -0.1658389E+09    0.7678178E+08
  74     -0.563548E+09   -0.1808623E+09    0.3982850E+08
  75     -0.413290E+09   -0.1792454E+09    0.3766665E+07
  76     -0.281394E+09   -0.1768795E+09   -0.2930081E+08
  77     -0.161232E+09   -0.1573990E+09   -0.5156218E+08
  78     -0.545581E+08   -0.1375214E+09   -0.7386540E+08
  79      0.461743E+08   -0.1077700E+09   -0.8093803E+08
  80      0.143822E+09   -0.7774148E+08   -0.8786883E+08
  81      0.244646E+09   -0.4926772E+08   -0.7576696E+08
  82      0.356754E+09   -0.2075669E+08   -0.6297871E+08
  83      0.483793E+09   -0.7917651E+07   -0.3210062E+08
  84      0.640790E+09    0.3766724E+07   -0.1785821E+07
  85      0.673385E+09    0.3470931E+07   -0.1297137E+07
  86      0.600395E+09   -0.6613125E+07    0.1187713E+08
  87      0.507320E+09   -0.1803534E+08    0.2508068E+08
  88      0.376664E+09   -0.3783348E+08    0.4147147E+08
  89      0.207563E+09   -0.5638870E+08    0.5789068E+08
  90      0.294070E+07   -0.8544855E+08    0.7339928E+08
  91     -0.239825E+09   -0.1152932E+09    0.9027911E+08
  92     -0.497745E+09   -0.1424009E+09    0.1058821E+09
  93     -0.771727E+09   -0.1699737E+09    0.1271274E+09
  94     -0.687656E+09   -0.1870822E+09    0.9251505E+08
  95     -0.526787E+09   -0.2028811E+09    0.4736996E+08
  96     -0.380569E+09   -0.1982971E+09    0.1609415E+07
  97     -0.253545E+09   -0.1936083E+09   -0.4107253E+08
  98     -0.139307E+09   -0.1720718E+09   -0.7077542E+08
  99     -0.397095E+08   -0.1500448E+09   -0.1004354E+09
 100      0.528077E+08   -0.1177334E+09   -0.1100606E+09
 101      0.141252E+09   -0.8510543E+08   -0.1195025E+09
 102      0.232208E+09   -0.5357900E+08   -0.1034180E+09
 103      0.334649E+09   -0.2162276E+08   -0.8620051E+08
 104      0.452466E+09   -0.7885768E+07   -0.4344394E+08
 105      0.610640E+09    0.4295531E+07   -0.1645195E+07
 106      0.649743E+09    0.2750964E+07   -0.1275749E+07
 107      0.578479E+09   -0.6030663E+07    0.2126616E+08
 108      0.486518E+09   -0.1521028E+08    0.4375913E+08
 109      0.355911E+09   -0.3965000E+08    0.6489478E+08
 110      0.186640E+09   -0.6416076E+08    0.8673400E+08
 111     -0.141805E+08   -0.9591216E+08    0.1052970E+09
 112     -0.257414E+09   -0.1280798E+09    0.1243858E+09
 113     -0.510933E+09   -0.1622338E+09    0.1379317E+09
 114     -0.767648E+09   -0.1970215E+09    0.1535316E+09
 115     -0.631142E+09   -0.2099622E+09    0.1048510E+09
 116     -0.472008E+09   -0.2214179E+09    0.5006403E+08
 117     -0.329177E+09   -0.2154667E+09   -0.4301769E+07
 118     -0.208280E+09   -0.2093054E+09   -0.5634058E+08
 119     -0.102705E+09   -0.1861361E+09   -0.9362285E+08
 120     -0.142762E+08   -0.1625459E+09   -0.1308300E+09
 121      0.648046E+08   -0.1284634E+09   -0.1434913E+09
 122      0.137630E+09   -0.9394709E+08   -0.1559488E+09
 123      0.211523E+09   -0.6073584E+08   -0.1357563E+09
 124      0.295671E+09   -0.2732372E+08   -0.1143295E+09
 125      0.395370E+09   -0.1078555E+08   -0.5828499E+08
 126      0.553987E+09    0.4327774E+07   -0.3188807E+07
 127      0.627424E+09    0.3464291E+07   -0.9381418E+06
 128      0.556588E+09   -0.6562912E+07    0.3007956E+08
 129      0.464987E+09   -0.1725083E+08    0.6160622E+08
 130      0.335132E+09   -0.4577833E+08    0.8901668E+08
 131      0.165627E+09   -0.7474425E+08    0.1159095E+09
 132     -0.315742E+08   -0.1093483E+09    0.1364208E+09
 133     -0.273192E+09   -0.1429022E+09    0.1587227E+09
 134     -0.525774E+09   -0.1812757E+09    0.1724227E+09
 135     -0.759105E+09   -0.2214372E+09    0.1807470E+09
 136     -0.575133E+09   -0.2323267E+09    0.1157945E+09
 137     -0.417292E+09   -0.2415971E+09    0.5270647E+08
 138     -0.277780E+09   -0.2344528E+09   -0.1008284E+08
 139     -0.162970E+09   -0.2269174E+09   -0.7175250E+08
 140     -0.660757E+08   -0.2019616E+09   -0.1166574E+09
 141      0.111406E+08   -0.1766495E+09   -0.1614744E+09
 142      0.767182E+08   -0.1401885E+09   -0.1771448E+09
 143      0.133913E+09   -0.1032213E+09   -0.1925864E+09
 144      0.190651E+09   -0.6676129E+08   -0.1681355E+09
 145      0.256819E+09   -0.2970313E+08   -0.1424980E+09
 146      0.338252E+09   -0.1139160E+08   -0.7331878E+08
 147      0.497651E+09    0.5080719E+07   -0.4944707E+07
 148      0.579601E+09    0.3806657E+07   -0.4312630E+05
 149      0.514875E+09   -0.9540939E+07    0.4257994E+08
 150      0.426295E+09   -0.2398908E+08    0.8559868E+08
 151      0.302709E+09   -0.5393293E+08    0.1186677E+09
 152      0.140598E+09   -0.8307579E+08    0.1510458E+09
 153     -0.539807E+08   -0.1202875E+09    0.1730362E+09
 154     -0.287521E+09   -0.1589171E+09    0.1984932E+09
 155     -0.541577E+09   -0.1954713E+09    0.2089150E+09
 156     -0.693351E+09   -0.2314110E+09    0.2080157E+09
 157     -0.502779E+09   -0.2445791E+09    0.1270561E+09
 158     -0.343434E+09   -0.2563893E+09    0.5298602E+08
 159     -0.207617E+09   -0.2472937E+09   -0.1852175E+08
 160     -0.100297E+09   -0.2383714E+09   -0.8955201E+08
 161     -0.144836E+08   -0.2127649E+09   -0.1419757E+09
 162      0.481051E+08   -0.1868407E+09   -0.1944028E+09
 163      0.953503E+08   -0.1495892E+09   -0.2139555E+09
 164      0.130374E+09   -0.1117274E+09   -0.2333465E+09
 165      0.161790E+09   -0.7355291E+08   -0.2054013E+09
 166      0.200355E+09   -0.3478884E+08   -0.1764095E+09
 167      0.253465E+09   -0.1402598E+08   -0.9234833E+08
 168      0.393909E+09    0.4900203E+07   -0.8713448E+07
 169      0.532258E+09    0.5087633E+07   -0.2654160E+06
 170      0.473010E+09   -0.6162019E+07    0.5444625E+08
 171      0.388713E+09   -0.1823509E+08    0.1092842E+09
 172      0.270116E+09   -0.5552872E+08    0.1487197E+09
 173      0.115525E+09   -0.9458014E+08    0.1875173E+09
 174     -0.766481E+08   -0.1367957E+09    0.2100829E+09
 175     -0.303544E+09   -0.1761212E+09    0.2373214E+09
 176     -0.556958E+09   -0.2089610E+09    0.2445518E+09
 177     -0.628498E+09   -0.2439960E+09    0.2366458E+09
 178     -0.429438E+09   -0.2560663E+09    0.1402142E+09
 179     -0.268916E+09   -0.2657549E+09    0.5367901E+08
 180     -0.136946E+09   -0.2549670E+09   -0.2700653E+08
 181     -0.371844E+08   -0.2447064E+09   -0.1075824E+09
 182      0.373988E+08   -0.2192188E+09   -0.1676213E+09
 183      0.851832E+08   -0.1935756E+09   -0.2277662E+09
 184      0.113926E+09   -0.1562782E+09   -0.2512132E+09
 185      0.126602E+09   -0.1182213E+09   -0.2745662E+09
 186      0.132665E+09   -0.7784709E+08   -0.2430379E+09
 187      0.143566E+09   -0.3603207E+08   -0.2107076E+09
 188      0.168821E+09   -0.1352868E+08   -0.1114183E+09
 189      0.289357E+09    0.6369948E+07   -0.1207770E+08
 190      0.457383E+09    0.4627895E+07    0.4943770E+06
 191      0.403152E+09   -0.1278207E+08    0.7020383E+08
 192      0.331147E+09   -0.3185633E+08    0.1405453E+09
 193      0.225133E+09   -0.7027517E+08    0.1864486E+09
 194      0.840773E+08   -0.1079926E+09    0.2317005E+09
 195     -0.961533E+08   -0.1501110E+09    0.2512957E+09
 196     -0.312121E+09   -0.1926506E+09    0.2746974E+09
 197     -0.561860E+09   -0.2222696E+09    0.2732583E+09
 198     -0.529720E+09   -0.2509789E+09    0.2549740E+09
 199     -0.333176E+09   -0.2556495E+09    0.1457174E+09
 200     -0.176014E+09   -0.2594701E+09    0.4859707E+08
 201     -0.506094E+08   -0.2473404E+09   -0.3807541E+08
 202      0.406791E+08   -0.2358835E+09   -0.1249333E+09
 203      0.102746E+09   -0.2126974E+09   -0.1907535E+09
 204      0.134346E+09   -0.1894491E+09   -0.2569536E+09
 205      0.141523E+09   -0.1552449E+09   -0.2855948E+09
 206      0.126459E+09   -0.1201100E+09   -0.3144421E+09
 207      0.987194E+08   -0.8068044E+08   -0.2819865E+09
 208      0.699618E+08   -0.3981612E+08   -0.2490237E+09
 209      0.525605E+08   -0.1594901E+08   -0.1331125E+09
 210      0.124010E+09    0.5432898E+07   -0.1630504E+08
 211      0.382616E+09    0.6893369E+07    0.1938367E+07
 212      0.333849E+09   -0.1255445E+08    0.8688378E+08
 213      0.272887E+09   -0.3408919E+08    0.1725715E+09
 214      0.179931E+09   -0.7964403E+08    0.2245055E+09
 215      0.511663E+08   -0.1247303E+09    0.2757914E+09
 216     -0.115226E+09   -0.1668195E+09    0.2935838E+09
 217     -0.317499E+09   -0.2109118E+09    0.3154249E+09
 218     -0.571849E+09   -0.2352528E+09    0.3032111E+09
 219     -0.427091E+09   -0.2525806E+09    0.2714977E+09
 220     -0.235036E+09   -0.2414461E+09    0.1501764E+09
 221     -0.817488E+08   -0.2339054E+09    0.4328878E+08
 222      0.367461E+08   -0.2208538E+09   -0.4938334E+08
 223      0.119372E+09   -0.2083300E+09   -0.1425622E+09
 224      0.168778E+09   -0.1902611E+09   -0.2143563E+09
 225      0.183873E+09   -0.1723872E+09   -0.2867813E+09
 226      0.169224E+09   -0.1447955E+09   -0.3207284E+09
 227      0.125941E+09   -0.1161317E+09   -0.3551713E+09
 228      0.641936E+08   -0.7898532E+08   -0.3216011E+09
 229     -0.428983E+07   -0.3913053E+08   -0.2878196E+09
 230     -0.641058E+08   -0.1442875E+08   -0.1549796E+09
 231     -0.418427E+08    0.6968040E+07   -0.2041926E+08
 232      0.261869E+09    0.5856158E+07    0.4767690E+07
 233      0.229373E+09   -0.1724624E+08    0.1092846E+09
 234      0.192274E+09   -0.4328054E+08    0.2146582E+09
 235      0.127452E+09   -0.8973798E+08    0.2683379E+09
 236      0.221738E+08   -0.1339000E+09    0.3190627E+09
 237     -0.127529E+09   -0.1725308E+09    0.3306952E+09
 238     -0.323005E+09   -0.2163914E+09    0.3533731E+09
 239     -0.523184E+09   -0.2259821E+09    0.3090067E+09
 240     -0.316490E+09   -0.2230383E+09    0.2447193E+09
 241     -0.130642E+09   -0.1959205E+09    0.1316501E+09
 242      0.173302E+08   -0.1763144E+09    0.2826736E+08
 243      0.127575E+09   -0.1634251E+09   -0.6204466E+08
 244      0.202721E+09   -0.1508216E+09   -0.1522846E+09
 245      0.241306E+09   -0.1414421E+09   -0.2243374E+09
 246      0.243331E+09   -0.1324727E+09   -0.2973770E+09
 247      0.208606E+09   -0.1170773E+09   -0.3376074E+09
 248      0.136225E+09   -0.1004541E+09   -0.3791815E+09
 249      0.337337E+08   -0.7141791E+08   -0.3512905E+09
 250     -0.891934E+08   -0.3930128E+08   -0.3235543E+09
 251     -0.212928E+09   -0.1561463E+08   -0.1760450E+09
 252     -0.274749E+09    0.4756810E+07   -0.2536173E+08
 253      0.143858E+09    0.1005632E+08    0.6928291E+07
 254      0.124403E+09   -0.1861088E+08    0.1320448E+09
 255      0.108811E+09   -0.5192210E+08    0.2586693E+09
 256      0.731968E+08   -0.9867783E+08    0.3136278E+09
 257     -0.835193E+07   -0.1408828E+09    0.3636186E+09
 258     -0.141319E+09   -0.1559662E+09    0.3690952E+09
 259     -0.334042E+09   -0.1715442E+09    0.3913363E+09
 260     -0.462197E+09   -0.1563297E+09    0.3155561E+09
 261     -0.210942E+09   -0.1363930E+09    0.2194795E+09
 262     -0.268233E+08   -0.1038778E+09    0.1136419E+09
 263      0.116748E+09   -0.7503677E+08    0.1321087E+08
 264      0.219296E+09   -0.6252307E+08   -0.7465615E+08
 265      0.287126E+09   -0.5164327E+08   -0.1619686E+09
 266      0.315042E+09   -0.5621719E+08   -0.2345542E+09
 267      0.303668E+09   -0.6209220E+08   -0.3084271E+09
 268      0.248807E+09   -0.6703658E+08   -0.3554950E+09
 269      0.145929E+09   -0.7134063E+08   -0.4046293E+09
 270      0.242135E+07   -0.5587028E+08   -0.3823889E+09
 271     -0.176221E+09   -0.3549189E+08   -0.3606307E+09
 272     -0.363006E+09   -0.1276123E+08   -0.1976081E+09
 273     -0.508050E+09    0.6587590E+07   -0.3020875E+08
 274     -0.447738E+08    0.4649136E+07    0.1678095E+08
 275     -0.231637E+08   -0.2655990E+08    0.1626838E+09
 276      0.183693E+08   -0.6430938E+08    0.3069777E+09
 277      0.358670E+08   -0.9702018E+08    0.3419817E+09
 278     -0.117746E+08   -0.1240788E+09    0.3734534E+09
 279     -0.130135E+09   -0.1117678E+09    0.3573821E+09
 280     -0.330302E+09   -0.9663290E+08    0.3582698E+09
 281     -0.349408E+09   -0.4996253E+08    0.2733997E+09
 282     -0.113464E+09   -0.2087021E+07    0.1703048E+09
 283      0.624675E+08    0.4063958E+08    0.7546697E+08
 284      0.197674E+09    0.8108332E+08   -0.1308036E+08
 285      0.290933E+09    0.9113843E+08   -0.8297138E+08
 286      0.354379E+09    0.9921998E+08   -0.1525307E+09
 287      0.377436E+09    0.7635475E+08   -0.2126739E+09
 288      0.363782E+09    0.5180017E+08   -0.2744104E+09
 289      0.299796E+09    0.1785815E+08   -0.3251049E+09
 290      0.178500E+09   -0.1547381E+08   -0.3798263E+09
 291     -0.486645E+07   -0.2466146E+08   -0.3769438E+09
 292     -0.251104E+09   -0.2744443E+08   -0.3765591E+09
 293     -0.534504E+09   -0.1132100E+08   -0.2111386E+09
 294     -0.805572E+09    0.3544850E+06   -0.3766378E+08
 295     -0.235199E+09    0.1514967E+08    0.2886354E+08
 296     -0.171579E+09   -0.2781885E+08    0.1948994E+09
 297     -0.802878E+08   -0.7301362E+08    0.3598228E+09
 298     -0.993277E+06   -0.8807913E+08    0.3750140E+09
 299     -0.174904E+08   -0.9539424E+08    0.3858083E+09
 300     -0.115379E+09   -0.3472114E+08    0.3468595E+09
 301     -0.322050E+09    0.2592818E+08    0.3240434E+09
 302     -0.239247E+09    0.1136620E+09    0.2297178E+09
 303     -0.115746E+08    0.1992613E+09    0.1197743E+09
 304      0.153172E+09    0.2577106E+09    0.3701329E+08
 305      0.279317E+09    0.3139010E+09   -0.3918627E+08
 306      0.363042E+09    0.3203281E+09   -0.9073806E+08
 307      0.422431E+09    0.3248044E+09   -0.1420462E+09
 308      0.441267E+09    0.2781724E+09   -0.1896376E+09
 309      0.425784E+09    0.2283252E+09   -0.2388794E+09
 310      0.354065E+09    0.1525475E+09   -0.2949316E+09
 311      0.210889E+09    0.7305150E+08   -0.3561178E+09
 312     -0.109385E+08    0.2481983E+08   -0.3746659E+09
 313     -0.333481E+09   -0.1777054E+08   -0.3964205E+09
 314     -0.709368E+09   -0.6862237E+07   -0.2263881E+09
 315     -0.110484E+10    0.6224170E+07   -0.4699432E+08
 316     -0.541726E+09   -0.7155302E+07    0.5151110E+08
 317     -0.349212E+09   -0.3132948E+08    0.2246973E+09
 318     -0.122757E+09   -0.6926656E+08    0.3827087E+09
 319      0.252021E+08   -0.3883443E+08    0.3386949E+09
 320      0.447018E+08    0.7750105E+07    0.3009163E+09
 321     -0.631479E+08    0.1222644E+09    0.2396360E+09
 322     -0.282407E+09    0.2396048E+09    0.1966445E+09
 323     -0.139551E+09    0.3628414E+09    0.1146649E+09
 324      0.617313E+08    0.4838208E+09    0.2101096E+08
 325      0.201249E+09    0.5557813E+09   -0.2966701E+08
 326      0.310591E+09    0.6256946E+09   -0.7500873E+08
 327      0.381718E+09    0.6274512E+09   -0.9042508E+08
 328      0.438258E+09    0.6280105E+09   -0.1053588E+09
 329      0.459157E+09    0.5569330E+09   -0.1187928E+09
 330      0.456771E+09    0.4832140E+09   -0.1327577E+09
 331      0.398704E+09    0.3566300E+09   -0.1733150E+09
 332      0.273117E+09    0.2269062E+09   -0.2217884E+09
 333      0.373830E+08    0.1159517E+09   -0.2751968E+09
 334     -0.339026E+09    0.1682779E+08   -0.3439386E+09
 335     -0.859220E+09    0.2557569E+07   -0.2147157E+09
 336     -0.146195E+10   -0.1751352E+08   -0.6341230E+08
 337     -0.873575E+09    0.4942907E+08    0.9726210E+08
 338     -0.530792E+09   -0.2643570E+08    0.2641762E+09
 339     -0.202118E+09   -0.6802609E+08    0.4237633E+09
 340      0.734271E+08    0.7291353E+08    0.3134454E+09
 341      0.115029E+09    0.1995235E+09    0.2046686E+09
 342     -0.365104E+07    0.3908381E+09    0.1259882E+09
 343     -0.242609E+09    0.5688690E+09    0.6191339E+08
 344     -0.405788E+08    0.7286417E+09   -0.5724625E+07
 345      0.133127E+09    0.8842629E+09   -0.8041765E+08
 346      0.247736E+09    0.9650363E+09   -0.9779618E+08
 347      0.339985E+09    0.1045100E+10   -0.1111132E+09
 348      0.398414E+09    0.1042715E+10   -0.8914604E+08
 349      0.452475E+09    0.1040350E+10   -0.6653942E+08
 350      0.476117E+09    0.9482054E+09   -0.4404467E+08
 351      0.488945E+09    0.8540959E+09   -0.2088623E+08
 352      0.447893E+09    0.6723080E+09   -0.4474331E+08
 353      0.341805E+09    0.4729856E+09   -0.7578531E+08
 354      0.104990E+09    0.2737547E+09   -0.1819249E+09
 355     -0.372042E+09    0.5351778E+08   -0.3025334E+09
 356     -0.101273E+10    0.2106382E+08   -0.2103024E+09
 357     -0.185033E+10    0.2889910E+08   -0.9927576E+08
 358     -0.133923E+10   -0.9006146E+08    0.1351192E+09
 359     -0.635391E+09    0.4264961E+07    0.2246068E+09
 360     -0.323134E+08    0.7820012E+08    0.2468417E+09
 361      0.189074E+09    0.3395756E+09    0.5902962E+08
 362      0.197449E+09    0.6245135E+09   -0.5036934E+08
 363      0.417052E+08    0.8485565E+09   -0.8581143E+08
 364     -0.197712E+09    0.1069968E+10   -0.1280192E+09
 365     -0.217921E+07    0.1233527E+10   -0.1652078E+09
 366      0.136890E+09    0.1396883E+10   -0.2007624E+09
 367      0.221394E+09    0.1477189E+10   -0.1749835E+09
 368      0.291046E+09    0.1557392E+10   -0.1467224E+09
 369      0.334978E+09    0.1551212E+10   -0.8080164E+08
 370      0.381088E+09    0.1546522E+10   -0.1456836E+08
 371      0.405491E+09    0.1445212E+10    0.6028748E+08
 372      0.430943E+09    0.1344873E+10    0.1375600E+09
 373      0.417039E+09    0.1123433E+10    0.1779232E+09
 374      0.368036E+09    0.8941937E+09    0.2224585E+09
 375      0.203611E+09    0.5536505E+09    0.1361072E+09
 376     -0.173445E+09    0.2240996E+09   -0.2275807E+08
 377     -0.995269E+09    0.6711227E+08   -0.9880733E+08
 378     -0.222120E+10   -0.9556018E+08   -0.1132821E+09
 379     -0.245842E+10    0.2628718E+09    0.6030044E+09
 380     -0.598612E+09    0.1930327E+09    0.2857216E+09
 381      0.220892E+09    0.3565366E+09   -0.9599154E+08
 382      0.313508E+09    0.9967173E+09   -0.2565693E+09
 383      0.293113E+09    0.1393234E+10   -0.3287154E+09
 384      0.758439E+08    0.1577060E+10   -0.3213498E+09
 385     -0.172858E+09    0.1774479E+10   -0.3235816E+09
 386      0.283624E+08    0.1906003E+10   -0.3255687E+09
 387      0.134966E+09    0.2045524E+10   -0.3230205E+09
 388      0.189929E+09    0.2113154E+10   -0.2530029E+09
 389      0.237390E+09    0.2179597E+10   -0.1819404E+09
 390      0.266843E+09    0.2171718E+10   -0.7168372E+08
 391      0.304421E+09    0.2167094E+10    0.3849932E+08
 392      0.328340E+09    0.2078024E+10    0.1677840E+09
 393      0.365888E+09    0.1995048E+10    0.2998784E+09
 394      0.375774E+09    0.1778971E+10    0.4152548E+09
 395      0.395674E+09    0.1568684E+10    0.5389493E+09
 396      0.301985E+09    0.1131515E+10    0.5132018E+09
 397      0.926752E+08    0.4814786E+09    0.4080586E+09
 398     -0.839292E+09    0.2564622E+09   -0.5999055E+08
 399     -0.318201E+10    0.2351323E+09   -0.4665666E+09
 400     -0.220991E+10   -0.4459137E+09   -0.1201991E+09
 401     -0.146193E+09    0.7504660E+09   -0.5492653E+09
 402      0.103922E+09    0.1918666E+10   -0.8243282E+09
 403      0.202508E+09    0.2249744E+10   -0.5967002E+09
 404      0.165305E+09    0.2571173E+10   -0.4363957E+09
 405      0.402566E+08    0.2596785E+10   -0.3802833E+09
 406     -0.117702E+09    0.2652374E+10   -0.3733477E+09
 407      0.126192E+08    0.2721541E+10   -0.3979037E+09
 408      0.656093E+08    0.2798923E+10   -0.3840633E+09
 409      0.951111E+08    0.2836595E+10   -0.2864483E+09
 410      0.118976E+09    0.2871964E+10   -0.1936376E+09
 411      0.134223E+09    0.2864826E+10   -0.6218950E+08
 412      0.153688E+09    0.2860232E+10    0.6853487E+08
 413      0.166798E+09    0.2805738E+10    0.2285528E+09
 414      0.187245E+09    0.2756446E+10    0.3898246E+09
 415      0.196897E+09    0.2616334E+10    0.5710642E+09
 416      0.209031E+09    0.2489682E+10    0.7612027E+09
 417      0.190746E+09    0.2123588E+10    0.9055886E+09
 418      0.413646E+08    0.1758854E+10    0.1134170E+10
 419     -0.254279E+09    0.6933222E+09    0.7313113E+09
 420     -0.254396E+10   -0.3942347E+09    0.2067570E+09
 421     -0.131546E+10    0.4260110E+10   -0.1029238E+10
 422      0.146855E+09    0.4429328E+10   -0.1367342E+10
 423     -0.431997E+08    0.4547981E+10   -0.1385015E+10
 424      0.598947E+08    0.4346379E+10   -0.8584463E+09
 425      0.207536E+08    0.4217316E+10   -0.4927389E+09
 426      0.556902E+07    0.3914888E+10   -0.3974576E+09
 427     -0.446745E+08    0.3647887E+10   -0.4037951E+09
 428      0.907944E+06    0.3642737E+10   -0.4601624E+09
 429      0.315564E+06    0.3634786E+10   -0.4374869E+09
 430      0.429438E+07    0.3624577E+10   -0.3151800E+09
 431      0.485424E+07    0.3617446E+10   -0.2034867E+09
 432      0.611350E+07    0.3612768E+10   -0.5292096E+08
 433      0.762252E+07    0.3609531E+10    0.9633020E+08
 434      0.101089E+08    0.3608846E+10    0.2834305E+09
 435      0.124442E+08    0.3610800E+10    0.4712000E+09
 436      0.209484E+08    0.3615757E+10    0.7081729E+09
 437      0.173407E+08    0.3632266E+10    0.9577105E+09
 438      0.612106E+08    0.3644503E+10    0.1248713E+10
 439     -0.346241E+08    0.3731758E+10    0.1729725E+10
 440      0.190740E+09    0.3711530E+10    0.1574713E+10
 441     -0.129491E+10    0.3627459E+10    0.1162621E+10
