   1      0.137711E+10    0.5924091E+07    0.1479853E+07
   2      0.113225E+10   -0.1792332E+08    0.2274282E+07
   3      0.717722E+09   -0.4740165E+08    0.4496760E+07
   4      0.190112E+09   -0.9177340E+08    0.2802283E+07
   5     -0.447718E+09   -0.1255445E+09   -0.5277319E+07
   6     -0.785424E+09   -0.1138316E+09   -0.5757553E+07
   7     -0.694821E+09   -0.1108556E+09   -0.5264750E+06
   8     -0.591991E+09   -0.1295954E+09    0.1164599E+06
   9     -0.488121E+09   -0.1455225E+09   -0.1011668E+05
  10     -0.386192E+09   -0.1530606E+09    0.1125895E+05
  11     -0.291570E+09   -0.1602653E+09    0.1415657E+05
  12     -0.202638E+09   -0.1548265E+09    0.4518991E+05
  13     -0.123563E+09   -0.1489627E+09    0.7358497E+05
  14     -0.501251E+08   -0.1310440E+09    0.1063211E+06
  15      0.162612E+08   -0.1127441E+09    0.1391431E+06
  16      0.806577E+08   -0.8794159E+08    0.1931829E+06
  17      0.145245E+09   -0.6277134E+08    0.2209691E+06
  18      0.214196E+09   -0.4108872E+08    0.5116477E+06
  19      0.291707E+09   -0.1956420E+08    0.9648756E+05
  20      0.379584E+09   -0.7558930E+07   -0.2748316E+06
  21      0.522033E+09    0.3562857E+07    0.1162065E+06
  22      0.135518E+10    0.5502336E+07    0.1995911E+07
  23      0.111440E+10   -0.1100081E+08    0.1911827E+08
  24      0.711521E+09   -0.3116629E+08    0.3771656E+08
  25      0.196209E+09   -0.6156386E+08    0.3095107E+08
  26     -0.408545E+09   -0.8790987E+08    0.1288842E+08
  27     -0.796004E+09   -0.1023049E+09    0.7941686E+07
  28     -0.696696E+09   -0.1174970E+09    0.1476534E+08
  29     -0.589896E+09   -0.1320645E+09    0.1481897E+08
  30     -0.484048E+09   -0.1472536E+09    0.1265452E+08
  31     -0.380569E+09   -0.1547512E+09    0.6905823E+07
  32     -0.285109E+09   -0.1617782E+09    0.1153956E+07
  33     -0.195949E+09   -0.1562732E+09   -0.5655399E+07
  34     -0.117364E+09   -0.1503337E+09   -0.1245609E+08
  35     -0.450024E+08   -0.1323592E+09   -0.1769651E+08
  36      0.196906E+08   -0.1140191E+09   -0.2289831E+08
  37      0.819196E+08   -0.8907601E+08   -0.2426881E+08
  38      0.144003E+09   -0.6397622E+08   -0.2553258E+08
  39      0.210059E+09   -0.4119427E+08   -0.2156041E+08
  40      0.286052E+09   -0.1870590E+08   -0.1791892E+08
  41      0.372686E+09   -0.8044142E+07   -0.1049225E+08
  42      0.504592E+09    0.2101694E+07   -0.2709242E+07
  43      0.133336E+10    0.3530817E+07    0.2367171E+07
  44      0.109501E+10   -0.7452393E+07    0.3498199E+08
  45      0.706947E+09   -0.1988088E+08    0.6919316E+08
  46      0.203980E+09   -0.4788262E+08    0.5800848E+08
  47     -0.364342E+09   -0.7611414E+08    0.3167386E+08
  48     -0.810222E+09   -0.1010867E+09    0.2319284E+08
  49     -0.698115E+09   -0.1241082E+09    0.3091211E+08
  50     -0.587713E+09   -0.1389462E+09    0.2957447E+08
  51     -0.479946E+09   -0.1549720E+09    0.2515872E+08
  52     -0.375035E+09   -0.1626821E+09    0.1376491E+08
  53     -0.278736E+09   -0.1700469E+09    0.2291191E+07
  54     -0.189366E+09   -0.1642627E+09   -0.1133598E+08
  55     -0.111272E+09   -0.1580309E+09   -0.2494393E+08
  56     -0.399874E+08   -0.1391143E+09   -0.3543788E+08
  57      0.230033E+08   -0.1198212E+09   -0.4585638E+08
  58      0.830857E+08   -0.9330888E+08   -0.4863829E+08
  59      0.142625E+09   -0.6652939E+08   -0.5121953E+08
  60      0.205978E+09   -0.4164746E+08   -0.4363773E+08
  61      0.280189E+09   -0.1625079E+08   -0.3611771E+08
  62      0.366670E+09   -0.5340027E+07   -0.2040544E+08
  63      0.485586E+09    0.4126073E+07   -0.4589243E+07
  64      0.128365E+10    0.3153644E+07    0.3320832E+07
  65      0.105021E+10   -0.7971932E+07    0.4507445E+08
  66      0.685340E+09   -0.1967787E+08    0.8919454E+08
  67      0.210387E+09   -0.4903730E+08    0.8600025E+08
  68     -0.317964E+09   -0.8126685E+08    0.7029845E+08
  69     -0.807590E+09   -0.1110934E+09    0.5143273E+08
  70     -0.699823E+09   -0.1359858E+09    0.4654658E+08
  71     -0.581978E+09   -0.1490953E+09    0.4482169E+08
  72     -0.467548E+09   -0.1649121E+09    0.3868208E+08
  73     -0.357820E+09   -0.1729899E+09    0.2110486E+08
  74     -0.258863E+09   -0.1804803E+09    0.3404079E+07
  75     -0.168812E+09   -0.1743308E+09   -0.1765248E+08
  76     -0.921697E+08   -0.1677242E+09   -0.3865049E+08
  77     -0.241167E+08   -0.1479080E+09   -0.5498169E+08
  78      0.337969E+08   -0.1277193E+09   -0.7120236E+08
  79      0.874232E+08   -0.9979272E+08   -0.7594010E+08
  80      0.139260E+09   -0.7159331E+08   -0.8044023E+08
  81      0.194550E+09   -0.4526934E+08   -0.6918027E+08
  82      0.260400E+09   -0.1883729E+08   -0.5779926E+08
  83      0.340653E+09   -0.7187432E+07   -0.3069941E+08
  84      0.446513E+09    0.3427421E+07   -0.3590604E+07
  85      0.123405E+10    0.4534667E+07    0.3507307E+07
  86      0.100688E+10   -0.5558386E+07    0.5600729E+08
  87      0.662096E+09   -0.1588604E+08    0.1110085E+09
  88      0.215741E+09   -0.4901925E+08    0.1160360E+09
  89     -0.276617E+09   -0.8812092E+08    0.1110691E+09
  90     -0.800470E+09   -0.1234977E+09    0.7792542E+08
  91     -0.702528E+09   -0.1491026E+09    0.5867326E+08
  92     -0.576778E+09   -0.1612780E+09    0.5927960E+08
  93     -0.455504E+09   -0.1786878E+09    0.5243755E+08
  94     -0.340759E+09   -0.1879759E+09    0.2842054E+08
  95     -0.239089E+09   -0.1962369E+09    0.4516522E+07
  96     -0.148307E+09   -0.1895925E+09   -0.2401466E+08
  97     -0.731130E+08   -0.1825022E+09   -0.5243918E+08
  98     -0.829242E+07   -0.1611706E+09   -0.7463476E+08
  99      0.445490E+08   -0.1394402E+09   -0.9668631E+08
 100      0.917109E+08   -0.1091001E+09   -0.1033660E+09
 101      0.135973E+09   -0.7832612E+08   -0.1097635E+09
 102      0.183055E+09   -0.4934708E+08   -0.9466241E+08
 103      0.241194E+09   -0.2000046E+08   -0.7922467E+08
 104      0.313755E+09   -0.7079654E+07   -0.4112713E+08
 105      0.410513E+09    0.4350280E+07   -0.3146495E+07
 106      0.115957E+10    0.2812850E+07    0.4009683E+07
 107      0.942461E+09   -0.8597967E+07    0.6697048E+08
 108      0.618961E+09   -0.2005986E+08    0.1321218E+09
 109      0.203011E+09   -0.4984128E+08    0.1472590E+09
 110     -0.255192E+09   -0.8271162E+08    0.1549084E+09
 111     -0.752485E+09   -0.1187063E+09    0.1109267E+09
 112     -0.713254E+09   -0.1512032E+09    0.8043544E+08
 113     -0.567519E+09   -0.1715054E+09    0.7964424E+08
 114     -0.433408E+09   -0.1931334E+09    0.6925024E+08
 115     -0.310041E+09   -0.2025375E+09    0.3725229E+08
 116     -0.204034E+09   -0.2114608E+09    0.5622836E+07
 117     -0.112301E+09   -0.2042955E+09   -0.3123813E+08
 118     -0.395537E+08   -0.1967678E+09   -0.6796648E+08
 119      0.198407E+08   -0.1743271E+09   -0.9682186E+08
 120      0.642395E+08   -0.1515026E+09   -0.1255536E+09
 121      0.100427E+09   -0.1193882E+09   -0.1349082E+09
 122      0.131317E+09   -0.8685583E+08   -0.1439865E+09
 123      0.163518E+09   -0.5568765E+08   -0.1248357E+09
 124      0.205987E+09   -0.2443644E+08   -0.1049266E+09
 125      0.263056E+09   -0.9785153E+07   -0.5450916E+08
 126      0.350824E+09    0.3692743E+07   -0.4459466E+07
 127      0.108491E+10    0.4969903E+07    0.3961228E+07
 128      0.878438E+09   -0.4321335E+07    0.7754434E+08
 129      0.575960E+09   -0.1495360E+08    0.1534886E+09
 130      0.189369E+09   -0.4687457E+08    0.1774645E+09
 131     -0.233933E+09   -0.7899933E+08    0.1951822E+09
 132     -0.702742E+09   -0.1175407E+09    0.1444200E+09
 133     -0.724993E+09   -0.1560162E+09    0.1062494E+09
 134     -0.558607E+09   -0.1832381E+09    0.1013410E+09
 135     -0.411436E+09   -0.2094637E+09    0.8621479E+08
 136     -0.279265E+09   -0.2191721E+09    0.4630287E+08
 137     -0.168877E+09   -0.2287078E+09    0.6781138E+07
 138     -0.761567E+08   -0.2209097E+09   -0.3850070E+08
 139     -0.588395E+07   -0.2128607E+09   -0.8362808E+08
 140      0.480429E+08   -0.1891966E+09   -0.1191981E+09
 141      0.839300E+08   -0.1651655E+09   -0.1546592E+09
 142      0.109068E+09   -0.1308102E+09   -0.1666824E+09
 143      0.126525E+09   -0.9583693E+08   -0.1784273E+09
 144      0.143807E+09   -0.6153912E+08   -0.1551435E+09
 145      0.170554E+09   -0.2639619E+08   -0.1309554E+09
 146      0.212712E+09   -0.9287931E+07   -0.6797773E+08
 147      0.290846E+09    0.5718968E+07   -0.5352594E+07
 148      0.988885E+09    0.3263501E+07    0.3505244E+07
 149      0.791593E+09   -0.8634225E+07    0.8874895E+08
 150      0.513860E+09   -0.2115802E+08    0.1765623E+09
 151      0.160866E+09   -0.5063106E+08    0.2069623E+09
 152     -0.224246E+09   -0.8032734E+08    0.2313956E+09
 153     -0.647055E+09   -0.1208219E+09    0.1844339E+09
 154     -0.722307E+09   -0.1628658E+09    0.1472942E+09
 155     -0.535388E+09   -0.1933585E+09    0.1299618E+09
 156     -0.373418E+09   -0.2216006E+09    0.1048155E+09
 157     -0.231621E+09   -0.2308435E+09    0.5583330E+08
 158     -0.116478E+09   -0.2400955E+09    0.7107087E+07
 159     -0.233417E+08   -0.2317719E+09   -0.4662840E+08
 160      0.434535E+08   -0.2233464E+09   -0.1002360E+09
 161      0.898959E+08   -0.1994950E+09   -0.1428812E+09
 162      0.114343E+09   -0.1753308E+09   -0.1855208E+09
 163      0.124055E+09   -0.1402567E+09   -0.2013959E+09
 164      0.121998E+09   -0.1045837E+09   -0.2170747E+09
 165      0.116446E+09   -0.6818390E+08   -0.1905566E+09
 166      0.118075E+09   -0.3125064E+08   -0.1630074E+09
 167      0.134433E+09   -0.1256492E+08   -0.8508436E+08
 168      0.194520E+09    0.4449823E+07   -0.7363948E+07
 169      0.893816E+09    0.4669594E+07    0.4587570E+07
 170      0.705400E+09   -0.9165271E+07    0.1005194E+09
 171      0.452006E+09   -0.2424914E+08    0.1992558E+09
 172      0.132693E+09   -0.5907360E+08    0.2367626E+09
 173     -0.215528E+09   -0.9435583E+08    0.2690021E+09
 174     -0.594342E+09   -0.1356571E+09    0.2245125E+09
 175     -0.717858E+09   -0.1767610E+09    0.1872803E+09
 176     -0.511373E+09   -0.2046506E+09    0.1586510E+09
 177     -0.334833E+09   -0.2312633E+09    0.1238842E+09
 178     -0.183473E+09   -0.2389361E+09    0.6556539E+08
 179     -0.635878E+08   -0.2464547E+09    0.7499515E+07
 180      0.299476E+08   -0.2375449E+09   -0.5483153E+08
 181      0.931848E+08   -0.2287213E+09   -0.1170581E+09
 182      0.132044E+09   -0.2056034E+09   -0.1668838E+09
 183      0.144877E+09   -0.1822640E+09   -0.2168042E+09
 184      0.139010E+09   -0.1473635E+09   -0.2365498E+09
 185      0.117251E+09   -0.1115920E+09   -0.2561877E+09
 186      0.888448E+08   -0.7322244E+08   -0.2263559E+09
 187      0.652502E+08   -0.3322373E+08   -0.1953876E+09
 188      0.559825E+08   -0.1176450E+08   -0.1022456E+09
 189      0.985496E+08    0.6861665E+07   -0.9138187E+07
 190      0.763229E+09    0.4717732E+07    0.5956113E+07
 191      0.594319E+09   -0.1166296E+08    0.1166930E+09
 192      0.369159E+09   -0.2979268E+08    0.2305043E+09
 193      0.933345E+08   -0.6802513E+08    0.2730299E+09
 194     -0.211352E+09   -0.1055017E+09    0.3092042E+09
 195     -0.543144E+09   -0.1430264E+09    0.2620722E+09
 196     -0.693879E+09   -0.1814928E+09    0.2220686E+09
 197     -0.467572E+09   -0.2063099E+09    0.1821742E+09
 198     -0.277367E+09   -0.2289958E+09    0.1369383E+09
 199     -0.118325E+09   -0.2331394E+09    0.7053900E+08
 200      0.511904E+07   -0.2374225E+09    0.4685965E+07
 201      0.976412E+08   -0.2282618E+09   -0.6353235E+08
 202      0.156865E+09   -0.2194200E+09   -0.1316719E+09
 203      0.187210E+09   -0.1990972E+09   -0.1873231E+09
 204      0.187349E+09   -0.1786832E+09   -0.2433135E+09
 205      0.163117E+09   -0.1470311E+09   -0.2684503E+09
 206      0.116527E+09   -0.1144742E+09   -0.2938014E+09
 207      0.569895E+08   -0.7686907E+08   -0.2633937E+09
 208     -0.403698E+07   -0.3792693E+08   -0.2319897E+09
 209     -0.542566E+08   -0.1537851E+08   -0.1227175E+09
 210     -0.479354E+08    0.4863948E+07   -0.1280036E+08
 211      0.633894E+09    0.6817479E+07    0.6784938E+07
 212      0.482900E+09   -0.1283841E+08    0.1332518E+09
 213      0.286579E+09   -0.3522833E+08    0.2622097E+09
 214      0.532010E+08   -0.7267982E+08    0.3089734E+09
 215     -0.206725E+09   -0.1092283E+09    0.3502202E+09
 216     -0.492171E+09   -0.1473130E+09    0.3010409E+09
 217     -0.671102E+09   -0.1841663E+09    0.2578780E+09
 218     -0.423297E+09   -0.1992299E+09    0.2063580E+09
 219     -0.219176E+09   -0.2130470E+09    0.1503182E+09
 220     -0.522964E+08   -0.2110294E+09    0.7570145E+08
 221      0.746937E+08   -0.2094548E+09    0.1911435E+07
 222      0.166206E+09   -0.2002679E+09   -0.7233333E+08
 223      0.221327E+09   -0.1917763E+09   -0.1465336E+09
 224      0.243053E+09   -0.1770260E+09   -0.2081998E+09
 225      0.230188E+09   -0.1624866E+09   -0.2704407E+09
 226      0.187344E+09   -0.1376293E+09   -0.3010804E+09
 227      0.115420E+09   -0.1116443E+09   -0.3322299E+09
 228      0.245594E+08   -0.7658844E+08   -0.3010629E+09
 229     -0.740536E+08   -0.3876479E+08   -0.2690543E+09
 230     -0.164849E+09   -0.1409557E+08   -0.1434683E+09
 231     -0.194942E+09    0.7170068E+07   -0.1659233E+08
 232      0.460472E+09    0.5075637E+07    0.9976770E+07
 233      0.337063E+09   -0.1590453E+08    0.1541656E+09
 234      0.188424E+09   -0.4009970E+08    0.3005666E+09
 235      0.105984E+08   -0.8057321E+08    0.3452795E+09
 236     -0.198122E+09   -0.1189078E+09    0.3845922E+09
 237     -0.431590E+09   -0.1433448E+09    0.3267199E+09
 238     -0.622065E+09   -0.1673039E+09    0.2728120E+09
 239     -0.358969E+09   -0.1696573E+09    0.2090996E+09
 240     -0.146286E+09   -0.1701745E+09    0.1434969E+09
 241      0.230287E+08   -0.1598387E+09    0.6750616E+08
 242      0.150564E+09   -0.1504324E+09   -0.7577228E+07
 243      0.239045E+09   -0.1420405E+09   -0.7995217E+08
 244      0.291024E+09   -0.1346395E+09   -0.1522736E+09
 245      0.305853E+09   -0.1288667E+09   -0.2146267E+09
 246      0.283402E+09   -0.1235947E+09   -0.2779650E+09
 247      0.223726E+09   -0.1109687E+09   -0.3152386E+09
 248      0.125719E+09   -0.9718855E+08   -0.3538857E+09
 249     -0.310282E+07   -0.6989677E+08   -0.3288904E+09
 250     -0.153452E+09   -0.3958296E+08   -0.3036276E+09
 251     -0.306184E+09   -0.1608853E+08   -0.1643840E+09
 252     -0.406885E+09    0.4212264E+07   -0.2226904E+08
 253      0.288182E+09    0.8473661E+07    0.1328518E+08
 254      0.191503E+09   -0.1713288E+08    0.1752501E+09
 255      0.876345E+08   -0.4631254E+08    0.3396626E+09
 256     -0.333720E+08   -0.8241485E+08    0.3837698E+09
 257     -0.190487E+09   -0.1149553E+09    0.4207933E+09
 258     -0.371226E+09   -0.1252297E+09    0.3539477E+09
 259     -0.572160E+09   -0.1346248E+09    0.2892148E+09
 260     -0.293169E+09   -0.1134302E+09    0.2117247E+09
 261     -0.723141E+08   -0.9128517E+08    0.1364414E+09
 262      0.994182E+08   -0.6948339E+08    0.5938069E+08
 263      0.227504E+09   -0.4895973E+08   -0.1705017E+08
 264      0.312969E+09   -0.4201302E+08   -0.8755635E+08
 265      0.361858E+09   -0.3658757E+08   -0.1579905E+09
 266      0.369896E+09   -0.4490854E+08   -0.2213078E+09
 267      0.337511E+09   -0.5455699E+08   -0.2859604E+09
 268      0.260938E+09   -0.6221016E+08   -0.3304166E+09
 269      0.135436E+09   -0.6925032E+08   -0.3769718E+09
 270     -0.315630E+08   -0.5552529E+08   -0.3581794E+09
 271     -0.235011E+09   -0.3695022E+08   -0.3394718E+09
 272     -0.448672E+09   -0.1362461E+08   -0.1858132E+09
 273     -0.619680E+09    0.6370381E+07   -0.2814874E+08
 274      0.483780E+08    0.4048871E+07    0.2201441E+08
 275      0.952159E+07   -0.2297153E+08    0.2018153E+09
 276     -0.142051E+08   -0.5685690E+08    0.3810800E+09
 277     -0.581835E+08   -0.8231035E+08    0.4039309E+09
 278     -0.148374E+09   -0.1010277E+09    0.4208516E+09
 279     -0.291847E+09   -0.7989964E+08    0.3360196E+09
 280     -0.475723E+09   -0.5607664E+08    0.2513076E+09
 281     -0.219195E+09   -0.8735630E+07    0.1684795E+09
 282      0.667743E+06    0.3802631E+08    0.9282134E+08
 283      0.165716E+09    0.7268235E+08    0.2802198E+08
 284      0.289038E+09    0.1059310E+09   -0.3659688E+08
 285      0.368949E+09    0.1101792E+09   -0.9061903E+08
 286      0.417094E+09    0.1127876E+09   -0.1444131E+09
 287      0.423686E+09    0.8630129E+08   -0.1959828E+09
 288      0.392208E+09    0.5810724E+08   -0.2491713E+09
 289      0.309597E+09    0.2169706E+08   -0.2976619E+09
 290      0.168654E+09   -0.1416598E+08   -0.3502324E+09
 291     -0.351650E+08   -0.2485130E+08   -0.3512450E+09
 292     -0.303152E+09   -0.2919521E+08   -0.3547155E+09
 293     -0.609979E+09   -0.1244250E+08   -0.1998512E+09
 294     -0.901265E+09   -0.6412669E+05   -0.3706007E+08
 295     -0.190332E+09    0.1393002E+08    0.3186128E+08
 296     -0.174737E+09   -0.2268659E+08    0.2300339E+09
 297     -0.124996E+09   -0.6104583E+08    0.4286078E+09
 298     -0.818812E+08   -0.6402386E+08    0.4295570E+09
 299     -0.108631E+09   -0.5887564E+08    0.4232895E+09
 300     -0.208558E+09    0.1075617E+08    0.3177584E+09
 301     -0.375708E+09    0.7922320E+08    0.2109149E+09
 302     -0.144154E+09    0.1599058E+09    0.1247017E+09
 303      0.744693E+08    0.2379581E+09    0.4828824E+08
 304      0.232426E+09    0.2877657E+09   -0.3926675E+07
 305      0.350956E+09    0.3359332E+09   -0.5622899E+08
 306      0.425333E+09    0.3368736E+09   -0.9327449E+08
 307      0.473140E+09    0.3360906E+09   -0.1298958E+09
 308      0.478936E+09    0.2862594E+09   -0.1696073E+09
 309      0.448812E+09    0.2331869E+09   -0.2109608E+09
 310      0.361545E+09    0.1553185E+09   -0.2652065E+09
 311      0.201721E+09    0.7364919E+08   -0.3246584E+09
 312     -0.376192E+08    0.2435143E+08   -0.3475678E+09
 313     -0.378586E+09   -0.1933856E+08   -0.3738611E+09
 314     -0.774500E+09   -0.7871657E+07   -0.2155545E+09
 315     -0.118534E+10    0.5810772E+07   -0.4793200E+08
 316     -0.535018E+09   -0.1032596E+08    0.5555562E+08
 317     -0.377008E+09   -0.2723029E+08    0.2525104E+09
 318     -0.174666E+09   -0.5635811E+08    0.4352724E+09
 319     -0.394845E+08   -0.7231284E+07    0.3769955E+09
 320     -0.778623E+07    0.5781600E+08    0.3226790E+09
 321     -0.984886E+08    0.1799956E+09    0.2040906E+09
 322     -0.263645E+09    0.3024661E+09    0.8947288E+08
 323     -0.854584E+08    0.4129540E+09    0.2086071E+08
 324      0.118022E+09    0.5215756E+09   -0.3903777E+08
 325      0.258761E+09    0.5835134E+09   -0.6236602E+08
 326      0.365301E+09    0.6443900E+09   -0.8599446E+08
 327      0.430888E+09    0.6412535E+09   -0.8849477E+08
 328      0.478847E+09    0.6369731E+09   -0.9025106E+08
 329      0.489516E+09    0.5633636E+09   -0.9647446E+08
 330      0.475251E+09    0.4870426E+09   -0.1032050E+09
 331      0.404452E+09    0.3588742E+09   -0.1422487E+09
 332      0.265135E+09    0.2274625E+09   -0.1893048E+09
 333      0.150429E+08    0.1156958E+09   -0.2475181E+09
 334     -0.376531E+09    0.1578000E+08   -0.3213234E+09
 335     -0.912670E+09    0.1980094E+07   -0.2041228E+09
 336     -0.153003E+10   -0.1763955E+08   -0.6495247E+08
 337     -0.910650E+09    0.4594215E+08    0.1030191E+09
 338     -0.581492E+09   -0.1821078E+08    0.2850637E+09
 339     -0.262370E+09   -0.4727016E+08    0.4604896E+09
 340      0.253309E+08    0.1146455E+09    0.3350774E+09
 341      0.102158E+09    0.2645651E+09    0.2088929E+09
 342      0.184086E+08    0.4644421E+09    0.8332473E+08
 343     -0.151014E+09    0.6451452E+09   -0.3962433E+08
 344     -0.280954E+08    0.7826088E+09   -0.8839200E+08
 345      0.160051E+09    0.9181301E+09   -0.1286471E+09
 346      0.283157E+09    0.9882844E+09   -0.1219975E+09
 347      0.377925E+09    0.1058827E+10   -0.1159044E+09
 348      0.434595E+09    0.1052666E+10   -0.8287409E+08
 349      0.483010E+09    0.1046483E+10   -0.4870102E+08
 350      0.499208E+09    0.9527290E+09   -0.1963775E+08
 351      0.502885E+09    0.8568939E+09    0.1010358E+08
 352      0.451907E+09    0.6740882E+09   -0.1249819E+08
 353      0.335011E+09    0.4736148E+09   -0.4234766E+08
 354      0.871218E+08    0.2735389E+09   -0.1537102E+09
 355     -0.401853E+09    0.5252316E+08   -0.2800799E+09
 356     -0.105499E+10    0.2031251E+08   -0.1999538E+09
 357     -0.190485E+10    0.2832142E+08   -0.1012497E+09
 358     -0.139607E+10   -0.9298754E+08    0.1372803E+09
 359     -0.687987E+09    0.1614957E+08    0.2305700E+09
 360     -0.870808E+08    0.1080652E+09    0.2555766E+09
 361      0.153935E+09    0.3980930E+09    0.5542735E+08
 362      0.201254E+09    0.7094942E+09   -0.6511389E+08
 363      0.964299E+08    0.9345813E+09   -0.1295137E+09
 364     -0.803631E+08    0.1152602E+10   -0.2073077E+09
 365     -0.219485E+08    0.1287019E+10   -0.2234956E+09
 366      0.142928E+09    0.1425173E+10   -0.2319415E+09
 367      0.243128E+09    0.1494942E+10   -0.1899822E+09
 368      0.317473E+09    0.1565628E+10   -0.1481381E+09
 369      0.361161E+09    0.1557484E+10   -0.7245658E+08
 370      0.403462E+09    0.1550259E+10    0.3913143E+07
 371      0.422366E+09    0.1448249E+10    0.8497191E+08
 372      0.440966E+09    0.1347150E+10    0.1684201E+09
 373      0.419576E+09    0.1125396E+10    0.2100036E+09
 374      0.362463E+09    0.8958629E+09    0.2557085E+09
 375      0.189923E+09    0.5545401E+09    0.1645559E+09
 376     -0.195148E+09    0.2236993E+09    0.2512412E+06
 377     -0.102638E+10    0.6656416E+08   -0.8866494E+08
 378     -0.226268E+10   -0.9592136E+08   -0.1163935E+09
 379     -0.252597E+10    0.2582640E+09    0.5962221E+09
 380     -0.655962E+09    0.2079349E+09    0.2739596E+09
 381      0.175456E+09    0.3921139E+09   -0.1184859E+09
 382      0.286891E+09    0.1061949E+10   -0.2865410E+09
 383      0.309245E+09    0.1491964E+10   -0.3590158E+09
 384      0.168094E+09    0.1677864E+10   -0.3610090E+09
 385     -0.162653E+08    0.1864234E+10   -0.3848597E+09
 386     -0.342335E+08    0.1953125E+10   -0.3627222E+09
 387      0.122821E+09    0.2059522E+10   -0.3327939E+09
 388      0.199942E+09    0.2120895E+10   -0.2587682E+09
 389      0.252413E+09    0.2181704E+10   -0.1810228E+09
 390      0.283292E+09    0.2174054E+10   -0.6156009E+08
 391      0.318656E+09    0.2168505E+10    0.5732525E+08
 392      0.339022E+09    0.2079746E+10    0.1924707E+09
 393      0.371966E+09    0.1996985E+10    0.3303202E+09
 394      0.376749E+09    0.1781402E+10    0.4468447E+09
 395      0.391145E+09    0.1571723E+10    0.5715841E+09
 396      0.292086E+09    0.1134411E+10    0.5416637E+09
 397      0.777784E+08    0.4835825E+09    0.4326908E+09
 398     -0.857203E+09    0.2554021E+09   -0.5006837E+08
 399     -0.321385E+10    0.2312600E+09   -0.4741747E+09
 400     -0.224341E+10   -0.4500898E+09   -0.1227102E+09
 401     -0.177823E+09    0.7580261E+09   -0.5744866E+09
 402      0.824865E+08    0.1939910E+10   -0.8777041E+09
 403      0.185869E+09    0.2308527E+10   -0.6629901E+09
 404      0.173008E+09    0.2676695E+10   -0.5180338E+09
 405      0.962209E+08    0.2714603E+10   -0.4255796E+09
 406     -0.897178E+07    0.2755477E+10   -0.3656305E+09
 407     -0.371130E+08    0.2758224E+10   -0.3866824E+09
 408      0.614246E+08    0.2793025E+10   -0.3899806E+09
 409      0.100326E+09    0.2836200E+10   -0.2919735E+09
 410      0.127101E+09    0.2871108E+10   -0.1938615E+09
 411      0.142524E+09    0.2864122E+10   -0.5335062E+08
 412      0.160786E+09    0.2860028E+10    0.8580013E+08
 413      0.171925E+09    0.2806387E+10    0.2515503E+09
 414      0.189920E+09    0.2758007E+10    0.4184117E+09
 415      0.196798E+09    0.2619111E+10    0.6005640E+09
 416      0.205908E+09    0.2493641E+10    0.7915226E+09
 417      0.184641E+09    0.2129146E+10    0.9314335E+09
 418      0.316888E+08    0.1766766E+10    0.1155517E+10
 419     -0.262759E+09    0.6993786E+09    0.7428935E+09
 420     -0.256331E+10   -0.3910991E+09    0.2050873E+09
 421     -0.131973E+10    0.4234683E+10   -0.1035680E+10
 422      0.142826E+09    0.4405019E+10   -0.1412623E+10
 423     -0.431470E+08    0.4518817E+10   -0.1471704E+10
 424      0.561913E+08    0.4349797E+10   -0.9652175E+09
 425      0.222434E+08    0.4268409E+10   -0.6320276E+09
 426      0.198567E+08    0.4052687E+10   -0.4540156E+09
 427     -0.146547E+06    0.3817595E+10   -0.3202910E+09
 428     -0.237986E+08    0.3662224E+10   -0.3966308E+09
 429      0.207006E+07    0.3590856E+10   -0.4450810E+09
 430      0.358876E+07    0.3619497E+10   -0.3210526E+09
 431      0.606437E+07    0.3612979E+10   -0.2043913E+09
 432      0.605590E+07    0.3609932E+10   -0.4542743E+08
 433      0.759797E+07    0.3607891E+10    0.1120589E+09
 434      0.966649E+07    0.3608585E+10    0.3046779E+09
 435      0.117514E+08    0.3611912E+10    0.4978502E+09
 436      0.198280E+08    0.3618576E+10    0.7353772E+09
 437      0.157458E+08    0.3636770E+10    0.9854583E+09
 438      0.590853E+08    0.3651556E+10    0.1271040E+10
 439     -0.380821E+08    0.3746397E+10    0.1745907E+10
 440      0.190026E+09    0.3721764E+10    0.1584231E+10
 441     -0.129828E+10    0.3627298E+10    0.1162901E+10
