   1     -0.607117E+09    0.3813474E+07   -0.5962563E+06
   2     -0.504814E+09   -0.5697369E+07   -0.2263464E+06
   3     -0.411068E+09   -0.1646076E+08    0.1348254E+06
   4     -0.303559E+09   -0.4282044E+08    0.1019344E+06
   5     -0.185069E+09   -0.6864191E+08    0.6463372E+05
   6     -0.626055E+08   -0.9764302E+08    0.9697669E+05
   7      0.599371E+08   -0.1262823E+09    0.1300838E+06
   8      0.179512E+09   -0.1505761E+09    0.2117940E+06
   9      0.291738E+09   -0.1742734E+09    0.2634222E+06
  10      0.396790E+09   -0.1910629E+09    0.6792523E+06
  11      0.492086E+09   -0.2051052E+09    0.3367980E+06
  12      0.580322E+09   -0.2245876E+09    0.4450563E+07
  13      0.661594E+09   -0.2549377E+09    0.1329470E+08
  14      0.646985E+09   -0.2945669E+09    0.8550180E+07
  15      0.531184E+09   -0.3237675E+09   -0.8182887E+06
  16      0.357282E+09   -0.2874593E+09   -0.2656717E+07
  17      0.103454E+09   -0.2514003E+09   -0.4356124E+07
  18     -0.227251E+09   -0.1796672E+09   -0.5781472E+07
  19     -0.606532E+09   -0.1018482E+09   -0.7536841E+07
  20     -0.101210E+10   -0.4060938E+08   -0.5294635E+07
  21     -0.138499E+10    0.1303640E+08   -0.2242600E+07
  22     -0.615539E+09    0.3161183E+07    0.2909063E+05
  23     -0.515486E+09   -0.7330095E+07    0.1011916E+08
  24     -0.418165E+09   -0.1866379E+08    0.2036871E+08
  25     -0.307663E+09   -0.4405895E+08    0.2465133E+08
  26     -0.186669E+09   -0.6934108E+08    0.2865896E+08
  27     -0.619820E+08   -0.9795407E+08    0.2793063E+08
  28      0.622602E+08   -0.1262016E+09    0.2716042E+08
  29      0.183052E+09   -0.1499790E+09    0.2349982E+08
  30      0.295772E+09   -0.1733118E+09    0.1976898E+08
  31      0.400537E+09   -0.1886989E+09    0.1588108E+08
  32      0.493943E+09   -0.2037129E+09    0.1141250E+08
  33      0.577938E+09   -0.2127134E+09    0.1367285E+08
  34      0.650106E+09   -0.2226941E+09    0.2179625E+08
  35      0.665454E+09   -0.2235971E+09    0.1064143E+08
  36      0.554091E+09   -0.2251290E+09   -0.8191645E+07
  37      0.375120E+09   -0.2010413E+09   -0.2857305E+08
  38      0.118714E+09   -0.1739748E+09   -0.4714819E+08
  39     -0.217538E+09   -0.1226707E+09   -0.5667761E+08
  40     -0.611570E+09   -0.6675927E+08   -0.6798492E+08
  41     -0.103937E+10   -0.2632065E+08   -0.4089096E+08
  42     -0.145475E+10    0.8473841E+07   -0.1114113E+08
  43     -0.623146E+09    0.3589273E+07    0.4912934E+06
  44     -0.526275E+09   -0.7059011E+07    0.2041894E+08
  45     -0.425180E+09   -0.1878472E+08    0.4058377E+08
  46     -0.311782E+09   -0.4472664E+08    0.4917535E+08
  47     -0.188259E+09   -0.7038819E+08    0.5731135E+08
  48     -0.613886E+08   -0.9904669E+08    0.5584528E+08
  49      0.645303E+08   -0.1273153E+09    0.5430555E+08
  50      0.186501E+09   -0.1502609E+09    0.4690524E+08
  51      0.299584E+09   -0.1729235E+09    0.3940752E+08
  52      0.403959E+09   -0.1854875E+09    0.3106118E+08
  53      0.494998E+09   -0.1990058E+09    0.2271118E+08
  54      0.574464E+09   -0.1956403E+09    0.2076690E+08
  55      0.637642E+09   -0.1863211E+09    0.2367103E+08
  56      0.685155E+09   -0.1698528E+09    0.1037279E+08
  57      0.579149E+09   -0.1628727E+09   -0.1228037E+08
  58      0.394507E+09   -0.1493583E+09   -0.5252738E+08
  59      0.135204E+09   -0.1282641E+09   -0.8913351E+08
  60     -0.206351E+09   -0.8748393E+08   -0.1062088E+09
  61     -0.616858E+09   -0.4515900E+08   -0.1267017E+09
  62     -0.106826E+10   -0.1698567E+08   -0.7533974E+08
  63     -0.153023E+10    0.7446412E+07   -0.1904273E+08
  64     -0.655217E+09    0.3035064E+07    0.2266958E+07
  65     -0.556633E+09   -0.8590761E+07    0.3182928E+08
  66     -0.446181E+09   -0.2109495E+08    0.6160677E+08
  67     -0.324006E+09   -0.4686796E+08    0.7399516E+08
  68     -0.192565E+09   -0.7251883E+08    0.8583654E+08
  69     -0.589129E+08   -0.1003784E+09    0.8297866E+08
  70      0.722765E+08   -0.1278985E+09    0.8004234E+08
  71      0.198121E+09   -0.1493122E+09    0.6795444E+08
  72      0.313322E+09   -0.1704833E+09    0.5586029E+08
  73      0.418400E+09   -0.1804257E+09    0.4078041E+08
  74      0.508155E+09   -0.1901430E+09    0.2589732E+08
  75      0.585655E+09   -0.1850722E+09    0.1336088E+08
  76      0.646715E+09   -0.1791444E+09    0.3159115E+07
  77      0.695658E+09   -0.1629140E+09   -0.7679638E+07
  78      0.629339E+09   -0.1478509E+09   -0.2596832E+08
  79      0.439977E+09   -0.1238041E+09   -0.7466201E+08
  80      0.171117E+09   -0.9782955E+08   -0.1199132E+09
  81     -0.188776E+09   -0.6527021E+08   -0.1365731E+09
  82     -0.629094E+09   -0.3143938E+08   -0.1570124E+09
  83     -0.113798E+10   -0.1200442E+08   -0.9171582E+08
  84     -0.168034E+10    0.5132672E+07   -0.2025138E+08
  85     -0.687698E+09    0.3969304E+07    0.3817842E+07
  86     -0.586722E+09   -0.7938014E+07    0.4326083E+08
  87     -0.467222E+09   -0.2121368E+08    0.8284127E+08
  88     -0.336235E+09   -0.4817754E+08    0.9893230E+08
  89     -0.196907E+09   -0.7457417E+08    0.1144394E+09
  90     -0.564380E+08   -0.1021050E+09    0.1101805E+09
  91      0.800778E+08   -0.1292125E+09    0.1058345E+09
  92      0.209859E+09   -0.1491549E+09    0.8901071E+08
  93      0.327355E+09   -0.1688361E+09    0.7226088E+08
  94      0.433260E+09   -0.1767154E+09    0.5045950E+08
  95      0.522371E+09   -0.1844484E+09    0.2865953E+08
  96      0.598195E+09   -0.1782272E+09    0.8042865E+07
  97      0.656702E+09   -0.1714564E+09   -0.1024728E+08
  98      0.703520E+09   -0.1519027E+09   -0.2363186E+08
  99      0.680579E+09   -0.1321932E+09   -0.4451493E+08
 100      0.484732E+09   -0.1074993E+09   -0.9964208E+08
 101      0.205580E+09   -0.8276673E+08   -0.1512672E+09
 102     -0.172740E+09   -0.5421572E+08   -0.1680786E+09
 103     -0.640658E+09   -0.2346950E+08   -0.1885447E+09
 104     -0.120679E+10   -0.8301134E+07   -0.1084001E+09
 105     -0.182595E+10    0.4448550E+07   -0.2176227E+08
 106     -0.750134E+09    0.3181378E+07    0.6090380E+07
 107     -0.636865E+09   -0.9829441E+07    0.5593777E+08
 108     -0.501373E+09   -0.2394771E+08    0.1057143E+09
 109     -0.355101E+09   -0.5051894E+08    0.1243600E+09
 110     -0.202212E+09   -0.7675142E+08    0.1424604E+09
 111     -0.502635E+08   -0.1028512E+09    0.1355504E+09
 112      0.950919E+08   -0.1284795E+09    0.1285869E+09
 113      0.231340E+09   -0.1461639E+09    0.1064236E+09
 114      0.353023E+09   -0.1635485E+09    0.8440974E+08
 115      0.461067E+09   -0.1694241E+09    0.5619021E+08
 116      0.550843E+09   -0.1752236E+09    0.2808335E+08
 117      0.625364E+09   -0.1680806E+09    0.8664315E+06
 118      0.680600E+09   -0.1606810E+09   -0.2490547E+08
 119      0.721825E+09   -0.1378730E+09   -0.4609202E+08
 120      0.724111E+09   -0.1144383E+09   -0.6945178E+08
 121      0.538477E+09   -0.9366205E+08   -0.1207000E+09
 122      0.246807E+09   -0.7322873E+08   -0.1748283E+09
 123     -0.155586E+09   -0.4766974E+08   -0.1931607E+09
 124     -0.669658E+09   -0.2066845E+08   -0.2119044E+09
 125     -0.130012E+10   -0.7641931E+07   -0.1195569E+09
 126     -0.200996E+10    0.3780845E+07   -0.2178036E+08
 127     -0.812679E+09    0.4113592E+07    0.8477646E+07
 128     -0.686913E+09   -0.9206820E+07    0.6871272E+08
 129     -0.535529E+09   -0.2420227E+08    0.1286945E+09
 130     -0.374045E+09   -0.5168853E+08    0.1499712E+09
 131     -0.207567E+09   -0.7827923E+08    0.1707113E+09
 132     -0.440859E+08   -0.1027592E+09    0.1611457E+09
 133      0.110195E+09   -0.1266136E+09    0.1515675E+09
 134      0.253002E+09   -0.1414489E+09    0.1240409E+09
 135      0.378949E+09   -0.1559885E+09    0.9674088E+08
 136      0.489193E+09   -0.1596926E+09    0.6211625E+08
 137      0.579539E+09   -0.1634172E+09    0.2772119E+08
 138      0.652751E+09   -0.1560740E+09   -0.6447380E+07
 139      0.705294E+09   -0.1485318E+09   -0.4051197E+08
 140      0.742200E+09   -0.1288699E+09   -0.6894197E+08
 141      0.761525E+09   -0.1089812E+09   -0.9302145E+08
 142      0.592037E+09   -0.8984998E+08   -0.1409241E+09
 143      0.289440E+09   -0.7020980E+08   -0.1991056E+09
 144     -0.138865E+09   -0.4714897E+08   -0.2186204E+09
 145     -0.700213E+09   -0.2248585E+08   -0.2362268E+09
 146     -0.139345E+10   -0.7614552E+07   -0.1315064E+09
 147     -0.219003E+10    0.5075902E+07   -0.2113380E+08
 148     -0.909193E+09    0.3281267E+07    0.1153207E+08
 149     -0.757912E+09   -0.1097222E+08    0.8250301E+08
 150     -0.581459E+09   -0.2672324E+08    0.1529138E+09
 151     -0.396621E+09   -0.5283018E+08    0.1745690E+09
 152     -0.210565E+09   -0.7812306E+08    0.1956755E+09
 153     -0.313423E+08   -0.9904867E+08    0.1815429E+09
 154      0.134301E+09   -0.1192546E+09    0.1675547E+09
 155      0.284800E+09   -0.1297736E+09    0.1347641E+09
 156      0.415502E+09   -0.1400151E+09    0.1023893E+09
 157      0.527818E+09   -0.1409667E+09    0.6343816E+08
 158      0.618934E+09   -0.1419953E+09    0.2482285E+08
 159      0.690975E+09   -0.1351268E+09   -0.1325844E+08
 160      0.742087E+09   -0.1283375E+09   -0.5137751E+08
 161      0.774805E+09   -0.1143969E+09   -0.8353430E+08
 162      0.784343E+09   -0.9968400E+08   -0.1110370E+09
 163      0.649068E+09   -0.8067404E+08   -0.1587859E+09
 164      0.336671E+09   -0.6282080E+08   -0.2162463E+09
 165     -0.121563E+09   -0.4609498E+08   -0.2364658E+09
 166     -0.734394E+09   -0.2699380E+08   -0.2574584E+09
 167     -0.150782E+10   -0.1142546E+08   -0.1454487E+09
 168     -0.240884E+10    0.2467758E+07   -0.2554391E+08
 169     -0.100540E+10    0.4108846E+07    0.1462931E+08
 170     -0.829072E+09   -0.1045084E+08    0.9647667E+08
 171     -0.627585E+09   -0.2716987E+08    0.1774552E+09
 172     -0.419433E+09   -0.5243669E+08    0.1995354E+09
 173     -0.213719E+09   -0.7610684E+08    0.2210766E+09
 174     -0.186134E+08   -0.9177716E+08    0.2023702E+09
 175      0.158524E+09   -0.1065349E+09    0.1839651E+09
 176      0.316867E+09   -0.1106416E+09    0.1458501E+09
 177      0.452400E+09   -0.1145408E+09    0.1083368E+09
 178      0.566873E+09   -0.1116096E+09    0.6498096E+08
 179      0.658761E+09   -0.1089032E+09    0.2204297E+08
 180      0.729659E+09   -0.1029957E+09   -0.1991695E+08
 181      0.778902E+09   -0.9747680E+08   -0.6190155E+08
 182      0.807312E+09   -0.8877849E+08   -0.9782174E+08
 183      0.809925E+09   -0.7989136E+08   -0.1295267E+09
 184      0.705471E+09   -0.6701093E+08   -0.1777507E+09
 185      0.381852E+09   -0.5334477E+08   -0.2349069E+09
 186     -0.104353E+09   -0.3579191E+08   -0.2553179E+09
 187     -0.767329E+09   -0.1763565E+08   -0.2781695E+09
 188     -0.162134E+10   -0.6637174E+07   -0.1590700E+09
 189     -0.263265E+10    0.3255159E+07   -0.3033408E+08
 190     -0.113824E+10    0.2714495E+07    0.1942850E+08
 191     -0.920908E+09   -0.1223184E+08    0.1107711E+09
 192     -0.680948E+09   -0.2917251E+08    0.2006230E+09
 193     -0.439557E+09   -0.4981555E+08    0.2183473E+09
 194     -0.208545E+09   -0.6882311E+08    0.2356298E+09
 195      0.479405E+07   -0.7591455E+08    0.2095881E+09
 196      0.193154E+09   -0.8197011E+08    0.1842657E+09
 197      0.357384E+09   -0.7720448E+08    0.1422820E+09
 198      0.495541E+09   -0.7233290E+08    0.1012502E+09
 199      0.609773E+09   -0.6442034E+08    0.5822158E+08
 200      0.701269E+09   -0.5696531E+08    0.1577645E+08
 201      0.770319E+09   -0.5218000E+08   -0.2418437E+08
 202      0.818323E+09   -0.4801447E+08   -0.6411654E+08
 203      0.843837E+09   -0.4606248E+08   -0.1000336E+09
 204      0.842499E+09   -0.4377129E+08   -0.1325169E+09
 205      0.761045E+09   -0.4000028E+08   -0.1820105E+09
 206      0.432498E+09   -0.3704762E+08   -0.2407032E+09
 207     -0.822651E+08   -0.2807308E+08   -0.2658680E+09
 208     -0.802390E+09   -0.1603760E+08   -0.2927836E+09
 209     -0.174800E+10   -0.5863545E+07   -0.1674061E+09
 210     -0.289675E+10    0.2264964E+07   -0.3215492E+08
 211     -0.127069E+10    0.3277339E+07    0.2451482E+08
 212     -0.101322E+10   -0.1191099E+08    0.1254942E+09
 213     -0.734969E+09   -0.2966398E+08    0.2243880E+09
 214     -0.460207E+09   -0.4472153E+08    0.2378302E+09
 215     -0.203755E+09   -0.5704242E+08    0.2509670E+09
 216      0.282576E+08   -0.5107128E+08    0.2175112E+09
 217      0.228005E+09   -0.4397575E+08    0.1851750E+09
 218      0.398384E+09   -0.2601256E+08    0.1391929E+09
 219      0.539204E+09   -0.8232767E+07    0.9450066E+08
 220      0.653256E+09    0.6901464E+07    0.5172088E+08
 221      0.744349E+09    0.2126571E+08    0.9696080E+07
 222      0.811541E+09    0.2456783E+08   -0.2842958E+08
 223      0.858323E+09    0.2700505E+08   -0.6656827E+08
 224      0.880841E+09    0.1942924E+08   -0.1025689E+09
 225      0.875541E+09    0.1166378E+08   -0.1356375E+09
 226      0.817519E+09    0.5656811E+06   -0.1863286E+09
 227      0.483510E+09   -0.1121319E+08   -0.2461797E+09
 228     -0.601126E+08   -0.1461587E+08   -0.2768240E+09
 229     -0.840683E+09   -0.1563402E+08   -0.3085878E+09
 230     -0.187587E+10   -0.7076320E+07   -0.1768785E+09
 231     -0.315858E+10    0.4649077E+06   -0.3548750E+08
 232     -0.144489E+10    0.4860661E+06    0.3322101E+08
 233     -0.111981E+10   -0.1297548E+08    0.1382927E+09
 234     -0.784614E+09   -0.2910447E+08    0.2398472E+09
 235     -0.465425E+09   -0.3245885E+08    0.2392826E+09
 236     -0.180406E+09   -0.3263219E+08    0.2390938E+09
 237      0.674145E+08   -0.8378715E+07    0.1950662E+09
 238      0.272808E+09    0.1707707E+08    0.1531521E+09
 239      0.441814E+09    0.5150489E+08    0.1077285E+09
 240      0.579000E+09    0.8549335E+08    0.6409829E+08
 241      0.687335E+09    0.1090766E+09    0.3036071E+08
 242      0.775222E+09    0.1316587E+09   -0.2450882E+07
 243      0.839489E+09    0.1329800E+09   -0.2887623E+08
 244      0.887444E+09    0.1330030E+09   -0.5522379E+08
 245      0.911216E+09    0.1139141E+09   -0.8405607E+08
 246      0.909490E+09    0.9531587E+08   -0.1111571E+09
 247      0.868775E+09    0.6727070E+08   -0.1586124E+09
 248      0.544723E+09    0.3692120E+08   -0.2152842E+09
 249     -0.218125E+08    0.1389157E+08   -0.2571947E+09
 250     -0.866437E+09   -0.5623418E+07   -0.3029559E+09
 251     -0.200413E+10   -0.3173566E+07   -0.1792504E+09
 252     -0.345009E+10   -0.1937236E+07   -0.4299158E+08
 253     -0.161944E+10    0.1078439E+07    0.4281836E+08
 254     -0.122741E+10   -0.1260136E+08    0.1520040E+09
 255     -0.836280E+09   -0.2829888E+08    0.2566268E+09
 256     -0.471442E+09   -0.1503493E+08    0.2421228E+09
 257     -0.157805E+09    0.2674868E+07    0.2286188E+09
 258      0.107275E+09    0.5457738E+08    0.1736290E+09
 259      0.318210E+09    0.1068919E+09    0.1215958E+09
 260      0.486146E+09    0.1644149E+09    0.7656509E+08
 261      0.619447E+09    0.2206398E+09    0.3374474E+08
 262      0.721952E+09    0.2554374E+09    0.9151055E+07
 263      0.806583E+09    0.2889670E+09   -0.1437357E+08
 264      0.868034E+09    0.2877131E+09   -0.2898551E+08
 265      0.917452E+09    0.2850422E+09   -0.4334784E+08
 266      0.943035E+09    0.2485982E+09   -0.6543248E+08
 267      0.945112E+09    0.2112956E+09   -0.8736615E+08
 268      0.919385E+09    0.1565862E+09   -0.1319726E+09
 269      0.606674E+09    0.9880619E+08   -0.1850291E+09
 270      0.157864E+08    0.5068581E+08   -0.2385281E+09
 271     -0.891099E+09    0.5958425E+07   -0.2992017E+09
 272     -0.213504E+10    0.1016153E+07   -0.1823133E+09
 273     -0.374265E+10   -0.3293289E+07   -0.5016787E+08
 274     -0.183889E+10   -0.5996695E+07    0.5833947E+08
 275     -0.133024E+10   -0.1058607E+08    0.1571902E+09
 276     -0.856080E+09   -0.1893983E+08    0.2479556E+09
 277     -0.438556E+09    0.2095275E+08    0.2014113E+09
 278     -0.101512E+09    0.6713493E+08    0.1587304E+09
 279      0.164529E+09    0.1534294E+09    0.9313176E+08
 280      0.366081E+09    0.2400365E+09    0.3271274E+08
 281      0.517688E+09    0.3227685E+09   -0.7139471E+06
 282      0.636700E+09    0.4039026E+09   -0.3169770E+08
 283      0.725334E+09    0.4499911E+09   -0.3384663E+08
 284      0.802264E+09    0.4949700E+09   -0.3508200E+08
 285      0.859026E+09    0.4907913E+09   -0.2351202E+08
 286      0.912053E+09    0.4855481E+09   -0.1141657E+08
 287      0.945331E+09    0.4297253E+09   -0.1025232E+08
 288      0.965103E+09    0.3718396E+09   -0.9202678E+07
 289      0.956560E+09    0.2820673E+09   -0.4554181E+08
 290      0.676655E+09    0.1903764E+09   -0.9032737E+08
 291      0.835388E+08    0.1093588E+09   -0.1625412E+09
 292     -0.868914E+09    0.3061313E+08   -0.2469395E+09
 293     -0.223357E+10    0.8728929E+07   -0.1634892E+09
 294     -0.403673E+10   -0.1227505E+08   -0.6213609E+08
 295     -0.206145E+10    0.9467291E+05    0.7675941E+08
 296     -0.143566E+10   -0.8368674E+07    0.1644038E+09
 297     -0.883977E+09   -0.1211656E+08    0.2435032E+09
 298     -0.404286E+09    0.7232938E+08    0.1641583E+09
 299     -0.458896E+08    0.1611929E+09    0.9008483E+08
 300      0.225117E+09    0.2991362E+09    0.1308309E+08
 301      0.415545E+09    0.4321870E+09   -0.5756993E+08
 302      0.550370E+09    0.5458290E+09   -0.7896325E+08
 303      0.654224E+09    0.6561542E+09   -0.9804688E+08
 304      0.728450E+09    0.7144869E+09   -0.7719082E+08
 305      0.797410E+09    0.7720397E+09   -0.5564008E+08
 306      0.849505E+09    0.7657054E+09   -0.1721227E+08
 307      0.906525E+09    0.7589484E+09    0.2206523E+08
 308      0.948339E+09    0.6830662E+09    0.4704104E+08
 309      0.986688E+09    0.6040748E+09    0.7206249E+08
 310      0.998187E+09    0.4709278E+09    0.4214761E+08
 311      0.747498E+09    0.3306877E+09    0.3932480E+07
 312      0.154535E+09    0.1962696E+09   -0.8997402E+08
 313     -0.855514E+09    0.5903783E+08   -0.1987822E+09
 314     -0.233542E+10    0.1873728E+08   -0.1470292E+09
 315     -0.433956E+10   -0.1031817E+08   -0.7758450E+08
 316     -0.231546E+10   -0.2762444E+08    0.1036708E+09
 317     -0.148844E+10    0.2676256E+07    0.1437886E+09
 318     -0.811288E+09    0.2725323E+08    0.1633102E+09
 319     -0.299423E+09    0.1719995E+09    0.2465178E+08
 320      0.519518E+08    0.3283267E+09   -0.9461059E+08
 321      0.283446E+09    0.5182110E+09   -0.1633359E+09
 322      0.439103E+09    0.7040650E+09   -0.2226105E+09
 323      0.539671E+09    0.8425324E+09   -0.2109950E+09
 324      0.619401E+09    0.9785617E+09   -0.1986593E+09
 325      0.673823E+09    0.1045503E+10   -0.1418484E+09
 326      0.730462E+09    0.1112784E+10   -0.8509499E+08
 327      0.774879E+09    0.1104981E+10   -0.7904452E+07
 328      0.832587E+09    0.1098223E+10    0.7048768E+08
 329      0.882873E+09    0.1006312E+10    0.1403350E+09
 330      0.948267E+09    0.9123089E+09    0.2121810E+09
 331      0.998511E+09    0.7336831E+09    0.2185613E+09
 332      0.809086E+09    0.5485273E+09    0.2173155E+09
 333      0.263331E+09    0.3387129E+09    0.1068863E+09
 334     -0.739307E+09    0.1290928E+09   -0.3380522E+08
 335     -0.232437E+10    0.4308465E+08   -0.7688154E+08
 336     -0.457798E+10   -0.3821625E+08   -0.9421723E+08
 337     -0.260183E+10    0.2812220E+08    0.1554209E+09
 338     -0.154429E+10    0.1990684E+08    0.1310710E+09
 339     -0.770422E+09    0.6139477E+08    0.9486787E+08
 340     -0.172750E+09    0.3394346E+09   -0.1078010E+09
 341      0.155383E+09    0.5893745E+09   -0.2918838E+09
 342      0.346404E+09    0.8501500E+09   -0.3462851E+09
 343      0.463699E+09    0.1089880E+10   -0.3928205E+09
 344      0.528060E+09    0.1245148E+10   -0.3463385E+09
 345      0.583056E+09    0.1398604E+10   -0.3009280E+09
 346      0.617268E+09    0.1468665E+10   -0.2074006E+09
 347      0.661350E+09    0.1540561E+10   -0.1147032E+09
 348      0.697879E+09    0.1533908E+10    0.1973029E+07
 349      0.755724E+09    0.1530333E+10    0.1204023E+09
 350      0.815518E+09    0.1433136E+10    0.2375067E+09
 351      0.910812E+09    0.1336212E+10    0.3585018E+09
 352      0.100449E+10    0.1114348E+10    0.4030579E+09
 353      0.877828E+09    0.8726797E+09    0.4444188E+09
 354      0.393796E+09    0.5601791E+09    0.3009691E+09
 355     -0.644850E+09    0.2031184E+09    0.1230217E+09
 356     -0.231943E+10    0.7434611E+08   -0.1432439E+08
 357     -0.485302E+10    0.5079927E+07   -0.1322942E+09
 358     -0.283164E+10   -0.1222896E+09    0.1819578E+09
 359     -0.140502E+10    0.7233106E+08    0.5817735E+07
 360     -0.468523E+09    0.2594306E+09   -0.2242100E+09
 361     -0.962060E+07    0.6504211E+09   -0.4711063E+09
 362      0.221616E+09    0.1049766E+10   -0.6340716E+09
 363      0.332997E+09    0.1328465E+10   -0.6115661E+09
 364      0.403838E+09    0.1599686E+10   -0.5939402E+09
 365      0.435808E+09    0.1749759E+10   -0.4968398E+09
 366      0.469601E+09    0.1901817E+10   -0.4030532E+09
 367      0.488886E+09    0.1966306E+10   -0.2729161E+09
 368      0.520064E+09    0.2034130E+10   -0.1440302E+09
 369      0.546859E+09    0.2029234E+10    0.7769925E+07
 370      0.593985E+09    0.2029909E+10    0.1598764E+09
 371      0.646509E+09    0.1941449E+10    0.3309257E+09
 372      0.747609E+09    0.1858595E+10    0.5091641E+09
 373      0.876322E+09    0.1617832E+10    0.6514824E+09
 374      0.826694E+09    0.1365812E+10    0.8060812E+09
 375      0.481633E+09    0.9114638E+09    0.7347252E+09
 376     -0.321218E+09    0.4425563E+09    0.5790516E+09
 377     -0.201481E+10    0.1493320E+09    0.2022362E+09
 378     -0.485875E+10   -0.1309241E+09   -0.1317427E+09
 379     -0.369359E+10    0.2673274E+09    0.6285305E+09
 380     -0.110301E+10    0.2877046E+09   -0.4295828E+08
 381     -0.111130E+09    0.5557798E+09   -0.7244968E+09
 382      0.148384E+09    0.1297850E+10   -0.8946355E+09
 383      0.286957E+09    0.1783982E+10   -0.9918651E+09
 384      0.307761E+09    0.2024552E+10   -0.8891031E+09
 385      0.336824E+09    0.2272044E+10   -0.7963195E+09
 386      0.337629E+09    0.2385295E+10   -0.6484154E+09
 387      0.352238E+09    0.2506389E+10   -0.5044956E+09
 388      0.357810E+09    0.2553043E+10   -0.3380578E+09
 389      0.376723E+09    0.2604306E+10   -0.1730682E+09
 390      0.393844E+09    0.2601955E+10    0.1309836E+08
 391      0.429153E+09    0.2604297E+10    0.1974891E+09
 392      0.471041E+09    0.2550505E+10    0.4209306E+09
 393      0.568374E+09    0.2510317E+10    0.6568263E+09
 394      0.737627E+09    0.2307212E+10    0.9167074E+09
 395      0.774019E+09    0.2114988E+10    0.1196521E+10
 396      0.567582E+09    0.1578458E+10    0.1240278E+10
 397      0.658845E+08    0.7872608E+09    0.1205698E+10
 398     -0.153599E+10    0.3813430E+09    0.3475353E+09
 399     -0.552909E+10    0.2083061E+09   -0.5010947E+09
 400     -0.283635E+10   -0.4546231E+09   -0.1593314E+09
 401     -0.398909E+09    0.8288194E+09   -0.9059419E+09
 402     -0.933386E+08    0.2044996E+10   -0.1447405E+10
 403      0.956453E+08    0.2399626E+10   -0.1282017E+10
 404      0.140484E+09    0.2782829E+10   -0.1204729E+10
 405      0.152500E+09    0.2909393E+10   -0.1039470E+10
 406      0.165213E+09    0.3054233E+10   -0.8841433E+09
 407      0.165898E+09    0.3110034E+10   -0.7119224E+09
 408      0.173756E+09    0.3173108E+10   -0.5418161E+09
 409      0.177076E+09    0.3194147E+10   -0.3613913E+09
 410      0.187007E+09    0.3219212E+10   -0.1818257E+09
 411      0.195953E+09    0.3217019E+10    0.1541642E+08
 412      0.213157E+09    0.3217579E+10    0.2112350E+09
 413      0.234151E+09    0.3195684E+10    0.4452968E+09
 414      0.275281E+09    0.3196533E+10    0.6791704E+09
 415      0.385813E+09    0.3117955E+10    0.1027404E+10
 416      0.404680E+09    0.3043503E+10    0.1405783E+10
 417      0.331565E+09    0.2629157E+10    0.1682578E+10
 418      0.322713E+08    0.2212785E+10    0.2081137E+10
 419     -0.587948E+09    0.9222799E+09    0.1326424E+10
 420     -0.389132E+10   -0.4001050E+09    0.3535294E+09
 421     -0.132713E+10    0.4506576E+10   -0.1073211E+10
 422      0.129341E+09    0.4388762E+10   -0.1723237E+10
 423     -0.811900E+08    0.4226867E+10   -0.2006103E+10
 424      0.249085E+08    0.4082551E+10   -0.1602631E+10
 425     -0.746372E+07    0.4012887E+10   -0.1385059E+10
 426      0.158000E+07    0.3964134E+10   -0.1166258E+10
 427     -0.110952E+07    0.3930059E+10   -0.9606766E+09
 428      0.267073E+05    0.3907398E+10   -0.7669974E+09
 429      0.878734E+06    0.3889499E+10   -0.5746533E+09
 430      0.176432E+07    0.3877539E+10   -0.3816082E+09
 431      0.281400E+07    0.3868678E+10   -0.1890079E+09
 432      0.384756E+07    0.3863651E+10    0.1849229E+08
 433      0.440807E+07    0.3861885E+10    0.2252424E+09
 434      0.618320E+07    0.3863058E+10    0.4689731E+09
 435     -0.229482E+07    0.3834790E+10    0.6967398E+09
 436      0.409229E+08    0.3920955E+10    0.1117619E+10
 437      0.393039E+08    0.4105256E+10    0.1585131E+10
 438      0.826533E+08    0.4278691E+10    0.2068847E+10
 439     -0.149254E+08    0.4493792E+10    0.2818451E+10
 440      0.194320E+09    0.4224476E+10    0.2350493E+10
 441     -0.153610E+10    0.3865597E+10    0.1500095E+10
