   1     -0.167434E+09    0.7048934E+07    0.6305090E+06
   2     -0.235241E+09   -0.1789714E+08    0.1576711E+07
   3     -0.244327E+09   -0.4514324E+08    0.1710471E+07
   4     -0.210452E+09   -0.9320979E+08    0.1774488E+07
   5     -0.140457E+09   -0.1411349E+09    0.2312840E+07
   6     -0.504013E+08   -0.1869035E+09    0.1452969E+07
   7      0.503657E+08   -0.2319432E+09    0.1659507E+07
   8      0.140632E+09   -0.2592928E+09    0.3978253E+06
   9      0.228459E+09   -0.2842515E+09   -0.9609793E+06
  10      0.290447E+09   -0.2864027E+09   -0.6687876E+06
  11      0.332340E+09   -0.2886361E+09   -0.1137556E+07
  12      0.347642E+09   -0.2731824E+09   -0.4908297E+06
  13      0.333222E+09   -0.2591977E+09    0.1903716E+06
  14      0.285596E+09   -0.2275893E+09   -0.1127053E+07
  15      0.206472E+09   -0.1936134E+09   -0.2327213E+07
  16      0.936254E+08   -0.1485524E+09   -0.2137088E+07
  17     -0.404201E+08   -0.1047008E+09   -0.1069953E+07
  18     -0.197252E+09   -0.6705732E+08   -0.9330176E+06
  19     -0.341549E+09   -0.2719098E+08   -0.1191112E+07
  20     -0.471449E+09   -0.9436292E+07    0.1656530E+06
  21     -0.551965E+09    0.5818274E+07    0.1024248E+07
  22     -0.197021E+09    0.5449566E+07    0.3764405E+07
  23     -0.252876E+09   -0.1465945E+08    0.2168544E+08
  24     -0.252704E+09   -0.3704759E+08    0.3869257E+08
  25     -0.214891E+09   -0.7948025E+08    0.4197124E+08
  26     -0.138470E+09   -0.1208559E+09    0.4555161E+08
  27     -0.445880E+08   -0.1598008E+09    0.3964893E+08
  28      0.545114E+08   -0.1978405E+09    0.3491295E+08
  29      0.151809E+09   -0.2234725E+09    0.2547307E+08
  30      0.234537E+09   -0.2494394E+09    0.1633630E+08
  31      0.302625E+09   -0.2573847E+09    0.5806256E+07
  32      0.342698E+09   -0.2643339E+09   -0.5913039E+07
  33      0.356690E+09   -0.2486701E+09   -0.1523935E+08
  34      0.341038E+09   -0.2321222E+09   -0.2430137E+08
  35      0.291713E+09   -0.2016279E+09   -0.3046597E+08
  36      0.211026E+09   -0.1717309E+09   -0.3683519E+08
  37      0.948055E+08   -0.1358025E+09   -0.3820597E+08
  38     -0.426959E+08   -0.9897205E+08   -0.3915649E+08
  39     -0.201764E+09   -0.6494759E+08   -0.3426879E+08
  40     -0.350097E+09   -0.3111845E+08   -0.2997120E+08
  41     -0.484782E+09   -0.1299508E+08   -0.1645268E+08
  42     -0.575378E+09    0.4094080E+07   -0.2487428E+07
  43     -0.227804E+09    0.5632877E+07    0.5852024E+07
  44     -0.271260E+09   -0.9872021E+07    0.4114938E+08
  45     -0.261205E+09   -0.2756224E+08    0.7560780E+08
  46     -0.219116E+09   -0.6525554E+08    0.8200401E+08
  47     -0.136379E+09   -0.1018438E+09    0.8873241E+08
  48     -0.381130E+08   -0.1398397E+09    0.7833385E+08
  49      0.588333E+08   -0.1772822E+09    0.6820330E+08
  50      0.163294E+09   -0.2006434E+09    0.5041699E+08
  51      0.240517E+09   -0.2230137E+09    0.3302562E+08
  52      0.315523E+09   -0.2267369E+09    0.1181781E+08
  53      0.353869E+09   -0.2311336E+09   -0.1019161E+08
  54      0.365886E+09   -0.2227949E+09   -0.2930056E+08
  55      0.348946E+09   -0.2139151E+09   -0.4800053E+08
  56      0.297289E+09   -0.1887312E+09   -0.5938595E+08
  57      0.215968E+09   -0.1627998E+09   -0.7094531E+08
  58      0.954967E+08   -0.1291625E+09   -0.7380015E+08
  59     -0.440502E+08   -0.9564170E+08   -0.7701652E+08
  60     -0.206655E+09   -0.6110605E+08   -0.6814701E+08
  61     -0.358627E+09   -0.2515153E+08   -0.5941763E+08
  62     -0.497918E+09   -0.9171294E+07   -0.3306799E+08
  63     -0.601347E+09    0.4784001E+07   -0.5780396E+07
  64     -0.298124E+09    0.3969722E+07    0.7082748E+07
  65     -0.319627E+09   -0.1063970E+08    0.5507418E+08
  66     -0.290558E+09   -0.2667226E+08    0.1026396E+09
  67     -0.228958E+09   -0.5896591E+08    0.1129087E+09
  68     -0.134705E+09   -0.9065414E+08    0.1229171E+09
  69     -0.258252E+08   -0.1231279E+09    0.1104921E+09
  70      0.806452E+08   -0.1555763E+09    0.9759234E+08
  71      0.187145E+09   -0.1785389E+09    0.7230471E+08
  72      0.271075E+09   -0.2006261E+09    0.4683220E+08
  73      0.343463E+09   -0.2074118E+09    0.1785829E+08
  74      0.382722E+09   -0.2142445E+09   -0.1003796E+08
  75      0.392914E+09   -0.2061366E+09   -0.3686885E+08
  76      0.372442E+09   -0.1977659E+09   -0.6384861E+08
  77      0.315613E+09   -0.1739589E+09   -0.8268030E+08
  78      0.227293E+09   -0.1494143E+09   -0.1009411E+09
  79      0.100592E+09   -0.1156455E+09   -0.1057893E+09
  80     -0.469400E+08   -0.8146747E+08   -0.1109658E+09
  81     -0.220004E+09   -0.5175730E+08   -0.9771162E+08
  82     -0.383564E+09   -0.2187302E+08   -0.8502229E+08
  83     -0.537143E+09   -0.8095515E+07   -0.4547069E+08
  84     -0.663843E+09    0.4367480E+07   -0.5113325E+07
  85     -0.368526E+09    0.3774024E+07    0.9729090E+07
  86     -0.366951E+09   -0.1044867E+08    0.6976574E+08
  87     -0.320114E+09   -0.2555881E+08    0.1292330E+09
  88     -0.239243E+09   -0.5523501E+08    0.1439529E+09
  89     -0.132146E+09   -0.8567092E+08    0.1573972E+09
  90     -0.143044E+08   -0.1142794E+09    0.1415262E+09
  91      0.102327E+09   -0.1416645E+09    0.1267168E+09
  92      0.211292E+09   -0.1621392E+09    0.9453302E+08
  93      0.302296E+09   -0.1824054E+09    0.6177212E+08
  94      0.371058E+09   -0.1897032E+09    0.2472651E+08
  95      0.409541E+09   -0.1968007E+09   -0.1019642E+08
  96      0.420746E+09   -0.1885043E+09   -0.4521730E+08
  97      0.395819E+09   -0.1789138E+09   -0.8153362E+08
  98      0.334847E+09   -0.1555652E+09   -0.1067397E+09
  99      0.237320E+09   -0.1330738E+09   -0.1308401E+09
 100      0.106535E+09   -0.1048758E+09   -0.1379078E+09
 101     -0.513731E+08   -0.7582520E+08   -0.1454303E+09
 102     -0.233349E+09   -0.4663576E+08   -0.1269948E+09
 103     -0.408119E+09   -0.1730937E+08   -0.1095923E+09
 104     -0.577171E+09   -0.6243767E+07   -0.5738902E+08
 105     -0.723699E+09    0.3701903E+07   -0.4125147E+07
 106     -0.471406E+09    0.4164034E+07    0.1074606E+08
 107     -0.438518E+09   -0.8544661E+07    0.8255820E+08
 108     -0.362454E+09   -0.2307000E+08    0.1531999E+09
 109     -0.257245E+09   -0.5096489E+08    0.1699455E+09
 110     -0.128505E+09   -0.7772510E+08    0.1864745E+09
 111      0.326066E+07   -0.1053031E+09    0.1675074E+09
 112      0.130982E+09   -0.1322726E+09    0.1489072E+09
 113      0.248354E+09   -0.1491155E+09    0.1116732E+09
 114      0.343236E+09   -0.1661124E+09    0.7485667E+08
 115      0.414489E+09   -0.1728084E+09    0.3142091E+08
 116      0.451607E+09   -0.1786265E+09   -0.1201910E+08
 117      0.463183E+09   -0.1693819E+09   -0.5372395E+08
 118      0.432588E+09   -0.1608938E+09   -0.9536223E+08
 119      0.365031E+09   -0.1432488E+09   -0.1252584E+09
 120      0.256801E+09   -0.1245959E+09   -0.1549208E+09
 121      0.116579E+09   -0.9709843E+08   -0.1643399E+09
 122     -0.572539E+08   -0.6937740E+08   -0.1736767E+09
 123     -0.254538E+09   -0.4339860E+08   -0.1523288E+09
 124     -0.448919E+09   -0.1690855E+08   -0.1306287E+09
 125     -0.641973E+09   -0.5981940E+07   -0.6700880E+08
 126     -0.800671E+09    0.3669753E+07   -0.3315791E+07
 127     -0.571504E+09    0.3179159E+07    0.1173522E+08
 128     -0.510707E+09   -0.1024099E+08    0.9531469E+08
 129     -0.404215E+09   -0.2478472E+08    0.1774464E+09
 130     -0.274748E+09   -0.5023026E+08    0.1959094E+09
 131     -0.126714E+09   -0.7539656E+08    0.2153650E+09
 132      0.213345E+08   -0.9969827E+08    0.1943490E+09
 133      0.160723E+09   -0.1235758E+09    0.1718291E+09
 134      0.284851E+09   -0.1388238E+09    0.1288756E+09
 135      0.383982E+09   -0.1532933E+09    0.8727918E+08
 136      0.457790E+09   -0.1567390E+09    0.3753770E+08
 137      0.497211E+09   -0.1607450E+09   -0.1379887E+08
 138      0.504365E+09   -0.1551307E+09   -0.6213984E+08
 139      0.469381E+09   -0.1489985E+09   -0.1082850E+09
 140      0.394980E+09   -0.1323759E+09   -0.1436151E+09
 141      0.278297E+09   -0.1143352E+09   -0.1807873E+09
 142      0.125237E+09   -0.8831843E+08   -0.1915137E+09
 143     -0.633430E+08   -0.6422931E+08   -0.2002348E+09
 144     -0.274691E+09   -0.4440924E+08   -0.1765580E+09
 145     -0.491420E+09   -0.2308826E+08   -0.1518411E+09
 146     -0.706297E+09   -0.9919018E+07   -0.7754081E+08
 147     -0.877231E+09    0.2250388E+07   -0.4185093E+07
 148     -0.703319E+09    0.3194363E+07    0.1545118E+08
 149     -0.604209E+09   -0.1018663E+08    0.1084147E+09
 150     -0.457798E+09   -0.2509474E+08    0.1997681E+09
 151     -0.295060E+09   -0.5027032E+08    0.2190797E+09
 152     -0.124326E+09   -0.7444674E+08    0.2384682E+09
 153      0.452269E+08   -0.9353214E+08    0.2134815E+09
 154      0.199038E+09   -0.1122259E+09    0.1886442E+09
 155      0.330663E+09   -0.1249973E+09    0.1412978E+09
 156      0.437063E+09   -0.1374494E+09    0.9413960E+08
 157      0.511088E+09   -0.1393154E+09    0.3972031E+08
 158      0.553654E+09   -0.1411672E+09   -0.1411440E+08
 159      0.555559E+09   -0.1371972E+09   -0.6590434E+08
 160      0.516389E+09   -0.1329923E+09   -0.1174909E+09
 161      0.434774E+09   -0.1190962E+09   -0.1571736E+09
 162      0.310324E+09   -0.1061068E+09   -0.1976684E+09
 163      0.137710E+09   -0.8671807E+08   -0.2119319E+09
 164     -0.692924E+08   -0.6446412E+08   -0.2254200E+09
 165     -0.301011E+09   -0.3945443E+08   -0.1979712E+09
 166     -0.547431E+09   -0.1602831E+08   -0.1697499E+09
 167     -0.786948E+09   -0.6192360E+07   -0.8811257E+08
 168     -0.986885E+09    0.3144599E+07   -0.6482169E+07
 169     -0.836790E+09    0.2615578E+07    0.1970454E+08
 170     -0.696726E+09   -0.1179810E+08    0.1218278E+09
 171     -0.512017E+09   -0.2747506E+08    0.2223582E+09
 172     -0.315646E+09   -0.4927144E+08    0.2426050E+09
 173     -0.121333E+09   -0.7054592E+08    0.2625013E+09
 174      0.689868E+08   -0.8809977E+08    0.2335103E+09
 175      0.236255E+09   -0.1046656E+09    0.2053405E+09
 176      0.377286E+09   -0.1081553E+09    0.1530749E+09
 177      0.490524E+09   -0.1111099E+09    0.1011695E+09
 178      0.565041E+09   -0.1131258E+09    0.4288637E+08
 179      0.607915E+09   -0.1159232E+09   -0.1453353E+08
 180      0.607796E+09   -0.1128452E+09   -0.7008382E+08
 181      0.564417E+09   -0.1101220E+09   -0.1268311E+09
 182      0.474683E+09   -0.1014408E+09   -0.1713234E+09
 183      0.340143E+09   -0.9193719E+08   -0.2144294E+09
 184      0.151660E+09   -0.7563832E+08   -0.2326765E+09
 185     -0.747485E+08   -0.5910867E+08   -0.2521051E+09
 186     -0.329799E+09   -0.4025421E+08   -0.2201910E+09
 187     -0.601720E+09   -0.2055995E+08   -0.1879124E+09
 188     -0.867558E+09   -0.8171009E+07   -0.9831919E+08
 189     -0.109599E+10    0.2945453E+07   -0.7704287E+07
 190     -0.100912E+10    0.2888001E+07    0.2428204E+08
 191     -0.806413E+09   -0.1055883E+08    0.1349673E+09
 192     -0.574479E+09   -0.2592423E+08    0.2433830E+09
 193     -0.335218E+09   -0.4607961E+08    0.2603698E+09
 194     -0.109985E+09   -0.6455731E+08    0.2768286E+09
 195      0.100764E+09   -0.7164771E+08    0.2418147E+09
 196      0.281240E+09   -0.7784292E+08    0.2081460E+09
 197      0.431179E+09   -0.7834029E+08    0.1534051E+09
 198      0.545905E+09   -0.7924792E+08    0.1001364E+09
 199      0.623342E+09   -0.7764090E+08    0.4247443E+08
 200      0.665854E+09   -0.7595343E+08   -0.1533183E+08
 201      0.663874E+09   -0.7440941E+08   -0.7096454E+08
 202      0.618807E+09   -0.7335877E+08   -0.1268186E+09
 203      0.521039E+09   -0.7216446E+08   -0.1729673E+09
 204      0.374984E+09   -0.7097061E+08   -0.2190191E+09
 205      0.175150E+09   -0.6306368E+08   -0.2412668E+09
 206     -0.741208E+08   -0.5517833E+08   -0.2641924E+09
 207     -0.359609E+09   -0.3909858E+08   -0.2365228E+09
 208     -0.663409E+09   -0.2039843E+08   -0.2079080E+09
 209     -0.965121E+09   -0.7618272E+07   -0.1092645E+09
 210     -0.123684E+10    0.2931361E+07   -0.9880592E+07
 211     -0.117940E+10    0.2830250E+07    0.2852370E+08
 212     -0.917021E+09   -0.1230882E+08    0.1485805E+09
 213     -0.636421E+09   -0.2965977E+08    0.2654274E+09
 214     -0.355709E+09   -0.4262982E+08    0.2787661E+09
 215     -0.979895E+08   -0.5309323E+08    0.2916427E+09
 216      0.132284E+09   -0.5053547E+08    0.2505534E+09
 217      0.326687E+09   -0.4711492E+08    0.2120759E+09
 218      0.485170E+09   -0.3601577E+08    0.1553206E+09
 219      0.602519E+09   -0.2459540E+08    0.9931501E+08
 220      0.682359E+09   -0.1603206E+08    0.4126006E+08
 221      0.724842E+09   -0.9688573E+07   -0.1560123E+08
 222      0.721071E+09   -0.1549597E+08   -0.7135246E+08
 223      0.672842E+09   -0.2107458E+08   -0.1272406E+09
 224      0.567728E+09   -0.3045061E+08   -0.1748409E+09
 225      0.411029E+09   -0.4099192E+08   -0.2233357E+09
 226      0.197596E+09   -0.4452521E+08   -0.2506339E+09
 227     -0.737072E+08   -0.4484144E+08   -0.2793541E+09
 228     -0.389371E+09   -0.3076004E+08   -0.2543351E+09
 229     -0.726796E+09   -0.1675857E+08   -0.2277631E+09
 230     -0.106261E+10   -0.5892492E+07   -0.1199292E+09
 231     -0.137834E+10    0.3579780E+07   -0.1088850E+08
 232     -0.138502E+10    0.2349048E+06    0.3696722E+08
 233     -0.104200E+10   -0.1204107E+08    0.1605009E+09
 234     -0.694071E+09   -0.2668160E+08    0.2798093E+09
 235     -0.363344E+09   -0.3092320E+08    0.2807172E+09
 236     -0.707449E+08   -0.3224136E+08    0.2821045E+09
 237      0.175720E+09   -0.1268049E+08    0.2329789E+09
 238      0.378010E+09    0.8077734E+07    0.1867361E+09
 239      0.537873E+09    0.3463360E+08    0.1322323E+09
 240      0.654958E+09    0.6035929E+08    0.7940790E+08
 241      0.730729E+09    0.7109108E+08    0.3159711E+08
 242      0.772862E+09    0.8132442E+08   -0.1557486E+08
 243      0.768793E+09    0.7246457E+08   -0.6105400E+08
 244      0.719481E+09    0.6136618E+08   -0.1063903E+09
 245      0.614877E+09    0.3654069E+08   -0.1517477E+09
 246      0.454699E+09    0.1217513E+08   -0.1984181E+09
 247      0.232282E+09   -0.6729206E+07   -0.2332091E+09
 248     -0.565466E+08   -0.2617317E+08   -0.2697831E+09
 249     -0.404944E+09   -0.2625275E+08   -0.2569111E+09
 250     -0.785282E+09   -0.2086006E+08   -0.2434668E+09
 251     -0.117876E+10   -0.7428512E+07   -0.1296087E+09
 252     -0.154455E+10    0.2236298E+07   -0.1313522E+08
 253     -0.159293E+10    0.1085859E+07    0.4649292E+08
 254     -0.116738E+10   -0.1315825E+08    0.1737926E+09
 255     -0.754329E+09   -0.2924023E+08    0.2961890E+09
 256     -0.371120E+09   -0.1665968E+08    0.2844843E+09
 257     -0.451735E+08    0.5055490E+06    0.2738142E+09
 258      0.219995E+09    0.4744906E+08    0.2161939E+09
 259      0.430281E+09    0.9450751E+08    0.1618740E+09
 260      0.592069E+09    0.1403908E+09    0.1094692E+09
 261      0.706920E+09    0.1848389E+09    0.6013310E+08
 262      0.779743E+09    0.2048774E+09    0.2250669E+08
 263      0.822870E+09    0.2228043E+09   -0.1575479E+08
 264      0.816193E+09    0.2068236E+09   -0.5104921E+08
 265      0.767764E+09    0.1904503E+09   -0.8587601E+08
 266      0.663224E+09    0.1480787E+09   -0.1287159E+09
 267      0.499691E+09    0.1026770E+09   -0.1734099E+09
 268      0.268162E+09    0.5571763E+08   -0.2163455E+09
 269     -0.419805E+08    0.1079425E+08   -0.2601962E+09
 270     -0.420106E+09   -0.5175391E+07   -0.2604128E+09
 271     -0.846388E+09   -0.1805183E+08   -0.2608444E+09
 272     -0.129709E+10   -0.7732837E+07   -0.1403838E+09
 273     -0.171004E+10    0.1121541E+07   -0.1688545E+08
 274     -0.183414E+10   -0.6078348E+07    0.5977769E+08
 275     -0.128908E+10   -0.7680669E+07    0.1766795E+09
 276     -0.786719E+09   -0.1244287E+08    0.2857592E+09
 277     -0.344322E+09    0.2605513E+08    0.2455483E+09
 278      0.941004E+07    0.7005806E+08    0.2085633E+09
 279      0.276752E+09    0.1488408E+09    0.1427304E+09
 280      0.480199E+09    0.2285346E+09    0.8273124E+08
 281      0.626417E+09    0.2973417E+09    0.4664041E+08
 282      0.731770E+09    0.3635503E+09    0.1312544E+08
 283      0.795508E+09    0.3894511E+09   -0.9958232E+06
 284      0.837343E+09    0.4141833E+09   -0.1420975E+08
 285      0.829909E+09    0.3887755E+09   -0.2529104E+08
 286      0.790536E+09    0.3616025E+09   -0.3685922E+08
 287      0.693831E+09    0.2961997E+09   -0.6451545E+08
 288      0.542901E+09    0.2295592E+09   -0.9375948E+08
 289      0.316693E+09    0.1511504E+09   -0.1412977E+09
 290      0.439786E+07    0.7224901E+08   -0.1935891E+09
 291     -0.395299E+09    0.2901084E+08   -0.2215380E+09
 292     -0.878554E+09   -0.7214783E+07   -0.2507845E+09
 293     -0.141282E+10   -0.3485440E+07   -0.1423123E+09
 294     -0.191643E+10   -0.3650949E+07   -0.2683826E+08
 295     -0.207589E+10   -0.6254357E+06    0.7583208E+08
 296     -0.141414E+10   -0.6723509E+07    0.1811216E+09
 297     -0.827784E+09   -0.6923968E+07    0.2788185E+09
 298     -0.316593E+09    0.7910276E+08    0.2104266E+09
 299      0.636406E+08    0.1678467E+09    0.1459338E+09
 300      0.337269E+09    0.2986248E+09    0.7050696E+08
 301      0.531611E+09    0.4254250E+09    0.2613777E+07
 302      0.661185E+09    0.5244096E+09   -0.1664425E+08
 303      0.758375E+09    0.6197510E+09   -0.3419188E+08
 304      0.811370E+09    0.6542668E+09   -0.2377257E+08
 305      0.850377E+09    0.6868364E+09   -0.1172068E+08
 306      0.844865E+09    0.6538487E+09    0.1625887E+07
 307      0.813554E+09    0.6201540E+09    0.1447957E+08
 308      0.726203E+09    0.5243139E+09    0.1871768E+07
 309      0.588377E+09    0.4244126E+09   -0.1284542E+08
 310      0.367624E+09    0.3001256E+09   -0.6689973E+08
 311      0.545114E+08    0.1723866E+09   -0.1280832E+09
 312     -0.370928E+09    0.8478325E+08   -0.1859201E+09
 313     -0.918108E+09    0.8584922E+06   -0.2447438E+09
 314     -0.153153E+10   -0.2214158E+07   -0.1460391E+09
 315     -0.212645E+10   -0.7608645E+06   -0.3875790E+08
 316     -0.233271E+10   -0.2886907E+08    0.1029400E+09
 317     -0.148443E+10    0.4143778E+07    0.1574226E+09
 318     -0.770693E+09    0.3233104E+08    0.1918435E+09
 319     -0.226637E+09    0.1819116E+09    0.6717990E+08
 320      0.152373E+09    0.3427172E+09   -0.3901322E+08
 321      0.389161E+09    0.5289209E+09   -0.1011251E+09
 322      0.546166E+09    0.7102190E+09   -0.1524146E+09
 323      0.643810E+09    0.8340246E+09   -0.1336751E+09
 324      0.721608E+09    0.9556381E+09   -0.1140181E+09
 325      0.762342E+09    0.9962131E+09   -0.6116437E+08
 326      0.796578E+09    0.1036571E+10   -0.8673730E+07
 327      0.794858E+09    0.9935413E+09    0.4587846E+08
 328      0.775510E+09    0.9495113E+09    0.1006499E+09
 329      0.707829E+09    0.8269758E+09    0.1245777E+09
 330      0.599923E+09    0.7015622E+09    0.1484755E+09
 331      0.414084E+09    0.5217574E+09    0.1069276E+09
 332      0.139892E+09    0.3382476E+09    0.5753746E+08
 333     -0.274461E+09    0.1826570E+09   -0.4322913E+08
 334     -0.855479E+09    0.3976163E+08   -0.1609987E+09
 335     -0.159348E+10    0.1161486E+08   -0.1209750E+09
 336     -0.237607E+10   -0.2218408E+08   -0.5843471E+08
 337     -0.262348E+10    0.2608768E+08    0.1554589E+09
 338     -0.155764E+10    0.2182340E+08    0.1418869E+09
 339     -0.745944E+09    0.6861996E+08    0.1168417E+09
 340     -0.115425E+09    0.3577421E+09   -0.6896161E+08
 341      0.246566E+09    0.6175104E+09   -0.2366033E+09
 342      0.444969E+09    0.8791886E+09   -0.2789283E+09
 343      0.561205E+09    0.1120685E+10   -0.3122307E+09
 344      0.626021E+09    0.1264338E+10   -0.2525054E+09
 345      0.681404E+09    0.1404719E+10   -0.1931004E+09
 346      0.711762E+09    0.1447528E+10   -0.9766194E+08
 347      0.741600E+09    0.1491982E+10   -0.3656684E+07
 348      0.742419E+09    0.1442670E+10    0.9331998E+08
 349      0.737641E+09    0.1394809E+10    0.1902573E+09
 350      0.689087E+09    0.1249772E+10    0.2518684E+09
 351      0.612034E+09    0.1102403E+10    0.3161498E+09
 352      0.467612E+09    0.8625444E+09    0.2891292E+09
 353      0.228720E+09    0.6042303E+09    0.2553904E+09
 354     -0.156261E+09    0.3561210E+09    0.9264156E+08
 355     -0.820023E+09    0.8352679E+08   -0.8857581E+08
 356     -0.166101E+10    0.2928238E+08   -0.1033698E+09
 357     -0.265819E+10    0.1928994E+08   -0.9752196E+08
 358     -0.284762E+10   -0.1251476E+09    0.1828006E+09
 359     -0.142543E+10    0.7650382E+08    0.1044701E+08
 360     -0.455500E+09    0.2717934E+09   -0.2165922E+09
 361      0.284033E+08    0.6793172E+09   -0.4471707E+09
 362      0.289064E+09    0.1094875E+10   -0.5917322E+09
 363      0.414655E+09    0.1381780E+10   -0.5504393E+09
 364      0.478425E+09    0.1660337E+10   -0.5140602E+09
 365      0.512764E+09    0.1804258E+10   -0.3952149E+09
 366      0.550939E+09    0.1950514E+10   -0.2800991E+09
 367      0.572513E+09    0.1992093E+10   -0.1382130E+09
 368      0.597975E+09    0.2035884E+10    0.3417529E+07
 369      0.601985E+09    0.1984779E+10    0.1466778E+09
 370      0.605735E+09    0.1936847E+10    0.2910216E+09
 371      0.575730E+09    0.1782601E+10    0.4101052E+09
 372      0.530621E+09    0.1629445E+10    0.5321090E+09
 373      0.439973E+09    0.1349382E+10    0.5716269E+09
 374      0.285163E+09    0.1060711E+10    0.6149123E+09
 375      0.427499E+07    0.6615763E+09    0.4668154E+09
 376     -0.522240E+09    0.2703117E+09    0.2433996E+09
 377     -0.151150E+10    0.8421234E+08    0.3199351E+08
 378     -0.289622E+10   -0.1043943E+09   -0.1159578E+09
 379     -0.370221E+10    0.2640484E+09    0.6337276E+09
 380     -0.112980E+10    0.2919232E+09   -0.4484041E+08
 381     -0.109443E+09    0.5691859E+09   -0.7336015E+09
 382      0.166431E+09    0.1335261E+10   -0.8878588E+09
 383      0.326392E+09    0.1845220E+10   -0.9652102E+09
 384      0.372048E+09    0.2101456E+10   -0.8336301E+09
 385      0.386301E+09    0.2363192E+10   -0.7133504E+09
 386      0.391038E+09    0.2481380E+10   -0.5354804E+09
 387      0.417441E+09    0.2608294E+10   -0.3629408E+09
 388      0.429106E+09    0.2646751E+10   -0.1746129E+09
 389      0.452565E+09    0.2690792E+10    0.1398388E+08
 390      0.460310E+09    0.2650029E+10    0.2041594E+09
 391      0.470536E+09    0.2611789E+10    0.3957922E+09
 392      0.458295E+09    0.2473482E+10    0.5731202E+09
 393      0.445393E+09    0.2341383E+10    0.7534250E+09
 394      0.402787E+09    0.2060545E+10    0.8692356E+09
 395      0.346275E+09    0.1784905E+10    0.9937677E+09
 396      0.163285E+09    0.1276895E+10    0.9021383E+09
 397     -0.156671E+09    0.5514959E+09    0.7287415E+09
 398     -0.121834E+10    0.2795101E+09    0.9499220E+08
 399     -0.374328E+10    0.2166286E+09   -0.4767625E+09
 400     -0.283833E+10   -0.4587467E+09   -0.1559567E+09
 401     -0.415629E+09    0.8366137E+09   -0.9148975E+09
 402     -0.950271E+08    0.2063597E+10   -0.1467256E+10
 403      0.101508E+09    0.2434479E+10   -0.1292032E+10
 404      0.153796E+09    0.2837262E+10   -0.1203740E+10
 405      0.184072E+09    0.2992367E+10   -0.1007538E+10
 406      0.186120E+09    0.3161518E+10   -0.8217172E+09
 407      0.189973E+09    0.3241750E+10   -0.6225971E+09
 408      0.207138E+09    0.3333364E+10   -0.4246730E+09
 409      0.214091E+09    0.3373209E+10   -0.2102098E+09
 410      0.229834E+09    0.3416414E+10    0.4478165E+07
 411      0.235277E+09    0.3395980E+10    0.2312056E+09
 412      0.243101E+09    0.3377872E+10    0.4586520E+09
 413      0.237478E+09    0.3277488E+10    0.6813082E+09
 414      0.233376E+09    0.3182949E+10    0.9052810E+09
 415      0.215612E+09    0.2972042E+10    0.1096582E+10
 416      0.188493E+09    0.2773894E+10    0.1297936E+10
 417      0.121830E+09    0.2328594E+10    0.1372284E+10
 418     -0.857497E+08    0.1883120E+10    0.1532903E+10
 419     -0.445804E+09    0.7530497E+09    0.9413655E+09
 420     -0.286204E+10   -0.3981951E+09    0.2233765E+09
 421     -0.132300E+10    0.4532261E+10   -0.1063349E+10
 422      0.122244E+09    0.4414443E+10   -0.1733481E+10
 423     -0.856319E+08    0.4250211E+10   -0.2033330E+10
 424      0.196978E+08    0.4100701E+10   -0.1625982E+10
 425     -0.158213E+08    0.4019726E+10   -0.1407286E+10
 426      0.105602E+07    0.3987294E+10   -0.1157905E+10
 427     -0.672705E+07    0.3985223E+10   -0.9207726E+09
 428     -0.348047E+07    0.4045937E+10   -0.7030267E+09
 429      0.201333E+07    0.4104969E+10   -0.4836063E+09
 430      0.481821E+07    0.4157184E+10   -0.2437297E+09
 431      0.111560E+08    0.4212366E+10   -0.3476496E+07
 432      0.142365E+08    0.4228071E+10    0.2581251E+09
 433      0.198595E+08    0.4244816E+10    0.5207141E+09
 434      0.213178E+08    0.4205625E+10    0.7863722E+09
 435      0.247608E+08    0.4169764E+10    0.1051709E+10
 436      0.314863E+08    0.4089084E+10    0.1309061E+10
 437      0.256167E+08    0.4018342E+10    0.1580435E+10
 438      0.635304E+08    0.3924633E+10    0.1797027E+10
 439     -0.379331E+08    0.3915394E+10    0.2209565E+10
 440      0.184627E+09    0.3797800E+10    0.1845696E+10
 441     -0.134574E+10    0.3605628E+10    0.1214400E+10
