   1      0.767113E+09   -0.4816738E+07   -0.1412918E+07
   2      0.701663E+09    0.1631950E+08   -0.3664065E+07
   3      0.562246E+09    0.3937428E+08   -0.5164625E+07
   4      0.374637E+09    0.7125296E+08   -0.5822916E+07
   5      0.145785E+09    0.1053674E+09   -0.7856193E+07
   6     -0.100107E+09    0.1249538E+09   -0.6363562E+07
   7     -0.343114E+09    0.1458404E+09   -0.6620440E+07
   8     -0.573567E+09    0.1053615E+09   -0.1091334E+07
   9     -0.775823E+09    0.3946030E+08    0.1785465E+08
  10     -0.680563E+09   -0.7603608E+08    0.1604581E+08
  11     -0.501840E+09   -0.1621388E+09    0.1468502E+07
  12     -0.353513E+09   -0.1567827E+09    0.1650988E+06
  13     -0.232775E+09   -0.1601149E+09    0.4286122E+06
  14     -0.124087E+09   -0.1431674E+09    0.2062381E+06
  15     -0.288506E+08   -0.1258527E+09    0.1831258E+06
  16      0.616728E+08   -0.9857033E+08    0.1923894E+06
  17      0.150203E+09   -0.7111460E+08    0.2068735E+06
  18      0.242449E+09   -0.4606540E+08    0.3695756E+06
  19      0.344084E+09   -0.2122252E+08    0.1798713E+06
  20      0.457295E+09   -0.8414783E+07   -0.1325419E+06
  21      0.622822E+09    0.3461766E+07   -0.7103763E+05
  22      0.789697E+09   -0.1714858E+07   -0.4507185E+07
  23      0.709047E+09    0.6864194E+07   -0.1283256E+08
  24      0.564794E+09    0.1714754E+08   -0.2054916E+08
  25      0.372518E+09    0.3041642E+08   -0.1778641E+08
  26      0.139042E+09    0.4324366E+08   -0.1623498E+08
  27     -0.114846E+09    0.3930671E+08   -0.1775833E+07
  28     -0.368427E+09    0.3651443E+08    0.1498319E+08
  29     -0.613450E+09   -0.1604600E+08    0.5173828E+08
  30     -0.777485E+09   -0.7804620E+08    0.8693716E+08
  31     -0.642156E+09   -0.1185144E+09    0.5394700E+08
  32     -0.481006E+09   -0.1517282E+09    0.1999846E+08
  33     -0.339804E+09   -0.1573666E+09    0.5168407E+07
  34     -0.222057E+09   -0.1618992E+09   -0.8711557E+07
  35     -0.116321E+09   -0.1442543E+09   -0.1636923E+08
  36     -0.237776E+08   -0.1269456E+09   -0.2422605E+08
  37      0.637958E+08   -0.9957971E+08   -0.2639958E+08
  38      0.149254E+09   -0.7217273E+08   -0.2853817E+08
  39      0.238200E+09   -0.4654774E+08   -0.2440959E+08
  40      0.337511E+09   -0.2116645E+08   -0.2053459E+08
  41      0.448936E+09   -0.8791586E+07   -0.1171277E+08
  42      0.604816E+09    0.2797906E+07   -0.2633836E+07
  43      0.816426E+09   -0.5053990E+06   -0.7096267E+07
  44      0.717705E+09    0.5331583E+06   -0.2142078E+08
  45      0.568394E+09    0.2432127E+07   -0.3503377E+08
  46      0.371165E+09   -0.2941770E+06   -0.2877274E+08
  47      0.132577E+09   -0.1935790E+07   -0.2397410E+08
  48     -0.129547E+09   -0.2060221E+08    0.3443616E+07
  49     -0.395025E+09   -0.4317360E+08    0.3676293E+08
  50     -0.664611E+09   -0.8828909E+08    0.1049670E+09
  51     -0.772570E+09   -0.1331991E+09    0.1534543E+09
  52     -0.601436E+09   -0.1527701E+09    0.8850578E+08
  53     -0.458401E+09   -0.1712285E+09    0.3835470E+08
  54     -0.325146E+09   -0.1716787E+09    0.1029432E+08
  55     -0.211007E+09   -0.1711427E+09   -0.1762090E+08
  56     -0.108411E+09   -0.1522437E+09   -0.3284778E+08
  57     -0.187040E+08   -0.1329172E+09   -0.4854055E+08
  58      0.658902E+08   -0.1038828E+09   -0.5290833E+08
  59      0.148230E+09   -0.7467951E+08   -0.5721443E+08
  60      0.233975E+09   -0.4696243E+08   -0.4920879E+08
  61      0.330895E+09   -0.1884906E+08   -0.4134681E+08
  62      0.441231E+09   -0.6663313E+07   -0.2299550E+08
  63      0.585704E+09    0.4087777E+07   -0.4499371E+07
  64      0.843970E+09    0.8949535E+06   -0.5383926E+07
  65      0.730290E+09   -0.3319032E+07   -0.1643889E+08
  66      0.568507E+09   -0.6527344E+07   -0.2736483E+08
  67      0.358247E+09   -0.1996001E+08   -0.1353611E+08
  68      0.109150E+09   -0.3406057E+08   -0.6380605E+06
  69     -0.170292E+09   -0.6980388E+08    0.3934033E+08
  70     -0.452232E+09   -0.1117539E+09    0.8921443E+08
  71     -0.726235E+09   -0.1490988E+09    0.1379033E+09
  72     -0.699873E+09   -0.1779898E+09    0.1615397E+09
  73     -0.548298E+09   -0.1832667E+09    0.9351139E+08
  74     -0.412447E+09   -0.1918663E+09    0.4177118E+08
  75     -0.288067E+09   -0.1874497E+09    0.5719420E+07
  76     -0.181146E+09   -0.1823290E+09   -0.3070679E+08
  77     -0.858479E+08   -0.1616606E+09   -0.5320633E+08
  78     -0.377091E+07   -0.1404754E+09   -0.7587594E+08
  79      0.723752E+08   -0.1100435E+09   -0.8259588E+08
  80      0.145540E+09   -0.7934475E+08   -0.8920780E+08
  81      0.221821E+09   -0.5045868E+08   -0.7723405E+08
  82      0.309204E+09   -0.2147261E+08   -0.6518728E+08
  83      0.411564E+09   -0.8253186E+07   -0.3471975E+08
  84      0.542317E+09    0.3799401E+07   -0.4248388E+07
  85      0.866996E+09    0.3245326E+07   -0.4235772E+07
  86      0.743375E+09   -0.6799464E+07   -0.1141115E+08
  87      0.568708E+09   -0.1772867E+08   -0.1933410E+08
  88      0.344514E+09   -0.4196228E+08    0.1003856E+07
  89      0.846011E+08   -0.6341035E+08    0.2142991E+08
  90     -0.212395E+09   -0.1052809E+09    0.7611353E+08
  91     -0.511415E+09   -0.1610331E+09    0.1476660E+09
  92     -0.775538E+09   -0.2033903E+09    0.1703898E+09
  93     -0.634974E+09   -0.2242270E+09    0.1653239E+09
  94     -0.497265E+09   -0.2130030E+09    0.9969460E+08
  95     -0.368429E+09   -0.2138409E+09    0.4527698E+08
  96     -0.251733E+09   -0.2071971E+09    0.5550022E+06
  97     -0.151534E+09   -0.1984657E+09   -0.4420750E+08
  98     -0.633864E+08   -0.1753859E+09   -0.7381756E+08
  99      0.111056E+08   -0.1516719E+09   -0.1034083E+09
 100      0.788082E+08   -0.1187717E+09   -0.1124418E+09
 101      0.142879E+09   -0.8544943E+08   -0.1213163E+09
 102      0.209641E+09   -0.5405387E+08   -0.1052178E+09
 103      0.287801E+09   -0.2229542E+08   -0.8886517E+08
 104      0.381277E+09   -0.8169844E+07   -0.4656795E+08
 105      0.501311E+09    0.4439571E+07   -0.4364713E+07
 106      0.872565E+09    0.4349229E+07   -0.5837206E+07
 107      0.739385E+09   -0.6075099E+07    0.1071060E+06
 108      0.554385E+09   -0.1722868E+08    0.5682292E+07
 109      0.316744E+09   -0.5111762E+08    0.3379293E+08
 110      0.396542E+08   -0.8545801E+08    0.6184800E+08
 111     -0.272390E+09   -0.1309564E+09    0.1219712E+09
 112     -0.601009E+09   -0.1789368E+09    0.2016029E+09
 113     -0.739955E+09   -0.2077299E+09    0.1961951E+09
 114     -0.583615E+09   -0.2311043E+09    0.1640094E+09
 115     -0.440117E+09   -0.2313438E+09    0.9979955E+08
 116     -0.312739E+09   -0.2339296E+09    0.4224435E+08
 117     -0.200010E+09   -0.2235660E+09   -0.1027157E+08
 118     -0.106639E+09   -0.2128410E+09   -0.6236454E+08
 119     -0.276023E+08   -0.1879316E+09   -0.9860639E+08
 120      0.355902E+08   -0.1625307E+09   -0.1347964E+09
 121      0.899363E+08   -0.1279738E+09   -0.1464429E+09
 122      0.138690E+09   -0.9294674E+08   -0.1579006E+09
 123      0.188754E+09   -0.5978023E+08   -0.1374118E+09
 124      0.249587E+09   -0.2647646E+08   -0.1164107E+09
 125      0.325690E+09   -0.1054140E+08   -0.6109454E+08
 126      0.432046E+09    0.4096391E+07   -0.5957519E+07
 127      0.880408E+09    0.3662059E+07   -0.6151551E+07
 128      0.734027E+09   -0.1161084E+08    0.1126888E+08
 129      0.539637E+09   -0.2694601E+08    0.2849343E+08
 130      0.288930E+09   -0.6274988E+08    0.6619453E+08
 131     -0.439417E+07   -0.1002884E+09    0.1033948E+09
 132     -0.331889E+09   -0.1483006E+09    0.1659025E+09
 133     -0.693162E+09   -0.1972358E+09    0.2484619E+09
 134     -0.701688E+09   -0.2233849E+09    0.2225681E+09
 135     -0.532019E+09   -0.2458907E+09    0.1709697E+09
 136     -0.383455E+09   -0.2478556E+09    0.1023042E+09
 137     -0.257099E+09   -0.2511716E+09    0.3905316E+08
 138     -0.148429E+09   -0.2394755E+09   -0.2088143E+08
 139     -0.618368E+08   -0.2275336E+09   -0.8064642E+08
 140      0.812631E+07   -0.2011772E+09   -0.1235813E+09
 141      0.600073E+08   -0.1743584E+09   -0.1664440E+09
 142      0.100949E+09   -0.1377585E+09   -0.1806820E+09
 143      0.134339E+09   -0.1005627E+09   -0.1947007E+09
 144      0.167693E+09   -0.6446682E+08   -0.1697709E+09
 145      0.211183E+09   -0.2759994E+08   -0.1441924E+09
 146      0.270402E+09   -0.1005310E+08   -0.7565904E+08
 147      0.362433E+09    0.5506456E+07   -0.7277405E+07
 148      0.854474E+09    0.5319893E+07   -0.4427197E+07
 149      0.702621E+09   -0.1112988E+08    0.2822027E+08
 150      0.500238E+09   -0.2885543E+08    0.6115328E+08
 151      0.242115E+09   -0.7355784E+08    0.1086495E+09
 152     -0.552873E+08   -0.1197733E+09    0.1567678E+09
 153     -0.392138E+09   -0.1717605E+09    0.2149092E+09
 154     -0.738814E+09   -0.2214800E+09    0.2825651E+09
 155     -0.635811E+09   -0.2384504E+09    0.2399970E+09
 156     -0.465153E+09   -0.2548668E+09    0.1816564E+09
 157     -0.313344E+09   -0.2575239E+09    0.1056907E+09
 158     -0.186857E+09   -0.2604308E+09    0.3418577E+08
 159     -0.818678E+08   -0.2480430E+09   -0.3321240E+08
 160     -0.240507E+07   -0.2355357E+09   -0.1005205E+09
 161      0.569357E+08   -0.2090085E+09   -0.1500218E+09
 162      0.946998E+08   -0.1821335E+09   -0.1995532E+09
 163      0.117882E+09   -0.1451883E+09   -0.2173125E+09
 164      0.129676E+09   -0.1075826E+09   -0.2349284E+09
 165      0.138310E+09   -0.7009804E+08   -0.2063778E+09
 166      0.154726E+09   -0.3204196E+08   -0.1770840E+09
 167      0.186388E+09   -0.1274045E+08   -0.9325197E+08
 168      0.253241E+09    0.4808383E+07   -0.9369748E+07
 169      0.828404E+09    0.7682550E+07   -0.4985355E+07
 170      0.670963E+09   -0.1232274E+08    0.4509248E+08
 171      0.460231E+09   -0.3545451E+08    0.9568780E+08
 172      0.195076E+09   -0.8123602E+08    0.1510503E+09
 173     -0.106501E+09   -0.1241221E+09    0.2090988E+09
 174     -0.452544E+09   -0.1786730E+09    0.2667522E+09
 175     -0.775686E+09   -0.2349880E+09    0.3193818E+09
 176     -0.574029E+09   -0.2481154E+09    0.2557799E+09
 177     -0.397670E+09   -0.2594663E+09    0.1909570E+09
 178     -0.242452E+09   -0.2612005E+09    0.1091737E+09
 179     -0.115964E+09   -0.2627555E+09    0.2959469E+08
 180     -0.148567E+08   -0.2499255E+09   -0.4551102E+08
 181      0.574153E+08   -0.2372190E+09   -0.1205545E+09
 182      0.105994E+09   -0.2117720E+09   -0.1767445E+09
 183      0.129482E+09   -0.1860825E+09   -0.2330720E+09
 184      0.134742E+09   -0.1497968E+09   -0.2543731E+09
 185      0.124779E+09   -0.1126511E+09   -0.2756151E+09
 186      0.108615E+09   -0.7349974E+08   -0.2433247E+09
 187      0.979916E+08   -0.3287883E+08   -0.2101920E+09
 188      0.102318E+09   -0.1191442E+08   -0.1109003E+09
 189      0.143963E+09    0.6427686E+07   -0.1135576E+08
 190      0.762439E+09    0.5350035E+07   -0.3035615E+07
 191      0.601503E+09   -0.1576152E+08    0.6637007E+08
 192      0.395552E+09   -0.3851148E+08    0.1362778E+09
 193      0.135767E+09   -0.8654462E+08    0.1967667E+09
 194     -0.161796E+09   -0.1360822E+09    0.2612496E+09
 195     -0.510214E+09   -0.1820452E+09    0.3123698E+09
 196     -0.723011E+09   -0.2249850E+09    0.3496454E+09
 197     -0.502392E+09   -0.2394280E+09    0.2686987E+09
 198     -0.315679E+09   -0.2532758E+09    0.1951316E+09
 199     -0.157155E+09   -0.2508311E+09    0.1081243E+09
 200     -0.316356E+08   -0.2489390E+09    0.2220303E+08
 201      0.646621E+08   -0.2362253E+09   -0.5780104E+08
 202      0.129639E+09   -0.2237885E+09   -0.1377284E+09
 203      0.166916E+09   -0.2016184E+09   -0.1990609E+09
 204      0.175312E+09   -0.1793530E+09   -0.2607781E+09
 205      0.160085E+09   -0.1469123E+09   -0.2871119E+09
 206      0.123285E+09   -0.1135194E+09   -0.3137124E+09
 207      0.740634E+08   -0.7572691E+08   -0.2806381E+09
 208      0.239788E+08   -0.3649313E+08   -0.2466827E+09
 209     -0.142848E+08   -0.1441693E+08   -0.1307995E+09
 210     -0.143976E+08    0.5253146E+07   -0.1413857E+08
 211      0.696611E+09    0.9697941E+07   -0.1637430E+07
 212      0.532160E+09   -0.1435487E+08    0.8756807E+08
 213      0.331263E+09   -0.4267313E+08    0.1768814E+09
 214      0.757633E+08   -0.9396030E+08    0.2430432E+09
 215     -0.219625E+09   -0.1438443E+09    0.3151488E+09
 216     -0.567152E+09   -0.1826457E+09    0.3567414E+09
 217     -0.671655E+09   -0.2178854E+09    0.3795247E+09
 218     -0.430075E+09   -0.2243112E+09    0.2844308E+09
 219     -0.232915E+09   -0.2306746E+09    0.2003988E+09
 220     -0.710962E+08   -0.2227051E+09    0.1072788E+09
 221      0.536556E+08   -0.2154212E+09    0.1488405E+08
 222      0.145076E+09   -0.2030160E+09   -0.7015203E+08
 223      0.202678E+09   -0.1913764E+09   -0.1551125E+09
 224      0.228513E+09   -0.1754501E+09   -0.2217827E+09
 225      0.221513E+09   -0.1597361E+09   -0.2890782E+09
 226      0.185540E+09   -0.1348355E+09   -0.3205656E+09
 227      0.121453E+09   -0.1088246E+09   -0.3526366E+09
 228      0.389102E+08   -0.7399125E+08   -0.3186439E+09
 229     -0.506398E+08   -0.3630303E+08   -0.2838067E+09
 230     -0.131605E+09   -0.1292003E+08   -0.1508648E+09
 231     -0.172173E+09    0.7062538E+07   -0.1657883E+08
 232      0.574364E+09    0.5727460E+07    0.2157794E+07
 233      0.420806E+09   -0.2039721E+08    0.1131857E+09
 234      0.242662E+09   -0.5017052E+08    0.2252566E+09
 235      0.129088E+08   -0.1004109E+09    0.2895986E+09
 236     -0.262899E+09   -0.1488072E+09    0.3561371E+09
 237     -0.597090E+09   -0.1723057E+09    0.3795095E+09
 238     -0.587089E+09   -0.1937849E+09    0.3862971E+09
 239     -0.337756E+09   -0.1884045E+09    0.2810044E+09
 240     -0.137618E+09   -0.1819748E+09    0.1871957E+09
 241      0.216034E+08   -0.1659415E+09    0.9375016E+08
 242      0.142620E+09   -0.1510275E+09    0.1292339E+07
 243      0.227417E+09   -0.1397983E+09   -0.8044300E+08
 244      0.279010E+09   -0.1296884E+09   -0.1621842E+09
 245      0.295580E+09   -0.1234405E+09   -0.2286914E+09
 246      0.277031E+09   -0.1176940E+09   -0.2962494E+09
 247      0.222492E+09   -0.1058228E+09   -0.3340261E+09
 248      0.130660E+09   -0.9277206E+08   -0.3732361E+09
 249      0.851699E+07   -0.6665433E+08   -0.3454701E+09
 250     -0.135030E+09   -0.3753702E+08   -0.3171659E+09
 251     -0.280708E+09   -0.1516723E+08   -0.1707073E+09
 252     -0.388120E+09    0.4090948E+07   -0.2159708E+08
 253      0.452741E+09    0.1175351E+08    0.5298150E+07
 254      0.309888E+09   -0.1752207E+08    0.1386493E+09
 255      0.150979E+09   -0.5192981E+08    0.2741303E+09
 256     -0.510455E+08   -0.1016228E+09    0.3381053E+09
 257     -0.304261E+09   -0.1501000E+09    0.4007521E+09
 258     -0.628897E+09   -0.1605083E+09    0.4044425E+09
 259     -0.503319E+09   -0.1618486E+09    0.3929172E+09
 260     -0.243717E+09   -0.1280536E+09    0.2773510E+09
 261     -0.408227E+08   -0.9812450E+08    0.1740590E+09
 262      0.115634E+09   -0.7036679E+08    0.8027945E+08
 263      0.232760E+09   -0.4375717E+08   -0.1223812E+08
 264      0.310894E+09   -0.3453662E+08   -0.9069829E+08
 265      0.356489E+09   -0.2688821E+08   -0.1692066E+09
 266      0.363881E+09   -0.3557912E+08   -0.2358166E+09
 267      0.333428E+09   -0.4557674E+08   -0.3038452E+09
 268      0.260263E+09   -0.5484419E+08   -0.3484464E+09
 269      0.139274E+09   -0.6342748E+08   -0.3952070E+09
 270     -0.226920E+08   -0.5178607E+08   -0.3735480E+09
 271     -0.221544E+09   -0.3533113E+08   -0.3518050E+09
 272     -0.430974E+09   -0.1285271E+08   -0.1912655E+09
 273     -0.604735E+09    0.6360308E+07   -0.2684375E+08
 274      0.257523E+09    0.5152927E+07    0.1335687E+08
 275      0.151981E+09   -0.2694694E+08    0.1699041E+09
 276      0.512344E+08   -0.6644315E+08    0.3258117E+09
 277     -0.950848E+08   -0.1026116E+09    0.3688517E+09
 278     -0.303543E+09   -0.1330919E+09    0.4117102E+09
 279     -0.609004E+09   -0.1098456E+09    0.3826092E+09
 280     -0.394282E+09   -0.8083287E+08    0.3396451E+09
 281     -0.141073E+09   -0.2213552E+08    0.2246654E+09
 282      0.524678E+08    0.3464091E+08    0.1220406E+09
 283      0.195737E+09    0.7624493E+08    0.4258603E+08
 284      0.303782E+09    0.1159414E+09   -0.3555684E+08
 285      0.373154E+09    0.1220564E+09   -0.9551138E+08
 286      0.415872E+09    0.1264213E+09   -0.1554571E+09
 287      0.420178E+09    0.9878153E+08   -0.2093799E+09
 288      0.389311E+09    0.6948547E+08   -0.2650232E+09
 289      0.308892E+09    0.3077382E+08   -0.3134128E+09
 290      0.171269E+09   -0.7383247E+07   -0.3659029E+09
 291     -0.289148E+08   -0.2034429E+08   -0.3642743E+09
 292     -0.293584E+09   -0.2706435E+08   -0.3648597E+09
 293     -0.598392E+09   -0.1176825E+08   -0.2043248E+09
 294     -0.888559E+09   -0.6362508E+06   -0.3605007E+08
 295      0.624849E+08    0.1623356E+08    0.2415407E+08
 296     -0.703916E+07   -0.2761832E+08    0.2029872E+09
 297     -0.569224E+08   -0.7449063E+08    0.3820756E+09
 298     -0.138883E+09   -0.9087063E+08    0.4040657E+09
 299     -0.306912E+09   -0.1026581E+09    0.4255304E+09
 300     -0.585209E+09   -0.3524857E+08    0.3619175E+09
 301     -0.283111E+09    0.4139945E+08    0.2841420E+09
 302     -0.366468E+08    0.1444513E+09    0.1705937E+09
 303      0.146830E+09    0.2385590E+09    0.6886786E+08
 304      0.276509E+09    0.2956070E+09    0.4239136E+07
 305      0.375217E+09    0.3511621E+09   -0.5902434E+08
 306      0.435808E+09    0.3531203E+09   -0.9992202E+08
 307      0.476000E+09    0.3533872E+09   -0.1407233E+09
 308      0.477884E+09    0.3014902E+09   -0.1818323E+09
 309      0.447048E+09    0.2464570E+09   -0.2247101E+09
 310      0.360785E+09    0.1656729E+09   -0.2786225E+09
 311      0.203009E+09    0.8118901E+08   -0.3377204E+09
 312     -0.338960E+08    0.2904204E+08   -0.3582321E+09
 313     -0.373226E+09   -0.1749827E+08   -0.3818432E+09
 314     -0.768602E+09   -0.6959423E+07   -0.2190439E+09
 315     -0.117578E+10    0.5832332E+07   -0.4712736E+08
 316     -0.249368E+09   -0.6128155E+07    0.4566422E+08
 317     -0.199990E+09   -0.3154595E+08    0.2343266E+09
 318     -0.110783E+09   -0.7161825E+08    0.4090975E+09
 319     -0.112748E+09   -0.4432174E+08    0.3691886E+09
 320     -0.244399E+09   -0.1342895E+07    0.3398487E+09
 321     -0.486634E+09    0.1266542E+09    0.2409689E+09
 322     -0.174719E+09    0.2620199E+09    0.1346541E+09
 323      0.445459E+08    0.3960180E+09    0.4739724E+08
 324      0.203242E+09    0.5238862E+09   -0.3181608E+08
 325      0.309165E+09    0.5943504E+09   -0.6235845E+08
 326      0.392876E+09    0.6632207E+09   -0.9179685E+08
 327      0.443174E+09    0.6603211E+09   -0.9558403E+08
 328      0.482915E+09    0.6563903E+09   -0.9908195E+08
 329      0.489283E+09    0.5799962E+09   -0.1060413E+09
 330      0.473842E+09    0.5010550E+09   -0.1135936E+09
 331      0.403489E+09    0.3696524E+09   -0.1524037E+09
 332      0.265494E+09    0.2350779E+09   -0.1991862E+09
 333      0.169166E+08    0.1206898E+09   -0.2554403E+09
 334     -0.373773E+09    0.1810234E+08   -0.3270928E+09
 335     -0.909867E+09    0.2867944E+07   -0.2064786E+09
 336     -0.152293E+10   -0.1806479E+08   -0.6394367E+08
 337     -0.585722E+09    0.5051779E+08    0.9031503E+08
 338     -0.394927E+09   -0.2946099E+08    0.2744301E+09
 339     -0.203641E+09   -0.7857049E+08    0.4532597E+09
 340     -0.663741E+08    0.5918181E+08    0.3445363E+09
 341     -0.175267E+09    0.1878378E+09    0.2387235E+09
 342     -0.379580E+09    0.4019724E+09    0.1125324E+09
 343     -0.663265E+08    0.6022978E+09   -0.1815941E+08
 344      0.125283E+09    0.7657418E+09   -0.7936263E+08
 345      0.258683E+09    0.9239369E+09   -0.1353015E+09
 346      0.340077E+09    0.1003126E+10   -0.1304350E+09
 347      0.408485E+09    0.1081474E+10   -0.1248590E+09
 348      0.448460E+09    0.1073948E+10   -0.9031543E+08
 349      0.488166E+09    0.1066819E+10   -0.5537065E+08
 350      0.499743E+09    0.9696142E+09   -0.2641977E+08
 351      0.501827E+09    0.8705410E+09    0.3186546E+07
 352      0.450766E+09    0.6843609E+09   -0.1932258E+08
 353      0.334463E+09    0.4805584E+09   -0.4903311E+08
 354      0.871141E+08    0.2782518E+09   -0.1590260E+09
 355     -0.401871E+09    0.5511418E+08   -0.2835385E+09
 356     -0.105499E+10    0.2159880E+08   -0.2009894E+09
 357     -0.190061E+10    0.2828139E+08   -0.1000428E+09
 358     -0.106833E+10   -0.8460923E+08    0.1277934E+09
 359     -0.525764E+09   -0.2741747E+07    0.2459578E+09
 360     -0.362037E+08    0.5492619E+08    0.2957255E+09
 361      0.682188E+08    0.3097704E+09    0.9150632E+08
 362     -0.689854E+08    0.5938145E+09   -0.3441767E+08
 363     -0.268687E+09    0.8439113E+09   -0.1248802E+09
 364     -0.721830E+07    0.1093083E+10   -0.2293069E+09
 365      0.139545E+09    0.1264744E+10   -0.2452231E+09
 366      0.237103E+09    0.1433811E+10   -0.2567471E+09
 367      0.292384E+09    0.1511421E+10   -0.2063054E+09
 368      0.342871E+09    0.1589106E+10   -0.1565612E+09
 369      0.372406E+09    0.1578085E+10   -0.7807797E+08
 370      0.407547E+09    0.1568977E+10    0.7180188E+06
 371      0.422810E+09    0.1463441E+10    0.8171339E+08
 372      0.440136E+09    0.1358981E+10    0.1651893E+09
 373      0.418686E+09    0.1134027E+10    0.2065372E+09
 374      0.361973E+09    0.9012692E+09    0.2520850E+09
 375      0.189692E+09    0.5579211E+09    0.1613482E+09
 376     -0.196106E+09    0.2254576E+09   -0.2226635E+07
 377     -0.102855E+10    0.6769011E+08   -0.8872417E+08
 378     -0.225566E+10   -0.9569837E+08   -0.1139179E+09
 379     -0.219460E+10    0.2723795E+09    0.5952895E+09
 380     -0.520185E+09    0.1765849E+09    0.3224900E+09
 381      0.224967E+09    0.3044283E+09   -0.2415188E+08
 382      0.217140E+09    0.9215870E+09   -0.2286426E+09
 383      0.416965E+08    0.1307049E+10   -0.3404667E+09
 384     -0.183207E+09    0.1531979E+10   -0.3835235E+09
 385      0.496130E+08    0.1775964E+10   -0.4437726E+09
 386      0.148276E+09    0.1928070E+10   -0.4159436E+09
 387      0.209381E+09    0.2079229E+10   -0.3798005E+09
 388      0.239620E+09    0.2140160E+10   -0.2825749E+09
 389      0.272482E+09    0.2203030E+10   -0.1878829E+09
 390      0.291776E+09    0.2191461E+10   -0.6508138E+08
 391      0.321737E+09    0.2183300E+10    0.5776821E+08
 392      0.339424E+09    0.2091402E+10    0.1928548E+09
 393      0.371442E+09    0.2005652E+10    0.3308727E+09
 394      0.376189E+09    0.1787328E+10    0.4468788E+09
 395      0.390906E+09    0.1574832E+10    0.5712556E+09
 396      0.291901E+09    0.1135468E+10    0.5407895E+09
 397      0.769119E+08    0.4824434E+09    0.4310982E+09
 398     -0.863273E+09    0.2550472E+09   -0.4931823E+08
 399     -0.320036E+10    0.2320050E+09   -0.4698623E+09
 400     -0.205887E+10   -0.4466602E+09   -0.1071758E+09
 401     -0.105611E+09    0.7091233E+09   -0.4829305E+09
 402      0.117853E+09    0.1839609E+10   -0.7125805E+09
 403      0.158162E+09    0.2134428E+10   -0.5332919E+09
 404      0.207653E+08    0.2412949E+10   -0.4426562E+09
 405     -0.109266E+09    0.2497520E+10   -0.5076022E+09
 406      0.261179E+08    0.2630882E+10   -0.5750017E+09
 407      0.751961E+08    0.2729266E+10   -0.5070273E+09
 408      0.105384E+09    0.2818782E+10   -0.4353244E+09
 409      0.120016E+09    0.2849613E+10   -0.3153713E+09
 410      0.136670E+09    0.2883512E+10   -0.1980504E+09
 411      0.146664E+09    0.2874445E+10   -0.5454171E+08
 412      0.162286E+09    0.2868322E+10    0.8864588E+08
 413      0.172187E+09    0.2812764E+10    0.2542140E+09
 414      0.189789E+09    0.2762476E+10    0.4211710E+09
 415      0.196749E+09    0.2621751E+10    0.6028275E+09
 416      0.206133E+09    0.2494522E+10    0.7934513E+09
 417      0.185085E+09    0.2127837E+10    0.9331227E+09
 418      0.321578E+08    0.1762637E+10    0.1156811E+10
 419     -0.266913E+09    0.6959902E+09    0.7424183E+09
 420     -0.255291E+10   -0.3930661E+09    0.2044863E+09
 421     -0.128890E+10    0.4258694E+10   -0.1003554E+10
 422      0.153192E+09    0.4435705E+10   -0.1277034E+10
 423     -0.283775E+08    0.4552613E+10   -0.1232616E+10
 424      0.635352E+08    0.4221604E+10   -0.7545177E+09
 425     -0.767445E+07    0.3925213E+10   -0.4863507E+09
 426     -0.217835E+08    0.3705050E+10   -0.5980205E+09
 427      0.176617E+07    0.3611456E+10   -0.6948947E+09
 428      0.443878E+07    0.3640555E+10   -0.5862355E+09
 429      0.555889E+07    0.3628081E+10   -0.4838557E+09
 430      0.468078E+07    0.3620679E+10   -0.3441005E+09
 431      0.547196E+07    0.3614213E+10   -0.2066947E+09
 432      0.616056E+07    0.3610573E+10   -0.4454721E+08
 433      0.757818E+07    0.3608284E+10    0.1170801E+09
 434      0.982483E+07    0.3608590E+10    0.3094842E+09
 435      0.119850E+08    0.3611560E+10    0.5027285E+09
 436      0.202265E+08    0.3617717E+10    0.7398345E+09
 437      0.163030E+08    0.3635439E+10    0.9896190E+09
 438      0.599136E+08    0.3649441E+10    0.1275524E+10
 439     -0.369231E+08    0.3741377E+10    0.1750525E+10
 440      0.188983E+09    0.3718658E+10    0.1583859E+10
 441     -0.129402E+10    0.3628618E+10    0.1158873E+10
