   1     -0.387853E+09    0.4354515E+07    0.1190316E+07
   2     -0.342847E+09   -0.1494061E+08    0.1954965E+07
   3     -0.261913E+09   -0.3613781E+08    0.2081849E+07
   4     -0.173958E+09   -0.6486726E+08    0.1275550E+07
   5     -0.783782E+08   -0.9171798E+08    0.1157530E+07
   6      0.149558E+08   -0.1186392E+09    0.1563438E+07
   7      0.100738E+09   -0.1465521E+09    0.1515265E+07
   8      0.184228E+09   -0.1656307E+09    0.8064161E+06
   9      0.251571E+09   -0.1835577E+09    0.9344486E+06
  10      0.299480E+09   -0.1911789E+09    0.8908309E+06
  11      0.330833E+09   -0.1985055E+09   -0.1702071E+06
  12      0.339188E+09   -0.1900541E+09   -0.4491042E+06
  13      0.320537E+09   -0.1820258E+09   -0.4146364E+06
  14      0.272777E+09   -0.1615958E+09   -0.1320792E+07
  15      0.194994E+09   -0.1412285E+09   -0.1446833E+07
  16      0.939325E+08   -0.1110375E+09   -0.2414913E+07
  17     -0.402504E+08   -0.7868450E+08   -0.3596351E+07
  18     -0.183553E+09   -0.4539474E+08   -0.2690621E+07
  19     -0.339469E+09   -0.1114494E+08   -0.2799359E+07
  20     -0.486086E+09   -0.4179115E+06    0.4185447E+06
  21     -0.622718E+09    0.7486153E+07    0.4323279E+07
  22     -0.414581E+09    0.2861032E+07    0.4833401E+07
  23     -0.351528E+09   -0.9882413E+07    0.1488175E+08
  24     -0.266271E+09   -0.2381283E+08    0.2393275E+08
  25     -0.175211E+09   -0.4814759E+08    0.2432084E+08
  26     -0.784237E+08   -0.7205680E+08    0.2580906E+08
  27      0.167527E+08   -0.9523371E+08    0.2385648E+08
  28      0.106405E+09   -0.1175468E+09    0.2107205E+08
  29      0.188239E+09   -0.1326641E+09    0.1610336E+08
  30      0.256190E+09   -0.1484242E+09    0.1214646E+08
  31      0.306477E+09   -0.1536699E+09    0.5635747E+07
  32      0.337773E+09   -0.1580966E+09   -0.1470571E+07
  33      0.344641E+09   -0.1511091E+09   -0.7268613E+07
  34      0.325316E+09   -0.1441397E+09   -0.1258010E+08
  35      0.278059E+09   -0.1280203E+09   -0.1753033E+08
  36      0.199276E+09   -0.1110776E+09   -0.2284724E+08
  37      0.953728E+08   -0.8825425E+08   -0.2474246E+08
  38     -0.388033E+08   -0.6634686E+08   -0.2683261E+08
  39     -0.185756E+09   -0.4446632E+08   -0.2504104E+08
  40     -0.344989E+09   -0.2145809E+08   -0.2268763E+08
  41     -0.500334E+09   -0.8963343E+07   -0.1021161E+08
  42     -0.625294E+09    0.2430169E+07    0.2098468E+07
  43     -0.443914E+09    0.3187752E+07    0.7567621E+07
  44     -0.360636E+09   -0.4976814E+07    0.2729068E+08
  45     -0.270978E+09   -0.1450985E+08    0.4586533E+08
  46     -0.176062E+09   -0.3479046E+08    0.4749769E+08
  47     -0.783342E+08   -0.5374628E+08    0.4999090E+08
  48      0.185962E+08   -0.7099964E+08    0.4578186E+08
  49      0.112392E+09   -0.8968095E+08    0.4156927E+08
  50      0.192447E+09   -0.1049217E+09    0.3184039E+08
  51      0.260985E+09   -0.1174128E+09    0.2239419E+08
  52      0.313959E+09   -0.1190525E+09    0.1012453E+08
  53      0.344679E+09   -0.1226846E+09   -0.2095560E+07
  54      0.350661E+09   -0.1180403E+09   -0.1374745E+08
  55      0.329857E+09   -0.1116583E+09   -0.2498228E+08
  56      0.283714E+09   -0.9697654E+08   -0.3354558E+08
  57      0.204568E+09   -0.8372229E+08   -0.4334055E+08
  58      0.965510E+08   -0.6663661E+08   -0.4682280E+08
  59     -0.367341E+08   -0.4776487E+08   -0.5045960E+08
  60     -0.187497E+09   -0.2988397E+08   -0.4721114E+08
  61     -0.353099E+09   -0.1351621E+08   -0.4159736E+08
  62     -0.514498E+09   -0.6452361E+07   -0.2102877E+08
  63     -0.630623E+09    0.8879641E+06   -0.1837733E+07
  64     -0.494500E+09    0.1591866E+07    0.7407587E+07
  65     -0.385146E+09   -0.4407841E+07    0.3272402E+08
  66     -0.285205E+09   -0.1059183E+08    0.5698918E+08
  67     -0.181387E+09   -0.2454716E+08    0.6148333E+08
  68     -0.766032E+08   -0.3934642E+08    0.6634761E+08
  69      0.244010E+08   -0.5489772E+08    0.5993782E+08
  70      0.120195E+09   -0.6928872E+08    0.5464253E+08
  71      0.206656E+09   -0.7813180E+08    0.4140903E+08
  72      0.276243E+09   -0.8740161E+08    0.2738135E+08
  73      0.329793E+09   -0.8910458E+08    0.1161065E+08
  74      0.360081E+09   -0.9008260E+08   -0.3829094E+07
  75      0.366430E+09   -0.8431172E+08   -0.1898057E+08
  76      0.343530E+09   -0.7893310E+08   -0.3435055E+08
  77      0.294526E+09   -0.6732042E+08   -0.4509575E+08
  78      0.213246E+09   -0.5537303E+08   -0.5555165E+08
  79      0.100456E+09   -0.4230839E+08   -0.5956761E+08
  80     -0.368955E+08   -0.2889417E+08   -0.6374742E+08
  81     -0.194453E+09   -0.1968930E+08   -0.5641515E+08
  82     -0.369268E+09   -0.1054082E+08   -0.4946566E+08
  83     -0.537089E+09   -0.3877981E+07   -0.2676952E+08
  84     -0.670068E+09    0.2235879E+07   -0.3401879E+07
  85     -0.543964E+09    0.1546773E+07    0.8112368E+07
  86     -0.409225E+09   -0.2815727E+07    0.3864468E+08
  87     -0.299033E+09   -0.8072884E+07    0.6807844E+08
  88     -0.187132E+09   -0.1901309E+08    0.7474861E+08
  89     -0.750753E+08   -0.2911685E+08    0.8242719E+08
  90      0.306048E+08   -0.4136842E+08    0.7440573E+08
  91      0.127778E+09   -0.5372103E+08    0.6630904E+08
  92      0.220755E+09   -0.5964415E+08    0.5008583E+08
  93      0.291368E+09   -0.6549644E+08    0.3377154E+08
  94      0.344953E+09   -0.6896053E+08    0.1416656E+08
  95      0.376046E+09   -0.7275511E+08   -0.5607824E+07
  96      0.381759E+09   -0.6590975E+08   -0.2481136E+08
  97      0.357928E+09   -0.5761804E+08   -0.4394228E+08
  98      0.304936E+09   -0.4630003E+08   -0.5666909E+08
  99      0.221358E+09   -0.3516451E+08   -0.6914731E+08
 100      0.104620E+09   -0.2418267E+08   -0.7239489E+08
 101     -0.370514E+08   -0.1491365E+08   -0.7550845E+08
 102     -0.202117E+09   -0.6758865E+07   -0.6627843E+08
 103     -0.381266E+09    0.2516885E+07   -0.5836485E+08
 104     -0.561290E+09    0.1380650E+07   -0.3133232E+08
 105     -0.706882E+09    0.8077704E+05   -0.2745529E+07
 106     -0.595580E+09    0.1441476E+07    0.6848079E+07
 107     -0.444066E+09   -0.1438349E+07    0.4137513E+08
 108     -0.319623E+09   -0.4660930E+07    0.7530051E+08
 109     -0.196315E+09   -0.1449501E+08    0.8362129E+08
 110     -0.765911E+08   -0.2436998E+08    0.9270818E+08
 111      0.392620E+08   -0.3453217E+08    0.8430126E+08
 112      0.144012E+09   -0.4457461E+08    0.7483584E+08
 113      0.238394E+09   -0.5141151E+08    0.5568303E+08
 114      0.313533E+09   -0.5838855E+08    0.3717968E+08
 115      0.368482E+09   -0.5616571E+08    0.1310682E+08
 116      0.399914E+09   -0.5266269E+08   -0.1090741E+08
 117      0.402327E+09   -0.4521560E+08   -0.3174844E+08
 118      0.376823E+09   -0.3889724E+08   -0.5250911E+08
 119      0.318184E+09   -0.2966608E+08   -0.6603680E+08
 120      0.230074E+09   -0.1978123E+08   -0.7939965E+08
 121      0.105810E+09   -0.1088380E+08   -0.8054590E+08
 122     -0.422101E+08   -0.1758519E+07   -0.8130244E+08
 123     -0.213281E+09    0.7012147E+06   -0.6946153E+08
 124     -0.401311E+09    0.1810580E+07   -0.5729930E+08
 125     -0.588799E+09    0.3515025E+06   -0.2959581E+08
 126     -0.746842E+09   -0.3242823E+06   -0.2295806E+07
 127     -0.644165E+09    0.4328262E+06    0.6049652E+07
 128     -0.479037E+09   -0.2154708E+07    0.4376696E+08
 129     -0.339930E+09   -0.4343355E+07    0.8136705E+08
 130     -0.205583E+09   -0.1335555E+08    0.9283869E+08
 131     -0.778759E+08   -0.2381347E+08    0.1041583E+09
 132      0.474223E+08   -0.3417551E+08    0.9425692E+08
 133      0.160404E+09   -0.4402233E+08    0.8375328E+08
 134      0.255599E+09   -0.4648408E+08    0.6122815E+08
 135      0.335628E+09   -0.4740314E+08    0.3945493E+08
 136      0.392798E+09   -0.4505347E+08    0.1155460E+08
 137      0.423057E+09   -0.4444156E+08   -0.1598016E+08
 138      0.422559E+09   -0.3774214E+08   -0.3839195E+08
 139      0.395521E+09   -0.2883934E+08   -0.6154144E+08
 140      0.331638E+09   -0.1847710E+08   -0.7565992E+08
 141      0.237045E+09   -0.1034456E+08   -0.8796381E+08
 142      0.107789E+09   -0.6397027E+07   -0.8804823E+08
 143     -0.486920E+08   -0.7557286E+06   -0.8845267E+08
 144     -0.224437E+09    0.2543873E+07   -0.7191546E+08
 145     -0.423148E+09    0.4216946E+07   -0.5563835E+08
 146     -0.614332E+09    0.1774681E+07   -0.2886938E+08
 147     -0.788473E+09    0.6503836E+05   -0.2304609E+07
 148     -0.696126E+09    0.1137927E+07    0.7582336E+07
 149     -0.520829E+09   -0.4215017E+07    0.4823105E+08
 150     -0.367919E+09   -0.1012911E+08    0.8927123E+08
 151     -0.219462E+09   -0.2039590E+08    0.1024915E+09
 152     -0.769492E+08   -0.3028993E+08    0.1146574E+09
 153      0.581571E+08   -0.3857687E+08    0.1024026E+09
 154      0.180427E+09   -0.4712974E+08    0.9039166E+08
 155      0.282044E+09   -0.5001601E+08    0.6305292E+08
 156      0.363716E+09   -0.5194289E+08    0.3590313E+08
 157      0.421807E+09   -0.4609446E+08    0.7013151E+07
 158      0.449437E+09   -0.4061660E+08   -0.2138201E+08
 159      0.447204E+09   -0.3306637E+08   -0.4594166E+08
 160      0.415690E+09   -0.2562798E+08   -0.7065985E+08
 161      0.344489E+09   -0.1777117E+08   -0.8348381E+08
 162      0.241922E+09   -0.8924407E+07   -0.9597806E+08
 163      0.106756E+09   -0.1153122E+07   -0.9389967E+08
 164     -0.592484E+08    0.5060332E+07   -0.9151359E+08
 165     -0.243092E+09    0.5174846E+07   -0.7283668E+08
 166     -0.447123E+09    0.5516608E+07   -0.5366396E+08
 167     -0.639827E+09    0.2558591E+07   -0.2639089E+08
 168     -0.821601E+09   -0.3255908E+05    0.3081999E+06
 169     -0.748844E+09    0.2436812E+07    0.8158309E+07
 170     -0.561686E+09   -0.4193487E+07    0.5304015E+08
 171     -0.396178E+09   -0.1212486E+08    0.9878823E+08
 172     -0.233211E+09   -0.2714295E+08    0.1126820E+09
 173     -0.762493E+08   -0.4139182E+08    0.1248700E+09
 174      0.684019E+08   -0.4945342E+08    0.1104671E+09
 175      0.199473E+09   -0.5693210E+08    0.9718281E+08
 176      0.309406E+09   -0.5782429E+08    0.6578880E+08
 177      0.392372E+09   -0.5832129E+08    0.3356366E+08
 178      0.449962E+09   -0.5271103E+08    0.2234039E+07
 179      0.475963E+09   -0.4706801E+08   -0.2845325E+08
 180      0.472412E+09   -0.3672387E+08   -0.5437607E+08
 181      0.434923E+09   -0.2678232E+08   -0.7910519E+08
 182      0.357107E+09   -0.2031652E+08   -0.9138958E+08
 183      0.248552E+09   -0.1459951E+08   -0.1051841E+09
 184      0.104260E+09   -0.8169641E+07   -0.1012147E+09
 185     -0.704629E+08   -0.5456771E+06   -0.9487352E+08
 186     -0.260925E+09    0.2949635E+07   -0.7372284E+08
 187     -0.471856E+09    0.6627803E+07   -0.5213192E+08
 188     -0.665599E+09    0.4193732E+07   -0.2318312E+08
 189     -0.851344E+09    0.1103858E+07    0.4012011E+07
 190     -0.810796E+09    0.2146410E+07    0.9643961E+07
 191     -0.615715E+09   -0.7393203E+07    0.6191741E+08
 192     -0.430708E+09   -0.1813648E+08    0.1148984E+09
 193     -0.246034E+09   -0.3390272E+08    0.1274290E+09
 194     -0.722098E+08   -0.4937679E+08    0.1384797E+09
 195      0.873743E+08   -0.5776552E+08    0.1176925E+09
 196      0.224478E+09   -0.6422422E+08    0.9748798E+08
 197      0.343565E+09   -0.6019961E+08    0.6340084E+08
 198      0.426941E+09   -0.5737003E+08    0.2943997E+08
 199      0.482352E+09   -0.5126303E+08   -0.4041938E+07
 200      0.506620E+09   -0.4419474E+08   -0.3742571E+08
 201      0.496787E+09   -0.3669930E+08   -0.6182331E+08
 202      0.451175E+09   -0.3034431E+08   -0.8491442E+08
 203      0.370838E+09   -0.2423469E+08   -0.9723001E+08
 204      0.253577E+09   -0.1750396E+08   -0.1100918E+09
 205      0.100249E+09   -0.1308344E+08   -0.1059790E+09
 206     -0.871769E+08   -0.8375883E+07   -0.1008648E+09
 207     -0.282606E+09   -0.4747454E+07   -0.7748842E+08
 208     -0.499854E+09   -0.2509539E+07   -0.5359346E+08
 209     -0.695008E+09   -0.1793328E+07   -0.2380842E+08
 210     -0.866764E+09   -0.1850051E+06    0.4685270E+07
 211     -0.871229E+09    0.2842338E+07    0.1222462E+08
 212     -0.669658E+09   -0.1040315E+08    0.7105763E+08
 213     -0.465676E+09   -0.2544695E+08    0.1306579E+09
 214     -0.259515E+09   -0.4432015E+08    0.1424456E+09
 215     -0.689620E+08   -0.6105643E+08    0.1522698E+09
 216      0.106678E+09   -0.6546454E+08    0.1258775E+09
 217      0.250336E+09   -0.7064371E+08    0.9959103E+08
 218      0.377226E+09   -0.6436336E+08    0.6115110E+08
 219      0.461415E+09   -0.5558322E+08    0.2404256E+08
 220      0.515736E+09   -0.4324868E+08   -0.1061920E+08
 221      0.538224E+09   -0.3381441E+08   -0.4490760E+08
 222      0.521190E+09   -0.3056362E+08   -0.6873400E+08
 223      0.468542E+09   -0.2563785E+08   -0.9188421E+08
 224      0.384938E+09   -0.2601454E+08   -0.1036261E+09
 225      0.258065E+09   -0.2883918E+08   -0.1156559E+09
 226      0.952309E+08   -0.2968086E+08   -0.1110681E+09
 227     -0.102511E+09   -0.2943369E+08   -0.1071891E+09
 228     -0.307127E+09   -0.1835742E+08   -0.8290923E+08
 229     -0.526216E+09   -0.3906016E+07   -0.5614346E+08
 230     -0.724091E+09    0.1195822E+07   -0.2377963E+08
 231     -0.879937E+09    0.3489793E+07    0.6951853E+07
 232     -0.964700E+09    0.2985178E+07    0.1847464E+08
 233     -0.740637E+09   -0.1399631E+08    0.8718918E+08
 234     -0.503360E+09   -0.3390249E+08    0.1555402E+09
 235     -0.265689E+09   -0.5345147E+08    0.1590166E+09
 236     -0.504420E+08   -0.7045133E+08    0.1603987E+09
 237      0.138087E+09   -0.6875392E+08    0.1244997E+09
 238      0.291626E+09   -0.6500706E+08    0.8942048E+08
 239      0.415694E+09   -0.4916060E+08    0.4782545E+08
 240      0.497183E+09   -0.3450466E+08    0.8376311E+07
 241      0.546583E+09   -0.2282222E+08   -0.2211177E+08
 242      0.561397E+09   -0.1096872E+08   -0.5120788E+08
 243      0.540830E+09   -0.9618271E+07   -0.6912755E+08
 244      0.483160E+09   -0.9564306E+07   -0.8755122E+08
 245      0.393567E+09   -0.1779071E+08   -0.9547385E+08
 246      0.263425E+09   -0.2702525E+08   -0.1032459E+09
 247      0.971492E+08   -0.3436488E+08   -0.1054477E+09
 248     -0.106514E+09   -0.3992482E+08   -0.1089894E+09
 249     -0.325430E+09   -0.3113386E+08   -0.9317039E+08
 250     -0.557874E+09   -0.2069378E+08   -0.7378862E+08
 251     -0.763422E+09   -0.8734319E+07   -0.3330433E+08
 252     -0.901353E+09    0.1439145E+07    0.4677722E+07
 253     -0.105662E+10    0.5389008E+07    0.2423706E+08
 254     -0.813019E+09   -0.1689280E+08    0.1041662E+09
 255     -0.541711E+09   -0.4229498E+08    0.1823779E+09
 256     -0.272497E+09   -0.5825735E+08    0.1769746E+09
 257     -0.328126E+08   -0.6962667E+08    0.1707906E+09
 258      0.169885E+09   -0.5437233E+08    0.1247869E+09
 259      0.333182E+09   -0.3872581E+08    0.7968676E+08
 260      0.455294E+09   -0.1314619E+08    0.3537250E+08
 261      0.533792E+09    0.1300918E+08   -0.6645143E+07
 262      0.578474E+09    0.3177826E+08   -0.3340811E+08
 263      0.584770E+09    0.4802906E+08   -0.5841727E+08
 264      0.562075E+09    0.4230620E+08   -0.7010200E+08
 265      0.498959E+09    0.3567674E+08   -0.8295030E+08
 266      0.402610E+09    0.9031643E+07   -0.8799243E+08
 267      0.267607E+09   -0.1977107E+08   -0.9195252E+08
 268      0.101935E+09   -0.4382096E+08   -0.1022034E+09
 269     -0.115889E+09   -0.6690234E+08   -0.1132787E+09
 270     -0.346130E+09   -0.6160986E+08   -0.1022793E+09
 271     -0.596107E+09   -0.4949927E+08   -0.8997809E+08
 272     -0.801816E+09   -0.1892668E+08   -0.4432738E+08
 273     -0.915139E+09    0.6947840E+07   -0.5900292E+05
 274     -0.121013E+10   -0.3632420E+06    0.3829073E+08
 275     -0.903559E+09   -0.2062535E+08    0.1246891E+09
 276     -0.567962E+09   -0.4562724E+08    0.2064281E+09
 277     -0.252861E+09   -0.5054070E+08    0.1786511E+09
 278      0.108727E+08   -0.5001974E+08    0.1515324E+09
 279      0.223277E+09   -0.1437063E+08    0.9184199E+08
 280      0.382685E+09    0.2336807E+08    0.3542243E+08
 281      0.492062E+09    0.6807762E+08   -0.3746332E+07
 282      0.559992E+09    0.1113451E+09   -0.4055994E+08
 283      0.590178E+09    0.1313848E+09   -0.5142532E+08
 284      0.588554E+09    0.1508624E+09   -0.6121483E+08
 285      0.556283E+09    0.1348346E+09   -0.5351071E+08
 286      0.497276E+09    0.1158760E+09   -0.4571903E+08
 287      0.399030E+09    0.6673374E+08   -0.4131734E+08
 288      0.276088E+09    0.1753487E+08   -0.3760348E+08
 289      0.120679E+09   -0.3345183E+08   -0.5483901E+08
 290     -0.928037E+08   -0.8741122E+08   -0.7492900E+08
 291     -0.322961E+09   -0.9407839E+08   -0.1027805E+09
 292     -0.597352E+09   -0.8607929E+08   -0.1364552E+09
 293     -0.859628E+09   -0.3659828E+08   -0.8394896E+08
 294     -0.104148E+10    0.3247490E+07   -0.2287495E+08
 295     -0.136748E+10    0.9392710E+07    0.5437977E+08
 296     -0.995366E+09   -0.2177239E+08    0.1471626E+09
 297     -0.604769E+09   -0.5165926E+08    0.2357566E+09
 298     -0.232870E+09   -0.2917260E+08    0.1858297E+09
 299      0.543646E+08    0.1440073E+06    0.1351552E+09
 300      0.280771E+09    0.8086729E+08    0.5976341E+08
 301      0.435073E+09    0.1580273E+09   -0.1028488E+08
 302      0.530292E+09    0.2204135E+09   -0.4289464E+08
 303      0.588328E+09    0.2791591E+09   -0.7366530E+08
 304      0.602240E+09    0.3013885E+09   -0.6959548E+08
 305      0.593091E+09    0.3226557E+09   -0.6369414E+08
 306      0.549880E+09    0.2931537E+09   -0.3617807E+08
 307      0.497813E+09    0.2620380E+09   -0.8272134E+07
 308      0.396988E+09    0.1842336E+09    0.6712817E+07
 309      0.284674E+09    0.1040613E+09    0.2194086E+08
 310      0.132986E+09    0.7467291E+07    0.8596155E+06
 311     -0.634647E+08   -0.9615746E+08   -0.3177570E+08
 312     -0.291705E+09   -0.9966727E+08   -0.1133682E+09
 313     -0.597756E+09   -0.8382257E+08   -0.1981997E+09
 314     -0.921902E+09   -0.2901341E+08   -0.1281477E+09
 315     -0.118584E+10    0.1759334E+08   -0.4531185E+08
 316     -0.161492E+10   -0.1657861E+08    0.8123396E+08
 317     -0.108044E+10   -0.2015941E+08    0.1582755E+09
 318     -0.569699E+09   -0.3334690E+08    0.2167420E+09
 319     -0.154593E+09    0.4281014E+08    0.1105607E+09
 320      0.144270E+09    0.1338757E+09    0.1762221E+08
 321      0.341559E+09    0.2577668E+09   -0.5320800E+08
 322      0.470630E+09    0.3782986E+09   -0.1142398E+09
 323      0.535835E+09    0.4613919E+09   -0.1189138E+09
 324      0.575500E+09    0.5431529E+09   -0.1228751E+09
 325      0.567860E+09    0.5616041E+09   -0.8592556E+08
 326      0.546785E+09    0.5791328E+09   -0.4857359E+08
 327      0.493739E+09    0.5324757E+09    0.1072114E+08
 328      0.439248E+09    0.4856180E+09    0.7472831E+08
 329      0.360524E+09    0.3700323E+09    0.1187601E+09
 330      0.288334E+09    0.2429756E+09    0.1594545E+09
 331      0.183375E+09    0.1320180E+09    0.1059641E+09
 332      0.508643E+08    0.3877984E+08    0.3864023E+08
 333     -0.180019E+09    0.1954679E+07   -0.7806307E+08
 334     -0.531977E+09   -0.3298992E+08   -0.2067689E+09
 335     -0.100039E+10   -0.1746555E+08   -0.1467360E+09
 336     -0.148220E+10   -0.9589649E+07   -0.6355237E+08
 337     -0.189327E+10    0.4088157E+08    0.1318012E+09
 338     -0.117099E+10   -0.6088125E+07    0.1787243E+09
 339     -0.568135E+09   -0.1053025E+08    0.2142189E+09
 340     -0.537584E+08    0.1901225E+09    0.4552289E+08
 341      0.239339E+09    0.3717031E+09   -0.1104936E+09
 342      0.408037E+09    0.5701018E+09   -0.1700010E+09
 343      0.507482E+09    0.7458985E+09   -0.2208874E+09
 344      0.543764E+09    0.8379605E+09   -0.1978570E+09
 345      0.558886E+09    0.9281343E+09   -0.1743256E+09
 346      0.531681E+09    0.9384817E+09   -0.1026625E+09
 347      0.498966E+09    0.9519184E+09   -0.3437760E+08
 348      0.435435E+09    0.8861204E+09    0.6223712E+08
 349      0.363933E+09    0.8091660E+09    0.1740744E+09
 350      0.319508E+09    0.6800588E+09    0.2403461E+09
 351      0.302233E+09    0.5723175E+09    0.2890147E+09
 352      0.257474E+09    0.4667734E+09    0.2015888E+09
 353      0.170604E+09    0.3317293E+09    0.1122980E+09
 354     -0.531630E+08    0.1824950E+09   -0.4527222E+08
 355     -0.500229E+09    0.1549998E+08   -0.2179044E+09
 356     -0.108671E+10    0.7677540E+07   -0.1695686E+09
 357     -0.180756E+10    0.3668738E+08   -0.1009682E+09
 358     -0.221945E+10   -0.1092222E+09    0.1655342E+09
 359     -0.112898E+10    0.3787516E+08    0.9516253E+08
 360     -0.315267E+09    0.1729547E+09   -0.3818934E+08
 361      0.865880E+08    0.5010671E+09   -0.2607770E+09
 362      0.297836E+09    0.8438730E+09   -0.3992595E+09
 363      0.398026E+09    0.1069466E+10   -0.3797120E+09
 364      0.457636E+09    0.1288393E+10   -0.3633165E+09
 365      0.469019E+09    0.1374191E+10   -0.2803555E+09
 366      0.466018E+09    0.1458236E+10   -0.2009636E+09
 367      0.427417E+09    0.1448220E+10   -0.9402242E+08
 368      0.381176E+09    0.1441245E+10    0.1431141E+08
 369      0.304859E+09    0.1359059E+10    0.1442843E+09
 370      0.254113E+09    0.1276159E+10    0.2756091E+09
 371      0.268753E+09    0.1194721E+10    0.3296686E+09
 372      0.295263E+09    0.1127588E+10    0.3796674E+09
 373      0.285513E+09    0.9632255E+09    0.3672938E+09
 374      0.244235E+09    0.7827671E+09    0.3636533E+09
 375      0.902202E+08    0.4818483E+09    0.2330772E+09
 376     -0.262594E+09    0.1924890E+09    0.2897042E+08
 377     -0.104303E+10    0.5463963E+08   -0.7544095E+08
 378     -0.216782E+10   -0.9003659E+08   -0.1161055E+09
 379     -0.319580E+10    0.2611209E+09    0.6317836E+09
 380     -0.932642E+09    0.2469513E+09    0.9979135E+08
 381     -0.518760E+05    0.4780718E+09   -0.4658079E+09
 382      0.225010E+09    0.1193109E+10   -0.6243452E+09
 383      0.360525E+09    0.1659068E+10   -0.7023695E+09
 384      0.377974E+09    0.1864625E+10   -0.6004789E+09
 385      0.404626E+09    0.2072410E+10   -0.5061029E+09
 386      0.386082E+09    0.2112073E+10   -0.3633560E+09
 387      0.373742E+09    0.2157582E+10   -0.2261180E+09
 388      0.320323E+09    0.2104013E+10   -0.8442382E+08
 389      0.243501E+09    0.2045114E+10    0.7255670E+08
 390      0.162637E+09    0.1974501E+10    0.2277990E+09
 391      0.167815E+09    0.1933302E+10    0.3554608E+09
 392      0.223451E+09    0.1895028E+10    0.4108142E+09
 393      0.277479E+09    0.1850210E+10    0.4851216E+09
 394      0.292552E+09    0.1668059E+10    0.5573067E+09
 395      0.317760E+09    0.1491632E+10    0.6363532E+09
 396      0.233079E+09    0.1081046E+10    0.5720032E+09
 397      0.429748E+08    0.4587444E+09    0.4269741E+09
 398     -0.861334E+09    0.2468890E+09   -0.5416967E+08
 399     -0.311806E+10    0.2367264E+09   -0.4698381E+09
 400     -0.259302E+10   -0.4583869E+09   -0.1375973E+09
 401     -0.318362E+09    0.8186715E+09   -0.7729025E+09
 402     -0.340371E+08    0.2044517E+10   -0.1223774E+10
 403      0.139495E+09    0.2435044E+10   -0.1029852E+10
 404      0.184551E+09    0.2844953E+10   -0.9154688E+09
 405      0.194267E+09    0.2946811E+10   -0.7184305E+09
 406      0.209251E+09    0.3063195E+10   -0.5292917E+09
 407      0.195979E+09    0.3030498E+10   -0.3356369E+09
 408      0.192742E+09    0.3000529E+10   -0.1419387E+09
 409      0.162615E+09    0.2894786E+10    0.1915209E+08
 410      0.988412E+08    0.2788403E+10    0.1775565E+09
 411      0.684079E+08    0.2748414E+10    0.2647848E+09
 412      0.938992E+08    0.2734426E+10    0.3455920E+09
 413      0.119128E+09    0.2711728E+10    0.4479174E+09
 414      0.144634E+09    0.2682096E+10    0.5589514E+09
 415      0.156265E+09    0.2558825E+10    0.6979154E+09
 416      0.171374E+09    0.2448766E+10    0.8444722E+09
 417      0.157546E+09    0.2095297E+10    0.9530145E+09
 418      0.180669E+08    0.1741826E+10    0.1144208E+10
 419     -0.265256E+09    0.6858810E+09    0.7293992E+09
 420     -0.251025E+10   -0.3911581E+09    0.1983987E+09
 421     -0.133165E+10    0.4427943E+10   -0.1048758E+10
 422      0.126663E+09    0.4468366E+10   -0.1604069E+10
 423     -0.796498E+08    0.4465435E+10   -0.1814190E+10
 424      0.312195E+08    0.4395184E+10   -0.1362614E+10
 425      0.676510E+06    0.4402203E+10   -0.1088005E+10
 426      0.105135E+08    0.4338150E+10   -0.8055074E+09
 427      0.131045E+08    0.4287039E+10   -0.5343466E+09
 428      0.988703E+07    0.4150599E+10   -0.2923371E+09
 429      0.128585E+08    0.4018049E+10   -0.4633520E+08
 430      0.879506E+07    0.3819094E+10    0.1315496E+09
 431     -0.251508E+08    0.3621125E+10    0.2798177E+09
 432     -0.126447E+08    0.3615044E+10    0.3001706E+09
 433      0.103169E+08    0.3614253E+10    0.3455702E+09
 434      0.124238E+08    0.3611762E+10    0.4865730E+09
 435      0.143565E+08    0.3611759E+10    0.6248908E+09
 436      0.232711E+08    0.3615485E+10    0.8206614E+09
 437      0.196776E+08    0.3630377E+10    0.1028035E+10
 438      0.639073E+08    0.3640572E+10    0.1285948E+10
 439     -0.310227E+08    0.3727849E+10    0.1732361E+10
 440      0.193387E+09    0.3698254E+10    0.1568656E+10
 441     -0.128979E+10    0.3601694E+10    0.1152640E+10
