   1     -0.696789E+09    0.3377660E+07   -0.3160128E+06
   2     -0.585879E+09   -0.6689293E+07   -0.1677879E+06
   3     -0.458025E+09   -0.1781088E+08    0.1128199E+06
   4     -0.317877E+09   -0.4387571E+08    0.2252093E+06
   5     -0.167469E+09   -0.6936322E+08    0.1834303E+06
   6     -0.137565E+08   -0.9872237E+08    0.3845322E+06
   7      0.140279E+09   -0.1270572E+09    0.3467159E+06
   8      0.291148E+09   -0.1564615E+09    0.1417596E+07
   9      0.439863E+09   -0.1834447E+09    0.4408155E+07
  10      0.574571E+09   -0.2442934E+09    0.1179687E+08
  11      0.634295E+09   -0.3167694E+09    0.1301449E+08
  12      0.633011E+09   -0.3446916E+09    0.2606134E+07
  13      0.582640E+09   -0.3607888E+09   -0.1728916E+07
  14      0.484303E+09   -0.3298235E+09   -0.2840217E+07
  15      0.331469E+09   -0.2991119E+09   -0.5881736E+07
  16      0.132818E+09   -0.2386612E+09   -0.5897379E+07
  17     -0.973021E+08   -0.1788099E+09   -0.6942146E+07
  18     -0.351315E+09   -0.1081155E+09   -0.7733411E+07
  19     -0.595267E+09   -0.3091709E+08   -0.7753486E+07
  20     -0.814113E+09   -0.2630404E+07    0.3446670E+06
  21     -0.983879E+09    0.1774825E+08    0.8901871E+07
  22     -0.707938E+09    0.3180140E+07    0.9565943E+06
  23     -0.595785E+09   -0.7836311E+07    0.1064384E+08
  24     -0.464808E+09   -0.1971802E+08    0.2032244E+08
  25     -0.321879E+09   -0.4469565E+08    0.2431456E+08
  26     -0.169352E+09   -0.6941534E+08    0.2815257E+08
  27     -0.138783E+08   -0.9792698E+08    0.2813200E+08
  28      0.140809E+09   -0.1259160E+09    0.2785505E+08
  29      0.291501E+09   -0.1523332E+09    0.2743954E+08
  30      0.435106E+09   -0.1785945E+09    0.2886485E+08
  31      0.567149E+09   -0.1995413E+09    0.3518458E+08
  32      0.651172E+09   -0.2220287E+09    0.3776464E+08
  33      0.654323E+09   -0.2365356E+09    0.1483421E+08
  34      0.601021E+09   -0.2492677E+09   -0.6069318E+07
  35      0.499849E+09   -0.2309831E+09   -0.2172633E+08
  36      0.343562E+09   -0.2119197E+09   -0.3712213E+08
  37      0.140448E+09   -0.1730294E+09   -0.4491526E+08
  38     -0.915685E+08   -0.1326182E+09   -0.5369949E+08
  39     -0.355672E+09   -0.8913251E+08   -0.5057264E+08
  40     -0.606957E+09   -0.4696073E+08   -0.4632617E+08
  41     -0.838728E+09   -0.2172944E+08   -0.2303742E+08
  42     -0.100437E+10    0.2752583E+07    0.9272999E+05
  43     -0.718649E+09    0.3205783E+07    0.2208460E+07
  44     -0.605802E+09   -0.7417496E+07    0.2141813E+08
  45     -0.471484E+09   -0.1902047E+08    0.4051035E+08
  46     -0.325980E+09   -0.4402433E+08    0.4846589E+08
  47     -0.171346E+09   -0.6873912E+08    0.5624278E+08
  48     -0.142415E+08   -0.9582368E+08    0.5605397E+08
  49      0.140913E+09   -0.1226891E+09    0.5566166E+08
  50      0.291065E+09   -0.1438885E+09    0.5348920E+08
  51      0.429424E+09   -0.1652052E+09    0.5239210E+08
  52      0.558207E+09   -0.1691841E+09    0.5515876E+08
  53      0.666695E+09   -0.1719470E+09    0.5935266E+08
  54      0.678290E+09   -0.1716293E+09    0.2717692E+08
  55      0.622415E+09   -0.1711997E+09   -0.9625851E+07
  56      0.516791E+09   -0.1575825E+09   -0.3915940E+08
  57      0.356526E+09   -0.1447343E+09   -0.6604550E+08
  58      0.149869E+09   -0.1193227E+09   -0.8256976E+08
  59     -0.867681E+08   -0.9318074E+08   -0.9869505E+08
  60     -0.359947E+09   -0.6424688E+08   -0.9227449E+08
  61     -0.621193E+09   -0.3126860E+08   -0.8637743E+08
  62     -0.863618E+09   -0.9584252E+07   -0.4708831E+08
  63     -0.103212E+10    0.7785112E+07   -0.7664236E+07
  64     -0.755338E+09    0.2936653E+07    0.4145043E+07
  65     -0.634250E+09   -0.8276746E+07    0.3238326E+08
  66     -0.491204E+09   -0.2041945E+08    0.6052032E+08
  67     -0.337383E+09   -0.4446854E+08    0.7160398E+08
  68     -0.175599E+09   -0.6837293E+08    0.8239402E+08
  69     -0.125938E+08   -0.9298162E+08    0.8002492E+08
  70      0.146361E+09   -0.1173989E+09    0.7759441E+08
  71      0.298633E+09   -0.1330735E+09    0.6869470E+08
  72      0.437702E+09   -0.1483779E+09    0.5995020E+08
  73      0.565332E+09   -0.1480446E+09    0.5083421E+08
  74      0.673644E+09   -0.1459174E+09    0.4548334E+08
  75      0.718164E+09   -0.1315470E+09    0.1486582E+08
  76      0.661191E+09   -0.1190761E+09   -0.2130790E+08
  77      0.547580E+09   -0.1046234E+09   -0.5273961E+08
  78      0.382563E+09   -0.8855445E+08   -0.8269015E+08
  79      0.168641E+09   -0.6959507E+08   -0.9955939E+08
  80     -0.842552E+08   -0.5153616E+08   -0.1154077E+09
  81     -0.364479E+09   -0.3354982E+08   -0.1091203E+09
  82     -0.647834E+09   -0.1455658E+08   -0.1044709E+09
  83     -0.912592E+09   -0.5424167E+07   -0.5633525E+08
  84     -0.111401E+10    0.2738509E+07   -0.6824419E+07
  85     -0.792224E+09    0.3545106E+07    0.5768964E+07
  86     -0.662495E+09   -0.7452924E+07    0.4334189E+08
  87     -0.510970E+09   -0.1980238E+08    0.8071256E+08
  88     -0.348768E+09   -0.4422297E+08    0.9475651E+08
  89     -0.179833E+09   -0.6813500E+08    0.1085177E+09
  90     -0.108527E+08   -0.9086479E+08    0.1038820E+09
  91      0.152098E+09   -0.1132413E+09    0.9922671E+08
  92      0.306926E+09   -0.1249632E+09    0.8379076E+08
  93      0.446883E+09   -0.1365447E+09    0.6839366E+08
  94      0.573975E+09   -0.1308721E+09    0.4980601E+08
  95      0.681394E+09   -0.1230834E+09    0.3411772E+08
  96      0.755508E+09   -0.1022264E+09    0.1578005E+07
  97      0.697130E+09   -0.8237932E+08   -0.3453509E+08
  98      0.578051E+09   -0.6476667E+08   -0.6803887E+08
  99      0.409015E+09   -0.4779869E+08   -0.1012989E+09
 100      0.185595E+09   -0.3389120E+08   -0.1176981E+09
 101     -0.792714E+08   -0.1898797E+08   -0.1339740E+09
 102     -0.368734E+09   -0.1090083E+08   -0.1262271E+09
 103     -0.672469E+09   -0.4909032E+07   -0.1188077E+09
 104     -0.962678E+09   -0.3650973E+07   -0.6446945E+08
 105     -0.119163E+10   -0.1026771E+07   -0.8739399E+07
 106     -0.855076E+09    0.2874849E+07    0.7832784E+07
 107     -0.709609E+09   -0.8910117E+07    0.5473690E+08
 108     -0.542164E+09   -0.2183472E+08    0.1013613E+09
 109     -0.365018E+09   -0.4515611E+08    0.1169039E+09
 110     -0.182982E+09   -0.6818841E+08    0.1320982E+09
 111     -0.299478E+07   -0.8827778E+08    0.1231534E+09
 112      0.168285E+09   -0.1079604E+09    0.1141813E+09
 113      0.329224E+09   -0.1156087E+09    0.9092570E+08
 114      0.472864E+09   -0.1229683E+09    0.6784986E+08
 115      0.601618E+09   -0.1130621E+09    0.3955858E+08
 116      0.709061E+09   -0.1012601E+09    0.1251906E+08
 117      0.791259E+09   -0.7757449E+08   -0.2143599E+08
 118      0.731502E+09   -0.5491701E+08   -0.5682030E+08
 119      0.607907E+09   -0.3653526E+08   -0.8609623E+08
 120      0.433243E+09   -0.1867236E+08   -0.1148829E+09
 121      0.198701E+09   -0.8229369E+07   -0.1279285E+09
 122     -0.762560E+08    0.2664995E+07   -0.1408985E+09
 123     -0.381705E+09    0.4916091E+07   -0.1272583E+09
 124     -0.703495E+09    0.6255541E+07   -0.1144736E+09
 125     -0.101553E+10    0.3119521E+07   -0.6198459E+08
 126     -0.128320E+10    0.5669394E+06   -0.8052723E+07
 127     -0.917613E+09    0.3586320E+07    0.1002249E+08
 128     -0.756666E+09   -0.8472101E+07    0.6624368E+08
 129     -0.573365E+09   -0.2217090E+08    0.1220935E+09
 130     -0.381264E+09   -0.4588527E+08    0.1391700E+09
 131     -0.186095E+09   -0.6882250E+08    0.1558350E+09
 132      0.497288E+07   -0.8669345E+08    0.1425912E+09
 133      0.184678E+09   -0.1040102E+09    0.1293619E+09
 134      0.351744E+09   -0.1079481E+09    0.9826965E+08
 135      0.499132E+09   -0.1116177E+09    0.6735299E+08
 136      0.629484E+09   -0.9804510E+08    0.2927749E+08
 137      0.737283E+09   -0.8271667E+08   -0.8677990E+07
 138      0.827329E+09   -0.5620391E+08   -0.4425210E+08
 139      0.765904E+09   -0.3041380E+08   -0.7931718E+08
 140      0.636497E+09   -0.1216683E+08   -0.1044104E+09
 141      0.455961E+09    0.5889389E+07   -0.1293091E+09
 142      0.212177E+09    0.1271127E+08   -0.1380235E+09
 143     -0.753081E+08    0.1751368E+08   -0.1460521E+09
 144     -0.394482E+09    0.1243842E+08   -0.1285504E+09
 145     -0.733994E+09    0.8046083E+07   -0.1123896E+09
 146     -0.106782E+10    0.2754592E+07   -0.5987859E+08
 147     -0.137353E+10   -0.1751633E+07   -0.6172357E+07
 148     -0.100927E+10    0.2763397E+07    0.1328902E+08
 149     -0.822492E+09   -0.1025312E+08    0.7871275E+08
 150     -0.614189E+09   -0.2472438E+08    0.1435363E+09
 151     -0.398923E+09   -0.4690101E+08    0.1598411E+09
 152     -0.184194E+09   -0.6840498E+08    0.1756933E+09
 153      0.227798E+08   -0.8259802E+08    0.1561506E+09
 154      0.214218E+09   -0.9614774E+08    0.1367563E+09
 155      0.389462E+09   -0.9559337E+08    0.9772479E+08
 156      0.542227E+09   -0.9490363E+08    0.5909817E+08
 157      0.675300E+09   -0.7821790E+08    0.1264946E+08
 158      0.783568E+09   -0.5919527E+08   -0.3527785E+08
 159      0.857715E+09   -0.3324574E+08   -0.6862140E+08
 160      0.793167E+09   -0.9783277E+07   -0.9898044E+08
 161      0.657743E+09    0.4491189E+07   -0.1192964E+09
 162      0.469156E+09    0.1918997E+08   -0.1401353E+09
 163      0.215743E+09    0.2487596E+08   -0.1427615E+09
 164     -0.845320E+08    0.3116879E+08   -0.1451372E+09
 165     -0.415986E+09    0.2634092E+08   -0.1225024E+09
 166     -0.769191E+09    0.1864202E+08   -0.9982976E+08
 167     -0.111485E+10    0.7473694E+07   -0.5156198E+08
 168     -0.144487E+10   -0.1524635E+07   -0.3099053E+07
 169     -0.110061E+10    0.3606129E+07    0.1662252E+08
 170     -0.888377E+09   -0.9999497E+07    0.9140574E+08
 171     -0.655097E+09   -0.2569554E+08    0.1653212E+09
 172     -0.416754E+09   -0.4734364E+08    0.1808497E+09
 173     -0.182391E+09   -0.6757173E+08    0.1959430E+09
 174      0.406200E+08   -0.7716185E+08    0.1701054E+09
 175      0.243929E+09   -0.8588962E+08    0.1445178E+09
 176      0.427451E+09   -0.7972738E+08    0.9751509E+08
 177      0.585637E+09   -0.7332521E+08    0.5131038E+08
 178      0.721781E+09   -0.5439736E+08   -0.3282051E+07
 179      0.832016E+09   -0.3445466E+08   -0.6169467E+08
 180      0.887234E+09   -0.1063189E+08   -0.9357419E+08
 181      0.820101E+09    0.1231914E+08   -0.1191289E+09
 182      0.679384E+09    0.2305563E+08   -0.1344344E+09
 183      0.482667E+09    0.3349479E+08   -0.1513641E+09
 184      0.218013E+09    0.3380534E+08   -0.1484025E+09
 185     -0.933003E+08    0.3274570E+08   -0.1456710E+09
 186     -0.439482E+09    0.2395792E+08   -0.1170691E+09
 187     -0.804284E+09    0.1590636E+08   -0.8752144E+08
 188     -0.116071E+10    0.7260875E+07   -0.4278829E+08
 189     -0.151416E+10   -0.9305466E+06    0.1702542E+07
 190     -0.122580E+10    0.2179201E+07    0.2193644E+08
 191     -0.972209E+09   -0.1199698E+08    0.1048392E+09
 192     -0.701424E+09   -0.2807615E+08    0.1863514E+09
 193     -0.430139E+09   -0.4582256E+08    0.1968152E+09
 194     -0.169996E+09   -0.6214558E+08    0.2069007E+09
 195      0.721600E+08   -0.6430068E+08    0.1723049E+09
 196      0.288103E+09   -0.6556528E+08    0.1383914E+09
 197      0.479126E+09   -0.5184932E+08    0.8486484E+08
 198      0.641382E+09   -0.3765874E+08    0.3200810E+08
 199      0.778523E+09   -0.1488095E+08   -0.2493906E+08
 200      0.887425E+09    0.8416715E+07   -0.8473491E+08
 201      0.905935E+09    0.2630873E+08   -0.1101606E+09
 202      0.833756E+09    0.4285802E+08   -0.1294556E+09
 203      0.690532E+09    0.4527146E+08   -0.1371876E+09
 204      0.485134E+09    0.4631495E+08   -0.1464767E+09
 205      0.213322E+09    0.3701238E+08   -0.1411570E+09
 206     -0.107706E+09    0.2884621E+08   -0.1362225E+09
 207     -0.468639E+09    0.2063776E+08   -0.1085244E+09
 208     -0.838754E+09    0.1232851E+08   -0.7944529E+08
 209     -0.120399E+10    0.5667642E+07   -0.3611368E+08
 210     -0.154266E+10   -0.7332539E+06    0.6005134E+07
 211     -0.135133E+10    0.2936488E+07    0.2766476E+08
 212     -0.105615E+10   -0.1184117E+08    0.1187285E+09
 213     -0.748381E+09   -0.2912777E+08    0.2079287E+09
 214     -0.444010E+09   -0.4255483E+08    0.2134199E+09
 215     -0.157987E+09   -0.5348676E+08    0.2186414E+09
 216      0.103804E+09   -0.4453800E+08    0.1751800E+09
 217      0.332390E+09   -0.3439034E+08    0.1328159E+09
 218      0.531318E+09   -0.1021786E+08    0.7279633E+08
 219      0.697245E+09    0.1352693E+08    0.1303122E+08
 220      0.837856E+09    0.4655298E+08   -0.4932062E+08
 221      0.942113E+09    0.8018668E+08   -0.1101321E+09
 222      0.924886E+09    0.8271095E+08   -0.1249230E+09
 223      0.846665E+09    0.8278876E+08   -0.1377827E+09
 224      0.701186E+09    0.7367192E+08   -0.1399234E+09
 225      0.485618E+09    0.6571247E+08   -0.1427752E+09
 226      0.209130E+09    0.5214031E+08   -0.1345014E+09
 227     -0.123320E+09    0.3681351E+08   -0.1269291E+09
 228     -0.497374E+09    0.2083012E+08   -0.9955906E+08
 229     -0.874212E+09    0.5321632E+07   -0.6995547E+08
 230     -0.124760E+10    0.5915024E+06   -0.3014456E+08
 231     -0.156987E+10   -0.3070622E+07    0.7372296E+07
 232     -0.151431E+10    0.4788194E+06    0.3593175E+08
 233     -0.115372E+10   -0.1278043E+08    0.1312209E+09
 234     -0.790779E+09   -0.2874571E+08    0.2234540E+09
 235     -0.441990E+09   -0.3241809E+08    0.2151080E+09
 236     -0.126126E+09   -0.3300579E+08    0.2069892E+09
 237      0.153255E+09   -0.8048206E+07    0.1520406E+09
 238      0.390355E+09    0.1784304E+08    0.9921197E+08
 239      0.590674E+09    0.5663264E+08    0.3717580E+08
 240      0.758467E+09    0.9692232E+08   -0.2632029E+08
 241      0.889339E+09    0.1249199E+09   -0.7640440E+08
 242      0.954951E+09    0.1489865E+09   -0.1182316E+09
 243      0.928429E+09    0.1425509E+09   -0.1173738E+09
 244      0.848882E+09    0.1360630E+09   -0.1203726E+09
 245      0.699123E+09    0.1127762E+09   -0.1179374E+09
 246      0.483004E+09    0.8878070E+08   -0.1161347E+09
 247      0.202740E+09    0.6184200E+08   -0.1095592E+09
 248     -0.136440E+09    0.3541495E+08   -0.1028527E+09
 249     -0.516470E+09    0.1941053E+08   -0.8363386E+08
 250     -0.906355E+09    0.5331838E+07   -0.6193215E+08
 251     -0.128099E+10    0.2613312E+07   -0.2713929E+08
 252     -0.158951E+10   -0.1057079E+07    0.5334682E+07
 253     -0.167704E+10    0.1438892E+07    0.4471547E+08
 254     -0.125249E+10   -0.1253727E+08    0.1445269E+09
 255     -0.835266E+09   -0.2875052E+08    0.2404948E+09
 256     -0.440642E+09   -0.1787807E+08    0.2183231E+09
 257     -0.949296E+08   -0.2586140E+07    0.1968867E+09
 258      0.203826E+09    0.4683820E+08    0.1298237E+09
 259      0.448781E+09    0.9618417E+08    0.6643417E+08
 260      0.651988E+09    0.1541720E+09    0.2639714E+06
 261      0.826445E+09    0.2167942E+09   -0.7125893E+08
 262      0.937536E+09    0.2459941E+09   -0.1015651E+09
 263      0.965573E+09    0.2617703E+09   -0.1192437E+09
 264      0.932591E+09    0.2335900E+09   -0.1093069E+09
 265      0.853308E+09    0.2115713E+09   -0.1046054E+09
 266      0.697222E+09    0.1737291E+09   -0.9662729E+08
 267      0.482026E+09    0.1330128E+09   -0.8841041E+08
 268      0.196837E+09    0.8622418E+08   -0.8522731E+08
 269     -0.151510E+09    0.4038242E+08   -0.8194540E+08
 270     -0.536607E+09    0.1742801E+08   -0.7003354E+08
 271     -0.939931E+09   -0.2654897E+07   -0.5644549E+08
 272     -0.131643E+10   -0.2533365E+06   -0.2332315E+08
 273     -0.160247E+10    0.9497562E+06    0.7829717E+07
 274     -0.187655E+10   -0.5598892E+07    0.5958190E+08
 275     -0.135053E+10   -0.1161034E+08    0.1508758E+09
 276     -0.849433E+09   -0.2141028E+08    0.2347396E+09
 277     -0.401858E+09    0.1450244E+08    0.1817458E+09
 278     -0.310873E+08    0.5688478E+08    0.1323123E+09
 279      0.271021E+09    0.1365115E+09    0.5611726E+08
 280      0.512666E+09    0.2168030E+09   -0.1614812E+08
 281      0.703513E+09    0.2918535E+09   -0.6912610E+08
 282      0.857306E+09    0.3639605E+09   -0.1193887E+09
 283      0.927350E+09    0.3750041E+09   -0.1122293E+09
 284      0.948001E+09    0.3842673E+09   -0.1019320E+09
 285      0.912204E+09    0.3546654E+09   -0.7827486E+08
 286      0.834024E+09    0.3239883E+09   -0.5525337E+08
 287      0.680253E+09    0.2609764E+09   -0.3609748E+08
 288      0.473691E+09    0.1978806E+09   -0.1759089E+08
 289      0.199382E+09    0.1290516E+09   -0.1831760E+08
 290     -0.141647E+09    0.5926131E+08   -0.2239881E+08
 291     -0.526317E+09    0.2035417E+08   -0.3541978E+08
 292     -0.943471E+09   -0.1303041E+08   -0.4795101E+08
 293     -0.134091E+10   -0.7591012E+07   -0.2732671E+08
 294     -0.163482E+10   -0.4959508E+07   -0.4918935E+07
 295     -0.207784E+10    0.5937487E+06    0.7750740E+08
 296     -0.145182E+10   -0.1035943E+08    0.1594530E+09
 297     -0.871504E+09   -0.1646063E+08    0.2333676E+09
 298     -0.361396E+09    0.6288048E+08    0.1486507E+09
 299      0.320496E+08    0.1460508E+09    0.6937817E+08
 300      0.342004E+09    0.2751503E+09   -0.1795474E+08
 301      0.582345E+09    0.4038831E+09   -0.1037474E+09
 302      0.756403E+09    0.4921519E+09   -0.1370542E+09
 303      0.876334E+09    0.5673964E+09   -0.1576576E+09
 304      0.918362E+09    0.5729542E+09   -0.1204818E+09
 305      0.932743E+09    0.5820924E+09   -0.8887578E+08
 306      0.892795E+09    0.5382972E+09   -0.4772128E+08
 307      0.814196E+09    0.4939437E+09   -0.4533566E+07
 308      0.666022E+09    0.4034884E+09    0.2588488E+08
 309      0.468280E+09    0.3096068E+09    0.5394931E+08
 310      0.203323E+09    0.1988034E+09    0.4742341E+08
 311     -0.129446E+09    0.8304272E+08    0.3586195E+08
 312     -0.519096E+09    0.1569646E+08   -0.2862689E+07
 313     -0.960988E+09   -0.4445198E+08   -0.4034280E+08
 314     -0.136161E+10   -0.2158781E+08   -0.3427656E+08
 315     -0.167321E+10    0.3067540E+07   -0.2506752E+08
 316     -0.231636E+10   -0.2791239E+08    0.1066178E+09
 317     -0.150310E+10   -0.5722255E+06    0.1418730E+09
 318     -0.797380E+09    0.2165192E+08    0.1566256E+09
 319     -0.256085E+09    0.1601751E+09    0.1632252E+08
 320      0.132694E+09    0.3104340E+09   -0.1053487E+09
 321      0.404033E+09    0.4848436E+09   -0.1783711E+09
 322      0.608047E+09    0.6547222E+09   -0.2417779E+09
 323      0.736902E+09    0.7446568E+09   -0.2211173E+09
 324      0.821573E+09    0.8292209E+09   -0.1966240E+09
 325      0.855944E+09    0.8400939E+09   -0.1297008E+09
 326      0.863492E+09    0.8524703E+09   -0.6432532E+08
 327      0.821649E+09    0.7943079E+09    0.1099005E+08
 328      0.746927E+09    0.7358827E+09    0.8722019E+08
 329      0.613023E+09    0.6153152E+09    0.1455199E+09
 330      0.442457E+09    0.4919604E+09    0.2039539E+09
 331      0.207739E+09    0.3313196E+09    0.2022294E+09
 332     -0.762701E+08    0.1660650E+09    0.1964329E+09
 333     -0.427136E+09    0.4865952E+08    0.9996759E+08
 334     -0.859602E+09   -0.4701958E+08   -0.2200102E+08
 335     -0.134720E+10   -0.2252621E+08   -0.5274384E+08
 336     -0.185132E+10   -0.1148691E+08   -0.5688077E+08
 337     -0.258996E+10    0.2799245E+08    0.1616484E+09
 338     -0.155649E+10    0.1685267E+08    0.1322965E+09
 339     -0.755595E+09    0.5649407E+08    0.9119381E+08
 340     -0.129420E+09    0.3304240E+09   -0.1089949E+09
 341      0.241109E+09    0.5783287E+09   -0.2930608E+09
 342      0.469099E+09    0.8121690E+09   -0.3401231E+09
 343      0.627377E+09    0.1017374E+10   -0.3736711E+09
 344      0.714086E+09    0.1117128E+10   -0.3053817E+09
 345      0.773787E+09    0.1219197E+10   -0.2406010E+09
 346      0.793287E+09    0.1225992E+10   -0.1393481E+09
 347      0.794342E+09    0.1232673E+10   -0.3823337E+08
 348      0.749020E+09    0.1156738E+10    0.7096712E+08
 349      0.680460E+09    0.1082583E+10    0.1811458E+09
 350      0.557967E+09    0.9326908E+09    0.2688915E+09
 351      0.418522E+09    0.7824237E+09    0.3583408E+09
 352      0.213059E+09    0.5623707E+09    0.3689426E+09
 353     -0.278281E+08    0.3160989E+09    0.3795883E+09
 354     -0.306430E+09    0.1452605E+09    0.1924220E+09
 355     -0.769800E+09   -0.2285474E+08   -0.2942835E+08
 356     -0.134391E+10   -0.2829904E+07   -0.8060980E+08
 357     -0.206526E+10    0.4166745E+08   -0.1010168E+09
 358     -0.281958E+10   -0.1231112E+09    0.1886564E+09
 359     -0.141597E+10    0.7105489E+08    0.8800047E+07
 360     -0.457626E+09    0.2586804E+09   -0.2258553E+09
 361      0.220689E+08    0.6433460E+09   -0.4646592E+09
 362      0.292463E+09    0.1034593E+10   -0.6181595E+09
 363      0.432339E+09    0.1281973E+10   -0.5736447E+09
 364      0.538097E+09    0.1522669E+10   -0.5329826E+09
 365      0.594070E+09    0.1628569E+10   -0.4086579E+09
 366      0.637812E+09    0.1736016E+10   -0.2868864E+09
 367      0.645521E+09    0.1732289E+10   -0.1349804E+09
 368      0.645917E+09    0.1730418E+10    0.1580286E+08
 369      0.601996E+09    0.1634980E+10    0.1661532E+09
 370      0.541860E+09    0.1541458E+10    0.3173355E+09
 371      0.437633E+09    0.1368057E+10    0.4423331E+09
 372      0.318584E+09    0.1193573E+10    0.5768197E+09
 373      0.182397E+09    0.9450063E+09    0.6168503E+09
 374      0.636747E+08    0.7014755E+09    0.6472957E+09
 375     -0.942587E+08    0.4310558E+09    0.4481752E+09
 376     -0.449513E+09    0.1673704E+09    0.1797371E+09
 377     -0.122368E+10    0.4464166E+08   -0.2330344E+07
 378     -0.234897E+10   -0.8772228E+08   -0.1189012E+09
 379     -0.368121E+10    0.2720398E+09    0.6411341E+09
 380     -0.111360E+10    0.2926611E+09   -0.3588555E+08
 381     -0.108513E+09    0.5619027E+09   -0.7191431E+09
 382      0.166104E+09    0.1297648E+10   -0.8723132E+09
 383      0.336537E+09    0.1776956E+10   -0.9513131E+09
 384      0.383812E+09    0.2013978E+10   -0.8178745E+09
 385      0.446176E+09    0.2258358E+10   -0.6960485E+09
 386      0.470747E+09    0.2341321E+10   -0.5112965E+09
 387      0.498074E+09    0.2430914E+10   -0.3288651E+09
 388      0.495771E+09    0.2404425E+10   -0.1276318E+09
 389      0.495440E+09    0.2379917E+10    0.7363914E+08
 390      0.454000E+09    0.2262475E+10    0.2646137E+09
 391      0.400607E+09    0.2150552E+10    0.4516269E+09
 392      0.304891E+09    0.1972624E+10    0.6231881E+09
 393      0.194885E+09    0.1790828E+10    0.8151661E+09
 394      0.155387E+09    0.1578810E+10    0.8713109E+09
 395      0.179684E+09    0.1403401E+10    0.9075642E+09
 396      0.113891E+09    0.1038241E+10    0.7620004E+09
 397     -0.742126E+08    0.4434016E+09    0.5513762E+09
 398     -0.966024E+09    0.2407557E+09    0.5876971E+07
 399     -0.322967E+10    0.2400149E+09   -0.4768406E+09
 400     -0.282882E+10   -0.4646058E+09   -0.1538287E+09
 401     -0.409482E+09    0.8347741E+09   -0.9078047E+09
 402     -0.997458E+08    0.2064890E+10   -0.1453382E+10
 403      0.995889E+08    0.2447414E+10   -0.1278418E+10
 404      0.160185E+09    0.2862054E+10   -0.1190306E+10
 405      0.189550E+09    0.3015042E+10   -0.9866285E+09
 406      0.222399E+09    0.3186260E+10   -0.7914825E+09
 407      0.236637E+09    0.3227905E+10   -0.5541537E+09
 408      0.254272E+09    0.3274801E+10   -0.3175489E+09
 409      0.253209E+09    0.3218855E+10   -0.7077430E+08
 410      0.256419E+09    0.3165610E+10    0.1772155E+09
 411      0.233351E+09    0.3029713E+10    0.4018141E+09
 412      0.207187E+09    0.2887712E+10    0.6263247E+09
 413      0.143831E+09    0.2727930E+10    0.7804289E+09
 414      0.776540E+08    0.2595109E+10    0.9254889E+09
 415      0.911089E+08    0.2499603E+10    0.9938054E+09
 416      0.110706E+09    0.2410523E+10    0.1076398E+10
 417      0.989022E+08    0.2074617E+10    0.1123198E+10
 418     -0.408852E+08    0.1737628E+10    0.1254301E+10
 419     -0.316373E+09    0.6866230E+09    0.7838467E+09
 420     -0.256910E+10   -0.3879673E+09    0.1961564E+09
 421     -0.132039E+10    0.4566286E+10   -0.1057835E+10
 422      0.119574E+09    0.4470961E+10   -0.1722687E+10
 423     -0.931196E+08    0.4333032E+10   -0.2022142E+10
 424      0.161370E+08    0.4258278E+10   -0.1617992E+10
 425     -0.151763E+08    0.4258328E+10   -0.1396500E+10
 426     -0.124564E+07    0.4275011E+10   -0.1128804E+10
 427      0.124787E+07    0.4305984E+10   -0.8717998E+09
 428      0.589347E+07    0.4295410E+10   -0.5848463E+09
 429      0.128325E+08    0.4287469E+10   -0.2975058E+09
 430      0.136954E+08    0.4199738E+10   -0.6583682E+07
 431      0.202456E+08    0.4112485E+10    0.2858887E+09
 432      0.161356E+08    0.3953260E+10    0.5430700E+09
 433      0.176542E+08    0.3768761E+10    0.8084845E+09
 434     -0.345204E+07    0.3638266E+10    0.9319621E+09
 435     -0.196362E+08    0.3579245E+10    0.1015498E+10
 436      0.215014E+08    0.3618146E+10    0.1103349E+10
 437      0.234499E+08    0.3635173E+10    0.1237128E+10
 438      0.640076E+08    0.3646126E+10    0.1441159E+10
 439     -0.304914E+08    0.3735738E+10    0.1828224E+10
 440      0.195392E+09    0.3705991E+10    0.1617541E+10
 441     -0.129047E+10    0.3605284E+10    0.1153427E+10
