   1      0.549891E+09    0.7539709E+07   -0.2849723E+07
   2      0.490043E+09   -0.4591922E+07   -0.8086411E+06
   3      0.407510E+09   -0.1967127E+08    0.1575657E+07
   4      0.318138E+09   -0.6470458E+08    0.1388767E+07
   5      0.219905E+09   -0.1072129E+09    0.8180466E+06
   6      0.980144E+08   -0.1557686E+09    0.1736062E+07
   7     -0.385306E+08   -0.2075420E+09    0.2172593E+07
   8     -0.189719E+09   -0.2413002E+09   -0.5728241E+06
   9     -0.369302E+09   -0.2716040E+09   -0.1064199E+07
  10     -0.542430E+09   -0.2747744E+09   -0.1608726E+06
  11     -0.729310E+09   -0.2747741E+09   -0.2044347E+07
  12     -0.602589E+09   -0.2412283E+09   -0.1778998E+07
  13     -0.460617E+09   -0.2114933E+09   -0.2795476E+06
  14     -0.320548E+09   -0.1814899E+09   -0.6470227E+05
  15     -0.184054E+09   -0.1503185E+09    0.2718056E+04
  16     -0.478337E+08   -0.1160112E+09    0.1152964E+06
  17      0.913117E+08   -0.8115872E+08    0.1469149E+06
  18      0.237082E+09   -0.5341243E+08    0.6452693E+06
  19      0.394242E+09   -0.2562493E+08   -0.1329666E+06
  20      0.565552E+09   -0.9583512E+07   -0.5037237E+06
  21      0.806756E+09    0.5197300E+07    0.5327209E+06
  22      0.537836E+09    0.4056651E+07   -0.7398266E+06
  23      0.473329E+09   -0.1226331E+08    0.1496886E+08
  24      0.396066E+09   -0.2926441E+08    0.3096138E+08
  25      0.311045E+09   -0.6634313E+08    0.3839416E+08
  26      0.216122E+09   -0.1047649E+09    0.4583395E+08
  27      0.995805E+08   -0.1494110E+09    0.4457206E+08
  28     -0.313855E+08   -0.1927007E+09    0.4274051E+08
  29     -0.178701E+09   -0.2253177E+09    0.3145839E+08
  30     -0.354425E+09   -0.2591712E+09    0.2048820E+08
  31     -0.524409E+09   -0.2628280E+09    0.2319760E+07
  32     -0.706187E+09   -0.2626333E+09   -0.1907699E+08
  33     -0.601593E+09   -0.2370311E+09   -0.2572673E+08
  34     -0.457603E+09   -0.2131706E+09   -0.2837728E+08
  35     -0.317498E+09   -0.1821595E+09   -0.3057096E+08
  36     -0.182303E+09   -0.1510797E+09   -0.3376107E+08
  37     -0.480791E+08   -0.1168223E+09   -0.3373490E+08
  38      0.885714E+08   -0.8231806E+08   -0.3355497E+08
  39      0.231162E+09   -0.5295597E+08   -0.2793751E+08
  40      0.387163E+09   -0.2395536E+08   -0.2286001E+08
  41      0.556732E+09   -0.1059104E+08   -0.1358040E+08
  42      0.784324E+09    0.2324704E+07   -0.3699675E+07
  43      0.524793E+09    0.5221768E+07    0.1486241E+07
  44      0.456598E+09   -0.9326731E+07    0.3095449E+08
  45      0.384382E+09   -0.2566317E+08    0.6071595E+08
  46      0.303749E+09   -0.6322928E+08    0.7555971E+08
  47      0.212639E+09   -0.9966758E+08    0.9018940E+08
  48      0.101705E+09   -0.1386083E+09    0.8669307E+08
  49     -0.246038E+08   -0.1793095E+09    0.8391168E+08
  50     -0.167215E+09   -0.2146896E+09    0.6408504E+08
  51     -0.337135E+09   -0.2479069E+09    0.4157927E+08
  52     -0.506529E+09   -0.2546818E+09    0.4600262E+07
  53     -0.682335E+09   -0.2601768E+09   -0.3612495E+08
  54     -0.601490E+09   -0.2374984E+09   -0.4995468E+08
  55     -0.455193E+09   -0.2157182E+09   -0.5660095E+08
  56     -0.314796E+09   -0.1853698E+09   -0.6107502E+08
  57     -0.180810E+09   -0.1547187E+09   -0.6754492E+08
  58     -0.485058E+08   -0.1192761E+09   -0.6757175E+08
  59      0.855469E+08   -0.8354612E+08   -0.6729439E+08
  60      0.225300E+09   -0.5233397E+08   -0.5661462E+08
  61      0.379481E+09   -0.2029776E+08   -0.4600175E+08
  62      0.549061E+09   -0.6483247E+07   -0.2630886E+08
  63      0.759573E+09    0.5483584E+07   -0.6473841E+07
  64      0.473127E+09    0.3896288E+07    0.2542591E+07
  65      0.414095E+09   -0.9745545E+07    0.4469927E+08
  66      0.351985E+09   -0.2426860E+08    0.8713245E+08
  67      0.283376E+09   -0.5668180E+08    0.1077059E+09
  68      0.203165E+09   -0.8942082E+08    0.1282903E+09
  69      0.106084E+09   -0.1300709E+09    0.1250292E+09
  70     -0.983702E+07   -0.1702102E+09    0.1215667E+09
  71     -0.139627E+09   -0.2000186E+09    0.9439775E+08
  72     -0.293524E+09   -0.2313460E+09    0.6658096E+08
  73     -0.455913E+09   -0.2443791E+09    0.1537761E+08
  74     -0.621133E+09   -0.2538042E+09   -0.4241216E+08
  75     -0.590796E+09   -0.2362306E+09   -0.6625847E+08
  76     -0.442747E+09   -0.2197224E+09   -0.8127481E+08
  77     -0.303978E+09   -0.1896972E+09   -0.9054564E+08
  78     -0.174466E+09   -0.1595747E+09   -0.1021173E+09
  79     -0.483209E+08   -0.1235132E+09   -0.1029946E+09
  80      0.778951E+08   -0.8722093E+08   -0.1036205E+09
  81      0.209254E+09   -0.5512784E+08   -0.8797680E+08
  82      0.354142E+09   -0.2285237E+08   -0.7238069E+08
  83      0.516604E+09   -0.8791223E+07   -0.3888143E+08
  84      0.710010E+09    0.4105879E+07   -0.5150411E+07
  85      0.423535E+09    0.5624852E+07    0.2221422E+07
  86      0.370795E+09   -0.6480679E+07    0.5811825E+08
  87      0.320705E+09   -0.2045771E+08    0.1137059E+09
  88      0.263320E+09   -0.5389027E+08    0.1397915E+09
  89      0.193124E+09   -0.8630839E+08    0.1670482E+09
  90      0.110195E+09   -0.1225999E+09    0.1639577E+09
  91      0.689335E+07   -0.1595040E+09    0.1587426E+09
  92     -0.112387E+09   -0.1915779E+09    0.1241005E+09
  93     -0.252495E+09   -0.2218602E+09    0.9126868E+08
  94     -0.403389E+09   -0.2356376E+09    0.2636285E+08
  95     -0.559258E+09   -0.2511851E+09   -0.4838274E+08
  96     -0.582004E+09   -0.2408817E+09   -0.8227013E+08
  97     -0.429399E+09   -0.2279682E+09   -0.1053817E+09
  98     -0.292931E+09   -0.1971449E+09   -0.1199582E+09
  99     -0.168076E+09   -0.1669247E+09   -0.1368692E+09
 100     -0.482191E+08   -0.1294770E+09   -0.1385285E+09
 101      0.703144E+08   -0.9167874E+08   -0.1399943E+09
 102      0.193068E+09   -0.5772753E+08   -0.1192090E+09
 103      0.329555E+09   -0.2345905E+08   -0.9817735E+08
 104      0.482873E+09   -0.8581959E+07   -0.5162467E+08
 105      0.664302E+09    0.4778418E+07   -0.5048138E+07
 106      0.346151E+09    0.2419777E+07    0.3839901E+07
 107      0.303163E+09   -0.9838253E+07    0.6995467E+08
 108      0.271549E+09   -0.2232936E+08    0.1364249E+09
 109      0.231059E+09   -0.5141570E+08    0.1690753E+09
 110      0.178183E+09   -0.8127727E+08    0.2014350E+09
 111      0.113936E+09   -0.1164566E+09    0.1979254E+09
 112      0.310899E+08   -0.1515923E+09    0.1940150E+09
 113     -0.730550E+08   -0.1825081E+09    0.1544661E+09
 114     -0.196043E+09   -0.2127769E+09    0.1150057E+09
 115     -0.331355E+09   -0.2308147E+09    0.4419246E+08
 116     -0.468739E+09   -0.2507653E+09   -0.3546006E+08
 117     -0.543348E+09   -0.2458889E+09   -0.8910294E+08
 118     -0.402287E+09   -0.2365924E+09   -0.1310773E+09
 119     -0.271398E+09   -0.2041342E+09   -0.1497018E+09
 120     -0.154575E+09   -0.1736363E+09   -0.1721427E+09
 121     -0.455208E+08   -0.1359540E+09   -0.1757741E+09
 122      0.593021E+08   -0.9769865E+08   -0.1792307E+09
 123      0.166461E+09   -0.6257661E+08   -0.1533913E+09
 124      0.285883E+09   -0.2733093E+08   -0.1269275E+09
 125      0.422016E+09   -0.1088303E+08   -0.6676037E+08
 126      0.589872E+09    0.4273642E+07   -0.6728203E+07
 127      0.267051E+09    0.5264276E+07    0.5468796E+07
 128      0.237123E+09   -0.5711552E+07    0.8161088E+08
 129      0.220602E+09   -0.1865442E+08    0.1592080E+09
 130      0.199115E+09   -0.4986102E+08    0.1983537E+09
 131      0.164084E+09   -0.7950399E+08    0.2352633E+09
 132      0.117253E+09   -0.1117974E+09    0.2318118E+09
 133      0.531510E+08   -0.1445675E+09    0.2295659E+09
 134     -0.329228E+08   -0.1765362E+09    0.1856867E+09
 135     -0.138698E+09   -0.2077132E+09    0.1403046E+09
 136     -0.260968E+09   -0.2274152E+09    0.6277388E+08
 137     -0.379317E+09   -0.2514844E+09   -0.2048818E+08
 138     -0.500923E+09   -0.2525275E+09   -0.9579120E+08
 139     -0.376422E+09   -0.2448988E+09   -0.1598463E+09
 140     -0.250306E+09   -0.2105166E+09   -0.1804953E+09
 141     -0.141367E+09   -0.1804742E+09   -0.2074954E+09
 142     -0.430234E+08   -0.1425499E+09   -0.2132872E+09
 143      0.480701E+08   -0.1035550E+09   -0.2186565E+09
 144      0.139555E+09   -0.6607953E+08   -0.1877431E+09
 145      0.242030E+09   -0.2776232E+08   -0.1560127E+09
 146      0.361592E+09   -0.9895398E+07   -0.8187307E+08
 147      0.514728E+09    0.5853257E+07   -0.7866613E+07
 148      0.157742E+09    0.3020933E+07    0.6410872E+07
 149      0.150130E+09   -0.1028639E+08    0.9400941E+08
 150      0.151383E+09   -0.2404854E+08    0.1824089E+09
 151      0.156294E+09   -0.5230414E+08    0.2262462E+09
 152      0.146324E+09   -0.8168741E+08    0.2688221E+09
 153      0.121947E+09   -0.1155300E+09    0.2635911E+09
 154      0.785701E+08   -0.1475280E+09    0.2586191E+09
 155      0.143539E+08   -0.1720406E+09    0.2120220E+09
 156     -0.705172E+08   -0.1974459E+09    0.1644092E+09
 157     -0.178640E+09   -0.2162913E+09    0.8175106E+08
 158     -0.287082E+09   -0.2360755E+09   -0.4072309E+07
 159     -0.405954E+09   -0.2364049E+09   -0.9620026E+08
 160     -0.341338E+09   -0.2342374E+09   -0.1786368E+09
 161     -0.217539E+09   -0.2087656E+09   -0.2056769E+09
 162     -0.118295E+09   -0.1837186E+09   -0.2400210E+09
 163     -0.347653E+08   -0.1465939E+09   -0.2499823E+09
 164      0.362702E+08   -0.1089260E+09   -0.2594908E+09
 165      0.103807E+09   -0.7065852E+08   -0.2251143E+09
 166      0.179158E+09   -0.3180711E+08   -0.1896909E+09
 167      0.270619E+09   -0.1249942E+08   -0.9951845E+08
 168      0.401774E+09    0.4963376E+07   -0.9424222E+07
 169      0.496382E+08    0.5409457E+07    0.7919806E+07
 170      0.628377E+08   -0.8169333E+07    0.1069564E+09
 171      0.844415E+08   -0.2382053E+08    0.2054911E+09
 172      0.112435E+09   -0.5440603E+08    0.2541262E+09
 173      0.128000E+09   -0.8338183E+08    0.3029105E+09
 174      0.127000E+09   -0.1134106E+09    0.2962019E+09
 175      0.105037E+09   -0.1442345E+09    0.2889488E+09
 176      0.606281E+08   -0.1687240E+09    0.2382300E+09
 177     -0.291988E+07   -0.1915207E+09    0.1876478E+09
 178     -0.954649E+08   -0.2032347E+09    0.9968580E+08
 179     -0.194634E+09   -0.2156917E+09    0.8975046E+07
 180     -0.309411E+09   -0.2184474E+09   -0.9703107E+08
 181     -0.307375E+09   -0.2216226E+09   -0.1940043E+09
 182     -0.184268E+09   -0.2032181E+09   -0.2298423E+09
 183     -0.951382E+08   -0.1832828E+09   -0.2730156E+09
 184     -0.265709E+08   -0.1481406E+09   -0.2870131E+09
 185      0.242050E+08   -0.1125488E+09   -0.3007532E+09
 186      0.677810E+08   -0.7339813E+08   -0.2627869E+09
 187      0.115956E+09   -0.3273066E+08   -0.2236160E+09
 188      0.179302E+09   -0.1157746E+08   -0.1171877E+09
 189      0.289678E+09    0.6734821E+07   -0.1073594E+08
 190     -0.877392E+08    0.3466753E+07    0.9479171E+07
 191     -0.494433E+08   -0.1116333E+08    0.1209861E+09
 192      0.509679E+07   -0.2735765E+08    0.2324926E+09
 193      0.609765E+08   -0.5771893E+08    0.2826170E+09
 194      0.108897E+09   -0.8732690E+08    0.3320390E+09
 195      0.136788E+09   -0.1134818E+09    0.3217603E+09
 196      0.139977E+09   -0.1388682E+09    0.3112748E+09
 197      0.116333E+09   -0.1542317E+09    0.2546781E+09
 198      0.711237E+08   -0.1687438E+09    0.1982730E+09
 199     -0.549078E+07   -0.1774036E+09    0.1090710E+09
 200     -0.939860E+08   -0.1876801E+09    0.1786050E+08
 201     -0.195150E+09   -0.1941411E+09   -0.9070712E+08
 202     -0.242338E+09   -0.2004404E+09   -0.1944710E+09
 203     -0.133602E+09   -0.1866926E+09   -0.2438319E+09
 204     -0.574504E+08   -0.1718706E+09   -0.2963402E+09
 205     -0.759778E+07   -0.1422470E+09   -0.3164631E+09
 206      0.171774E+08   -0.1119380E+09   -0.3372293E+09
 207      0.278404E+08   -0.7497432E+08   -0.2992174E+09
 208      0.358568E+08   -0.3668173E+08   -0.2600194E+09
 209      0.548946E+08   -0.1458923E+08   -0.1372918E+09
 210      0.128155E+09    0.5053178E+07   -0.1398430E+08
 211     -0.223800E+09    0.5613461E+07    0.1127673E+08
 212     -0.161334E+09   -0.1070757E+08    0.1350923E+09
 213     -0.771672E+08   -0.2990614E+08    0.2601144E+09
 214      0.101348E+08   -0.6152986E+08    0.3124142E+09
 215      0.884591E+08   -0.9088040E+08    0.3627812E+09
 216      0.146504E+09   -0.1087004E+09    0.3480019E+09
 217      0.174617E+09   -0.1249407E+09    0.3329585E+09
 218      0.172969E+09   -0.1309700E+09    0.2714610E+09
 219      0.147034E+09   -0.1377462E+09    0.2099183E+09
 220      0.845431E+08   -0.1399433E+09    0.1186343E+09
 221      0.740146E+07   -0.1410003E+09    0.2709522E+08
 222     -0.821064E+08   -0.1505156E+09   -0.8328699E+08
 223     -0.172635E+09   -0.1635311E+09   -0.1956047E+09
 224     -0.824142E+08   -0.1568690E+09   -0.2596185E+09
 225     -0.193468E+08   -0.1483334E+09   -0.3204838E+09
 226      0.114517E+08   -0.1279546E+09   -0.3465358E+09
 227      0.976125E+07   -0.1064304E+09   -0.3744588E+09
 228     -0.127126E+08   -0.7287032E+08   -0.3362152E+09
 229     -0.449856E+08   -0.3666359E+08   -0.2968550E+09
 230     -0.697686E+08   -0.1312246E+08   -0.1576104E+09
 231     -0.339008E+08    0.6935984E+07   -0.1722123E+08
 232     -0.400945E+09    0.3191284E+07    0.1683413E+08
 233     -0.298387E+09   -0.1619850E+08    0.1531164E+09
 234     -0.170522E+09   -0.3817741E+08    0.2890359E+09
 235     -0.363646E+08   -0.6222408E+08    0.3345947E+09
 236      0.795442E+08   -0.8411172E+08    0.3781746E+09
 237      0.168915E+09   -0.8910884E+08    0.3533445E+09
 238      0.218836E+09   -0.9283351E+08    0.3296627E+09
 239      0.237020E+09   -0.8480006E+08    0.2656304E+09
 240      0.221152E+09   -0.7603867E+08    0.2033086E+09
 241      0.172201E+09   -0.7336047E+08    0.1175248E+09
 242      0.104722E+09   -0.7264772E+08    0.3090052E+08
 243      0.237357E+08   -0.8066594E+08   -0.7324512E+08
 244     -0.634963E+08   -0.8941929E+08   -0.1829625E+09
 245     -0.206964E+08   -0.9677112E+08   -0.2542984E+09
 246      0.334631E+08   -0.1037292E+09   -0.3194764E+09
 247      0.466583E+08   -0.9712690E+08   -0.3542020E+09
 248      0.167985E+08   -0.8942156E+08   -0.3920601E+09
 249     -0.463531E+08   -0.6469516E+08   -0.3614125E+09
 250     -0.134036E+09   -0.3691811E+08   -0.3300964E+09
 251     -0.224974E+09   -0.1463517E+08   -0.1774743E+09
 252     -0.258987E+09    0.4254874E+07   -0.2221465E+08
 253     -0.577700E+09    0.6527214E+07    0.2263676E+08
 254     -0.436571E+09   -0.1503162E+08    0.1722994E+09
 255     -0.263330E+09   -0.4074865E+08    0.3201200E+09
 256     -0.846746E+08   -0.5853465E+08    0.3580294E+09
 257      0.703222E+08   -0.7053381E+08    0.3950327E+09
 258      0.191838E+09   -0.5443797E+08    0.3603684E+09
 259      0.263840E+09   -0.3625522E+08    0.3267558E+09
 260      0.302598E+09   -0.7910377E+07    0.2604455E+09
 261      0.294174E+09    0.1739183E+08    0.1972095E+09
 262      0.261179E+09    0.3150976E+08    0.1166245E+09
 263      0.203965E+09    0.4615834E+08    0.3450926E+08
 264      0.130283E+09    0.3637676E+08   -0.6478668E+08
 265      0.475079E+08    0.2238412E+08   -0.1706993E+09
 266      0.416337E+08   -0.4836282E+07   -0.2480252E+09
 267      0.872268E+08   -0.3059020E+08   -0.3182668E+09
 268      0.827405E+08   -0.4567863E+08   -0.3627530E+09
 269      0.233231E+08   -0.6040506E+08   -0.4110665E+09
 270     -0.807591E+08   -0.4972092E+08   -0.3880250E+09
 271     -0.225211E+09   -0.3429086E+08   -0.3646109E+09
 272     -0.381403E+09   -0.1232591E+08   -0.1978132E+09
 273     -0.484352E+09    0.6131974E+07   -0.2726827E+08
 274     -0.810438E+09   -0.5949934E+06    0.3379939E+08
 275     -0.595409E+09   -0.1782800E+08    0.1893532E+09
 276     -0.342640E+09   -0.3998212E+08    0.3404917E+09
 277     -0.104448E+09   -0.3821396E+08    0.3529784E+09
 278      0.914725E+08   -0.3000217E+08    0.3650802E+09
 279      0.233511E+09    0.1756549E+08    0.3172173E+09
 280      0.319516E+09    0.6646863E+08    0.2726294E+09
 281      0.358592E+09    0.1167785E+09    0.2149389E+09
 282      0.357484E+09    0.1661167E+09    0.1592778E+09
 283      0.326507E+09    0.1909701E+09    0.9500001E+08
 284      0.280027E+09    0.2138784E+09    0.3126097E+08
 285      0.211581E+09    0.1978060E+09   -0.4781975E+08
 286      0.142086E+09    0.1797461E+09   -0.1317988E+09
 287      0.106432E+09    0.1323021E+09   -0.2022035E+09
 288      0.149622E+09    0.8480535E+08   -0.2683985E+09
 289      0.136407E+09    0.4002500E+08   -0.3207935E+09
 290      0.582914E+08   -0.4383400E+07   -0.3784509E+09
 291     -0.865141E+08   -0.1869568E+08   -0.3771948E+09
 292     -0.300141E+09   -0.2667759E+08   -0.3779925E+09
 293     -0.554983E+09   -0.1113416E+08   -0.2108848E+09
 294     -0.778743E+09   -0.1771834E+06   -0.3598823E+08
 295     -0.104396E+10    0.8212554E+07    0.4749317E+08
 296     -0.756381E+09   -0.1713209E+08    0.2084362E+09
 297     -0.432144E+09   -0.4132776E+08    0.3652559E+09
 298     -0.122928E+09   -0.5361401E+07    0.3525170E+09
 299      0.112538E+09    0.3799522E+08    0.3378569E+09
 300      0.277900E+09    0.1328559E+09    0.2756817E+09
 301      0.377835E+09    0.2238449E+09    0.2188300E+09
 302      0.415716E+09    0.3086002E+09    0.1679201E+09
 303      0.423927E+09    0.3910411E+09    0.1190490E+09
 304      0.392225E+09    0.4266707E+09    0.7333626E+08
 305      0.355072E+09    0.4612251E+09    0.2872426E+08
 306      0.293885E+09    0.4360287E+09   -0.2907858E+08
 307      0.233796E+09    0.4052886E+09   -0.9025617E+08
 308      0.173737E+09    0.3305587E+09   -0.1555965E+09
 309      0.214078E+09    0.2583210E+09   -0.2186229E+09
 310      0.193257E+09    0.1735416E+09   -0.2794425E+09
 311      0.930696E+08    0.8309187E+08   -0.3467983E+09
 312     -0.911183E+08    0.2993789E+08   -0.3695205E+09
 313     -0.382244E+09   -0.1743942E+08   -0.3951780E+09
 314     -0.731614E+09   -0.6956638E+07   -0.2256717E+09
 315     -0.107583E+10    0.5505181E+07   -0.4674814E+08
 316     -0.135164E+10   -0.1842098E+08    0.7336993E+08
 317     -0.902267E+09   -0.1486264E+08    0.2115462E+09
 318     -0.441971E+09   -0.2006941E+08    0.3309824E+09
 319     -0.762873E+08    0.7331315E+08    0.2591156E+09
 320      0.182772E+09    0.1803886E+09    0.1993643E+09
 321      0.330324E+09    0.3306259E+09    0.1369575E+09
 322      0.416279E+09    0.4800487E+09    0.8436674E+08
 323      0.438886E+09    0.5916844E+09    0.6369462E+08
 324      0.438375E+09    0.7001090E+09    0.4434010E+08
 325      0.405381E+09    0.7407499E+09    0.3585153E+08
 326      0.370758E+09    0.7805399E+09    0.2638427E+08
 327      0.318663E+09    0.7478224E+09    0.6070453E+07
 328      0.270528E+09    0.7133968E+09   -0.1691199E+08
 329      0.219400E+09    0.6153726E+09   -0.5858303E+08
 330      0.254353E+09    0.5166828E+09   -0.9594462E+08
 331      0.248720E+09    0.3779081E+09   -0.1452178E+09
 332      0.164895E+09    0.2358925E+09   -0.2045757E+09
 333     -0.354655E+08    0.1208046E+09   -0.2654267E+09
 334     -0.383293E+09    0.1758559E+08   -0.3411422E+09
 335     -0.878361E+09    0.3080334E+07   -0.2136100E+09
 336     -0.143924E+10   -0.1755310E+08   -0.6379463E+08
 337     -0.169198E+10    0.3692372E+08    0.1239644E+09
 338     -0.105113E+10   -0.1444456E+07    0.2240080E+09
 339     -0.487570E+09    0.2366051E+07    0.3131785E+09
 340     -0.841543E+07    0.2230210E+09    0.1763733E+09
 341      0.258144E+09    0.4258421E+09    0.4900088E+08
 342      0.390661E+09    0.6597229E+09   -0.8344631E+07
 343      0.454480E+09    0.8721900E+09   -0.5553503E+08
 344      0.462715E+09    0.1002153E+10   -0.4273171E+08
 345      0.449799E+09    0.1129433E+10   -0.3114187E+08
 346      0.416863E+09    0.1171992E+10   -0.2704486E+07
 347      0.384357E+09    0.1214848E+10    0.2453119E+08
 348      0.340911E+09    0.1174309E+10    0.4132830E+08
 349      0.306411E+09    0.1134589E+10    0.5610556E+08
 350      0.264591E+09    0.1011646E+10    0.4288126E+08
 351      0.294820E+09    0.8873485E+09    0.3476717E+08
 352      0.308561E+09    0.6915218E+09   -0.3258225E+07
 353      0.243301E+09    0.4791449E+09   -0.5055453E+08
 354      0.395700E+08    0.2771053E+09   -0.1674273E+09
 355     -0.411442E+09    0.5431128E+08   -0.2984826E+09
 356     -0.102902E+10    0.2159096E+08   -0.2087263E+09
 357     -0.183343E+10    0.2812527E+08   -0.9941079E+08
 358     -0.206554E+10   -0.1080491E+09    0.1557898E+09
 359     -0.105132E+10    0.4287957E+08    0.1335269E+09
 360     -0.267453E+09    0.1807401E+09    0.4684307E+08
 361      0.115393E+09    0.5327173E+09   -0.1566317E+09
 362      0.306972E+09    0.9034115E+09   -0.2775083E+09
 363      0.381092E+09    0.1167654E+10   -0.2565173E+09
 364      0.409271E+09    0.1422643E+10   -0.2387647E+09
 365      0.400228E+09    0.1552240E+10   -0.1694534E+09
 366      0.381055E+09    0.1682258E+10   -0.1032045E+09
 367      0.348941E+09    0.1711754E+10   -0.3226205E+08
 368      0.320940E+09    0.1743647E+10    0.3765875E+08
 369      0.286686E+09    0.1692660E+10    0.9392594E+08
 370      0.264195E+09    0.1643183E+10    0.1486611E+09
 371      0.237971E+09    0.1508787E+10    0.1805280E+09
 372      0.263497E+09    0.1376180E+10    0.2180021E+09
 373      0.302471E+09    0.1140490E+10    0.2341154E+09
 374      0.289376E+09    0.8979827E+09    0.2539105E+09
 375      0.152390E+09    0.5556340E+09    0.1536952E+09
 376     -0.203818E+09    0.2236612E+09   -0.1849127E+08
 377     -0.100705E+10    0.6747708E+08   -0.9707780E+08
 378     -0.221180E+10   -0.9455411E+08   -0.1134285E+09
 379     -0.308118E+10    0.2560725E+09    0.6159366E+09
 380     -0.902645E+09    0.2462618E+09    0.1331193E+09
 381      0.231733E+08    0.4801063E+09   -0.3945839E+09
 382      0.239807E+09    0.1216480E+10   -0.5499733E+09
 383      0.360249E+09    0.1705031E+10   -0.6202066E+09
 384      0.358779E+09    0.1946333E+10   -0.5179694E+09
 385      0.360806E+09    0.2191955E+10   -0.4241720E+09
 386      0.329476E+09    0.2281387E+10   -0.2980798E+09
 387      0.308986E+09    0.2377565E+10   -0.1750305E+09
 388      0.276045E+09    0.2381492E+10   -0.6080476E+08
 389      0.254197E+09    0.2388348E+10    0.5265220E+08
 390      0.227879E+09    0.2325685E+10    0.1487230E+09
 391      0.217253E+09    0.2266870E+10    0.2435669E+09
 392      0.204398E+09    0.2138546E+10    0.3209685E+09
 393      0.222807E+09    0.2017580E+10    0.4037738E+09
 394      0.286058E+09    0.1789652E+10    0.4862950E+09
 395      0.337438E+09    0.1568457E+10    0.5771262E+09
 396      0.265375E+09    0.1130665E+10    0.5343287E+09
 397      0.711796E+08    0.4809817E+09    0.4125733E+09
 398     -0.846115E+09    0.2545067E+09   -0.5806145E+08
 399     -0.318233E+10    0.2293021E+09   -0.4651866E+09
 400     -0.253097E+10   -0.4598906E+09   -0.1363767E+09
 401     -0.304928E+09    0.8068296E+09   -0.7420630E+09
 402     -0.157122E+08    0.2029943E+10   -0.1174512E+10
 403      0.149809E+09    0.2442260E+10   -0.9752050E+09
 404      0.185097E+09    0.2867795E+10   -0.8535827E+09
 405      0.183740E+09    0.2996595E+10   -0.6662017E+09
 406      0.184632E+09    0.3140485E+10   -0.4881894E+09
 407      0.165445E+09    0.3159497E+10   -0.3230307E+09
 408      0.157065E+09    0.3185255E+10   -0.1602658E+09
 409      0.138863E+09    0.3147700E+10   -0.2413502E+08
 410      0.128305E+09    0.3113790E+10    0.1112248E+09
 411      0.115007E+09    0.3043380E+10    0.2218683E+09
 412      0.109693E+09    0.2976153E+10    0.3318760E+09
 413      0.104789E+09    0.2873994E+10    0.4294939E+09
 414      0.109233E+09    0.2777570E+10    0.5247126E+09
 415      0.151043E+09    0.2624363E+10    0.6554526E+09
 416      0.180366E+09    0.2486476E+10    0.8019705E+09
 417      0.173432E+09    0.2121388E+10    0.9289413E+09
 418      0.318180E+08    0.1754739E+10    0.1139390E+10
 419     -0.255660E+09    0.6937364E+09    0.7329688E+09
 420     -0.254765E+10   -0.3881827E+09    0.2073667E+09
 421     -0.133121E+10    0.4370294E+10   -0.1047603E+10
 422      0.126953E+09    0.4453026E+10   -0.1585413E+10
 423     -0.725681E+08    0.4484567E+10   -0.1786054E+10
 424      0.355276E+08    0.4392237E+10   -0.1326967E+10
 425      0.186001E+07    0.4382485E+10   -0.1046205E+10
 426      0.100717E+08    0.4316196E+10   -0.7830364E+09
 427      0.882795E+07    0.4265395E+10   -0.5340180E+09
 428      0.628056E+07    0.4178836E+10   -0.3339318E+09
 429      0.835117E+07    0.4096801E+10   -0.1361910E+09
 430      0.657094E+07    0.4002701E+10    0.1918166E+08
 431      0.676664E+07    0.3912210E+10    0.1729878E+09
 432      0.722032E+07    0.3830655E+10    0.2962413E+09
 433      0.704525E+07    0.3749718E+10    0.4195303E+09
 434      0.986877E+07    0.3685587E+10    0.5339155E+09
 435      0.271014E+07    0.3623013E+10    0.6388931E+09
 436      0.191365E+08    0.3616671E+10    0.8064776E+09
 437      0.175430E+08    0.3626883E+10    0.1001422E+10
 438      0.627700E+08    0.3639288E+10    0.1275293E+10
 439     -0.326002E+08    0.3731537E+10    0.1736995E+10
 440      0.194574E+09    0.3691172E+10    0.1580626E+10
 441     -0.129944E+10    0.3577749E+10    0.1169166E+10
