   1     -0.799991E+09    0.5676842E+06    0.4268408E+05
   2     -0.629668E+09   -0.2719660E+07    0.6663175E+04
   3     -0.473310E+09   -0.6517833E+07   -0.4776925E+05
   4     -0.316167E+09   -0.1030724E+08   -0.6256307E+05
   5     -0.161501E+09   -0.1411092E+08   -0.4032808E+05
   6     -0.106241E+08   -0.1184283E+08   -0.4802503E+05
   7      0.131345E+09   -0.9492954E+07   -0.4923182E+05
   8      0.265156E+09    0.4600195E+07   -0.6099875E+05
   9      0.384409E+09    0.1899865E+08   -0.1784229E+06
  10      0.492306E+09    0.4899111E+08   -0.7786252E+05
  11      0.579365E+09    0.7625132E+08    0.2670015E+06
  12      0.659757E+09    0.1457594E+09   -0.9670166E+07
  13      0.695031E+09    0.2282183E+09   -0.1598321E+08
  14      0.588182E+09    0.2700677E+09   -0.6068017E+07
  15      0.455071E+09    0.2994877E+09   -0.9846934E+06
  16      0.267313E+09    0.2799544E+09    0.1002596E+05
  17      0.413859E+08    0.2618759E+09    0.2161111E+07
  18     -0.243186E+09    0.2042427E+09    0.4751058E+07
  19     -0.584173E+09    0.1424359E+09    0.8238218E+07
  20     -0.993886E+09    0.6592657E+08    0.1112273E+08
  21     -0.158357E+10   -0.5815157E+07    0.1283725E+08
  22     -0.805310E+09    0.5099126E+06    0.1671861E+07
  23     -0.631109E+09   -0.2744917E+07    0.3244086E+07
  24     -0.473556E+09   -0.6496347E+07    0.4767766E+07
  25     -0.314848E+09   -0.1024050E+08    0.3240325E+07
  26     -0.158544E+09   -0.1398185E+08    0.1761319E+07
  27     -0.617586E+07   -0.1164981E+08   -0.2824171E+07
  28      0.137226E+09   -0.9222207E+07   -0.7429154E+07
  29      0.272132E+09    0.4931834E+07   -0.1456632E+08
  30      0.392759E+09    0.1893548E+08   -0.2159506E+08
  31      0.501467E+09    0.4977267E+08   -0.3102863E+08
  32      0.593250E+09    0.8427166E+08   -0.4370471E+08
  33      0.664341E+09    0.1252136E+09   -0.4948291E+08
  34      0.666088E+09    0.1638667E+09   -0.4646204E+08
  35      0.567820E+09    0.1780529E+09   -0.1948799E+08
  36      0.435523E+09    0.1913105E+09    0.1713488E+07
  37      0.250901E+09    0.1726325E+09    0.1817302E+08
  38      0.248841E+08    0.1527378E+09    0.3588492E+08
  39     -0.253655E+09    0.1091468E+09    0.4714416E+08
  40     -0.585328E+09    0.6093023E+08    0.6237243E+08
  41     -0.979150E+09    0.2342686E+08    0.4492604E+08
  42     -0.147783E+10   -0.8424281E+07    0.2237303E+08
  43     -0.810904E+09    0.7268051E+06    0.3231780E+07
  44     -0.632345E+09   -0.2502003E+07    0.6441551E+07
  45     -0.473777E+09   -0.6361418E+07    0.9586710E+07
  46     -0.313520E+09   -0.1093380E+08    0.6539657E+07
  47     -0.155631E+09   -0.1538657E+08    0.3553653E+07
  48     -0.174411E+07   -0.1358753E+08   -0.5594747E+07
  49      0.143044E+09   -0.1173830E+08   -0.1472170E+08
  50      0.279315E+09    0.1798751E+07   -0.2908889E+08
  51      0.401013E+09    0.1552380E+08   -0.4260396E+08
  52      0.511859E+09    0.4421988E+08   -0.6291852E+08
  53      0.614511E+09    0.7924750E+08   -0.9226066E+08
  54      0.668079E+09    0.1061005E+09   -0.8873344E+08
  55      0.634292E+09    0.1225073E+09   -0.7053316E+08
  56      0.545570E+09    0.1140281E+09   -0.3018173E+08
  57      0.413067E+09    0.1110818E+09    0.4534614E+07
  58      0.232633E+09    0.9740107E+08    0.3661503E+08
  59      0.552117E+07    0.8128891E+08    0.7007425E+08
  60     -0.265374E+09    0.5189193E+08    0.8963777E+08
  61     -0.588652E+09    0.2066654E+08    0.1154026E+09
  62     -0.961302E+09    0.6254348E+07    0.7591409E+08
  63     -0.136217E+10   -0.5284217E+07    0.2819781E+08
  64     -0.824560E+09    0.7782488E+06    0.4246436E+07
  65     -0.637878E+09   -0.2714522E+07    0.9838654E+07
  66     -0.474733E+09   -0.6826355E+07    0.1539744E+08
  67     -0.309447E+09   -0.1168892E+08    0.1082980E+08
  68     -0.146652E+09   -0.1642948E+08    0.6245046E+07
  69      0.116841E+08   -0.1483995E+08   -0.7638485E+07
  70      0.160287E+09   -0.1287973E+08   -0.2158994E+08
  71      0.299602E+09   -0.1709932E+06   -0.4216581E+08
  72      0.424756E+09    0.1364426E+08   -0.6399409E+08
  73      0.536609E+09    0.3892616E+08   -0.8755588E+08
  74      0.627052E+09    0.6411445E+08   -0.1116106E+09
  75      0.639414E+09    0.6401871E+08   -0.8800966E+08
  76      0.595488E+09    0.6273569E+08   -0.5951396E+08
  77      0.508286E+09    0.5613977E+08   -0.2145171E+08
  78      0.375560E+09    0.4939375E+08    0.1421734E+08
  79      0.196441E+09    0.3699311E+08    0.4843701E+08
  80     -0.254654E+08    0.2443280E+08    0.8402628E+08
  81     -0.283280E+09    0.1299666E+08    0.1013411E+09
  82     -0.583928E+09    0.1865620E+07    0.1222990E+09
  83     -0.908758E+09   -0.1195683E+05    0.7472042E+08
  84     -0.122735E+10   -0.1613586E+07    0.2175137E+08
  85     -0.837747E+09    0.9075556E+06    0.5286800E+07
  86     -0.643484E+09   -0.2799279E+07    0.1323681E+08
  87     -0.475657E+09   -0.7284769E+07    0.2121673E+08
  88     -0.305402E+09   -0.1319251E+08    0.1517415E+08
  89     -0.137748E+09   -0.1891199E+08    0.9057464E+07
  90      0.251283E+08   -0.1763967E+08   -0.9664902E+07
  91      0.177275E+09   -0.1638531E+08   -0.2812804E+08
  92      0.319853E+09   -0.1960613E+07   -0.5606843E+08
  93      0.452859E+09    0.1792746E+08   -0.8967475E+08
  94      0.563109E+09    0.3367173E+08   -0.1123069E+09
  95      0.625201E+09    0.4088468E+08   -0.1228757E+09
  96      0.610134E+09    0.2490409E+08   -0.8560114E+08
  97      0.558804E+09    0.1256467E+08   -0.5435078E+08
  98      0.471111E+09    0.6522306E+07   -0.1516440E+08
  99      0.340417E+09    0.3577356E+06    0.2429809E+08
 100      0.160910E+09   -0.5041544E+07    0.6010921E+08
 101     -0.532696E+08   -0.1052847E+08    0.9738551E+08
 102     -0.300782E+09   -0.1201311E+08    0.1126665E+09
 103     -0.574927E+09   -0.1215179E+08    0.1290021E+09
 104     -0.858013E+09   -0.4869313E+07    0.7551484E+08
 105     -0.109962E+10    0.1326284E+07    0.1910262E+08
 106     -0.858231E+09    0.9409751E+06    0.6545908E+07
 107     -0.655103E+09   -0.3429598E+07    0.1744341E+08
 108     -0.477880E+09   -0.8546245E+07    0.2843273E+08
 109     -0.298300E+09   -0.1462560E+08    0.2061276E+08
 110     -0.122080E+09   -0.2040376E+08    0.1248399E+08
 111      0.479833E+08   -0.1915786E+08   -0.1132798E+08
 112      0.206929E+09   -0.1727550E+08   -0.3603190E+08
 113      0.353189E+09   -0.3350764E+07   -0.6980657E+08
 114      0.479915E+09    0.1367761E+08   -0.1051075E+09
 115      0.563286E+09    0.9015745E+07   -0.1057472E+09
 116      0.595296E+09   -0.2166117E+07   -0.1000818E+09
 117      0.582027E+09   -0.1893867E+08   -0.7024139E+08
 118      0.528503E+09   -0.3285961E+08   -0.4336516E+08
 119      0.435186E+09   -0.3944221E+08   -0.9353847E+07
 120      0.304895E+09   -0.4532723E+08    0.2566793E+08
 121      0.128698E+09   -0.4242118E+08    0.5792443E+08
 122     -0.798749E+08   -0.3998890E+08    0.9180506E+08
 123     -0.310597E+09   -0.3062343E+08    0.1028752E+09
 124     -0.556227E+09   -0.1933224E+08    0.1134702E+09
 125     -0.807791E+09   -0.8055248E+07    0.6528795E+08
 126     -0.100040E+10    0.1529785E+07    0.1485255E+08
 127     -0.878520E+09    0.1171015E+07    0.7793674E+07
 128     -0.666716E+09   -0.3630506E+07    0.2169120E+08
 129     -0.480189E+09   -0.9531413E+07    0.3574741E+08
 130     -0.291256E+09   -0.1655493E+08    0.2607224E+08
 131     -0.106941E+09   -0.2312925E+08    0.1637554E+08
 132      0.711754E+08   -0.2044685E+08   -0.1364728E+08
 133      0.240540E+09   -0.1348218E+08   -0.4804875E+08
 134      0.389752E+09   -0.6051191E+07   -0.8460536E+08
 135      0.498708E+09   -0.5075756E+07   -0.1138884E+09
 136      0.556477E+09   -0.2827853E+08   -0.9596258E+08
 137      0.572059E+09   -0.4908278E+08   -0.8043628E+08
 138      0.554458E+09   -0.6204300E+08   -0.5684720E+08
 139      0.498328E+09   -0.7487264E+08   -0.3276909E+08
 140      0.401093E+09   -0.7635935E+08   -0.3997047E+07
 141      0.268530E+09   -0.7711094E+08    0.2640336E+08
 142      0.971493E+08   -0.7026144E+08    0.5603715E+08
 143     -0.107436E+09   -0.6297437E+08    0.8572595E+08
 144     -0.318714E+09   -0.4282497E+08    0.9257929E+08
 145     -0.539934E+09   -0.2204982E+08    0.9954449E+08
 146     -0.757172E+09   -0.8933715E+07    0.5595137E+08
 147     -0.904650E+09    0.2819575E+07    0.1017144E+08
 148     -0.908700E+09    0.1060436E+07    0.9677997E+07
 149     -0.685720E+09   -0.4577228E+07    0.2710294E+08
 150     -0.483481E+09   -0.1115074E+08    0.4462064E+08
 151     -0.279950E+09   -0.1798572E+08    0.3206906E+08
 152     -0.816724E+08   -0.2404968E+08    0.1791074E+08
 153      0.104865E+09   -0.1984929E+08   -0.1735465E+08
 154      0.274374E+09   -0.1203652E+08   -0.5349111E+08
 155      0.406708E+09   -0.2529994E+08   -0.7025778E+08
 156      0.493004E+09   -0.4566725E+08   -0.8234026E+08
 157      0.543985E+09   -0.7119148E+08   -0.7248446E+08
 158      0.559707E+09   -0.9319668E+08   -0.6397317E+08
 159      0.536077E+09   -0.1035838E+09   -0.4636466E+08
 160      0.476809E+09   -0.1135610E+09   -0.2830672E+08
 161      0.378845E+09   -0.1129209E+09   -0.5082811E+07
 162      0.241598E+09   -0.1130681E+09    0.1920973E+08
 163      0.766025E+08   -0.9761836E+08    0.4087741E+08
 164     -0.121615E+09   -0.8015042E+08    0.6182540E+08
 165     -0.323470E+09   -0.5483319E+08    0.6753359E+08
 166     -0.527856E+09   -0.2875326E+08    0.7334362E+08
 167     -0.721759E+09   -0.1125086E+08    0.4090951E+08
 168     -0.852759E+09    0.4164267E+07    0.7503570E+07
 169     -0.938567E+09    0.1327599E+07    0.1151762E+08
 170     -0.704810E+09   -0.4861673E+07    0.3258405E+08
 171     -0.487098E+09   -0.1288716E+08    0.5422860E+08
 172     -0.268034E+09   -0.1929811E+08    0.3703234E+08
 173     -0.511480E+08   -0.1941666E+08    0.1400438E+08
 174      0.139843E+09   -0.2147195E+08   -0.2188514E+08
 175      0.301499E+09   -0.3188542E+08   -0.5076040E+08
 176      0.416325E+09   -0.6514262E+08   -0.5087479E+08
 177      0.491314E+09   -0.9478796E+08   -0.5273972E+08
 178      0.535202E+09   -0.1137314E+09   -0.5099532E+08
 179      0.547505E+09   -0.1319898E+09   -0.4813716E+08
 180      0.518345E+09   -0.1406696E+09   -0.3605937E+08
 181      0.455953E+09   -0.1503427E+09   -0.2370943E+08
 182      0.355875E+09   -0.1457299E+09   -0.6473638E+07
 183      0.216423E+09   -0.1396223E+09    0.1082712E+08
 184      0.564350E+08   -0.1193668E+09    0.2472174E+08
 185     -0.135539E+09   -0.1004917E+09    0.3919676E+08
 186     -0.329300E+09   -0.6931223E+08    0.4254868E+08
 187     -0.514111E+09   -0.3303786E+08    0.4503804E+08
 188     -0.688157E+09   -0.1106841E+08    0.2577575E+08
 189     -0.797392E+09    0.6474564E+07    0.6261350E+07
 190     -0.983312E+09    0.1056410E+07    0.1471602E+08
 191     -0.732136E+09   -0.6271395E+07    0.3948014E+08
 192     -0.489001E+09   -0.1410086E+08    0.6296292E+08
 193     -0.249763E+09   -0.2041378E+08    0.4305498E+08
 194     -0.236657E+08   -0.2488269E+08    0.2208464E+08
 195      0.158373E+09   -0.4960164E+08    0.1511488E+07
 196      0.309217E+09   -0.7768598E+08   -0.1557354E+08
 197      0.420545E+09   -0.1039135E+09   -0.2374443E+08
 198      0.497931E+09   -0.1280344E+09   -0.3247697E+08
 199      0.537744E+09   -0.1435712E+09   -0.3542117E+08
 200      0.544802E+09   -0.1592501E+09   -0.3746482E+08
 201      0.511533E+09   -0.1646590E+09   -0.3032509E+08
 202      0.447261E+09   -0.1703364E+09   -0.2282268E+08
 203      0.346927E+09   -0.1641778E+09   -0.1356037E+08
 204      0.209298E+09   -0.1577414E+09   -0.4681521E+07
 205      0.503899E+08   -0.1351311E+09    0.1817914E+07
 206     -0.139599E+09   -0.1110086E+09    0.8206173E+07
 207     -0.327746E+09   -0.7576855E+08    0.7735845E+07
 208     -0.514187E+09   -0.3945339E+08    0.7817898E+07
 209     -0.683973E+09   -0.1635676E+08    0.5243176E+07
 210     -0.790991E+09    0.4381126E+07    0.1833795E+07
 211     -0.102736E+10    0.4516351E+06    0.1859908E+08
 212     -0.758957E+09   -0.6081569E+07    0.4534380E+08
 213     -0.486797E+09   -0.9143737E+07    0.6704531E+08
 214     -0.231645E+09   -0.2496207E+08    0.5040526E+08
 215     -0.545041E+07   -0.4893944E+08    0.4086631E+08
 216      0.173202E+09   -0.8432520E+08    0.2951336E+08
 217      0.319411E+09   -0.1145719E+09    0.1586625E+08
 218      0.428949E+09   -0.1308192E+09    0.4319999E+06
 219      0.504139E+09   -0.1462953E+09   -0.1348217E+08
 220      0.541071E+09   -0.1553171E+09   -0.1994863E+08
 221      0.542453E+09   -0.1662698E+09   -0.2575817E+08
 222      0.505801E+09   -0.1728145E+09   -0.2475152E+08
 223      0.438902E+09   -0.1784277E+09   -0.2369121E+08
 224      0.338982E+09   -0.1711690E+09   -0.2173107E+08
 225      0.201208E+09   -0.1649373E+09   -0.1997372E+08
 226      0.436338E+08   -0.1445511E+09   -0.2144970E+08
 227     -0.143373E+09   -0.1218766E+09   -0.2481602E+08
 228     -0.326760E+09   -0.8276015E+08   -0.2720546E+08
 229     -0.516231E+09   -0.4098336E+08   -0.2823017E+08
 230     -0.678825E+09   -0.1441046E+08   -0.1532991E+08
 231     -0.787227E+09    0.8210892E+07   -0.2409752E+07
 232     -0.109565E+10    0.2375314E+07    0.2252349E+08
 233     -0.794335E+09   -0.9591681E+07    0.5600356E+08
 234     -0.492975E+09   -0.2288246E+08    0.8664700E+08
 235     -0.229334E+09   -0.5414703E+08    0.7936935E+08
 236      0.225863E+07   -0.8509102E+08    0.7453998E+08
 237      0.192321E+09   -0.1049564E+09    0.5151788E+08
 238      0.339768E+09   -0.1232293E+09    0.2891760E+08
 239      0.447286E+09   -0.1317188E+09    0.9394857E+07
 240      0.515749E+09   -0.1402744E+09   -0.8625419E+07
 241      0.548162E+09   -0.1444028E+09   -0.1517172E+08
 242      0.544395E+09   -0.1486645E+09   -0.2066390E+08
 243      0.506692E+09   -0.1531504E+09   -0.1972338E+08
 244      0.440255E+09   -0.1590888E+09   -0.1877165E+08
 245      0.343155E+09   -0.1617384E+09   -0.2168330E+08
 246      0.210934E+09   -0.1643398E+09   -0.2555534E+08
 247      0.579727E+08   -0.1465955E+09   -0.4011202E+08
 248     -0.127207E+09   -0.1265901E+09   -0.5674922E+08
 249     -0.321062E+09   -0.8859897E+08   -0.6454425E+08
 250     -0.525514E+09   -0.4761509E+08   -0.7197068E+08
 251     -0.711226E+09   -0.1875579E+08   -0.4010223E+08
 252     -0.844828E+09    0.6004166E+07   -0.6479391E+07
 253     -0.116228E+10    0.7206623E+07    0.2492306E+08
 254     -0.828545E+09   -0.1529858E+08    0.6867507E+08
 255     -0.507293E+09   -0.4129441E+08    0.1135129E+09
 256     -0.229994E+09   -0.7263578E+08    0.1105026E+09
 257      0.135662E+08   -0.9952564E+08    0.1041256E+09
 258      0.213065E+09   -0.1040195E+09    0.7237485E+08
 259      0.360579E+09   -0.1075145E+09    0.4321779E+08
 260      0.466271E+09   -0.1011000E+09    0.1984121E+08
 261      0.529570E+09   -0.9574489E+08   -0.2077942E+07
 262      0.556454E+09   -0.9345810E+08   -0.9907223E+07
 263      0.547968E+09   -0.9178109E+08   -0.1660456E+08
 264      0.507645E+09   -0.9771741E+08   -0.1549509E+08
 265      0.442141E+09   -0.1049060E+09   -0.1339131E+08
 266      0.348338E+09   -0.1167883E+09   -0.2117382E+08
 267      0.221515E+09   -0.1299704E+09   -0.3151536E+08
 268      0.741548E+08   -0.1271098E+09   -0.6037374E+08
 269     -0.113435E+09   -0.1216219E+09   -0.9093823E+08
 270     -0.317025E+09   -0.8809780E+08   -0.1034691E+09
 271     -0.536676E+09   -0.5053032E+08   -0.1161660E+09
 272     -0.745275E+09   -0.1863222E+08   -0.6498300E+08
 273     -0.899455E+09    0.8966355E+07   -0.1112799E+08
 274     -0.127367E+10    0.2483824E+07    0.3465944E+08
 275     -0.890359E+09   -0.2227314E+08    0.9376897E+08
 276     -0.531558E+09   -0.5282351E+08    0.1510299E+09
 277     -0.212811E+09   -0.7223965E+08    0.1265637E+09
 278      0.486702E+08   -0.8509249E+08    0.1012615E+09
 279      0.249758E+09   -0.6821749E+08    0.5771536E+08
 280      0.392596E+09   -0.5010138E+08    0.1753787E+08
 281      0.485392E+09   -0.2211120E+08   -0.3661007E+07
 282      0.538072E+09    0.5704481E+07   -0.2211382E+08
 283      0.553507E+09    0.1593476E+08   -0.1744994E+08
 284      0.540874E+09    0.2328354E+08   -0.1170852E+08
 285      0.500617E+09    0.7875971E+07   -0.1926376E+07
 286      0.437601E+09   -0.7178021E+07    0.8805283E+07
 287      0.356186E+09   -0.3323747E+08    0.4122249E+07
 288      0.251932E+09   -0.6031796E+08   -0.4765751E+07
 289      0.113450E+09   -0.7866754E+08   -0.4458965E+08
 290     -0.679323E+08   -0.9703079E+08   -0.8784441E+08
 291     -0.287457E+09   -0.8152728E+08   -0.1224896E+09
 292     -0.544373E+09   -0.5757095E+08   -0.1581037E+09
 293     -0.815321E+09   -0.2349005E+08   -0.9324730E+08
 294     -0.104112E+10    0.3855181E+07   -0.2231882E+08
 295     -0.138583E+10    0.1144243E+08    0.4721727E+08
 296     -0.956652E+09   -0.2433411E+08    0.1203918E+09
 297     -0.561867E+09   -0.5872125E+08    0.1914744E+09
 298     -0.193847E+09   -0.5294574E+08    0.1474679E+09
 299      0.813108E+08   -0.4276632E+08    0.1034028E+09
 300      0.290600E+09    0.1653273E+08    0.4493360E+08
 301      0.427220E+09    0.7544364E+08   -0.9544059E+07
 302      0.506626E+09    0.1283612E+09   -0.2750903E+08
 303      0.546511E+09    0.1759029E+09   -0.4228053E+08
 304      0.550569E+09    0.1937704E+09   -0.2543194E+08
 305      0.533094E+09    0.2132158E+09   -0.7297057E+07
 306      0.495417E+09    0.1948099E+09    0.1312898E+08
 307      0.434071E+09    0.1721239E+09    0.3375282E+08
 308      0.366361E+09    0.1215856E+09    0.2953598E+08
 309      0.284562E+09    0.7012479E+08    0.2216546E+08
 310      0.153675E+09    0.1296969E+08   -0.2833706E+08
 311     -0.228850E+08   -0.4659689E+08   -0.8420200E+08
 312     -0.256397E+09   -0.5762634E+08   -0.1445369E+09
 313     -0.559982E+09   -0.5988571E+08   -0.2065508E+09
 314     -0.888973E+09   -0.2128811E+08   -0.1238658E+09
 315     -0.118208E+10    0.1468042E+08   -0.3347167E+08
 316     -0.158948E+10   -0.1421159E+08    0.7407124E+08
 317     -0.103222E+10   -0.2412871E+08    0.1379210E+09
 318     -0.527500E+09   -0.4416533E+08    0.1857588E+09
 319     -0.124856E+09    0.1299184E+08    0.9062142E+08
 320      0.158422E+09    0.8469829E+08    0.7654932E+07
 321      0.340763E+09    0.1919833E+09   -0.5203347E+08
 322      0.451563E+09    0.2967272E+09   -0.1024549E+09
 323      0.500906E+09    0.3710060E+09   -0.9581646E+08
 324      0.523658E+09    0.4436837E+09   -0.8793984E+08
 325      0.511386E+09    0.4671841E+09   -0.4646898E+08
 326      0.489056E+09    0.4898781E+09   -0.4263191E+07
 327      0.452689E+09    0.4611093E+09    0.4255388E+08
 328      0.405618E+09    0.4329000E+09    0.8887159E+08
 329      0.354122E+09    0.3569232E+09    0.1052497E+09
 330      0.302839E+09    0.2773695E+09    0.1222338E+09
 331      0.208284E+09    0.1710727E+09    0.7149418E+08
 332      0.703156E+08    0.6374923E+08    0.1035753E+08
 333     -0.160765E+09    0.6223355E+06   -0.9130967E+08
 334     -0.508335E+09   -0.4805321E+08   -0.2070925E+09
 335     -0.971968E+09   -0.2471801E+08   -0.1443165E+09
 336     -0.145396E+10   -0.1131509E+08   -0.5928891E+08
 337     -0.182690E+10    0.4390024E+08    0.1241274E+09
 338     -0.111048E+10   -0.1172558E+08    0.1642808E+09
 339     -0.529971E+09   -0.2656316E+08    0.1975447E+09
 340     -0.349297E+08    0.1504898E+09    0.4514110E+08
 341      0.242923E+09    0.3086106E+09   -0.9914709E+08
 342      0.397097E+09    0.4944076E+09   -0.1539114E+09
 343      0.478475E+09    0.6604848E+09   -0.1993624E+09
 344      0.495530E+09    0.7537036E+09   -0.1672952E+09
 345      0.500549E+09    0.8433083E+09   -0.1355428E+09
 346      0.471057E+09    0.8623141E+09   -0.6756830E+08
 347      0.443669E+09    0.8844345E+09   -0.2076432E+06
 348      0.407908E+09    0.8487007E+09    0.7284622E+08
 349      0.375478E+09    0.8130305E+09    0.1472328E+09
 350      0.335593E+09    0.7051728E+09    0.1920271E+09
 351      0.322552E+09    0.5921257E+09    0.2358598E+09
 352      0.272167E+09    0.4466227E+09    0.1764221E+09
 353      0.174601E+09    0.2944996E+09    0.1085140E+09
 354     -0.439661E+08    0.1625439E+09   -0.4895606E+08
 355     -0.483496E+09    0.5751271E+07   -0.2203001E+09
 356     -0.105987E+10    0.3678288E+07   -0.1726099E+09
 357     -0.176947E+10    0.3828594E+08   -0.1041464E+09
 358     -0.213076E+10   -0.1036314E+09    0.1567547E+09
 359     -0.107731E+10    0.2882299E+08    0.9428206E+08
 360     -0.290161E+09    0.1458764E+09   -0.2889545E+08
 361      0.975275E+08    0.4520782E+09   -0.2421819E+09
 362      0.298547E+09    0.7772746E+09   -0.3739349E+09
 363      0.387121E+09    0.9936993E+09   -0.3541256E+09
 364      0.427544E+09    0.1201243E+10   -0.3366682E+09
 365      0.419892E+09    0.1289569E+10   -0.2538858E+09
 366      0.411682E+09    0.1379090E+10   -0.1744223E+09
 367      0.373708E+09    0.1386397E+10   -0.7446219E+08
 368      0.347984E+09    0.1396905E+10    0.2308691E+08
 369      0.304767E+09    0.1344121E+10    0.1257954E+09
 370      0.283677E+09    0.1288683E+10    0.2332358E+09
 371      0.276787E+09    0.1188405E+10    0.2953576E+09
 372      0.299242E+09    0.1102806E+10    0.3546135E+09
 373      0.288643E+09    0.9423322E+09    0.3485305E+09
 374      0.248125E+09    0.7666982E+09    0.3486202E+09
 375      0.982603E+08    0.4714973E+09    0.2203214E+09
 376     -0.247628E+09    0.1877136E+09    0.1870741E+08
 377     -0.101694E+10    0.5295603E+08   -0.8223288E+08
 378     -0.214971E+10   -0.8891166E+08   -0.1190545E+09
 379     -0.307858E+10    0.2690894E+09    0.6256030E+09
 380     -0.895692E+09    0.2349873E+09    0.1171787E+09
 381      0.176376E+08    0.4433940E+09   -0.4276722E+09
 382      0.231318E+09    0.1140437E+10   -0.5878641E+09
 383      0.357833E+09    0.1590692E+10   -0.6651434E+09
 384      0.368074E+09    0.1787197E+10   -0.5666625E+09
 385      0.370768E+09    0.1986012E+10   -0.4744581E+09
 386      0.338411E+09    0.2029522E+10   -0.3413023E+09
 387      0.319058E+09    0.2078919E+10   -0.2128664E+09
 388      0.271419E+09    0.2053878E+10   -0.8182509E+08
 389      0.244849E+09    0.2033819E+10    0.4967223E+08
 390      0.188754E+09    0.1975510E+10    0.1858225E+09
 391      0.191207E+09    0.1926393E+10    0.3173963E+09
 392      0.224177E+09    0.1879022E+10    0.3894872E+09
 393      0.272756E+09    0.1835976E+10    0.4669092E+09
 394      0.292460E+09    0.1657007E+10    0.5360560E+09
 395      0.319688E+09    0.1482694E+10    0.6146540E+09
 396      0.238086E+09    0.1076722E+10    0.5536736E+09
 397      0.538782E+08    0.4595274E+09    0.4118449E+09
 398     -0.836667E+09    0.2467174E+09   -0.6314628E+08
 399     -0.311929E+10    0.2345363E+09   -0.4727874E+09
 400     -0.252132E+10   -0.4650391E+09   -0.1327336E+09
 401     -0.303934E+09    0.7992376E+09   -0.7444435E+09
 402     -0.212387E+08    0.2015592E+10   -0.1176217E+10
 403      0.144321E+09    0.2398275E+10   -0.9808395E+09
 404      0.182923E+09    0.2797217E+10   -0.8626018E+09
 405      0.190348E+09    0.2886016E+10   -0.6708891E+09
 406      0.188533E+09    0.2988113E+10   -0.4874280E+09
 407      0.171068E+09    0.2957811E+10   -0.3162848E+09
 408      0.161102E+09    0.2933184E+10   -0.1467024E+09
 409      0.134444E+09    0.2857217E+10   -0.9192290E+07
 410      0.115422E+09    0.2780957E+10    0.1278161E+09
 411      0.815547E+08    0.2741552E+10    0.2269908E+09
 412      0.988983E+08    0.2726126E+10    0.3201688E+09
 413      0.119631E+09    0.2704402E+10    0.4243606E+09
 414      0.143556E+09    0.2676073E+10    0.5354835E+09
 415      0.156547E+09    0.2553749E+10    0.6742966E+09
 416      0.172132E+09    0.2444989E+10    0.8211735E+09
 417      0.159884E+09    0.2094214E+10    0.9322030E+09
 418      0.230165E+08    0.1743726E+10    0.1126354E+10
 419     -0.251151E+09    0.6889483E+09    0.7217177E+09
 420     -0.251581E+10   -0.3871484E+09    0.2002351E+09
 421     -0.131122E+10    0.4453734E+10   -0.1028206E+10
 422      0.123242E+09    0.4519188E+10   -0.1561405E+10
 423     -0.754677E+08    0.4538217E+10   -0.1754694E+10
 424      0.329037E+08    0.4438713E+10   -0.1297393E+10
 425      0.162335E+06    0.4417371E+10   -0.1016534E+10
 426      0.117416E+08    0.4312167E+10   -0.7417174E+09
 427      0.771784E+07    0.4220661E+10   -0.4805860E+09
 428      0.704698E+07    0.4074024E+10   -0.2754508E+09
 429      0.648157E+07    0.3930884E+10   -0.6974431E+08
 430      0.288924E+07    0.3781776E+10    0.7220246E+08
 431     -0.544873E+07    0.3637657E+10    0.2087340E+09
 432     -0.124803E+08    0.3620075E+10    0.2644814E+09
 433      0.781815E+07    0.3610379E+10    0.3233897E+09
 434      0.124775E+08    0.3611857E+10    0.4615854E+09
 435      0.145097E+08    0.3611705E+10    0.6006963E+09
 436      0.228520E+08    0.3615065E+10    0.7958294E+09
 437      0.194406E+08    0.3629774E+10    0.1002784E+10
 438      0.637868E+08    0.3639672E+10    0.1262579E+10
 439     -0.315010E+08    0.3730798E+10    0.1711417E+10
 440      0.196178E+09    0.3693506E+10    0.1562144E+10
 441     -0.129604E+10    0.3584707E+10    0.1160247E+10
