   1      0.895271E+08   -0.1140426E+07    0.4549648E+07
   2      0.177297E+08   -0.1499196E+08    0.1744192E+07
   3     -0.172391E+08   -0.2825612E+08   -0.1983643E+06
   4     -0.300261E+08   -0.4541121E+08   -0.5126876E+06
   5     -0.280787E+08   -0.6285216E+08   -0.1856037E+07
   6     -0.211321E+08   -0.8234362E+08   -0.1653354E+07
   7      0.343476E+06   -0.1030246E+09   -0.1234569E+07
   8      0.206526E+08   -0.1219030E+09   -0.1174963E+07
   9      0.420902E+08   -0.1405242E+09   -0.5735529E+06
  10      0.560673E+08   -0.1529161E+09    0.1459875E+06
  11      0.604070E+08   -0.1645248E+09   -0.3657671E+06
  12      0.583531E+08   -0.1587082E+09   -0.4396554E+06
  13      0.461570E+08   -0.1538950E+09    0.7849488E+06
  14      0.283179E+08   -0.1365142E+09    0.1051767E+06
  15     -0.370351E+07   -0.1169984E+09   -0.1854901E+06
  16     -0.324705E+08   -0.9002371E+08    0.6754699E+06
  17     -0.516952E+08   -0.6286038E+08   -0.2471700E+06
  18     -0.660139E+08   -0.3426554E+08   -0.4979470E+06
  19     -0.685364E+08   -0.6402827E+07    0.8425724E+06
  20     -0.417748E+08   -0.1208385E+07    0.1590135E+07
  21     -0.483534E+07    0.3210520E+07    0.1492361E+07
  22      0.670741E+08    0.3239195E+07    0.4444068E+07
  23      0.142617E+08   -0.4514872E+07    0.9789400E+07
  24     -0.206980E+08   -0.1275360E+08    0.1406156E+08
  25     -0.347982E+08   -0.3074490E+08    0.1759038E+08
  26     -0.322802E+08   -0.4944219E+08    0.2267086E+08
  27     -0.212390E+08   -0.7613277E+08    0.2360556E+08
  28      0.819093E+06   -0.1021562E+09    0.2418787E+08
  29      0.242963E+08   -0.1249917E+09    0.2088268E+08
  30      0.466470E+08   -0.1477935E+09    0.1750042E+08
  31      0.628498E+08   -0.1586894E+09    0.1086633E+08
  32      0.685694E+08   -0.1695543E+09    0.3856576E+07
  33      0.667580E+08   -0.1658088E+09   -0.4690819E+07
  34      0.532219E+08   -0.1604435E+09   -0.1305004E+08
  35      0.335329E+08   -0.1407476E+09   -0.1844386E+08
  36      0.218609E+06   -0.1223023E+09   -0.2372196E+08
  37     -0.289980E+08   -0.9505742E+08   -0.2679768E+08
  38     -0.527964E+08   -0.6634732E+08   -0.2987789E+08
  39     -0.716774E+08   -0.4170990E+08   -0.2456235E+08
  40     -0.750907E+08   -0.1751327E+08   -0.1896175E+08
  41     -0.540530E+08   -0.6496956E+07   -0.8225564E+07
  42     -0.502616E+07    0.3624109E+07    0.2235572E+07
  43      0.440915E+08    0.2087439E+07    0.3195593E+07
  44      0.109599E+08   -0.2106406E+07    0.1651117E+08
  45     -0.220322E+08   -0.6976873E+07    0.2804761E+08
  46     -0.395668E+08   -0.3133835E+08    0.3599595E+08
  47     -0.371824E+08   -0.5513453E+08    0.4687683E+08
  48     -0.211064E+08   -0.8386302E+08    0.4905335E+08
  49      0.126232E+07   -0.1133528E+09    0.4981753E+08
  50      0.275311E+08   -0.1381260E+09    0.4287707E+08
  51      0.514069E+08   -0.1629424E+09    0.3580681E+08
  52      0.694599E+08   -0.1760771E+09    0.2163944E+08
  53      0.761496E+08   -0.1879565E+09    0.8001534E+07
  54      0.753525E+08   -0.1842640E+09   -0.8576356E+07
  55      0.602971E+08   -0.1814344E+09   -0.2608023E+08
  56      0.376793E+08   -0.1629877E+09   -0.3665023E+08
  57      0.505188E+07   -0.1425306E+09   -0.4764185E+08
  58     -0.255421E+08   -0.1111785E+09   -0.5429703E+08
  59     -0.547178E+08   -0.8073741E+08   -0.5888624E+08
  60     -0.774905E+08   -0.5266280E+08   -0.4834401E+08
  61     -0.801158E+08   -0.2390072E+08   -0.3894902E+08
  62     -0.671948E+08   -0.9572326E+07   -0.1827304E+08
  63     -0.102752E+07    0.3494003E+07    0.2628181E+07
  64      0.215266E+08    0.3456898E+07   -0.9059158E+05
  65     -0.120886E+08   -0.4196382E+07    0.2282880E+08
  66     -0.410541E+08   -0.1239255E+08    0.4657356E+08
  67     -0.551088E+08   -0.3955743E+08    0.6276570E+08
  68     -0.464037E+08   -0.6716041E+08    0.7815332E+08
  69     -0.232229E+08   -0.9903119E+08    0.8024781E+08
  70      0.789283E+07   -0.1310959E+09    0.8178405E+08
  71      0.394341E+08   -0.1582710E+09    0.6900785E+08
  72      0.684019E+08   -0.1844568E+09    0.5666728E+08
  73      0.917814E+08   -0.1975173E+09    0.3451818E+08
  74      0.995033E+08   -0.2104561E+09    0.1210115E+08
  75      0.100038E+09   -0.2060485E+09   -0.1273989E+08
  76      0.857512E+08   -0.2015349E+09   -0.3835568E+08
  77      0.553668E+08   -0.1791327E+09   -0.5840505E+08
  78      0.201341E+08   -0.1558446E+09   -0.7770356E+08
  79     -0.173556E+08   -0.1239215E+09   -0.8565708E+08
  80     -0.588249E+08   -0.9151197E+08   -0.9336433E+08
  81     -0.915719E+08   -0.5860701E+08   -0.7948356E+08
  82     -0.103504E+09   -0.2632702E+08   -0.6474482E+08
  83     -0.984693E+08   -0.1129731E+08   -0.3326062E+08
  84     -0.362400E+08    0.2996701E+07   -0.2593679E+07
  85      0.220590E+07    0.3728102E+07   -0.1808853E+07
  86     -0.348506E+08   -0.8490264E+07    0.3077434E+08
  87     -0.619860E+08   -0.2148698E+08    0.6480381E+08
  88     -0.707303E+08   -0.5012492E+08    0.8832670E+08
  89     -0.541792E+08   -0.7964845E+08    0.1098415E+09
  90     -0.259883E+08   -0.1159837E+09    0.1112610E+09
  91      0.141507E+08   -0.1505252E+09    0.1130591E+09
  92      0.515428E+08   -0.1802097E+09    0.9581739E+08
  93      0.852157E+08   -0.2111929E+09    0.7821048E+08
  94      0.114277E+09   -0.2248537E+09    0.4734293E+08
  95      0.123709E+09   -0.2372030E+09    0.1613080E+08
  96      0.123825E+09   -0.2307063E+09   -0.1744943E+08
  97      0.111957E+09   -0.2243008E+09   -0.5160887E+08
  98      0.741687E+08   -0.2015882E+09   -0.8052300E+08
  99      0.329269E+08   -0.1778140E+09   -0.1076087E+09
 100     -0.911916E+07   -0.1410051E+09   -0.1172179E+09
 101     -0.625743E+08   -0.1044039E+09   -0.1280587E+09
 102     -0.105835E+09   -0.7006468E+08   -0.1104371E+09
 103     -0.130278E+09   -0.3448951E+08   -0.9067952E+08
 104     -0.126062E+09   -0.1362906E+08   -0.4836428E+08
 105     -0.786668E+08    0.5142397E+07   -0.7429170E+07
 106     -0.381847E+08    0.4312759E+07   -0.2181169E+05
 107     -0.813901E+08   -0.1058139E+08    0.4586273E+08
 108     -0.100933E+09   -0.2667133E+08    0.9291373E+08
 109     -0.993716E+08   -0.6291519E+08    0.1222903E+09
 110     -0.677710E+08   -0.9920959E+08    0.1505664E+09
 111     -0.252452E+08   -0.1394123E+09    0.1498036E+09
 112      0.263466E+08   -0.1794306E+09    0.1485296E+09
 113      0.754491E+08   -0.2075661E+09    0.1242030E+09
 114      0.118531E+09   -0.2344379E+09    0.9942178E+08
 115      0.153164E+09   -0.2468449E+09    0.5981105E+08
 116      0.167245E+09   -0.2600862E+09    0.2010905E+08
 117      0.167727E+09   -0.2537180E+09   -0.2465575E+08
 118      0.151278E+09   -0.2461277E+09   -0.6851309E+08
 119      0.111114E+09   -0.2215730E+09   -0.1044508E+09
 120      0.582158E+08   -0.1966084E+09   -0.1413003E+09
 121      0.381388E+07   -0.1583652E+09   -0.1550717E+09
 122     -0.630540E+08   -0.1204762E+09   -0.1688659E+09
 123     -0.126247E+09   -0.7949232E+08   -0.1498802E+09
 124     -0.170735E+09   -0.3547789E+08   -0.1304709E+09
 125     -0.186022E+09   -0.1210280E+08   -0.6870468E+08
 126     -0.163657E+09    0.7704252E+07   -0.6425764E+07
 127     -0.792173E+08    0.6456965E+07    0.5405621E+06
 128     -0.127467E+09   -0.1139470E+08    0.6050631E+08
 129     -0.139937E+09   -0.3171274E+08    0.1222803E+09
 130     -0.128155E+09   -0.7588309E+08    0.1579883E+09
 131     -0.823396E+08   -0.1187936E+09    0.1915156E+09
 132     -0.241724E+08   -0.1591748E+09    0.1883648E+09
 133      0.384622E+08   -0.1989454E+09    0.1851554E+09
 134      0.998654E+08   -0.2304166E+09    0.1529296E+09
 135      0.151407E+09   -0.2618550E+09    0.1203901E+09
 136      0.192218E+09   -0.2725640E+09    0.7212393E+08
 137      0.210715E+09   -0.2817436E+09    0.2313804E+08
 138      0.213067E+09   -0.2722799E+09   -0.3212393E+08
 139      0.188287E+09   -0.2641478E+09   -0.8522996E+08
 140      0.148216E+09   -0.2386428E+09   -0.1287701E+09
 141      0.852904E+08   -0.2125900E+09   -0.1749123E+09
 142      0.158946E+08   -0.1703853E+09   -0.1937613E+09
 143     -0.625561E+08   -0.1254349E+09   -0.2121606E+09
 144     -0.146955E+09   -0.8086019E+08   -0.1899010E+09
 145     -0.207698E+09   -0.3858722E+08   -0.1678776E+09
 146     -0.249388E+09   -0.1732692E+08   -0.8855028E+08
 147     -0.243067E+09    0.3487415E+07   -0.7686087E+07
 148     -0.162868E+09    0.5828013E+07    0.3562371E+07
 149     -0.206621E+09   -0.1710966E+08    0.8259093E+08
 150     -0.202613E+09   -0.4246390E+08    0.1633994E+09
 151     -0.164991E+09   -0.8825377E+08    0.2020158E+09
 152     -0.958361E+08   -0.1328528E+09    0.2378729E+09
 153     -0.166253E+08   -0.1757056E+09    0.2294509E+09
 154      0.633098E+08   -0.2178881E+09    0.2209434E+09
 155      0.140669E+09   -0.2438592E+09    0.1797491E+09
 156      0.202208E+09   -0.2690527E+09    0.1383602E+09
 157      0.248705E+09   -0.2772942E+09    0.8067820E+08
 158      0.273945E+09   -0.2857769E+09    0.2286075E+08
 159      0.275123E+09   -0.2786090E+09   -0.3972663E+08
 160      0.247325E+09   -0.2710532E+09   -0.1022380E+09
 161      0.200756E+09   -0.2440542E+09   -0.1554685E+09
 162      0.128566E+09   -0.2171093E+09   -0.2090627E+09
 163      0.399688E+08   -0.1766649E+09   -0.2348684E+09
 164     -0.606411E+08   -0.1352974E+09   -0.2601489E+09
 165     -0.172539E+09   -0.8905715E+08   -0.2349702E+09
 166     -0.267079E+09   -0.4020728E+08   -0.2094972E+09
 167     -0.349051E+09   -0.1457690E+08   -0.1109301E+09
 168     -0.378771E+09    0.7426317E+07   -0.1165209E+08
 169     -0.246694E+09    0.8104924E+07    0.6650388E+07
 170     -0.286401E+09   -0.1673966E+08    0.1051578E+09
 171     -0.265618E+09   -0.4518987E+08    0.2048575E+09
 172     -0.201624E+09   -0.9441110E+08    0.2461804E+09
 173     -0.109804E+09   -0.1415081E+09    0.2854169E+09
 174     -0.922218E+07   -0.1813287E+09    0.2717898E+09
 175      0.897915E+08   -0.2194219E+09    0.2570274E+09
 176      0.181435E+09   -0.2422834E+09    0.2066164E+09
 177      0.254718E+09   -0.2653162E+09    0.1564693E+09
 178      0.305588E+09   -0.2721247E+09    0.8979696E+08
 179      0.337698E+09   -0.2790145E+09    0.2401704E+08
 180      0.337194E+09   -0.2709321E+09   -0.4742035E+08
 181      0.309856E+09   -0.2632027E+09   -0.1202062E+09
 182      0.253264E+09   -0.2392019E+09   -0.1833012E+09
 183      0.171215E+09   -0.2129987E+09   -0.2459452E+09
 184      0.639447E+08   -0.1745865E+09   -0.2758244E+09
 185     -0.598221E+08   -0.1375372E+09   -0.3058216E+09
 186     -0.197265E+09   -0.9263632E+08   -0.2807175E+09
 187     -0.329349E+09   -0.4467521E+08   -0.2542791E+09
 188     -0.448891E+09   -0.1704219E+08   -0.1337745E+09
 189     -0.514109E+09    0.7299606E+07   -0.1284278E+08
 190     -0.395337E+09    0.5797765E+07    0.1304685E+08
 191     -0.405527E+09   -0.2118755E+08    0.1315656E+09
 192     -0.344937E+09   -0.5112533E+08    0.2498307E+09
 193     -0.241367E+09   -0.9708285E+08    0.2894943E+09
 194     -0.116263E+09   -0.1414935E+09    0.3272738E+09
 195      0.129699E+08   -0.1736294E+09    0.3032125E+09
 196      0.131633E+09   -0.2040162E+09    0.2797049E+09
 197      0.238081E+09   -0.2182236E+09    0.2221138E+09
 198      0.321493E+09   -0.2322347E+09    0.1648374E+09
 199      0.376927E+09   -0.2341426E+09    0.9298664E+08
 200      0.412666E+09   -0.2361298E+09    0.2168051E+08
 201      0.413619E+09   -0.2287253E+09   -0.5411641E+08
 202      0.385169E+09   -0.2219391E+09   -0.1300383E+09
 203      0.322262E+09   -0.2078879E+09   -0.1986983E+09
 204      0.229014E+09   -0.1946527E+09   -0.2685953E+09
 205      0.101089E+09   -0.1634582E+09   -0.3075298E+09
 206     -0.490588E+08   -0.1288344E+09   -0.3470890E+09
 207     -0.223495E+09   -0.8685411E+08   -0.3214788E+09
 208     -0.408308E+09   -0.4463106E+08   -0.2955343E+09
 209     -0.587504E+09   -0.1831057E+08   -0.1585784E+09
 210     -0.718306E+09    0.5537731E+07   -0.1924010E+08
 211     -0.545102E+09    0.7876701E+07    0.1977039E+08
 212     -0.525109E+09   -0.2030260E+08    0.1586115E+09
 213     -0.424826E+09   -0.5345043E+08    0.2961575E+09
 214     -0.282261E+09   -0.9567045E+08    0.3336861E+09
 215     -0.121875E+09   -0.1323743E+09    0.3688880E+09
 216      0.354784E+08   -0.1487967E+09    0.3352988E+09
 217      0.172148E+09   -0.1650979E+09    0.3038231E+09
 218      0.296301E+09   -0.1662963E+09    0.2382998E+09
 219      0.388236E+09   -0.1673656E+09    0.1736112E+09
 220      0.450020E+09   -0.1623478E+09    0.9610152E+08
 221      0.489343E+09   -0.1572675E+09    0.1844303E+08
 222      0.491028E+09   -0.1540641E+09   -0.6071388E+08
 223      0.459536E+09   -0.1525803E+09   -0.1395260E+09
 224      0.392388E+09   -0.1493147E+09   -0.2139164E+09
 225      0.287516E+09   -0.1464089E+09   -0.2897811E+09
 226      0.139844E+09   -0.1329488E+09   -0.3398754E+09
 227     -0.389867E+08   -0.1170202E+09   -0.3912531E+09
 228     -0.252788E+09   -0.7989933E+08   -0.3640429E+09
 229     -0.487386E+09   -0.4010662E+08   -0.3372661E+09
 230     -0.725593E+09   -0.1457652E+08   -0.1830031E+09
 231     -0.925904E+09    0.7293621E+07   -0.2485452E+08
 232     -0.774209E+09    0.4012154E+07    0.2946570E+08
 233     -0.679628E+09   -0.2170263E+08    0.1838264E+09
 234     -0.510866E+09   -0.5155311E+08    0.3348960E+09
 235     -0.309749E+09   -0.7930253E+08    0.3582686E+09
 236     -0.107101E+09   -0.1033048E+09    0.3808020E+09
 237      0.770919E+08   -0.1023287E+09    0.3347440E+09
 238      0.230646E+09   -0.9876935E+08    0.2901489E+09
 239      0.362626E+09   -0.7841630E+08    0.2222341E+09
 240      0.457699E+09   -0.5893394E+08    0.1566266E+09
 241      0.523372E+09   -0.4541736E+08    0.8513342E+08
 242      0.561831E+09   -0.3322954E+08    0.1454938E+08
 243      0.564373E+09   -0.3675023E+08   -0.5669618E+08
 244      0.535367E+09   -0.4115499E+08   -0.1288917E+09
 245      0.467201E+09   -0.5342571E+08   -0.2024278E+09
 246      0.357973E+09   -0.6590373E+08   -0.2772950E+09
 247      0.198649E+09   -0.7163548E+08   -0.3352774E+09
 248     -0.944412E+07   -0.7778657E+08   -0.3956996E+09
 249     -0.269374E+09   -0.6240295E+08   -0.3833488E+09
 250     -0.571504E+09   -0.4042541E+08   -0.3714805E+09
 251     -0.895104E+09   -0.1543236E+08   -0.2035439E+09
 252     -0.120907E+10    0.4546069E+07   -0.3021088E+08
 253     -0.100312E+10    0.4899723E+07    0.4013547E+08
 254     -0.835873E+09   -0.2003740E+08    0.2098780E+09
 255     -0.599498E+09   -0.4881303E+08    0.3745718E+09
 256     -0.337740E+09   -0.5691105E+08    0.3846989E+09
 257     -0.941057E+08   -0.5865502E+08    0.3951940E+09
 258      0.120022E+09   -0.2059419E+08    0.3352590E+09
 259      0.291790E+09    0.1787390E+08    0.2768946E+09
 260      0.429841E+09    0.6234012E+08    0.2066156E+09
 261      0.529021E+09    0.1063357E+09    0.1392109E+09
 262      0.597455E+09    0.1292411E+09    0.7485190E+08
 263      0.634510E+09    0.1492162E+09    0.1209358E+08
 264      0.639110E+09    0.1390531E+09   -0.5252682E+08
 265      0.613816E+09    0.1286366E+09   -0.1188209E+09
 266      0.542763E+09    0.9331070E+08   -0.1907064E+09
 267      0.429601E+09    0.5394212E+08   -0.2638438E+09
 268      0.257620E+09    0.1415617E+08   -0.3318747E+09
 269      0.195674E+08   -0.2148509E+08   -0.4024795E+09
 270     -0.285008E+09   -0.2726381E+08   -0.4029912E+09
 271     -0.658427E+09   -0.3037444E+08   -0.4058734E+09
 272     -0.106713E+10   -0.1227766E+08   -0.2253677E+09
 273     -0.149352E+10    0.3651175E+07   -0.3706113E+08
 274     -0.131389E+10   -0.3836065E+07    0.5787300E+08
 275     -0.100387E+10   -0.1823673E+08    0.2243863E+09
 276     -0.660110E+09   -0.3774616E+08    0.3809727E+09
 277     -0.325997E+09   -0.1116327E+08    0.3562306E+09
 278     -0.426175E+08    0.2316997E+08    0.3348716E+09
 279      0.184556E+09    0.1018415E+09    0.2622365E+09
 280      0.358526E+09    0.1816381E+09    0.1947696E+09
 281      0.484244E+09    0.2571494E+09    0.1381747E+09
 282      0.579572E+09    0.3304379E+09    0.8418863E+08
 283      0.637726E+09    0.3642892E+09    0.4526557E+08
 284      0.676692E+09    0.3966389E+09    0.7111149E+07
 285      0.682166E+09    0.3781814E+09   -0.3267570E+08
 286      0.665322E+09    0.3573321E+09   -0.7237238E+08
 287      0.600882E+09    0.2918237E+09   -0.1275156E+09
 288      0.499776E+09    0.2257376E+09   -0.1849057E+09
 289      0.332504E+09    0.1488830E+09   -0.2581589E+09
 290      0.799937E+08    0.7067755E+08   -0.3361553E+09
 291     -0.260519E+09    0.2693211E+08   -0.3643242E+09
 292     -0.710666E+09   -0.8385297E+07   -0.3984545E+09
 293     -0.124682E+10   -0.3435694E+07   -0.2288742E+09
 294     -0.183896E+10   -0.3127859E+07   -0.4631927E+08
 295     -0.162924E+10    0.1795533E+07    0.7880436E+08
 296     -0.117502E+10   -0.1308476E+08    0.2416320E+09
 297     -0.728482E+09   -0.2472778E+08    0.3926435E+09
 298     -0.312436E+09    0.5630273E+08    0.3309948E+09
 299      0.905687E+07    0.1446799E+09    0.2751919E+09
 300      0.252949E+09    0.2862764E+09    0.1897218E+09
 301      0.426468E+09    0.4224211E+09    0.1108546E+09
 302      0.540066E+09    0.5335478E+09    0.6847657E+08
 303      0.629950E+09    0.6409734E+09    0.2885500E+08
 304      0.677799E+09    0.6854060E+09    0.1568292E+08
 305      0.719144E+09    0.7284550E+09    0.2652053E+07
 306      0.725161E+09    0.6984768E+09   -0.1060668E+08
 307      0.716102E+09    0.6671076E+09   -0.2335242E+08
 308      0.661482E+09    0.5743731E+09   -0.6282193E+08
 309      0.572148E+09    0.4777154E+09   -0.1047530E+09
 310      0.411530E+09    0.3429974E+09   -0.1834301E+09
 311      0.140812E+09    0.2034061E+09   -0.2680316E+09
 312     -0.234558E+09    0.1017069E+09   -0.3282391E+09
 313     -0.770077E+09    0.4969940E+07   -0.3960553E+09
 314     -0.143134E+10   -0.5265228E+06   -0.2348391E+09
 315     -0.218595E+10   -0.1382879E+07   -0.5845518E+08
 316     -0.200157E+10   -0.2866347E+08    0.1077109E+09
 317     -0.129595E+10    0.1891585E+07    0.2202480E+09
 318     -0.689945E+09    0.2679767E+08    0.3076701E+09
 319     -0.220923E+09    0.1811804E+09    0.1817468E+09
 320      0.104724E+09    0.3483022E+09    0.7677929E+08
 321      0.317337E+09    0.5499217E+09    0.2758154E+07
 322      0.460015E+09    0.7472649E+09   -0.6093167E+08
 323      0.544428E+09    0.8863759E+09   -0.6326759E+08
 324      0.615345E+09    0.1022699E+10   -0.6470264E+08
 325      0.651215E+09    0.1076735E+10   -0.3443110E+08
 326      0.688377E+09    0.1130372E+10   -0.4131442E+07
 327      0.697420E+09    0.1094730E+10    0.2814335E+08
 328      0.700894E+09    0.1058246E+10    0.6032211E+08
 329      0.665568E+09    0.9320524E+09    0.6225761E+08
 330      0.604552E+09    0.8032648E+09    0.6386516E+08
 331      0.473959E+09    0.6084510E+09    0.6827031E+07
 332      0.239569E+09    0.4082765E+09   -0.5947460E+08
 333     -0.135106E+09    0.2308596E+09   -0.1636839E+09
 334     -0.722719E+09    0.6427942E+08   -0.2880741E+09
 335     -0.154614E+10    0.1982149E+08   -0.1978023E+09
 336     -0.256997E+10   -0.2755551E+08   -0.7942248E+08
 337     -0.241272E+10    0.2206080E+08    0.1647195E+09
 338     -0.141806E+10    0.2166361E+08    0.2073178E+09
 339     -0.683171E+09    0.7253292E+08    0.2329166E+09
 340     -0.106681E+09    0.3744223E+09    0.3836644E+08
 341      0.205923E+09    0.6485066E+09   -0.1354302E+09
 342      0.385600E+09    0.9305190E+09   -0.1914511E+09
 343      0.493776E+09    0.1191089E+10   -0.2385980E+09
 344      0.546604E+09    0.1353986E+10   -0.1978469E+09
 345      0.599026E+09    0.1513669E+10   -0.1582769E+09
 346      0.622423E+09    0.1570639E+10   -0.8404474E+08
 347      0.654285E+09    0.1629447E+10   -0.9335405E+07
 348      0.667438E+09    0.1589039E+10    0.6921389E+08
 349      0.683873E+09    0.1549693E+10    0.1481287E+09
 350      0.669086E+09    0.1404812E+10    0.1934626E+09
 351      0.638597E+09    0.1258435E+10    0.2396723E+09
 352      0.541062E+09    0.1002248E+10    0.2058270E+09
 353      0.347816E+09    0.7253006E+09    0.1629495E+09
 354     -0.134209E+08    0.4374392E+09   -0.4388921E+07
 355     -0.702229E+09    0.1236378E+09   -0.1917291E+09
 356     -0.166496E+10    0.4569683E+08   -0.1685265E+09
 357     -0.299405E+10    0.1505366E+08   -0.1199375E+09
 358     -0.273793E+10   -0.1239759E+09    0.1847077E+09
 359     -0.132811E+10    0.8882290E+08    0.6243581E+08
 360     -0.404795E+09    0.2961550E+09   -0.1179468E+09
 361      0.466944E+08    0.7187195E+09   -0.3555891E+09
 362      0.265952E+09    0.1148775E+10   -0.5071807E+09
 363      0.367511E+09    0.1451961E+10   -0.4803429E+09
 364      0.430185E+09    0.1747221E+10   -0.4574510E+09
 365      0.452300E+09    0.1908519E+10   -0.3584679E+09
 366      0.488004E+09    0.2072445E+10   -0.2627848E+09
 367      0.502648E+09    0.2130504E+10   -0.1401134E+09
 368      0.526484E+09    0.2190629E+10   -0.1794228E+08
 369      0.543407E+09    0.2153755E+10    0.1093379E+09
 370      0.563331E+09    0.2120267E+10    0.2373627E+09
 371      0.565873E+09    0.1972159E+10    0.3468700E+09
 372      0.561501E+09    0.1823888E+10    0.4595228E+09
 373      0.508004E+09    0.1528450E+10    0.5033502E+09
 374      0.400553E+09    0.1224998E+10    0.5518360E+09
 375      0.137898E+09    0.7826082E+09    0.4145782E+09
 376     -0.414104E+09    0.3412472E+09    0.1985533E+09
 377     -0.153138E+10    0.1115815E+09    0.2574989E+07
 378     -0.329949E+10   -0.1146343E+09   -0.1287788E+09
 379     -0.367766E+10    0.2551951E+09    0.6202424E+09
 380     -0.107885E+10    0.3047125E+09   -0.1001256E+08
 381     -0.682505E+08    0.6062585E+09   -0.6559551E+09
 382      0.193065E+09    0.1389057E+10   -0.8122750E+09
 383      0.325194E+09    0.1911379E+10   -0.8941445E+09
 384      0.336157E+09    0.2172798E+10   -0.7806566E+09
 385      0.357266E+09    0.2440428E+10   -0.6754683E+09
 386      0.350776E+09    0.2569331E+10   -0.5183585E+09
 387      0.370127E+09    0.2708020E+10   -0.3650234E+09
 388      0.377786E+09    0.2759637E+10   -0.1932417E+09
 389      0.396393E+09    0.2815628E+10   -0.2365092E+08
 390      0.415728E+09    0.2794533E+10    0.1524459E+09
 391      0.439914E+09    0.2777010E+10    0.3299612E+09
 392      0.456149E+09    0.2656130E+10    0.5054267E+09
 393      0.479724E+09    0.2543219E+10    0.6843216E+09
 394      0.465908E+09    0.2265007E+10    0.8167670E+09
 395      0.455336E+09    0.1991569E+10    0.9606864E+09
 396      0.288065E+09    0.1440659E+10    0.8976452E+09
 397     -0.543843E+08    0.6586172E+09    0.7518831E+09
 398     -0.124474E+10    0.3215978E+09    0.1017476E+09
 399     -0.423913E+10    0.2049628E+09   -0.4910772E+09
 400     -0.282665E+10   -0.4572803E+09   -0.1628150E+09
 401     -0.390689E+09    0.8361728E+09   -0.8922058E+09
 402     -0.696409E+08    0.2068225E+10   -0.1418941E+10
 403      0.118569E+09    0.2456008E+10   -0.1231481E+10
 404      0.161324E+09    0.2868268E+10   -0.1132932E+10
 405      0.166120E+09    0.3018910E+10   -0.9533783E+09
 406      0.173517E+09    0.3187978E+10   -0.7844471E+09
 407      0.171168E+09    0.3268806E+10   -0.6056107E+09
 408      0.180645E+09    0.3356752E+10   -0.4285718E+09
 409      0.186735E+09    0.3404921E+10   -0.2397291E+09
 410      0.199005E+09    0.3458159E+10   -0.5164307E+08
 411      0.210134E+09    0.3464182E+10    0.1524031E+09
 412      0.224988E+09    0.3473598E+10    0.3573341E+09
 413      0.234813E+09    0.3411309E+10    0.5783172E+09
 414      0.251645E+09    0.3354850E+10    0.8017217E+09
 415      0.248449E+09    0.3165779E+10    0.1024453E+10
 416      0.247904E+09    0.2990629E+10    0.1259807E+10
 417      0.189644E+09    0.2523763E+10    0.1394373E+10
 418     -0.289120E+08    0.2048844E+10    0.1629193E+10
 419     -0.451958E+09    0.8317068E+09    0.1023893E+10
 420     -0.317564E+10   -0.4024512E+09    0.2685360E+09
 421     -0.133314E+10    0.4471190E+10   -0.1078532E+10
 422      0.124189E+09    0.4370224E+10   -0.1728927E+10
 423     -0.787365E+08    0.4222047E+10   -0.2011662E+10
 424      0.267108E+08    0.4073604E+10   -0.1581060E+10
 425     -0.451320E+07    0.4003731E+10   -0.1337957E+10
 426      0.146241E+07    0.3961001E+10   -0.1102527E+10
 427     -0.296136E+07    0.3928544E+10   -0.8835742E+09
 428     -0.126198E+07    0.3949152E+10   -0.6857738E+09
 429     -0.119346E+07    0.3982156E+10   -0.4892630E+09
 430      0.246516E+07    0.4037396E+10   -0.2852204E+09
 431      0.687763E+07    0.4092714E+10   -0.8009578E+08
 432      0.102782E+08    0.4144361E+10    0.1506781E+09
 433      0.150426E+08    0.4197651E+10    0.3814224E+09
 434      0.196158E+08    0.4220030E+10    0.6452058E+09
 435      0.268512E+08    0.4246408E+10    0.9121138E+09
 436      0.344442E+08    0.4223937E+10    0.1214941E+10
 437      0.349918E+08    0.4214608E+10    0.1534373E+10
 438      0.734934E+08    0.4136556E+10    0.1842024E+10
 439     -0.274137E+08    0.4144677E+10    0.2373398E+10
 440      0.190501E+09    0.3943511E+10    0.2004909E+10
 441     -0.144117E+10    0.3660855E+10    0.1331399E+10
