   1      0.830866E+09    0.7762617E+07   -0.2328485E+07
   2      0.687628E+09   -0.6747186E+07   -0.1171183E+07
   3      0.524936E+09   -0.2257099E+08   -0.4705035E+06
   4      0.351427E+09   -0.7497567E+08    0.2540892E+06
   5      0.170101E+09   -0.1285677E+09    0.1832431E+07
   6     -0.224572E+08   -0.2031820E+09    0.2447351E+07
   7     -0.211376E+09   -0.2805111E+09    0.2624954E+07
   8     -0.418937E+09   -0.3300130E+09   -0.1958971E+06
   9     -0.627086E+09   -0.3716196E+09   -0.5759204E+07
  10     -0.724738E+09   -0.3518635E+09   -0.2761192E+07
  11     -0.592862E+09   -0.3346563E+09    0.2141425E+07
  12     -0.469611E+09   -0.3033419E+09    0.5958846E+06
  13     -0.353954E+09   -0.2723020E+09    0.1183250E+05
  14     -0.239867E+09   -0.2305674E+09    0.1777535E+06
  15     -0.127669E+09   -0.1885222E+09    0.2220424E+06
  16     -0.125908E+08   -0.1438168E+09    0.2701323E+06
  17      0.109770E+09   -0.9872242E+08    0.2881783E+06
  18      0.242732E+09   -0.6324501E+08    0.5359229E+06
  19      0.393513E+09   -0.2783335E+08    0.6122002E+05
  20      0.562365E+09   -0.1060164E+08   -0.1600944E+06
  21      0.823962E+09    0.5422241E+07    0.4245039E+06
  22      0.815641E+09    0.5511225E+07   -0.7576475E+06
  23      0.667801E+09   -0.1430543E+08    0.1813769E+08
  24      0.509170E+09   -0.3487492E+08    0.3721299E+08
  25      0.337680E+09   -0.8613663E+08    0.5088401E+08
  26      0.160661E+09   -0.1390523E+09    0.6527779E+08
  27     -0.217054E+08   -0.2036980E+09    0.6574142E+08
  28     -0.203458E+09   -0.2696524E+09    0.6682968E+08
  29     -0.394860E+09   -0.3166939E+09    0.4390794E+08
  30     -0.584767E+09   -0.3602358E+09    0.1307137E+08
  31     -0.708496E+09   -0.3516252E+09   -0.1105019E+08
  32     -0.584973E+09   -0.3408820E+09   -0.2690936E+08
  33     -0.463644E+09   -0.3067081E+09   -0.3122636E+08
  34     -0.348685E+09   -0.2747269E+09   -0.3756236E+08
  35     -0.236135E+09   -0.2329724E+09   -0.4130293E+08
  36     -0.126162E+09   -0.1908162E+09   -0.4515190E+08
  37     -0.138586E+08   -0.1458716E+09   -0.4405122E+08
  38      0.105348E+09   -0.1007847E+09   -0.4281112E+08
  39      0.234871E+09   -0.6424432E+08   -0.3514587E+08
  40      0.383493E+09   -0.2812120E+08   -0.2781605E+08
  41      0.550815E+09   -0.1200917E+08   -0.1571744E+08
  42      0.800653E+09    0.3484233E+07   -0.3293550E+07
  43      0.800417E+09    0.7004325E+07    0.5591384E+06
  44      0.648075E+09   -0.1219721E+08    0.3761460E+08
  45      0.492926E+09   -0.3349559E+08    0.7561492E+08
  46      0.323859E+09   -0.8496457E+08    0.1017327E+09
  47      0.150347E+09   -0.1354123E+09    0.1280936E+09
  48     -0.209009E+08   -0.1972267E+09    0.1290743E+09
  49     -0.195954E+09   -0.2600580E+09    0.1309732E+09
  50     -0.367744E+09   -0.3091878E+09    0.8865132E+08
  51     -0.540357E+09   -0.3641323E+09    0.3677221E+08
  52     -0.692818E+09   -0.3722715E+09   -0.2000481E+08
  53     -0.580668E+09   -0.3640356E+09   -0.6199676E+08
  54     -0.458260E+09   -0.3191803E+09   -0.6411553E+08
  55     -0.343780E+09   -0.2842991E+09   -0.7461239E+08
  56     -0.232616E+09   -0.2421427E+09   -0.8275309E+08
  57     -0.124856E+09   -0.1984341E+09   -0.9037120E+08
  58     -0.152739E+08   -0.1513592E+09   -0.8820235E+08
  59      0.100766E+09   -0.1039252E+09   -0.8575624E+08
  60      0.227056E+09   -0.6492351E+08   -0.7068760E+08
  61      0.373394E+09   -0.2542568E+08   -0.5583387E+08
  62      0.540191E+09   -0.8854277E+07   -0.3096228E+08
  63      0.775830E+09    0.6004238E+07   -0.5905969E+07
  64      0.737818E+09    0.5499853E+07    0.2160709E+07
  65      0.592889E+09   -0.1394877E+08    0.5728850E+08
  66      0.443759E+09   -0.3434153E+08    0.1136677E+09
  67      0.288202E+09   -0.8344714E+08    0.1499302E+09
  68      0.131965E+09   -0.1341355E+09    0.1854168E+09
  69     -0.198246E+08   -0.1909856E+09    0.1843694E+09
  70     -0.172067E+09   -0.2459453E+09    0.1832370E+09
  71     -0.315657E+09   -0.2916939E+09    0.1347514E+09
  72     -0.465165E+09   -0.3401942E+09    0.8056446E+08
  73     -0.599276E+09   -0.3535960E+09   -0.9122275E+07
  74     -0.567468E+09   -0.3618478E+09   -0.8558244E+08
  75     -0.440547E+09   -0.3305423E+09   -0.9545154E+08
  76     -0.327965E+09   -0.3001903E+09   -0.1140947E+09
  77     -0.220744E+09   -0.2550159E+09   -0.1267726E+09
  78     -0.119725E+09   -0.2101800E+09   -0.1392123E+09
  79     -0.184913E+08   -0.1608898E+09   -0.1366145E+09
  80      0.878063E+08   -0.1113470E+09   -0.1336901E+09
  81      0.203978E+09   -0.6996321E+08   -0.1109690E+09
  82      0.340620E+09   -0.2861341E+08   -0.8824464E+08
  83      0.500006E+09   -0.1123286E+08   -0.4689913E+08
  84      0.718002E+09    0.4970032E+07   -0.5522158E+07
  85      0.675480E+09    0.7414566E+07    0.3291480E+07
  86      0.537336E+09   -0.1214631E+08    0.7704331E+08
  87      0.395587E+09   -0.3438858E+08    0.1515454E+09
  88      0.252255E+09   -0.8067651E+08    0.1973794E+09
  89      0.114982E+09   -0.1252365E+09    0.2431102E+09
  90     -0.184721E+08   -0.1814762E+09    0.2403182E+09
  91     -0.145897E+09   -0.2384064E+09    0.2361416E+09
  92     -0.267058E+09   -0.2841487E+09    0.1801513E+09
  93     -0.388824E+09   -0.3294548E+09    0.1196296E+09
  94     -0.501316E+09   -0.3608450E+09    0.4311168E+07
  95     -0.553067E+09   -0.3909189E+09   -0.1047693E+09
  96     -0.427194E+09   -0.3562462E+09   -0.1287708E+09
  97     -0.310992E+09   -0.3209183E+09   -0.1536450E+09
  98     -0.208951E+09   -0.2738646E+09   -0.1705874E+09
  99     -0.114532E+09   -0.2268170E+09   -0.1882065E+09
 100     -0.217621E+08   -0.1736840E+09   -0.1851563E+09
 101      0.748775E+08   -0.1202015E+09   -0.1817528E+09
 102      0.180872E+09   -0.7500097E+08   -0.1512713E+09
 103      0.308135E+09   -0.2931558E+08   -0.1203954E+09
 104      0.459249E+09   -0.1048541E+08   -0.6282657E+08
 105      0.662972E+09    0.6450888E+07   -0.5556887E+07
 106      0.569181E+09    0.4800539E+07    0.4886980E+07
 107      0.445844E+09   -0.1354633E+08    0.9561295E+08
 108      0.321813E+09   -0.3288699E+08    0.1873558E+09
 109      0.198678E+09   -0.7807575E+08    0.2408324E+09
 110      0.895664E+08   -0.1241281E+09    0.2939770E+09
 111     -0.142149E+08   -0.1749866E+09    0.2905264E+09
 112     -0.109248E+09   -0.2247522E+09    0.2858751E+09
 113     -0.206487E+09   -0.2691566E+09    0.2238803E+09
 114     -0.293110E+09   -0.3137898E+09    0.1606960E+09
 115     -0.377900E+09   -0.3503148E+09    0.4208866E+08
 116     -0.437183E+09   -0.3897484E+09   -0.8489184E+08
 117     -0.380516E+09   -0.3738956E+09   -0.1506904E+09
 118     -0.281975E+09   -0.3498438E+09   -0.2017506E+09
 119     -0.186146E+09   -0.2958221E+09   -0.2197264E+09
 120     -0.103589E+09   -0.2454589E+09   -0.2432947E+09
 121     -0.254829E+08   -0.1892879E+09   -0.2405401E+09
 122      0.541146E+08   -0.1326541E+09   -0.2373919E+09
 123      0.141490E+09   -0.8412295E+08   -0.1986300E+09
 124      0.249609E+09   -0.3548783E+08   -0.1591037E+09
 125      0.382547E+09   -0.1402741E+08   -0.8261743E+08
 126      0.573123E+09    0.5896536E+07   -0.6615403E+07
 127      0.462094E+09    0.7390427E+07    0.5752248E+07
 128      0.355166E+09   -0.9894442E+07    0.1137859E+09
 129      0.246538E+09   -0.3057009E+08    0.2238826E+09
 130      0.145645E+09   -0.7558764E+08    0.2851213E+09
 131      0.638398E+08   -0.1171316E+09    0.3444536E+09
 132     -0.997569E+07   -0.1637109E+09    0.3405643E+09
 133     -0.749670E+08   -0.2123014E+09    0.3367337E+09
 134     -0.144377E+09   -0.2555652E+09    0.2687519E+09
 135     -0.201393E+09   -0.2940579E+09    0.2006656E+09
 136     -0.256942E+09   -0.3281969E+09    0.7946453E+08
 137     -0.312231E+09   -0.3770231E+09   -0.5500401E+08
 138     -0.324656E+09   -0.3916784E+09   -0.1690985E+09
 139     -0.264534E+09   -0.3848859E+09   -0.2598450E+09
 140     -0.166153E+09   -0.3207337E+09   -0.2728589E+09
 141     -0.929489E+08   -0.2661426E+09   -0.2979798E+09
 142     -0.291094E+08   -0.2062124E+09   -0.2962199E+09
 143      0.330885E+08   -0.1452377E+09   -0.2933582E+09
 144      0.101809E+09   -0.9194235E+08   -0.2461957E+09
 145      0.191076E+09   -0.3744552E+08   -0.1979720E+09
 146      0.306000E+09   -0.1344601E+08   -0.1023648E+09
 147      0.483910E+09    0.7964305E+07   -0.7386640E+07
 148      0.318311E+09    0.5102446E+07    0.6150740E+07
 149      0.228672E+09   -0.1338935E+08    0.1315655E+09
 150      0.147140E+09   -0.3342437E+08    0.2585009E+09
 151      0.821235E+08   -0.7302961E+08    0.3235080E+09
 152      0.338972E+08   -0.1126221E+09    0.3869971E+09
 153     -0.409480E+07   -0.1545316E+09    0.3815996E+09
 154     -0.374181E+08   -0.1950106E+09    0.3758988E+09
 155     -0.702602E+08   -0.2283447E+09    0.3033625E+09
 156     -0.103304E+09   -0.2609201E+09    0.2292691E+09
 157     -0.139311E+09   -0.2902613E+09    0.1112735E+09
 158     -0.169570E+09   -0.3226830E+09   -0.1056188E+08
 159     -0.189578E+09   -0.3514630E+09   -0.1436679E+09
 160     -0.186293E+09   -0.3797079E+09   -0.2725399E+09
 161     -0.126128E+09   -0.3366363E+09   -0.3188263E+09
 162     -0.751894E+08   -0.2874829E+09   -0.3623014E+09
 163     -0.321392E+08   -0.2221404E+09   -0.3580603E+09
 164      0.618742E+07   -0.1594233E+09   -0.3563080E+09
 165      0.461097E+08   -0.1027403E+09   -0.3018577E+09
 166      0.103592E+09   -0.4531256E+08   -0.2459739E+09
 167      0.187091E+09   -0.1798404E+08   -0.1275866E+09
 168      0.343262E+09    0.7109278E+07   -0.9774619E+07
 169      0.175990E+09    0.5214841E+07    0.8101360E+07
 170      0.101592E+09   -0.1158165E+08    0.1494770E+09
 171      0.495879E+08   -0.3023023E+08    0.2916984E+09
 172      0.180998E+08   -0.6788095E+08    0.3620770E+09
 173      0.325490E+07   -0.1050548E+09    0.4314793E+09
 174      0.138540E+07   -0.1408552E+09    0.4234640E+09
 175      0.112431E+07   -0.1750328E+09    0.4142160E+09
 176      0.350704E+07   -0.1984042E+09    0.3374860E+09
 177     -0.379229E+07   -0.2226302E+09    0.2606341E+09
 178     -0.228117E+08   -0.2440166E+09    0.1418092E+09
 179     -0.327642E+08   -0.2621071E+09    0.2254836E+08
 180     -0.568232E+08   -0.2853823E+09   -0.1165255E+09
 181     -0.843579E+08   -0.3221024E+09   -0.2652802E+09
 182     -0.813404E+08   -0.3276812E+09   -0.3587151E+09
 183     -0.618002E+08   -0.3128895E+09   -0.4365055E+09
 184     -0.405334E+08   -0.2371982E+09   -0.4259376E+09
 185     -0.221078E+08   -0.1705762E+09   -0.4209658E+09
 186     -0.101312E+08   -0.1111759E+09   -0.3582648E+09
 187      0.158349E+08   -0.4849221E+08   -0.2941626E+09
 188      0.681614E+08   -0.1735698E+08   -0.1528065E+09
 189      0.203320E+09    0.9930674E+07   -0.1175237E+08
 190     -0.103799E+08    0.4350155E+07    0.1126799E+08
 191     -0.546865E+08   -0.1295677E+08    0.1660786E+09
 192     -0.660457E+08   -0.3249962E+08    0.3222570E+09
 193     -0.526746E+08   -0.6625914E+08    0.3935664E+09
 194     -0.220361E+08   -0.9886056E+08    0.4620784E+09
 195      0.157248E+08   -0.1212047E+09    0.4460041E+09
 196      0.522612E+08   -0.1416183E+09    0.4291473E+09
 197      0.813483E+08   -0.1527485E+09    0.3501146E+09
 198      0.951155E+08   -0.1640435E+09    0.2722351E+09
 199      0.961534E+08   -0.1744429E+09    0.1536356E+09
 200      0.944193E+08   -0.1857561E+09    0.3440497E+08
 201      0.762549E+08   -0.2020677E+09   -0.9697125E+08
 202      0.549185E+08   -0.2192813E+09   -0.2306013E+09
 203      0.269176E+08   -0.2396009E+09   -0.3389276E+09
 204     -0.116520E+07   -0.2633182E+09   -0.4449368E+09
 205     -0.251038E+08   -0.2318990E+09   -0.4669634E+09
 206     -0.483646E+08   -0.1888970E+09   -0.4875695E+09
 207     -0.788028E+08   -0.1207474E+09   -0.4192490E+09
 208     -0.100661E+09   -0.5639451E+08   -0.3515037E+09
 209     -0.100171E+09   -0.2260622E+08   -0.1841269E+09
 210     -0.109407E+08    0.8092957E+07   -0.1641663E+08
 211     -0.195857E+09    0.5257935E+07    0.1431131E+08
 212     -0.210432E+09   -0.1343260E+08    0.1834921E+09
 213     -0.183873E+09   -0.3515476E+08    0.3543424E+09
 214     -0.124173E+09   -0.6297692E+08    0.4259937E+09
 215     -0.467392E+08   -0.8857678E+08    0.4933230E+09
 216      0.304047E+08   -0.9604615E+08    0.4686460E+09
 217      0.103212E+09   -0.1014431E+09    0.4446692E+09
 218      0.159214E+09   -0.9489005E+08    0.3631352E+09
 219      0.195007E+09   -0.8737150E+08    0.2817320E+09
 220      0.216378E+09   -0.8347464E+08    0.1653667E+09
 221      0.222066E+09   -0.8176024E+08    0.4952560E+08
 222      0.209803E+09   -0.9543987E+08   -0.7992675E+08
 223      0.180727E+09   -0.1101262E+09   -0.2087331E+09
 224      0.136261E+09   -0.1290426E+09   -0.3226937E+09
 225      0.691713E+08   -0.1503981E+09   -0.4408429E+09
 226     -0.619900E+06   -0.1614154E+09   -0.4983335E+09
 227     -0.749438E+08   -0.1687673E+09   -0.5516889E+09
 228     -0.151145E+09   -0.1210213E+09   -0.4831410E+09
 229     -0.221310E+09   -0.6495349E+08   -0.4142046E+09
 230     -0.270736E+09   -0.2240993E+08   -0.2174993E+09
 231     -0.224818E+09    0.1180932E+08   -0.2071651E+08
 232     -0.430527E+09    0.2904744E+07    0.2106072E+08
 233     -0.391665E+09   -0.1560903E+08    0.2010953E+09
 234     -0.305113E+09   -0.3796722E+08    0.3807606E+09
 235     -0.183438E+09   -0.5336219E+08    0.4383338E+09
 236     -0.536605E+08   -0.6439797E+08    0.4930062E+09
 237      0.634567E+08   -0.5142639E+08    0.4569590E+09
 238      0.163829E+09   -0.3736443E+08    0.4219491E+09
 239      0.240116E+09   -0.1062561E+08    0.3392325E+09
 240      0.292273E+09    0.1596589E+08    0.2573805E+09
 241      0.322066E+09    0.3260653E+08    0.1515379E+09
 242      0.335924E+09    0.4898287E+08    0.4595658E+08
 243      0.326500E+09    0.4072305E+08   -0.6917242E+08
 244      0.295786E+09    0.2944831E+08   -0.1848928E+09
 245      0.246499E+09   -0.2163572E+07   -0.2931696E+09
 246      0.167850E+09   -0.3383512E+08   -0.4028499E+09
 247      0.693933E+08   -0.5858596E+08   -0.4703166E+09
 248     -0.556783E+08   -0.8360111E+08   -0.5389618E+09
 249     -0.197419E+09   -0.7473453E+08   -0.4997022E+09
 250     -0.347276E+09   -0.5715507E+08   -0.4594208E+09
 251     -0.486063E+09   -0.2321968E+08   -0.2473770E+09
 252     -0.544165E+09    0.4306969E+07   -0.3204627E+08
 253     -0.665306E+09    0.3432067E+07    0.2836798E+08
 254     -0.573833E+09   -0.1361959E+08    0.2191735E+09
 255     -0.427267E+09   -0.3335928E+08    0.4081560E+09
 256     -0.243448E+09   -0.3366035E+08    0.4527318E+09
 257     -0.624912E+08   -0.3002115E+08    0.4952764E+09
 258      0.970571E+08    0.1296665E+08    0.4469657E+09
 259      0.225950E+09    0.5864626E+08    0.3996009E+09
 260      0.322751E+09    0.1140293E+09    0.3156333E+09
 261      0.390423E+09    0.1679814E+09    0.2338531E+09
 262      0.429554E+09    0.1979564E+09    0.1378214E+09
 263      0.450539E+09    0.2248895E+09    0.4265961E+08
 264      0.443553E+09    0.2126834E+09   -0.5888366E+08
 265      0.412875E+09    0.2007151E+09   -0.1607233E+09
 266      0.356838E+09    0.1553857E+09   -0.2638177E+09
 267      0.262702E+09    0.1059941E+09   -0.3690948E+09
 268      0.137257E+09    0.5011472E+08   -0.4477991E+09
 269     -0.346027E+08   -0.3832829E+07   -0.5296702E+09
 270     -0.239323E+09   -0.1821238E+08   -0.5145324E+09
 271     -0.472296E+09   -0.2639355E+08   -0.5002166E+09
 272     -0.703088E+09   -0.9513207E+07   -0.2755917E+09
 273     -0.872553E+09    0.3705913E+07   -0.4425066E+08
 274     -0.953856E+09   -0.2502441E+07    0.4105484E+08
 275     -0.765901E+09   -0.1387864E+08    0.2298911E+09
 276     -0.520537E+09   -0.3121070E+08    0.4129113E+09
 277     -0.261539E+09   -0.4618091E+07    0.4226297E+09
 278     -0.314835E+08    0.3098428E+08    0.4319274E+09
 279      0.153443E+09    0.1157951E+09    0.3683016E+09
 280      0.295325E+09    0.2012523E+09    0.3087594E+09
 281      0.392896E+09    0.2861180E+09    0.2370791E+09
 282      0.461218E+09    0.3698148E+09    0.1679915E+09
 283      0.500289E+09    0.4120150E+09    0.9975416E+08
 284      0.522664E+09    0.4522857E+09    0.3196997E+08
 285      0.519656E+09    0.4355147E+09   -0.4090501E+08
 286      0.493028E+09    0.4160025E+09   -0.1139629E+09
 287      0.443026E+09    0.3467572E+09   -0.1966754E+09
 288      0.352573E+09    0.2759421E+09   -0.2818456E+09
 289      0.220898E+09    0.1895526E+09   -0.3645812E+09
 290      0.267437E+08    0.1030556E+09   -0.4521838E+09
 291     -0.229210E+09    0.4871064E+08   -0.4654307E+09
 292     -0.556469E+09    0.1445523E+07   -0.4824552E+09
 293     -0.921198E+09    0.1668926E+06   -0.2730561E+09
 294     -0.127913E+10   -0.4665613E+07   -0.5212801E+08
 295     -0.124354E+10    0.2209320E+07    0.5769173E+08
 296     -0.960884E+09   -0.1410696E+08    0.2437046E+09
 297     -0.623038E+09   -0.2722029E+08    0.4229398E+09
 298     -0.278047E+09    0.4669504E+08    0.3965321E+09
 299     -0.214203E+06    0.1266105E+09    0.3698487E+09
 300      0.213674E+09    0.2689673E+09    0.2898660E+09
 301      0.366141E+09    0.4088751E+09    0.2162715E+09
 302      0.464636E+09    0.5288468E+09    0.1580340E+09
 303      0.532644E+09    0.6439627E+09    0.1019146E+09
 304      0.570349E+09    0.6996208E+09    0.6126150E+08
 305      0.595701E+09    0.7537595E+09    0.2085651E+08
 306      0.595224E+09    0.7301970E+09   -0.2147212E+08
 307      0.576198E+09    0.7054326E+09   -0.6485968E+08
 308      0.529557E+09    0.6104174E+09   -0.1279846E+09
 309      0.445788E+09    0.5106400E+09   -0.1928965E+09
 310      0.307607E+09    0.3708294E+09   -0.2813320E+09
 311      0.880524E+08    0.2271705E+09   -0.3754727E+09
 312     -0.219763E+09    0.1222426E+09   -0.4196945E+09
 313     -0.648777E+09    0.2146611E+08   -0.4688428E+09
 314     -0.114135E+10    0.6927850E+07   -0.2726140E+09
 315     -0.168466E+10   -0.2499365E+07   -0.6277414E+08
 316     -0.159457E+10   -0.2417744E+08    0.8598939E+08
 317     -0.111354E+10   -0.3350403E+07    0.2309456E+09
 318     -0.619591E+09    0.9422206E+07    0.3537203E+09
 319     -0.210859E+09    0.1494506E+09    0.2582660E+09
 320      0.856589E+08    0.3048830E+09    0.1778973E+09
 321      0.279978E+09    0.5062214E+09    0.1019911E+09
 322      0.409253E+09    0.7042790E+09    0.3634014E+08
 323      0.486254E+09    0.8541417E+09    0.1676509E+08
 324      0.541807E+09    0.1000928E+10   -0.2302284E+07
 325      0.568879E+09    0.1063552E+10    0.1804433E+07
 326      0.593920E+09    0.1125363E+10    0.5813517E+07
 327      0.593186E+09    0.1095512E+10    0.1069358E+08
 328      0.588706E+09    0.1064280E+10    0.1567769E+08
 329      0.552526E+09    0.9386404E+09   -0.3578655E+07
 330      0.497624E+09    0.8105526E+09   -0.2395408E+08
 331      0.378982E+09    0.6158833E+09   -0.9131664E+08
 332      0.182770E+09    0.4157566E+09   -0.1662487E+09
 333     -0.136946E+09    0.2357521E+09   -0.2538120E+09
 334     -0.629319E+09    0.6822294E+08   -0.3605652E+09
 335     -0.129285E+10    0.2334154E+08   -0.2322773E+09
 336     -0.209967E+10   -0.2548200E+08   -0.7697416E+08
 337     -0.197856E+10    0.2797829E+08    0.1386981E+09
 338     -0.126982E+10    0.1135221E+08    0.2272403E+09
 339     -0.649558E+09    0.4149315E+08    0.2995064E+09
 340     -0.121040E+09    0.3200843E+09    0.1285739E+09
 341      0.177090E+09    0.5770219E+09   -0.2767082E+08
 342      0.351666E+09    0.8626627E+09   -0.9257632E+08
 343      0.453197E+09    0.1125953E+10   -0.1480832E+09
 344      0.506894E+09    0.1297972E+10   -0.1281690E+09
 345      0.548307E+09    0.1468201E+10   -0.1087823E+09
 346      0.565482E+09    0.1535809E+10   -0.5771620E+08
 347      0.589582E+09    0.1603617E+10   -0.8139564E+07
 348      0.589409E+09    0.1565737E+10    0.4495199E+08
 349      0.596759E+09    0.1528424E+10    0.9998576E+08
 350      0.575601E+09    0.1382519E+10    0.1258657E+09
 351      0.549884E+09    0.1234830E+10    0.1512539E+09
 352      0.454875E+09    0.9775139E+09    0.1071052E+09
 353      0.283890E+09    0.7007072E+09    0.5602226E+08
 354     -0.326466E+08    0.4225271E+09   -0.9388049E+08
 355     -0.635033E+09    0.1184145E+09   -0.2638637E+09
 356     -0.145029E+10    0.4328963E+08   -0.2004819E+09
 357     -0.254532E+10    0.1500670E+08   -0.1120386E+09
 358     -0.234747E+10   -0.1188147E+09    0.1705504E+09
 359     -0.122958E+10    0.6540175E+08    0.1066156E+09
 360     -0.388961E+09    0.2413427E+09   -0.2422917E+08
 361      0.281884E+08    0.6523143E+09   -0.2570876E+09
 362      0.242399E+09    0.1076245E+10   -0.4039011E+09
 363      0.346008E+09    0.1388161E+10   -0.3889806E+09
 364      0.405276E+09    0.1691924E+10   -0.3774341E+09
 365      0.432081E+09    0.1862869E+10   -0.2970527E+09
 366      0.456842E+09    0.2034457E+10   -0.2196286E+09
 367      0.466154E+09    0.2095213E+10   -0.1177035E+09
 368      0.485679E+09    0.2158299E+10   -0.1663158E+08
 369      0.486260E+09    0.2116936E+10    0.8892805E+08
 370      0.497462E+09    0.2077938E+10    0.1954003E+09
 371      0.493422E+09    0.1924262E+10    0.2833617E+09
 372      0.489846E+09    0.1771004E+10    0.3742991E+09
 373      0.435013E+09    0.1475857E+10    0.4045895E+09
 374      0.337840E+09    0.1172267E+10    0.4389596E+09
 375      0.108041E+09    0.7423834E+09    0.3112960E+09
 376     -0.373008E+09    0.3172207E+09    0.1071402E+09
 377     -0.136540E+10    0.1028289E+09   -0.4065806E+08
 378     -0.288199E+10   -0.1104183E+09   -0.1235185E+09
 379     -0.336079E+10    0.2449496E+09    0.6264334E+09
 380     -0.103097E+10    0.2708929E+09    0.6714807E+08
 381     -0.633915E+08    0.5469086E+09   -0.5312650E+09
 382      0.173869E+09    0.1332164E+10   -0.7056643E+09
 383      0.308329E+09    0.1862797E+10   -0.7971076E+09
 384      0.327289E+09    0.2146155E+10   -0.6981451E+09
 385      0.350497E+09    0.2434284E+10   -0.6078945E+09
 386      0.349045E+09    0.2570294E+10   -0.4662788E+09
 387      0.361520E+09    0.2713935E+10   -0.3283336E+09
 388      0.362144E+09    0.2758700E+10   -0.1758165E+09
 389      0.377607E+09    0.2807230E+10   -0.2309136E+08
 390      0.379025E+09    0.2768434E+10    0.1348759E+09
 391      0.395355E+09    0.2734054E+10    0.2924157E+09
 392      0.404733E+09    0.2597387E+10    0.4449694E+09
 393      0.422577E+09    0.2466080E+10    0.6025028E+09
 394      0.405874E+09    0.2176626E+10    0.7173304E+09
 395      0.392807E+09    0.1892858E+10    0.8412566E+09
 396      0.247567E+09    0.1360826E+10    0.7785325E+09
 397     -0.444526E+08    0.6053619E+09    0.6350781E+09
 398     -0.113147E+10    0.3008236E+09    0.4724178E+08
 399     -0.383661E+10    0.2104720E+09   -0.4807366E+09
 400     -0.268750E+10   -0.4542909E+09   -0.1444299E+09
 401     -0.363401E+09    0.8384316E+09   -0.8242641E+09
 402     -0.642816E+08    0.2079006E+10   -0.1321729E+10
 403      0.112945E+09    0.2499726E+10   -0.1150140E+10
 404      0.154112E+09    0.2939772E+10   -0.1061379E+10
 405      0.164378E+09    0.3108484E+10   -0.8888009E+09
 406      0.174546E+09    0.3293962E+10   -0.7259792E+09
 407      0.172689E+09    0.3372620E+10   -0.5505515E+09
 408      0.181073E+09    0.3458548E+10   -0.3768847E+09
 409      0.181383E+09    0.3480562E+10   -0.1972438E+09
 410      0.190267E+09    0.3506002E+10   -0.1764214E+08
 411      0.192153E+09    0.3475921E+10    0.1686251E+09
 412      0.202369E+09    0.3449355E+10    0.3545079E+09
 413      0.208347E+09    0.3352300E+10    0.5497726E+09
 414      0.218807E+09    0.3260991E+10    0.7477534E+09
 415      0.216549E+09    0.3054298E+10    0.9416284E+09
 416      0.211055E+09    0.2860190E+10    0.1145863E+10
 417      0.166275E+09    0.2403790E+10    0.1261503E+10
 418     -0.284444E+08    0.1943779E+10    0.1470810E+10
 419     -0.398215E+09    0.7811288E+09    0.9243408E+09
 420     -0.293337E+10   -0.3998140E+09    0.2416772E+09
 421     -0.135841E+10    0.4380106E+10   -0.1076123E+10
 422      0.130657E+09    0.4390096E+10   -0.1685769E+10
 423     -0.789422E+08    0.4350940E+10   -0.1944579E+10
 424      0.304129E+08    0.4263274E+10   -0.1525005E+10
 425     -0.441671E+07    0.4254715E+10   -0.1289164E+10
 426      0.470505E+07    0.4242145E+10   -0.1052806E+10
 427      0.226568E+07    0.4245327E+10   -0.8306381E+09
 428      0.249618E+07    0.4244035E+10   -0.6247345E+09
 429      0.525255E+07    0.4247457E+10   -0.4198985E+09
 430      0.620194E+07    0.4243575E+10   -0.2149890E+09
 431      0.843208E+07    0.4242301E+10   -0.1062126E+08
 432      0.107721E+08    0.4226909E+10    0.2023009E+09
 433      0.142340E+08    0.4213835E+10    0.4153044E+09
 434      0.176091E+08    0.4178428E+10    0.6497062E+09
 435      0.201368E+08    0.4145797E+10    0.8852541E+09
 436      0.301550E+08    0.4089852E+10    0.1148233E+10
 437      0.253534E+08    0.4045716E+10    0.1425983E+10
 438      0.670522E+08    0.3972123E+10    0.1696178E+10
 439     -0.351326E+08    0.3981489E+10    0.2175218E+10
 440      0.188146E+09    0.3839504E+10    0.1858962E+10
 441     -0.138435E+10    0.3621799E+10    0.1260819E+10
