   1     -0.603580E+09    0.4082012E+07   -0.8220301E+06
   2     -0.499643E+09   -0.5482120E+07   -0.3524079E+06
   3     -0.406010E+09   -0.1643953E+08    0.2553035E+06
   4     -0.296564E+09   -0.4534029E+08    0.2926207E+06
   5     -0.174828E+09   -0.7341939E+08    0.1778715E+06
   6     -0.485681E+08   -0.1058164E+09    0.2729112E+06
   7      0.791765E+08   -0.1378168E+09    0.4057792E+06
   8      0.204761E+09   -0.1687353E+09    0.6680193E+06
   9      0.327680E+09   -0.1937422E+09    0.1179191E+07
  10      0.445787E+09   -0.2514679E+09    0.1076734E+08
  11      0.536502E+09   -0.3254064E+09    0.1905535E+08
  12      0.583244E+09   -0.3913521E+09    0.8888086E+07
  13      0.565772E+09   -0.4445439E+09    0.6080279E+05
  14      0.524548E+09   -0.4382630E+09   -0.8733585E+06
  15      0.419146E+09   -0.4335306E+09   -0.1876133E+07
  16      0.267074E+09   -0.3839084E+09   -0.3084438E+07
  17      0.430150E+08   -0.3321853E+09   -0.4581519E+07
  18     -0.230229E+09   -0.2444189E+09   -0.6419383E+07
  19     -0.551905E+09   -0.1508936E+09   -0.9489216E+07
  20     -0.908738E+09   -0.6551830E+08   -0.9966758E+07
  21     -0.116626E+10    0.1253826E+08   -0.9209646E+07
  22     -0.610204E+09    0.3579515E+07   -0.6739324E+06
  23     -0.511842E+09   -0.7487016E+07    0.1052005E+08
  24     -0.413622E+09   -0.1948883E+08    0.2191224E+08
  25     -0.301072E+09   -0.4683323E+08    0.2668337E+08
  26     -0.177077E+09   -0.7390172E+08    0.3108755E+08
  27     -0.488701E+08   -0.1057064E+09    0.3127766E+08
  28      0.799160E+08   -0.1368653E+09    0.3133297E+08
  29      0.205849E+09   -0.1668670E+09    0.3014512E+08
  30      0.325684E+09   -0.1974610E+09    0.2901739E+08
  31      0.438156E+09   -0.2200567E+09    0.3572030E+08
  32      0.532928E+09   -0.2405173E+09    0.4482515E+08
  33      0.592580E+09   -0.2671200E+09    0.3712019E+08
  34      0.592237E+09   -0.2989087E+09    0.2420961E+08
  35      0.546787E+09   -0.3032303E+09   -0.1333454E+07
  36      0.442064E+09   -0.3025943E+09   -0.2434220E+08
  37      0.285771E+09   -0.2613228E+09   -0.4361249E+08
  38      0.598575E+08   -0.2188678E+09   -0.6359291E+08
  39     -0.222743E+09   -0.1522002E+09   -0.7184814E+08
  40     -0.557853E+09   -0.8081158E+08   -0.8333814E+08
  41     -0.935572E+09   -0.3189313E+08   -0.5421944E+08
  42     -0.127730E+10    0.1071406E+08   -0.2051413E+08
  43     -0.615277E+09    0.3422756E+07   -0.3749162E+06
  44     -0.524475E+09   -0.7972904E+07    0.2141338E+08
  45     -0.421118E+09   -0.2027712E+08    0.4343724E+08
  46     -0.305629E+09   -0.4728149E+08    0.5303362E+08
  47     -0.179351E+09   -0.7416695E+08    0.6208333E+08
  48     -0.493265E+08   -0.1049970E+09    0.6239841E+08
  49      0.803770E+08   -0.1356317E+09    0.6250912E+08
  50      0.206356E+09   -0.1614503E+09    0.5960424E+08
  51      0.322894E+09   -0.1874488E+09    0.5671530E+08
  52      0.429743E+09   -0.1999921E+09    0.5809738E+08
  53      0.525660E+09   -0.2086758E+09    0.6455805E+08
  54      0.600391E+09   -0.2070222E+09    0.6267469E+08
  55      0.625866E+09   -0.2117415E+09    0.5019011E+08
  56      0.571416E+09   -0.2139041E+09   -0.4897367E+06
  57      0.467184E+09   -0.2127195E+09   -0.4591201E+08
  58      0.305896E+09   -0.1820461E+09   -0.8362116E+08
  59      0.787671E+08   -0.1482055E+09   -0.1230302E+09
  60     -0.215141E+09   -0.9597400E+08   -0.1367392E+09
  61     -0.562456E+09   -0.4131262E+08   -0.1555679E+09
  62     -0.965022E+09   -0.1310392E+08   -0.9543725E+08
  63     -0.139688E+10    0.1013441E+08   -0.2735526E+08
  64     -0.649086E+09    0.2989742E+07    0.2501514E+07
  65     -0.556548E+09   -0.9342996E+07    0.3357446E+08
  66     -0.443524E+09   -0.2250107E+08    0.6481192E+08
  67     -0.319201E+09   -0.4885693E+08    0.7850115E+08
  68     -0.185258E+09   -0.7518097E+08    0.9162969E+08
  69     -0.488985E+08   -0.1041663E+09    0.9067119E+08
  70      0.851813E+08   -0.1328968E+09    0.8964338E+08
  71      0.213882E+09   -0.1549509E+09    0.8111801E+08
  72      0.331301E+09   -0.1767610E+09    0.7268473E+08
  73      0.438231E+09   -0.1847563E+09    0.6313752E+08
  74      0.528753E+09   -0.1920277E+09    0.5514532E+08
  75      0.605676E+09   -0.1789201E+09    0.4805823E+08
  76      0.656895E+09   -0.1656979E+09    0.4117821E+08
  77      0.626865E+09   -0.1573555E+09   -0.7325748E+07
  78      0.520917E+09   -0.1497087E+09   -0.5950739E+08
  79      0.353828E+09   -0.1261807E+09   -0.1073223E+09
  80      0.116413E+09   -0.1014439E+09   -0.1553151E+09
  81     -0.200604E+09   -0.6734645E+08   -0.1703707E+09
  82     -0.582688E+09   -0.3088610E+08   -0.1886776E+09
  83     -0.104861E+10   -0.1128325E+08   -0.1092737E+09
  84     -0.157736E+10    0.5417458E+07   -0.2349093E+08
  85     -0.684648E+09    0.3983566E+07    0.4826043E+07
  86     -0.587879E+09   -0.8219481E+07    0.4569099E+08
  87     -0.466028E+09   -0.2178860E+08    0.8653395E+08
  88     -0.332817E+09   -0.4909730E+08    0.1040960E+09
  89     -0.191208E+09   -0.7586831E+08    0.1211978E+09
  90     -0.484067E+08   -0.1036290E+09    0.1189196E+09
  91      0.902428E+08   -0.1310592E+09    0.1165976E+09
  92      0.222008E+09   -0.1503023E+09    0.1026151E+09
  93      0.340699E+09   -0.1694117E+09    0.8871728E+08
  94      0.447642E+09   -0.1738919E+09    0.7047386E+08
  95      0.536110E+09   -0.1779315E+09    0.5169072E+08
  96      0.612159E+09   -0.1639331E+09    0.3537855E+08
  97      0.675103E+09   -0.1464267E+09    0.2725655E+08
  98      0.683146E+09   -0.1249183E+09   -0.1677704E+08
  99      0.573552E+09   -0.1094682E+09   -0.7292432E+08
 100      0.400808E+09   -0.9294447E+08   -0.1310093E+09
 101      0.151698E+09   -0.7219144E+08   -0.1864221E+09
 102     -0.184880E+09   -0.4638159E+08   -0.2033616E+09
 103     -0.606429E+09   -0.1961597E+08   -0.2220996E+09
 104     -0.113042E+10   -0.6688030E+07   -0.1253413E+09
 105     -0.175119E+10    0.4134026E+07   -0.2350519E+08
 106     -0.752130E+09    0.3272925E+07    0.6810128E+07
 107     -0.639181E+09   -0.9663081E+07    0.5829451E+08
 108     -0.501694E+09   -0.2376370E+08    0.1095739E+09
 109     -0.353210E+09   -0.5041960E+08    0.1295368E+09
 110     -0.198105E+09   -0.7670501E+08    0.1490750E+09
 111     -0.439653E+08   -0.1023939E+09    0.1438141E+09
 112      0.103355E+09   -0.1276574E+09    0.1385244E+09
 113      0.241452E+09   -0.1438817E+09    0.1183693E+09
 114      0.364395E+09   -0.1598392E+09    0.9840857E+08
 115      0.473489E+09   -0.1619920E+09    0.7217479E+08
 116      0.563489E+09   -0.1642701E+09    0.4606452E+08
 117      0.637959E+09   -0.1494213E+09    0.1989936E+08
 118      0.693170E+09   -0.1309438E+09   -0.2413755E+07
 119      0.724441E+09   -0.1076945E+09   -0.3817528E+08
 120      0.642502E+09   -0.9006542E+08   -0.8323564E+08
 121      0.460754E+09   -0.7581906E+08   -0.1474110E+09
 122      0.193637E+09   -0.5722237E+08   -0.2084700E+09
 123     -0.169732E+09   -0.3545200E+08   -0.2224363E+09
 124     -0.643553E+09   -0.1444143E+08   -0.2385483E+09
 125     -0.123739E+10   -0.5157155E+07   -0.1337304E+09
 126     -0.195222E+10    0.3286279E+07   -0.2271887E+08
 127     -0.818990E+09    0.4111708E+07    0.8869662E+07
 128     -0.690638E+09   -0.8934889E+07    0.7097081E+08
 129     -0.537321E+09   -0.2369855E+08    0.1327059E+09
 130     -0.373592E+09   -0.5090001E+08    0.1551615E+09
 131     -0.204989E+09   -0.7718791E+08    0.1771935E+09
 132     -0.394366E+08   -0.1008861E+09    0.1689578E+09
 133      0.116638E+09   -0.1239884E+09    0.1607323E+09
 134      0.261161E+09   -0.1371509E+09    0.1344327E+09
 135      0.388351E+09   -0.1500179E+09    0.1083768E+09
 136      0.499815E+09   -0.1505794E+09    0.7429234E+08
 137      0.590783E+09   -0.1508768E+09    0.4046334E+08
 138      0.664750E+09   -0.1388739E+09    0.5171612E+07
 139      0.717901E+09   -0.1265955E+09   -0.2844287E+08
 140      0.759474E+09   -0.1055479E+09   -0.5885138E+08
 141      0.712809E+09   -0.8395503E+08   -0.9661749E+08
 142      0.521053E+09   -0.6699202E+08   -0.1648540E+09
 143      0.236390E+09   -0.5147769E+08   -0.2306951E+09
 144     -0.156924E+09   -0.3470471E+08   -0.2426580E+09
 145     -0.677974E+09   -0.1552114E+08   -0.2563160E+09
 146     -0.134423E+10   -0.5429389E+07   -0.1425862E+09
 147     -0.214907E+10    0.2977223E+07   -0.2199067E+08
 148     -0.917694E+09    0.3190812E+07    0.1178492E+08
 149     -0.763362E+09   -0.1073444E+08    0.8439727E+08
 150     -0.584474E+09   -0.2613507E+08    0.1563851E+09
 151     -0.397316E+09   -0.5157429E+08    0.1791130E+09
 152     -0.209097E+09   -0.7623986E+08    0.2013617E+09
 153     -0.277706E+08   -0.9615321E+08    0.1882960E+09
 154      0.139798E+09   -0.1153521E+09    0.1753962E+09
 155      0.292181E+09   -0.1242305E+09    0.1434334E+09
 156      0.424523E+09   -0.1328213E+09    0.1118973E+09
 157      0.538474E+09   -0.1312998E+09    0.7307424E+08
 158      0.630945E+09   -0.1298179E+09    0.3451645E+08
 159      0.704360E+09   -0.1199249E+09   -0.4558634E+07
 160      0.756259E+09   -0.1098241E+09   -0.4216865E+08
 161      0.789879E+09   -0.9201083E+08   -0.7702273E+08
 162      0.772531E+09   -0.7408795E+08   -0.1154887E+09
 163      0.584603E+09   -0.6028151E+08   -0.1781559E+09
 164      0.284503E+09   -0.4684124E+08   -0.2430636E+09
 165     -0.145641E+09   -0.3207327E+08   -0.2573539E+09
 166     -0.720100E+09   -0.1611603E+08   -0.2718998E+09
 167     -0.146589E+10   -0.6508102E+07   -0.1514130E+09
 168     -0.237267E+10    0.2069668E+07   -0.2425281E+08
 169     -0.101616E+10    0.3972256E+07    0.1483853E+08
 170     -0.836179E+09   -0.1022634E+08    0.9804943E+08
 171     -0.631843E+09   -0.2652866E+08    0.1803682E+09
 172     -0.421262E+09   -0.5089650E+08    0.2034178E+09
 173     -0.213352E+09   -0.7373066E+08    0.2259634E+09
 174     -0.161061E+08   -0.8829675E+08    0.2080878E+09
 175      0.163068E+09   -0.1019529E+09    0.1905270E+09
 176      0.323460E+09   -0.1045893E+09    0.1528643E+09
 177      0.460974E+09   -0.1070017E+09    0.1158068E+09
 178      0.577471E+09   -0.1022458E+09    0.7215768E+08
 179      0.671326E+09   -0.9776729E+08    0.2891106E+08
 180      0.744062E+09   -0.8973214E+08   -0.1427029E+08
 181      0.794152E+09   -0.8227277E+08   -0.5700628E+08
 182      0.823772E+09   -0.6757238E+08   -0.9611134E+08
 183      0.828099E+09   -0.5142176E+08   -0.1338003E+09
 184      0.647452E+09   -0.4378742E+08   -0.1912249E+09
 185      0.332041E+09   -0.3829085E+08   -0.2559946E+09
 186     -0.133676E+09   -0.2856397E+08   -0.2726088E+09
 187     -0.763872E+09   -0.1525663E+08   -0.2885651E+09
 188     -0.158664E+10   -0.4767270E+07   -0.1605528E+09
 189     -0.259840E+10    0.3403621E+07   -0.2559782E+08
 190     -0.115016E+10    0.2561889E+07    0.1964250E+08
 191     -0.928943E+09   -0.1192336E+08    0.1118813E+09
 192     -0.686172E+09   -0.2834981E+08    0.2026318E+09
 193     -0.442328E+09   -0.4799626E+08    0.2212675E+09
 194     -0.209033E+09   -0.6606625E+08    0.2394785E+09
 195      0.655849E+07   -0.7204652E+08    0.2141768E+09
 196      0.197128E+09   -0.7698391E+08    0.1895988E+09
 197      0.363607E+09   -0.7093293E+08    0.1480112E+09
 198      0.504055E+09   -0.6476903E+08    0.1073837E+09
 199      0.620668E+09   -0.5554314E+08    0.6412681E+08
 200      0.714622E+09   -0.4680895E+08    0.2148773E+08
 201      0.786046E+09   -0.4072257E+08   -0.1981536E+08
 202      0.836259E+09   -0.3507517E+08   -0.6108799E+08
 203      0.863837E+09   -0.3226050E+08   -0.1005599E+09
 204      0.864391E+09   -0.2947610E+08   -0.1371456E+09
 205      0.710272E+09   -0.2722809E+08   -0.1929163E+09
 206      0.382590E+09   -0.2514297E+08   -0.2573675E+09
 207     -0.115229E+09   -0.1989265E+08   -0.2782800E+09
 208     -0.807412E+09   -0.1291593E+08   -0.2997146E+09
 209     -0.172036E+10   -0.5143181E+07   -0.1677284E+09
 210     -0.284775E+10    0.1406946E+07   -0.2742659E+08
 211     -0.128419E+10    0.3052275E+07    0.2482112E+08
 212     -0.102202E+10   -0.1153256E+08    0.1261481E+09
 213     -0.741142E+09   -0.2858940E+08    0.2254514E+09
 214     -0.463942E+09   -0.4263713E+08    0.2397934E+09
 215     -0.205130E+09   -0.5404636E+08    0.2538005E+09
 216      0.292530E+08   -0.4700432E+08    0.2209963E+09
 217      0.231378E+09   -0.3881962E+08    0.1893084E+09
 218      0.404205E+09   -0.1970306E+08    0.1436644E+09
 219      0.547620E+09   -0.7624896E+06    0.9932674E+08
 220      0.664407E+09    0.1530916E+08    0.5636328E+08
 221      0.758479E+09    0.3063548E+08    0.1418766E+08
 222      0.828715E+09    0.3429556E+08   -0.2526487E+08
 223      0.878918E+09    0.3690775E+08   -0.6475765E+08
 224      0.904484E+09    0.2883282E+08   -0.1040063E+09
 225      0.902402E+09    0.2099147E+08   -0.1404011E+09
 226      0.773370E+09    0.1015875E+08   -0.1961155E+09
 227      0.432333E+09   -0.1703401E+07   -0.2606537E+09
 228     -0.973005E+08   -0.7795829E+07   -0.2848488E+09
 229     -0.851194E+09   -0.1191523E+08   -0.3105051E+09
 230     -0.185546E+10   -0.5629288E+07   -0.1755345E+09
 231     -0.309615E+10    0.7844466E+05   -0.3118883E+08
 232     -0.145694E+10    0.4832745E+06    0.3292548E+08
 233     -0.112888E+10   -0.1219657E+08    0.1381579E+09
 234     -0.791667E+09   -0.2754908E+08    0.2400639E+09
 235     -0.469989E+09   -0.3011788E+08    0.2404389E+09
 236     -0.182488E+09   -0.2950594E+08    0.2410056E+09
 237      0.678051E+08   -0.4219272E+07    0.1975205E+09
 238      0.275648E+09    0.2229795E+08    0.1561630E+09
 239      0.447183E+09    0.5781189E+08    0.1111631E+09
 240      0.587096E+09    0.9289354E+08    0.6798063E+08
 241      0.698372E+09    0.1171779E+09    0.3437394E+08
 242      0.789606E+09    0.1404752E+09    0.1707915E+07
 243      0.857455E+09    0.1415764E+09   -0.2538139E+08
 244      0.909421E+09    0.1414881E+09   -0.5235224E+08
 245      0.937134E+09    0.1203024E+09   -0.8325979E+08
 246      0.938822E+09    0.9860194E+08   -0.1123989E+09
 247      0.833472E+09    0.6764222E+08   -0.1671864E+09
 248      0.491370E+09    0.3591571E+08   -0.2311182E+09
 249     -0.665901E+08    0.1480947E+08   -0.2658662E+09
 250     -0.882132E+09   -0.3815597E+07   -0.3033583E+09
 251     -0.198640E+10   -0.2749708E+07   -0.1766863E+09
 252     -0.337482E+10   -0.2502928E+07   -0.3896475E+08
 253     -0.162977E+10    0.1072139E+07    0.4167085E+08
 254     -0.123680E+10   -0.1162342E+08    0.1509909E+09
 255     -0.844293E+09   -0.2643251E+08    0.2560898E+09
 256     -0.476861E+09   -0.1268201E+08    0.2425535E+09
 257     -0.160604E+09    0.5638546E+07    0.2296416E+09
 258      0.107045E+09    0.5864851E+08    0.1750761E+09
 259      0.320497E+09    0.1120760E+09    0.1234976E+09
 260      0.491035E+09    0.1707575E+09    0.7897542E+08
 261      0.627193E+09    0.2281467E+09    0.3669382E+08
 262      0.732837E+09    0.2636318E+09    0.1254980E+08
 263      0.821167E+09    0.2978349E+09   -0.1051147E+08
 264      0.886644E+09    0.2963068E+09   -0.2518024E+08
 265      0.940621E+09    0.2933513E+09   -0.3964669E+08
 266      0.970752E+09    0.2554283E+09   -0.6245461E+08
 267      0.976759E+09    0.2162786E+09   -0.8418536E+08
 268      0.894567E+09    0.1600824E+09   -0.1386648E+09
 269      0.551536E+09    0.1014901E+09   -0.2023486E+09
 270     -0.362770E+08    0.5315629E+08   -0.2482207E+09
 271     -0.914551E+09    0.8258569E+07   -0.2990130E+09
 272     -0.211965E+10    0.2661818E+07   -0.1787456E+09
 273     -0.365588E+10   -0.2596002E+07   -0.4561608E+08
 274     -0.183977E+10   -0.5809230E+07    0.5610484E+08
 275     -0.134127E+10   -0.9797001E+07    0.1554722E+09
 276     -0.864657E+09   -0.1764270E+08    0.2470285E+09
 277     -0.444356E+09    0.2285490E+08    0.2011958E+09
 278     -0.104649E+09    0.6975872E+08    0.1587598E+09
 279      0.163907E+09    0.1572784E+09    0.9341644E+08
 280      0.367830E+09    0.2451260E+09    0.3329684E+08
 281      0.521887E+09    0.3291575E+09    0.4820037E+06
 282      0.643611E+09    0.4115948E+09   -0.2985307E+08
 283      0.735337E+09    0.4584934E+09   -0.3115216E+08
 284      0.816058E+09    0.5042449E+09   -0.3149065E+08
 285      0.877166E+09    0.4999420E+09   -0.1946785E+08
 286      0.935277E+09    0.4944074E+09   -0.6938747E+07
 287      0.973780E+09    0.4381971E+09   -0.6705726E+07
 288      0.997510E+09    0.3805388E+09   -0.6034998E+07
 289      0.944394E+09    0.2900543E+09   -0.5119782E+08
 290      0.620641E+09    0.1967395E+09   -0.1053009E+09
 291      0.244456E+08    0.1133928E+09   -0.1705065E+09
 292     -0.903230E+09    0.3262353E+08   -0.2454531E+09
 293     -0.221892E+10    0.9415132E+07   -0.1589230E+09
 294     -0.393626E+10   -0.1273668E+08   -0.5678743E+08
 295     -0.205168E+10   -0.2691491E+05    0.7355565E+08
 296     -0.144875E+10   -0.8345654E+07    0.1620656E+09
 297     -0.893037E+09   -0.1195390E+08    0.2421221E+09
 298     -0.410466E+09    0.7336791E+08    0.1632392E+09
 299     -0.493458E+08    0.1631529E+09    0.8909687E+08
 300      0.224103E+09    0.3025654E+09    0.1218461E+08
 301      0.416747E+09    0.4370859E+09   -0.5831914E+08
 302      0.553853E+09    0.5522782E+09   -0.7899178E+08
 303      0.660274E+09    0.6641739E+09   -0.9731270E+08
 304      0.737538E+09    0.7236007E+09   -0.7519133E+08
 305      0.810441E+09    0.7822466E+09   -0.5229616E+08
 306      0.867265E+09    0.7759070E+09   -0.1294151E+08
 307      0.930049E+09    0.7689387E+09    0.2728389E+08
 308      0.977927E+09    0.6924386E+09    0.5079461E+08
 309      0.102030E+10    0.6133264E+09    0.7425828E+08
 310      0.997908E+09    0.4811775E+09    0.3677130E+08
 311      0.690066E+09    0.3410903E+09   -0.8541939E+07
 312      0.882177E+08    0.2018746E+09   -0.9532494E+08
 313     -0.900300E+09    0.6046046E+08   -0.1950021E+09
 314     -0.232169E+10    0.1960617E+08   -0.1411118E+09
 315     -0.422415E+10   -0.1013930E+08   -0.7153150E+08
 316     -0.229488E+10   -0.2776234E+08    0.1013609E+09
 317     -0.150302E+10    0.2095739E+07    0.1418625E+09
 318     -0.820056E+09    0.2629793E+08    0.1613944E+09
 319     -0.305355E+09    0.1722066E+09    0.2268387E+08
 320      0.486301E+08    0.3296810E+09   -0.9701684E+08
 321      0.282306E+09    0.5212355E+09   -0.1658019E+09
 322      0.439823E+09    0.7087490E+09   -0.2250746E+09
 323      0.542289E+09    0.8489865E+09   -0.2127066E+09
 324      0.624152E+09    0.9868115E+09   -0.1995926E+09
 325      0.681232E+09    0.1055200E+10   -0.1411779E+09
 326      0.741526E+09    0.1123966E+10   -0.8269885E+08
 327      0.790858E+09    0.1116324E+10   -0.3658797E+07
 328      0.855391E+09    0.1109517E+10    0.7677801E+08
 329      0.913908E+09    0.1015985E+10    0.1454752E+09
 330      0.986497E+09    0.9209014E+09    0.2151655E+09
 331      0.100416E+10    0.7389068E+09    0.2159217E+09
 332      0.749970E+09    0.5489557E+09    0.2098804E+09
 333      0.192403E+09    0.3368748E+09    0.1040563E+09
 334     -0.790101E+09    0.1264121E+09   -0.3043245E+08
 335     -0.231011E+10    0.4213990E+08   -0.7194399E+08
 336     -0.445083E+10   -0.3789958E+08   -0.8862601E+08
 337     -0.257102E+10    0.2774585E+08    0.1539205E+09
 338     -0.156007E+10    0.1884780E+08    0.1296129E+09
 339     -0.779019E+09    0.5967595E+08    0.9251369E+08
 340     -0.178447E+09    0.3389169E+09   -0.1108239E+09
 341      0.152192E+09    0.5901341E+09   -0.2957492E+09
 342      0.345138E+09    0.8527480E+09   -0.3503489E+09
 343      0.463929E+09    0.1094250E+10   -0.3970283E+09
 344      0.529796E+09    0.1251443E+10   -0.3497638E+09
 345      0.586474E+09    0.1406858E+10   -0.3035689E+09
 346      0.622928E+09    0.1478805E+10   -0.2080824E+09
 347      0.670376E+09    0.1552828E+10   -0.1133119E+09
 348      0.711891E+09    0.1546852E+10    0.6437295E+07
 349      0.778175E+09    0.1543996E+10    0.1283230E+09
 350      0.848583E+09    0.1443690E+10    0.2444842E+09
 351      0.954127E+09    0.1343157E+10    0.3627629E+09
 352      0.101561E+10    0.1117559E+10    0.4032017E+09
 353      0.817983E+09    0.8709215E+09    0.4412170E+09
 354      0.317068E+09    0.5541351E+09    0.3002010E+09
 355     -0.703076E+09    0.1945372E+09    0.1269103E+09
 356     -0.230345E+10    0.6990701E+08   -0.1034595E+08
 357     -0.471433E+10    0.4448325E+07   -0.1287788E+09
 358     -0.279956E+10   -0.1223352E+09    0.1819538E+09
 359     -0.141952E+10    0.7124183E+08    0.5442668E+07
 360     -0.475256E+09    0.2574483E+09   -0.2267350E+09
 361     -0.142797E+08    0.6497648E+09   -0.4752199E+09
 362      0.218994E+09    0.1050406E+10   -0.6394672E+09
 363      0.331839E+09    0.1330828E+10   -0.6171981E+09
 364      0.403767E+09    0.1603698E+10   -0.5998075E+09
 365      0.436800E+09    0.1755617E+10   -0.5020632E+09
 366      0.471735E+09    0.1909540E+10   -0.4076672E+09
 367      0.492596E+09    0.1976234E+10   -0.2757178E+09
 368      0.526140E+09    0.2046427E+10   -0.1450477E+09
 369      0.556871E+09    0.2043532E+10    0.1065682E+08
 370      0.611316E+09    0.2046369E+10    0.1677308E+09
 371      0.677059E+09    0.1954143E+10    0.3422541E+09
 372      0.796985E+09    0.1866811E+10    0.5213453E+09
 373      0.887790E+09    0.1615771E+10    0.6606758E+09
 374      0.768371E+09    0.1351969E+10    0.8143515E+09
 375      0.411396E+09    0.8930192E+09    0.7369587E+09
 376     -0.375258E+09    0.4239718E+09    0.5734007E+09
 377     -0.199741E+10    0.1425124E+09    0.1980923E+09
 378     -0.473576E+10   -0.1283898E+09   -0.1315570E+09
 379     -0.366041E+10    0.2662727E+09    0.6311241E+09
 380     -0.111617E+10    0.2858683E+09   -0.4214469E+08
 381     -0.115867E+09    0.5536497E+09   -0.7275300E+09
 382      0.144832E+09    0.1297463E+10   -0.8999104E+09
 383      0.284871E+09    0.1784968E+10   -0.9987849E+09
 384      0.306706E+09    0.2026821E+10   -0.8962806E+09
 385      0.336461E+09    0.2275555E+10   -0.8038205E+09
 386      0.337912E+09    0.2390244E+10   -0.6554396E+09
 387      0.353132E+09    0.2512757E+10   -0.5111001E+09
 388      0.359635E+09    0.2561537E+10   -0.3431167E+09
 389      0.379793E+09    0.2614987E+10   -0.1766954E+09
 390      0.399672E+09    0.2616022E+10    0.1382332E+08
 391      0.440526E+09    0.2624682E+10    0.2033930E+09
 392      0.496650E+09    0.2568690E+10    0.4380950E+09
 393      0.629304E+09    0.2522906E+10    0.6822073E+09
 394      0.750220E+09    0.2305007E+10    0.9389723E+09
 395      0.714643E+09    0.2092007E+10    0.1217854E+10
 396      0.506166E+09    0.1549196E+10    0.1241990E+10
 397      0.186574E+08    0.7631760E+09    0.1184306E+10
 398     -0.152076E+10    0.3733719E+09    0.3342614E+09
 399     -0.541951E+10    0.2113714E+09   -0.5004225E+09
 400     -0.281815E+10   -0.4554737E+09   -0.1552841E+09
 401     -0.406146E+09    0.8283331E+09   -0.9045929E+09
 402     -0.959196E+08    0.2045084E+10   -0.1450748E+10
 403      0.936024E+08    0.2400598E+10   -0.1287723E+10
 404      0.139231E+09    0.2784488E+10   -0.1212047E+10
 405      0.151774E+09    0.2911575E+10   -0.1047104E+10
 406      0.164862E+09    0.3056963E+10   -0.8921614E+09
 407      0.165880E+09    0.3113476E+10   -0.7196518E+09
 408      0.174050E+09    0.3177244E+10   -0.5493028E+09
 409      0.177806E+09    0.3199612E+10   -0.3678518E+09
 410      0.188339E+09    0.3225903E+10   -0.1874068E+09
 411      0.198401E+09    0.3227021E+10    0.1277560E+08
 412      0.218644E+09    0.3230898E+10    0.2103789E+09
 413      0.245433E+09    0.3218583E+10    0.4568619E+09
 414      0.315515E+09    0.3228469E+10    0.7106956E+09
 415      0.392879E+09    0.3125418E+10    0.1068791E+10
 416      0.371741E+09    0.3027477E+10    0.1445280E+10
 417      0.301273E+09    0.2611749E+10    0.1688156E+10
 418      0.773217E+07    0.2192455E+10    0.2053510E+10
 419     -0.581249E+09    0.9109739E+09    0.1304494E+10
 420     -0.382870E+10   -0.4010990E+09    0.3447162E+09
 421     -0.132394E+10    0.4507938E+10   -0.1065446E+10
 422      0.128049E+09    0.4392226E+10   -0.1720550E+10
 423     -0.817717E+08    0.4231306E+10   -0.2009186E+10
 424      0.242966E+08    0.4085594E+10   -0.1608481E+10
 425     -0.788265E+07    0.4015301E+10   -0.1392629E+10
 426      0.117653E+07    0.3966212E+10   -0.1174237E+10
 427     -0.144382E+07    0.3931781E+10   -0.9691267E+09
 428     -0.287453E+06    0.3908852E+10   -0.7753303E+09
 429      0.591899E+06    0.3890681E+10   -0.5829097E+09
 430      0.145035E+07    0.3878483E+10   -0.3892757E+09
 431      0.254349E+07    0.3869310E+10   -0.1962713E+09
 432      0.329032E+07    0.3864085E+10    0.1289033E+08
 433      0.445209E+07    0.3861428E+10    0.2190954E+09
 434      0.504668E+07    0.3863290E+10    0.4733837E+09
 435      0.121038E+08    0.3852090E+10    0.7305678E+09
 436      0.424405E+08    0.3994185E+10    0.1176698E+10
 437      0.344189E+08    0.4199034E+10    0.1642526E+10
 438      0.814014E+08    0.4296646E+10    0.2080773E+10
 439     -0.193134E+08    0.4457932E+10    0.2788165E+10
 440      0.194123E+09    0.4201014E+10    0.2321592E+10
 441     -0.152489E+10    0.3852073E+10    0.1481787E+10
