   1     -0.818803E+09   -0.7302072E+06    0.2609435E+06
   2     -0.645470E+09   -0.5149707E+06    0.1650249E+06
   3     -0.479965E+09   -0.4049012E+06    0.9530720E+05
   4     -0.318518E+09    0.4762972E+07    0.1435428E+06
   5     -0.164534E+09    0.9900406E+07    0.1886004E+06
   6     -0.174677E+08    0.2155365E+08    0.1783879E+06
   7      0.119206E+09    0.3322055E+08    0.1964017E+06
   8      0.246672E+09    0.5242721E+08    0.2056753E+06
   9      0.361544E+09    0.7146500E+08    0.1916470E+06
  10      0.465041E+09    0.9857379E+08    0.6499189E+05
  11      0.552399E+09    0.1248701E+09    0.1143100E+07
  12      0.629138E+09    0.1685135E+09   -0.4383488E+07
  13      0.691477E+09    0.2206614E+09   -0.1181374E+08
  14      0.648845E+09    0.2540202E+09   -0.6734583E+07
  15      0.547044E+09    0.2774740E+09   -0.4580480E+06
  16      0.382643E+09    0.2446238E+09    0.1674607E+07
  17      0.156565E+09    0.2124436E+09    0.3163655E+07
  18     -0.156442E+09    0.1509263E+09    0.4554190E+07
  19     -0.587308E+09    0.8317166E+08    0.6782513E+07
  20     -0.115014E+10    0.3168612E+08    0.4062668E+07
  21     -0.183764E+10   -0.1236073E+08    0.6607207E+06
  22     -0.818890E+09   -0.5314379E+06    0.1234342E+07
  23     -0.643728E+09    0.1903822E+06   -0.5501244E+06
  24     -0.477601E+09    0.6717383E+06   -0.2416958E+07
  25     -0.315731E+09    0.5996261E+07   -0.5447236E+07
  26     -0.161352E+09    0.1144787E+08   -0.8392693E+07
  27     -0.140194E+08    0.2346516E+08   -0.1198901E+08
  28      0.122956E+09    0.3554494E+08   -0.1560698E+08
  29      0.250405E+09    0.5508575E+08   -0.1948259E+08
  30      0.365229E+09    0.7462673E+08   -0.2317525E+08
  31      0.469171E+09    0.1018624E+09   -0.2732203E+08
  32      0.559048E+09    0.1301731E+09   -0.3330044E+08
  33      0.632690E+09    0.1642010E+09   -0.3695317E+08
  34      0.672037E+09    0.1994513E+09   -0.3613424E+08
  35      0.625712E+09    0.2050306E+09   -0.1078564E+08
  36      0.528329E+09    0.2073986E+09    0.1205917E+08
  37      0.367956E+09    0.1814440E+09    0.2699592E+08
  38      0.144637E+09    0.1552500E+09    0.4229840E+08
  39     -0.165326E+09    0.1083145E+09    0.5063638E+08
  40     -0.581239E+09    0.5727238E+08    0.6002178E+08
  41     -0.112350E+10    0.2243315E+08    0.3445704E+08
  42     -0.178749E+10   -0.7539272E+07    0.7220540E+07
  43     -0.819369E+09   -0.7943110E+06    0.2205329E+07
  44     -0.642180E+09    0.4673917E+06   -0.1183818E+07
  45     -0.475424E+09    0.1594878E+07   -0.4679158E+07
  46     -0.312926E+09    0.7852889E+07   -0.1077961E+08
  47     -0.158146E+09    0.1416780E+08   -0.1681887E+08
  48     -0.105955E+08    0.2718822E+08   -0.2403884E+08
  49      0.126300E+09    0.4009578E+08   -0.3104406E+08
  50      0.254401E+09    0.6104962E+08   -0.3905007E+08
  51      0.368953E+09    0.8153483E+08   -0.4650450E+08
  52      0.474876E+09    0.1101220E+09   -0.5699489E+08
  53      0.572320E+09    0.1463276E+09   -0.7456796E+08
  54      0.636168E+09    0.1685696E+09   -0.6981214E+08
  55      0.648124E+09    0.1772360E+09   -0.5295786E+08
  56      0.600224E+09    0.1600485E+09   -0.1197025E+08
  57      0.507880E+09    0.1517040E+09    0.2367722E+08
  58      0.351521E+09    0.1332121E+09    0.5229028E+08
  59      0.131367E+09    0.1100861E+09    0.8227828E+08
  60     -0.175325E+09    0.7509502E+08    0.9627609E+08
  61     -0.574605E+09    0.3952926E+08    0.1120537E+09
  62     -0.109407E+10    0.1536871E+08    0.6439792E+08
  63     -0.173463E+10   -0.6259363E+07    0.1334662E+08
  64     -0.816161E+09   -0.9347296E+06    0.2915018E+07
  65     -0.636610E+09    0.1311328E+07   -0.3336438E+07
  66     -0.467834E+09    0.3532077E+07   -0.9789087E+07
  67     -0.304424E+09    0.1194481E+08   -0.1895961E+08
  68     -0.148870E+09    0.2020229E+08   -0.2779267E+08
  69     -0.179528E+06    0.3480960E+08   -0.3855628E+08
  70      0.138051E+09    0.4971012E+08   -0.4975500E+08
  71      0.265168E+09    0.7190630E+08   -0.6125816E+08
  72      0.381623E+09    0.9593767E+08   -0.7379738E+08
  73      0.482457E+09    0.1220640E+09   -0.8106971E+08
  74      0.573397E+09    0.1453000E+09   -0.8799094E+08
  75      0.608918E+09    0.1355954E+09   -0.6321326E+08
  76      0.609474E+09    0.1267669E+09   -0.3534000E+08
  77      0.563460E+09    0.1165245E+09    0.1048874E+07
  78      0.470273E+09    0.1059848E+09    0.3653126E+08
  79      0.317735E+09    0.8792919E+08    0.6956059E+08
  80      0.102912E+09    0.6973651E+08    0.1037708E+09
  81     -0.188309E+09    0.4872525E+08    0.1168795E+09
  82     -0.561893E+09    0.2681477E+08    0.1325418E+09
  83     -0.103401E+10    0.1159317E+08    0.7791082E+08
  84     -0.161285E+10   -0.2416852E+07    0.1847903E+08
  85     -0.813539E+09   -0.1904977E+07    0.4070869E+07
  86     -0.631276E+09    0.1731414E+07   -0.5350677E+07
  87     -0.459975E+09    0.5717936E+07   -0.1510196E+08
  88     -0.295906E+09    0.1725113E+08   -0.2786288E+08
  89     -0.139462E+09    0.2835260E+08   -0.3970565E+08
  90      0.113504E+08    0.4453108E+08   -0.5463077E+08
  91      0.153354E+09    0.6150230E+08   -0.7221574E+08
  92      0.276815E+09    0.8824985E+08   -0.8783835E+08
  93      0.395622E+09    0.1167785E+09   -0.1033203E+09
  94      0.487557E+09    0.1126786E+09   -0.9942176E+08
  95      0.560744E+09    0.1027220E+09   -0.8891226E+08
  96      0.580723E+09    0.8863008E+08   -0.5448245E+08
  97      0.575050E+09    0.7787154E+08   -0.2479647E+08
  98      0.528258E+09    0.6800947E+08    0.1191070E+08
  99      0.432923E+09    0.5822615E+08    0.5077775E+08
 100      0.285494E+09    0.4844343E+08    0.8668611E+08
 101      0.749094E+08    0.3912980E+08    0.1234810E+09
 102     -0.200449E+09    0.2696676E+08    0.1380645E+09
 103     -0.549001E+09    0.1257835E+08    0.1549999E+09
 104     -0.975856E+09    0.4301741E+07    0.9168997E+08
 105     -0.148812E+10   -0.2410379E+07    0.2328158E+08
 106     -0.801573E+09   -0.1635512E+07    0.3951529E+07
 107     -0.617321E+09    0.4338404E+07   -0.1110655E+08
 108     -0.446145E+09    0.1053401E+08   -0.2603613E+08
 109     -0.281055E+09    0.2513131E+08   -0.4139789E+08
 110     -0.125461E+09    0.4095265E+08   -0.5698860E+08
 111      0.237140E+08    0.5801150E+08   -0.6940562E+08
 112      0.168341E+09    0.7413341E+08   -0.8264299E+08
 113      0.284720E+09    0.7022057E+08   -0.9022557E+08
 114      0.392612E+09    0.6416159E+08   -0.9642157E+08
 115      0.475948E+09    0.5090777E+08   -0.8502711E+08
 116      0.532031E+09    0.3912305E+08   -0.7284694E+08
 117      0.553250E+09    0.3174886E+08   -0.4545123E+08
 118      0.542659E+09    0.2460345E+08   -0.1832792E+08
 119      0.491478E+09    0.1884081E+08    0.1818322E+08
 120      0.393532E+09    0.1340853E+08    0.5541816E+08
 121      0.250685E+09    0.9090963E+07    0.9098153E+08
 122      0.467275E+08    0.3722240E+07    0.1275168E+09
 123     -0.213248E+09    0.5531212E+06    0.1406812E+09
 124     -0.529327E+09   -0.1634507E+07    0.1563400E+09
 125     -0.908103E+09   -0.8753150E+06    0.9127966E+08
 126     -0.134312E+10   -0.4314625E+06    0.2142683E+08
 127     -0.787776E+09   -0.2750944E+07    0.2957407E+07
 128     -0.601730E+09    0.6847080E+07   -0.1915625E+08
 129     -0.431204E+09    0.1909262E+08   -0.4066207E+08
 130     -0.265237E+09    0.2794313E+08   -0.5593248E+08
 131     -0.110837E+09    0.3325317E+08   -0.7268041E+08
 132      0.340268E+08    0.2513123E+08   -0.8116005E+08
 133      0.177452E+09    0.1705895E+08   -0.8764167E+08
 134      0.290345E+09    0.7952316E+07   -0.8700266E+08
 135      0.386445E+09   -0.8075742E+05   -0.8675587E+08
 136      0.464321E+09   -0.8446531E+07   -0.7414963E+08
 137      0.510755E+09   -0.1787911E+08   -0.6223829E+08
 138      0.526320E+09   -0.2425773E+08   -0.3824664E+08
 139      0.509468E+09   -0.2944306E+08   -0.1298184E+08
 140      0.454672E+09   -0.2910923E+08    0.2332616E+08
 141      0.355303E+09   -0.2938196E+08    0.6007907E+08
 142      0.215090E+09   -0.2753674E+08    0.9587654E+08
 143      0.196615E+08   -0.2493588E+08    0.1324612E+09
 144     -0.225555E+09   -0.1708026E+08    0.1429911E+09
 145     -0.509734E+09   -0.8147364E+07    0.1562911E+09
 146     -0.839702E+09   -0.2129580E+07    0.9117264E+08
 147     -0.120123E+10    0.2420142E+07    0.2129692E+08
 148     -0.753958E+09    0.9137332E+06    0.1221789E+07
 149     -0.580310E+09    0.1058267E+06   -0.2069336E+08
 150     -0.418376E+09   -0.3598144E+06   -0.4128572E+08
 151     -0.256223E+09   -0.8578827E+07   -0.4938833E+08
 152     -0.101187E+09   -0.1820548E+08   -0.5906094E+08
 153      0.406506E+08   -0.3110865E+08   -0.6733905E+08
 154      0.176637E+09   -0.4245849E+08   -0.7467593E+08
 155      0.290045E+09   -0.5235372E+08   -0.7519152E+08
 156      0.381889E+09   -0.6313029E+08   -0.7670035E+08
 157      0.453055E+09   -0.7044722E+08   -0.6730216E+08
 158      0.494395E+09   -0.7759921E+08   -0.5643802E+08
 159      0.505114E+09   -0.8139183E+08   -0.3498285E+08
 160      0.481677E+09   -0.8483456E+08   -0.1369169E+08
 161      0.421593E+09   -0.8066713E+08    0.1892059E+08
 162      0.320016E+09   -0.7657041E+08    0.5276642E+08
 163      0.183613E+09   -0.6511976E+08    0.8468207E+08
 164     -0.390684E+07   -0.5302153E+08    0.1171816E+09
 165     -0.233967E+09   -0.3692584E+08    0.1268576E+09
 166     -0.490952E+09   -0.2011475E+08    0.1384678E+09
 167     -0.779233E+09   -0.8407791E+07    0.8091902E+08
 168     -0.107532E+10    0.2104791E+07    0.1928138E+08
 169     -0.717028E+09    0.2652955E+07   -0.3571763E+06
 170     -0.558221E+09   -0.4856438E+07   -0.2016467E+08
 171     -0.406938E+09   -0.1373321E+08   -0.3760858E+08
 172     -0.248705E+09   -0.3373957E+08   -0.4116830E+08
 173     -0.932362E+08   -0.5190726E+08   -0.4700314E+08
 174      0.475554E+08   -0.7145625E+08   -0.5487030E+08
 175      0.177517E+09   -0.9296778E+08   -0.6240172E+08
 176      0.289871E+09   -0.1084196E+09   -0.6451284E+08
 177      0.379037E+09   -0.1219817E+09   -0.6740779E+08
 178      0.442137E+09   -0.1292000E+09   -0.6044611E+08
 179      0.476715E+09   -0.1355561E+09   -0.5206122E+08
 180      0.483919E+09   -0.1346553E+09   -0.3220931E+08
 181      0.454486E+09   -0.1370303E+09   -0.1231480E+08
 182      0.388628E+09   -0.1346600E+09    0.1524391E+08
 183      0.284422E+09   -0.1287849E+09    0.4336908E+08
 184      0.152172E+09   -0.1069585E+09    0.7204356E+08
 185     -0.276989E+08   -0.8591612E+08    0.1015253E+09
 186     -0.243228E+09   -0.5810812E+08    0.1105373E+09
 187     -0.471406E+09   -0.2807041E+08    0.1210919E+09
 188     -0.718863E+09   -0.1003680E+08    0.7056946E+08
 189     -0.948517E+09    0.5355200E+07    0.1673072E+08
 190     -0.694275E+09    0.4184367E+07    0.2239757E+07
 191     -0.552133E+09   -0.1198662E+08   -0.4291469E+07
 192     -0.406223E+09   -0.2990932E+08   -0.9169163E+07
 193     -0.245186E+09   -0.6009570E+08   -0.1268086E+08
 194     -0.866189E+08   -0.8976745E+08   -0.1805880E+08
 195      0.581868E+08   -0.1159835E+09   -0.2996726E+08
 196      0.186059E+09   -0.1405441E+09   -0.4188591E+08
 197      0.296441E+09   -0.1543149E+09   -0.5009404E+08
 198      0.380414E+09   -0.1681383E+09   -0.5760115E+08
 199      0.437224E+09   -0.1748977E+09   -0.5349100E+08
 200      0.466500E+09   -0.1825066E+09   -0.4909977E+08
 201      0.466846E+09   -0.1834343E+09   -0.3275486E+08
 202      0.433942E+09   -0.1835526E+09   -0.1531908E+08
 203      0.368147E+09   -0.1730721E+09    0.5825863E+07
 204      0.264229E+09   -0.1633120E+09    0.2604646E+08
 205      0.130214E+09   -0.1397680E+09    0.4687055E+08
 206     -0.447235E+08   -0.1148865E+09    0.6926518E+08
 207     -0.248025E+09   -0.8007463E+08    0.7537923E+08
 208     -0.462759E+09   -0.4285041E+08    0.8297959E+08
 209     -0.680897E+09   -0.1754017E+08    0.4889963E+08
 210     -0.873491E+09    0.4713148E+07    0.1159742E+08
 211     -0.671747E+09    0.7234970E+07    0.4102665E+07
 212     -0.547100E+09   -0.1433619E+08    0.1172735E+08
 213     -0.404308E+09   -0.3946644E+08    0.1983097E+08
 214     -0.242023E+09   -0.8167483E+08    0.1673819E+08
 215     -0.798905E+08   -0.1207291E+09    0.1253486E+08
 216      0.687997E+08   -0.1485982E+09   -0.4563726E+07
 217      0.195486E+09   -0.1754374E+09   -0.2214645E+08
 218      0.303398E+09   -0.1899203E+09   -0.3516023E+08
 219      0.381371E+09   -0.2053248E+09   -0.4627527E+08
 220      0.433039E+09   -0.2129233E+09   -0.4606605E+08
 221      0.457519E+09   -0.2190073E+09   -0.4596068E+08
 222      0.450407E+09   -0.2163203E+09   -0.3382256E+08
 223      0.412824E+09   -0.2160898E+09   -0.2030082E+08
 224      0.348243E+09   -0.2087542E+09   -0.4896446E+07
 225      0.243704E+09   -0.2006504E+09    0.9375764E+07
 226      0.108026E+09   -0.1745697E+09    0.2185857E+08
 227     -0.631867E+08   -0.1458114E+09    0.3508115E+08
 228     -0.252319E+09   -0.9628324E+08    0.3876979E+08
 229     -0.455910E+09   -0.4369068E+08    0.4405036E+08
 230     -0.642996E+09   -0.1397809E+08    0.2783673E+08
 231     -0.798616E+09    0.1078401E+08    0.9100340E+07
 232     -0.703191E+09    0.5655465E+07    0.1057266E+08
 233     -0.576594E+09   -0.2123711E+08    0.3830505E+08
 234     -0.414419E+09   -0.5167223E+08    0.6587127E+08
 235     -0.236860E+09   -0.9621489E+08    0.5884382E+08
 236     -0.616824E+08   -0.1380572E+09    0.4995197E+08
 237      0.928196E+08   -0.1661487E+09    0.2278250E+08
 238      0.219457E+09   -0.1931003E+09   -0.3552570E+07
 239      0.320121E+09   -0.2050154E+09   -0.2280916E+08
 240      0.390795E+09   -0.2158305E+09   -0.4047959E+08
 241      0.434561E+09   -0.2177105E+09   -0.4212106E+08
 242      0.451592E+09   -0.2215738E+09   -0.4229456E+08
 243      0.440143E+09   -0.2263727E+09   -0.3113520E+08
 244      0.403119E+09   -0.2306498E+09   -0.2052336E+08
 245      0.339340E+09   -0.2243787E+09   -0.1142921E+08
 246      0.240806E+09   -0.2197102E+09   -0.2827562E+07
 247      0.110080E+09   -0.1941911E+09   -0.5451825E+07
 248     -0.594183E+08   -0.1650084E+09   -0.9267854E+07
 249     -0.251852E+09   -0.1153286E+09   -0.1098316E+08
 250     -0.457775E+09   -0.6315171E+08   -0.1143739E+08
 251     -0.650803E+09   -0.2607738E+08   -0.4163183E+07
 252     -0.791623E+09    0.6723293E+07    0.2869266E+07
 253     -0.735881E+09    0.1028273E+08    0.1673435E+08
 254     -0.606289E+09   -0.2231767E+08    0.6514986E+08
 255     -0.427436E+09   -0.5965294E+08    0.1129000E+09
 256     -0.232117E+09   -0.1084897E+09    0.1023337E+09
 257     -0.448125E+08   -0.1525545E+09    0.8995054E+08
 258      0.117569E+09   -0.1713047E+09    0.5207486E+08
 259      0.242955E+09   -0.1873457E+09    0.1570352E+08
 260      0.338273E+09   -0.1857616E+09   -0.9832738E+07
 261      0.402543E+09   -0.1863944E+09   -0.3448121E+08
 262      0.437137E+09   -0.1880090E+09   -0.3786582E+08
 263      0.445253E+09   -0.1895175E+09   -0.3810148E+08
 264      0.431649E+09   -0.1944940E+09   -0.2823880E+08
 265      0.395290E+09   -0.2024851E+09   -0.2008053E+08
 266      0.330936E+09   -0.2102440E+09   -0.1851521E+08
 267      0.239336E+09   -0.2163081E+09   -0.1809894E+08
 268      0.113077E+09   -0.1982727E+09   -0.3535027E+08
 269     -0.581934E+08   -0.1808342E+09   -0.5296003E+08
 270     -0.253881E+09   -0.1327203E+09   -0.6044849E+08
 271     -0.461347E+09   -0.7531955E+08   -0.6809631E+08
 272     -0.658853E+09   -0.2698194E+08   -0.3700259E+08
 273     -0.783984E+09    0.1349830E+08   -0.4935206E+07
 274     -0.855648E+09    0.4775492E+07    0.2864445E+08
 275     -0.678515E+09   -0.2901383E+08    0.9883210E+08
 276     -0.446449E+09   -0.6918968E+08    0.1651598E+09
 277     -0.209075E+09   -0.1076907E+09    0.1367079E+09
 278     -0.314108E+07   -0.1396638E+09    0.1076886E+09
 279      0.165366E+09   -0.1401361E+09    0.5456033E+08
 280      0.282346E+09   -0.1392320E+09    0.4663384E+07
 281      0.363417E+09   -0.1237419E+09   -0.2229484E+08
 282      0.412785E+09   -0.1079886E+09   -0.4631298E+08
 283      0.432694E+09   -0.1020395E+09   -0.4057359E+08
 284      0.432028E+09   -0.9774729E+08   -0.3360348E+08
 285      0.415664E+09   -0.1111734E+09   -0.1513507E+08
 286      0.389061E+09   -0.1263920E+09    0.2560670E+07
 287      0.333088E+09   -0.1482940E+09    0.1605583E+07
 288      0.256769E+09   -0.1711048E+09    0.1327407E+05
 289      0.147591E+09   -0.1783181E+09   -0.3291933E+08
 290     -0.202679E+08   -0.1832444E+09   -0.7091905E+08
 291     -0.223935E+09   -0.1393335E+09   -0.1051872E+09
 292     -0.469030E+09   -0.8620323E+08   -0.1394526E+09
 293     -0.720439E+09   -0.3477168E+08   -0.8121546E+08
 294     -0.899956E+09    0.7811472E+07   -0.1840710E+08
 295     -0.976034E+09    0.1498571E+08    0.4246681E+08
 296     -0.753514E+09   -0.3003914E+08    0.1343398E+09
 297     -0.474379E+09   -0.7591072E+08    0.2223219E+09
 298     -0.185736E+09   -0.9022208E+08    0.1757701E+09
 299      0.376387E+08   -0.9678047E+08    0.1276981E+09
 300      0.216449E+09   -0.5432378E+08    0.5858735E+08
 301      0.325352E+09   -0.1428266E+08   -0.6007920E+07
 302      0.391356E+09    0.2433290E+08   -0.3437426E+08
 303      0.423335E+09    0.5942608E+08   -0.5861137E+08
 304      0.429242E+09    0.6787747E+08   -0.4307999E+08
 305      0.420879E+09    0.7446307E+08   -0.2729627E+08
 306      0.400460E+09    0.4990605E+08   -0.1290007E+07
 307      0.383537E+09    0.2612908E+08    0.2522562E+08
 308      0.334507E+09   -0.2261001E+08    0.2653879E+08
 309      0.271877E+09   -0.7703041E+08    0.2759528E+08
 310      0.186385E+09   -0.1205856E+09   -0.2735791E+08
 311      0.231006E+08   -0.1628366E+09   -0.9269813E+08
 312     -0.190709E+09   -0.1397612E+09   -0.1573353E+09
 313     -0.484192E+09   -0.1066499E+09   -0.2208514E+09
 314     -0.788224E+09   -0.4062245E+08   -0.1314136E+09
 315     -0.101832E+10    0.2008282E+08   -0.3469748E+08
 316     -0.121879E+10   -0.1058624E+08    0.6928387E+08
 317     -0.853254E+09   -0.3169304E+08    0.1622020E+09
 318     -0.449153E+09   -0.6429295E+08    0.2369219E+09
 319     -0.111358E+09   -0.2952542E+08    0.1385571E+09
 320      0.127730E+09    0.2047396E+08    0.5071310E+08
 321      0.278308E+09    0.1109004E+09   -0.2173301E+08
 322      0.363599E+09    0.2003166E+09   -0.8423556E+08
 323      0.398158E+09    0.2625675E+09   -0.8934714E+08
 324      0.406958E+09    0.3223851E+09   -0.9258119E+08
 325      0.391928E+09    0.3343808E+09   -0.5272782E+08
 326      0.378355E+09    0.3466186E+09   -0.1266887E+08
 327      0.352967E+09    0.3078025E+09    0.3796403E+08
 328      0.347777E+09    0.2630091E+09    0.9181005E+08
 329      0.335829E+09    0.1858439E+09    0.9638123E+08
 330      0.305147E+09    0.1155688E+09    0.9508303E+08
 331      0.250232E+09    0.6120547E+08    0.3303930E+08
 332      0.121934E+09    0.2871670E+07   -0.3601119E+08
 333     -0.101198E+09   -0.3314758E+08   -0.1306101E+09
 334     -0.440727E+09   -0.5748240E+08   -0.2403402E+09
 335     -0.887658E+09   -0.2868938E+08   -0.1628762E+09
 336     -0.131528E+10   -0.9009780E+07   -0.6256642E+08
 337     -0.149437E+10    0.4642969E+08    0.1205714E+09
 338     -0.956692E+09   -0.2039868E+08    0.1996318E+09
 339     -0.461666E+09   -0.4770988E+08    0.2688149E+09
 340     -0.146901E+08    0.1124329E+09    0.1126518E+09
 341      0.225382E+09    0.2553658E+09   -0.3641011E+08
 342      0.347840E+09    0.4214168E+09   -0.1068040E+09
 343      0.403500E+09    0.5669375E+09   -0.1671765E+09
 344      0.404264E+09    0.6437494E+09   -0.1475021E+09
 345      0.389360E+09    0.7176098E+09   -0.1282964E+09
 346      0.352627E+09    0.7307286E+09   -0.6335864E+08
 347      0.331879E+09    0.7441559E+09    0.5410935E+07
 348      0.295956E+09    0.6921119E+09    0.8671936E+08
 349      0.313155E+09    0.6439860E+09    0.1617830E+09
 350      0.345156E+09    0.6055016E+09    0.1593308E+09
 351      0.351453E+09    0.5675431E+09    0.1560541E+09
 352      0.320716E+09    0.4476906E+09    0.9555225E+08
 353      0.224541E+09    0.3079916E+09    0.3237486E+08
 354      0.657495E+07    0.1669491E+09   -0.1079185E+09
 355     -0.426423E+09    0.7294595E+07   -0.2653515E+09
 356     -0.992228E+09    0.4876077E+07   -0.1967241E+09
 357     -0.165524E+10    0.3886773E+08   -0.1068477E+09
 358     -0.187420E+10   -0.1002278E+09    0.1560342E+09
 359     -0.961920E+09    0.2051282E+08    0.1393248E+09
 360     -0.232027E+09    0.1257160E+09    0.5548328E+08
 361      0.121581E+09    0.4161302E+09   -0.1611558E+09
 362      0.290703E+09    0.7258078E+09   -0.2938264E+09
 363      0.353864E+09    0.9231692E+09   -0.2881156E+09
 364      0.369131E+09    0.1111191E+10   -0.2849848E+09
 365      0.346095E+09    0.1185232E+10   -0.2199670E+09
 366      0.313499E+09    0.1261429E+10   -0.1589259E+09
 367      0.263180E+09    0.1264837E+10   -0.6687425E+08
 368      0.220459E+09    0.1264037E+10    0.3378642E+08
 369      0.223042E+09    0.1243446E+10    0.1113871E+09
 370      0.273298E+09    0.1241928E+10    0.1750472E+09
 371      0.307346E+09    0.1192522E+10    0.2145242E+09
 372      0.332953E+09    0.1135293E+10    0.2624732E+09
 373      0.323234E+09    0.9598838E+09    0.2709298E+09
 374      0.282265E+09    0.7768623E+09    0.2837011E+09
 375      0.134630E+09    0.4780211E+09    0.1682960E+09
 376     -0.206585E+09    0.1907140E+09   -0.2145804E+08
 377     -0.971669E+09    0.5406043E+08   -0.1031240E+09
 378     -0.205642E+10   -0.8979584E+08   -0.1202284E+09
 379     -0.290498E+10    0.2638801E+09    0.6264299E+09
 380     -0.819550E+09    0.2252207E+09    0.1725250E+09
 381      0.716929E+08    0.4292191E+09   -0.3306965E+09
 382      0.258810E+09    0.1114394E+10   -0.4935447E+09
 383      0.360422E+09    0.1552567E+10   -0.5675613E+09
 384      0.350014E+09    0.1728533E+10   -0.4822952E+09
 385      0.330198E+09    0.1905248E+10   -0.4034724E+09
 386      0.283060E+09    0.1933387E+10   -0.2949443E+09
 387      0.234452E+09    0.1967487E+10   -0.1924491E+09
 388      0.159220E+09    0.1945682E+10   -0.6870673E+08
 389      0.104818E+09    0.1935939E+10    0.5772785E+08
 390      0.162652E+09    0.1952755E+10    0.1231943E+09
 391      0.227470E+09    0.1970698E+10    0.1872920E+09
 392      0.258716E+09    0.1910905E+10    0.2814376E+09
 393      0.300130E+09    0.1856273E+10    0.3800098E+09
 394      0.313359E+09    0.1671589E+10    0.4637886E+09
 395      0.341041E+09    0.1492233E+10    0.5549375E+09
 396      0.262024E+09    0.1081776E+10    0.5051033E+09
 397      0.809142E+08    0.4588023E+09    0.3742039E+09
 398     -0.813804E+09    0.2473778E+09   -0.8282351E+08
 399     -0.304093E+10    0.2383649E+09   -0.4744799E+09
 400     -0.244410E+10   -0.4588222E+09   -0.1279177E+09
 401     -0.262029E+09    0.7961502E+09   -0.6914378E+09
 402      0.126426E+08    0.2009321E+10   -0.1083416E+10
 403      0.162064E+09    0.2383727E+10   -0.8778699E+09
 404      0.187897E+09    0.2770137E+10   -0.7484132E+09
 405      0.183217E+09    0.2838782E+10   -0.5675437E+09
 406      0.170525E+09    0.2920461E+10   -0.3948655E+09
 407      0.143592E+09    0.2870918E+10   -0.2526239E+09
 408      0.117461E+09    0.2820111E+10   -0.1114962E+09
 409      0.633251E+08    0.2771706E+10   -0.2547912E+08
 410      0.451051E+08    0.2747707E+10    0.4868940E+08
 411      0.866787E+08    0.2757542E+10    0.1199159E+09
 412      0.115425E+09    0.2761957E+10    0.2034950E+09
 413      0.132686E+09    0.2722647E+10    0.3298652E+09
 414      0.154499E+09    0.2687669E+10    0.4559150E+09
 415      0.166264E+09    0.2562519E+10    0.6055724E+09
 416      0.182323E+09    0.2450738E+10    0.7633142E+09
 417      0.171468E+09    0.2096608E+10    0.8864519E+09
 418      0.362345E+08    0.1742741E+10    0.1091924E+10
 419     -0.242367E+09    0.6852583E+09    0.7014168E+09
 420     -0.247029E+10   -0.3932913E+09    0.1942737E+09
 421     -0.132783E+10    0.4396833E+10   -0.1035979E+10
 422      0.131497E+09    0.4491169E+10   -0.1519403E+10
 423     -0.662524E+08    0.4536544E+10   -0.1666122E+10
 424      0.405000E+08    0.4425347E+10   -0.1186539E+10
 425      0.642811E+07    0.4395982E+10   -0.8859926E+09
 426      0.154789E+08    0.4268913E+10   -0.6199272E+09
 427      0.114098E+08    0.4156068E+10   -0.3674069E+09
 428      0.692786E+07    0.3988167E+10   -0.1940040E+09
 429      0.374724E+07    0.3801726E+10   -0.1714884E+08
 430     -0.175848E+08    0.3670016E+10    0.2259357E+08
 431     -0.816876E+07    0.3595685E+10    0.4324465E+08
 432      0.587592E+07    0.3616481E+10    0.1236541E+09
 433      0.705795E+07    0.3612012E+10    0.2200336E+09
 434      0.105776E+08    0.3610097E+10    0.3726212E+09
 435      0.128984E+08    0.3610856E+10    0.5236291E+09
 436      0.217266E+08    0.3614937E+10    0.7291341E+09
 437      0.184255E+08    0.3630324E+10    0.9462647E+09
 438      0.628042E+08    0.3641511E+10    0.1218684E+10
 439     -0.322394E+08    0.3727237E+10    0.1679192E+10
 440      0.191954E+09    0.3704637E+10    0.1538551E+10
 441     -0.128808E+10    0.3618957E+10    0.1145370E+10
