   1      0.226049E+09   -0.5427845E+07   -0.1777463E+07
   2      0.157221E+09    0.2037261E+08   -0.4310845E+07
   3      0.511658E+08    0.4958705E+08   -0.7140349E+07
   4     -0.468761E+08    0.8792589E+08   -0.6194177E+07
   5     -0.130113E+09    0.1232863E+09   -0.5698271E+07
   6     -0.177308E+09    0.1479632E+09   -0.4519115E+07
   7     -0.187760E+09    0.1714543E+09   -0.2641389E+07
   8     -0.166654E+09    0.1845542E+09   -0.2668144E+07
   9     -0.117375E+09    0.1990296E+09   -0.2617678E+07
  10     -0.491000E+08    0.2058309E+09   -0.1380155E+07
  11      0.298478E+08    0.2117061E+09   -0.1118445E+06
  12      0.103874E+09    0.2082251E+09    0.1038550E+07
  13      0.172992E+09    0.2061807E+09    0.1137151E+07
  14      0.224756E+09    0.1970794E+09    0.2329103E+07
  15      0.255617E+09    0.1861132E+09    0.4917631E+07
  16      0.242060E+09    0.1604869E+09    0.4967330E+07
  17      0.192680E+09    0.1361205E+09    0.4846833E+07
  18      0.905612E+08    0.9952710E+08    0.6057908E+07
  19     -0.802545E+08    0.5758252E+08    0.7757624E+07
  20     -0.341622E+09    0.2221067E+08    0.4610796E+07
  21     -0.737640E+09   -0.8360441E+07    0.7579589E+06
  22      0.256457E+09   -0.2614629E+07   -0.5634180E+07
  23      0.166384E+09    0.8950698E+07   -0.1633188E+08
  24      0.549574E+08    0.2232803E+08   -0.2613739E+08
  25     -0.510417E+08    0.3964998E+08   -0.2201872E+08
  26     -0.131776E+09    0.5505449E+08   -0.1893636E+08
  27     -0.180724E+09    0.6637164E+08   -0.1575599E+08
  28     -0.191219E+09    0.7826581E+08   -0.1229934E+08
  29     -0.169986E+09    0.8508067E+08   -0.8935520E+07
  30     -0.119556E+09    0.9112335E+08   -0.5911658E+07
  31     -0.519526E+08    0.9266990E+08   -0.3400442E+07
  32      0.279893E+08    0.9467019E+08   -0.7865094E+06
  33      0.101549E+09    0.9437996E+08    0.1238490E+07
  34      0.172463E+09    0.9388756E+08    0.2613438E+07
  35      0.221230E+09    0.9061010E+08    0.5454143E+07
  36      0.249112E+09    0.8809311E+08    0.9747675E+07
  37      0.237956E+09    0.7881263E+08    0.1487184E+08
  38      0.187659E+09    0.6874869E+08    0.1947728E+08
  39      0.854088E+08    0.5053284E+08    0.2440620E+08
  40     -0.800282E+08    0.3048927E+08    0.3114920E+08
  41     -0.330703E+09    0.1317888E+08    0.2041076E+08
  42     -0.698492E+09   -0.2222946E+07    0.7655847E+07
  43      0.292928E+09    0.8018990E+06   -0.9841618E+07
  44      0.177417E+09    0.1837552E+07   -0.2774426E+08
  45      0.595873E+08    0.2223497E+07   -0.4364702E+08
  46     -0.552238E+08    0.2965721E+06   -0.3732636E+08
  47     -0.134117E+09   -0.1002020E+07   -0.3186303E+08
  48     -0.183806E+09   -0.4676232E+07   -0.2683349E+08
  49     -0.195588E+09   -0.7960583E+07   -0.2295181E+08
  50     -0.175047E+09   -0.1011684E+08   -0.1572973E+08
  51     -0.122702E+09   -0.1291645E+08   -0.9125720E+07
  52     -0.559634E+08   -0.1474456E+08   -0.5253229E+07
  53      0.250436E+08   -0.1713156E+08   -0.8083040E+06
  54      0.986426E+08   -0.1421738E+08    0.1111355E+07
  55      0.169995E+09   -0.9740456E+07    0.3593965E+07
  56      0.217450E+09   -0.4860876E+07    0.8968563E+07
  57      0.241776E+09    0.4658261E+06    0.1383698E+08
  58      0.232630E+09    0.6913413E+07    0.2421387E+08
  59      0.182784E+09    0.1120283E+08    0.3469202E+08
  60      0.799167E+08    0.8505341E+07    0.4244743E+08
  61     -0.794989E+08    0.6014328E+07    0.5389080E+08
  62     -0.317469E+09    0.1724102E+07    0.3565992E+08
  63     -0.652280E+09   -0.1809101E+07    0.1353551E+08
  64      0.334435E+09    0.1184910E+07   -0.7483709E+07
  65      0.190385E+09   -0.6636136E+07   -0.1949673E+08
  66      0.590963E+08   -0.1470770E+08   -0.2954643E+08
  67     -0.605681E+08   -0.2935071E+08   -0.2196881E+08
  68     -0.144434E+09   -0.4370291E+08   -0.1509676E+08
  69     -0.188386E+09   -0.6255892E+08   -0.8452490E+07
  70     -0.199527E+09   -0.8321164E+08   -0.3396054E+07
  71     -0.178264E+09   -0.9924974E+08   -0.2114369E+07
  72     -0.123157E+09   -0.1133429E+09   -0.1042544E+07
  73     -0.564402E+08   -0.1157366E+09   -0.2031293E+07
  74      0.238442E+08   -0.1181272E+09   -0.2355339E+07
  75      0.102018E+09   -0.1117763E+09   -0.5209568E+07
  76      0.166745E+09   -0.1050473E+09   -0.8246028E+07
  77      0.213748E+09   -0.9021573E+08   -0.4790597E+07
  78      0.236391E+09   -0.7648984E+08   -0.1976362E+07
  79      0.221541E+09   -0.6078243E+08    0.7091008E+07
  80      0.170251E+09   -0.4371547E+08    0.1800264E+08
  81      0.703479E+08   -0.2897372E+08    0.2831604E+08
  82     -0.825326E+08   -0.1430433E+08    0.4058862E+08
  83     -0.301567E+09   -0.5587422E+07    0.2772063E+08
  84     -0.589847E+09    0.2348526E+07    0.1164677E+08
  85      0.371144E+09    0.5391535E+07   -0.5690103E+07
  86      0.203709E+09   -0.8191487E+07   -0.1167168E+08
  87      0.584159E+08   -0.2424536E+08   -0.1538789E+08
  88     -0.651964E+08   -0.5833292E+08   -0.5916123E+07
  89     -0.154036E+09   -0.9058248E+08    0.1583563E+07
  90     -0.194368E+09   -0.1185691E+09    0.9140603E+07
  91     -0.204136E+09   -0.1468102E+09    0.1714035E+08
  92     -0.179411E+09   -0.1717683E+09    0.1276201E+08
  93     -0.123427E+09   -0.1960222E+09    0.7185736E+07
  94     -0.570650E+08   -0.2036878E+09    0.1074740E+07
  95      0.233138E+08   -0.2104079E+09   -0.5253833E+07
  96      0.104401E+09   -0.2016081E+09   -0.1118473E+08
  97      0.166002E+09   -0.1953728E+09   -0.1817736E+08
  98      0.209285E+09   -0.1738019E+09   -0.1978331E+08
  99      0.230544E+09   -0.1485697E+09   -0.1916533E+08
 100      0.211377E+09   -0.1160767E+09   -0.1012466E+08
 101      0.156413E+09   -0.8487942E+08    0.1914330E+06
 102      0.615693E+08   -0.5482582E+08    0.1383648E+08
 103     -0.839304E+08   -0.2430089E+08    0.2774237E+08
 104     -0.286684E+09   -0.9737464E+07    0.2019341E+08
 105     -0.530380E+09    0.3742491E+07    0.1052102E+08
 106      0.372755E+09    0.5351781E+07   -0.4273012E+07
 107      0.193742E+09   -0.1375790E+08    0.7559132E+07
 108      0.422193E+08   -0.3445893E+08    0.2127634E+08
 109     -0.766956E+08   -0.7662775E+08    0.3571835E+08
 110     -0.161389E+09   -0.1191974E+09    0.4819213E+08
 111     -0.197926E+09   -0.1639331E+09    0.5078705E+08
 112     -0.202659E+09   -0.2068252E+09    0.5355429E+08
 113     -0.166881E+09   -0.2353320E+09    0.4231534E+08
 114     -0.109431E+09   -0.2651288E+09    0.3039185E+08
 115     -0.398822E+08   -0.2772825E+09    0.1184776E+08
 116      0.407408E+08   -0.2879725E+09   -0.6851456E+07
 117      0.117841E+09   -0.2759132E+09   -0.2261839E+08
 118      0.180578E+09   -0.2630843E+09   -0.3866330E+08
 119      0.217433E+09   -0.2346281E+09   -0.4822706E+08
 120      0.228047E+09   -0.2070116E+09   -0.5620142E+08
 121      0.207306E+09   -0.1666043E+09   -0.5104508E+08
 122      0.142775E+09   -0.1245649E+09   -0.4603000E+08
 123      0.443344E+08   -0.8130356E+08   -0.2831605E+08
 124     -0.986485E+08   -0.3807413E+08   -0.8874759E+07
 125     -0.292576E+09   -0.1568054E+08   -0.3695943E+06
 126     -0.514024E+09    0.5096748E+07    0.5925011E+07
 127      0.374832E+09    0.7360462E+07   -0.1863109E+07
 128      0.182446E+09   -0.1643120E+08    0.2705657E+08
 129      0.266635E+08   -0.4323034E+08    0.5698558E+08
 130     -0.885138E+08   -0.9394696E+08    0.7606992E+08
 131     -0.168737E+09   -0.1424959E+09    0.9431934E+08
 132     -0.201076E+09   -0.1954435E+09    0.9437621E+08
 133     -0.198587E+09   -0.2496528E+09    0.9216983E+08
 134     -0.156121E+09   -0.2877771E+09    0.7193978E+08
 135     -0.949804E+08   -0.3233986E+09    0.5309134E+08
 136     -0.211774E+08   -0.3350810E+09    0.2278979E+08
 137      0.574841E+08   -0.3478989E+09   -0.7187475E+07
 138      0.132968E+09   -0.3361393E+09   -0.3435316E+08
 139      0.193939E+09   -0.3226970E+09   -0.6193157E+08
 140      0.225411E+09   -0.2880164E+09   -0.7656035E+08
 141      0.226861E+09   -0.2546324E+09   -0.9116803E+08
 142      0.203725E+09   -0.2054840E+09   -0.9250969E+08
 143      0.129932E+09   -0.1548307E+09   -0.9293280E+08
 144      0.264173E+08   -0.1013010E+09   -0.7101323E+08
 145     -0.115689E+09   -0.4484602E+08   -0.4694346E+08
 146     -0.297984E+09   -0.1595783E+08   -0.2091130E+08
 147     -0.500474E+09    0.8839297E+07    0.2778278E+07
 148      0.318238E+09    0.7211966E+07    0.1717019E+07
 149      0.131628E+09   -0.1888496E+08    0.5346322E+08
 150     -0.128845E+08   -0.4723789E+08    0.1061152E+09
 151     -0.113191E+09   -0.1064996E+09    0.1325002E+09
 152     -0.178074E+09   -0.1663146E+09    0.1578015E+09
 153     -0.195469E+09   -0.2254086E+09    0.1515226E+09
 154     -0.173820E+09   -0.2827136E+09    0.1435772E+09
 155     -0.124994E+09   -0.3202573E+09    0.1097153E+09
 156     -0.579544E+08   -0.3567784E+09    0.7699260E+08
 157      0.205455E+08   -0.3685388E+09    0.3517492E+08
 158      0.998879E+08   -0.3803501E+09   -0.7450793E+07
 159      0.172253E+09   -0.3665161E+09   -0.4786875E+08
 160      0.226795E+09   -0.3533527E+09   -0.8738594E+08
 161      0.249733E+09   -0.3171532E+09   -0.1134333E+09
 162      0.245909E+09   -0.2786946E+09   -0.1401957E+09
 163      0.208748E+09   -0.2238526E+09   -0.1463034E+09
 164      0.121791E+09   -0.1696721E+09   -0.1517036E+09
 165      0.155118E+07   -0.1136040E+09   -0.1276619E+09
 166     -0.155378E+09   -0.5528431E+08   -0.1018811E+09
 167     -0.346850E+09   -0.2206126E+08   -0.5076294E+08
 168     -0.551779E+09    0.7964593E+07   -0.7592071E+06
 169      0.260752E+09    0.9583306E+07    0.4152553E+07
 170      0.804684E+08   -0.1857339E+08    0.7955667E+08
 171     -0.537787E+08   -0.5049321E+08    0.1559152E+09
 172     -0.138460E+09   -0.1152860E+09    0.1904305E+09
 173     -0.187584E+09   -0.1787014E+09    0.2229171E+09
 174     -0.189169E+09   -0.2359682E+09    0.2082495E+09
 175     -0.150866E+09   -0.2908501E+09    0.1934287E+09
 176     -0.916921E+08   -0.3286587E+09    0.1481229E+09
 177     -0.206378E+08   -0.3675727E+09    0.1030768E+09
 178      0.623274E+08   -0.3796524E+09    0.4777325E+08
 179      0.144195E+09   -0.3906580E+09   -0.8313404E+07
 180      0.212273E+09   -0.3780004E+09   -0.6151873E+08
 181      0.259589E+09   -0.3650609E+09   -0.1127219E+09
 182      0.276177E+09   -0.3290911E+09   -0.1509518E+09
 183      0.264647E+09   -0.2934531E+09   -0.1903638E+09
 184      0.212454E+09   -0.2412306E+09   -0.1999803E+09
 185      0.114598E+09   -0.1876679E+09   -0.2106240E+09
 186     -0.239133E+08   -0.1249939E+09   -0.1847602E+09
 187     -0.194127E+09   -0.5847566E+08   -0.1571033E+09
 188     -0.397813E+09   -0.2133905E+08   -0.8088209E+08
 189     -0.601684E+09    0.1067626E+08   -0.4543150E+07
 190      0.137888E+09    0.7882181E+07    0.7743336E+07
 191     -0.207517E+08   -0.2182488E+08    0.1089848E+09
 192     -0.124187E+09   -0.5472360E+08    0.2107370E+09
 193     -0.177161E+09   -0.1159235E+09    0.2496685E+09
 194     -0.190736E+09   -0.1763503E+09    0.2860798E+09
 195     -0.165011E+09   -0.2314774E+09    0.2609702E+09
 196     -0.109240E+09   -0.2846331E+09    0.2358390E+09
 197     -0.364079E+08   -0.3149763E+09    0.1797366E+09
 198      0.426266E+08   -0.3448886E+09    0.1240150E+09
 199      0.129511E+09   -0.3524984E+09    0.5611287E+08
 200      0.209756E+09   -0.3595810E+09   -0.1113563E+08
 201      0.273476E+09   -0.3481065E+09   -0.7216217E+08
 202      0.313434E+09   -0.3377106E+09   -0.1329306E+09
 203      0.325862E+09   -0.3082815E+09   -0.1812487E+09
 204      0.297905E+09   -0.2784052E+09   -0.2295959E+09
 205      0.230356E+09   -0.2301729E+09   -0.2485443E+09
 206      0.113878E+09   -0.1806277E+09   -0.2683372E+09
 207     -0.505098E+08   -0.1232149E+09   -0.2427029E+09
 208     -0.256236E+09   -0.6298869E+08   -0.2164303E+09
 209     -0.500528E+09   -0.2553209E+08   -0.1145741E+09
 210     -0.740642E+09    0.7953840E+07   -0.1166112E+08
 211      0.141344E+08    0.8935459E+07    0.1250278E+08
 212     -0.122443E+09   -0.2227696E+08    0.1390021E+09
 213     -0.195106E+09   -0.5785827E+08    0.2655449E+09
 214     -0.217056E+09   -0.1160104E+09    0.3089370E+09
 215     -0.194567E+09   -0.1712611E+09    0.3497479E+09
 216     -0.140484E+09   -0.2119178E+09    0.3146968E+09
 217     -0.663337E+08   -0.2507381E+09    0.2797425E+09
 218      0.186162E+08   -0.2701815E+09    0.2118683E+09
 219      0.108382E+09   -0.2892187E+09    0.1439172E+09
 220      0.198426E+09   -0.2898039E+09    0.6441535E+08
 221      0.276537E+09   -0.2916213E+09   -0.1344591E+08
 222      0.335148E+09   -0.2839932E+09   -0.8293621E+08
 223      0.370469E+09   -0.2760193E+09   -0.1530030E+09
 224      0.375486E+09   -0.2586216E+09   -0.2111496E+09
 225      0.331832E+09   -0.2425959E+09   -0.2691274E+09
 226      0.249438E+09   -0.2066820E+09   -0.2985323E+09
 227      0.110771E+09   -0.1671110E+09   -0.3283250E+09
 228     -0.772059E+08   -0.1129001E+09   -0.3010354E+09
 229     -0.320355E+09   -0.5675240E+08   -0.2746806E+09
 230     -0.603637E+09   -0.2145241E+08   -0.1481938E+09
 231     -0.882929E+09    0.9802523E+07   -0.1894070E+08
 232     -0.185020E+09    0.7011279E+07    0.1820562E+08
 233     -0.272289E+09   -0.2136943E+08    0.1674086E+09
 234     -0.287929E+09   -0.5460544E+08    0.3160029E+09
 235     -0.254334E+09   -0.1016060E+09    0.3519915E+09
 236     -0.184372E+09   -0.1443514E+09    0.3846346E+09
 237     -0.959580E+08   -0.1668597E+09    0.3375343E+09
 238     -0.176506E+07   -0.1887246E+09    0.2914112E+09
 239      0.940863E+08   -0.1884384E+09    0.2139982E+09
 240      0.188820E+09   -0.1863933E+09    0.1379716E+09
 241      0.276422E+09   -0.1800173E+09    0.6047209E+08
 242      0.352052E+09   -0.1755882E+09   -0.1606996E+08
 243      0.405021E+09   -0.1734155E+09   -0.8516749E+08
 244      0.437240E+09   -0.1720907E+09   -0.1537730E+09
 245      0.437044E+09   -0.1700634E+09   -0.2140107E+09
 246      0.386192E+09   -0.1683201E+09   -0.2758905E+09
 247      0.289907E+09   -0.1520060E+09   -0.3168877E+09
 248      0.125935E+09   -0.1341021E+09   -0.3597125E+09
 249     -0.999278E+08   -0.9598522E+08   -0.3398999E+09
 250     -0.395850E+09   -0.5388631E+08   -0.3213398E+09
 251     -0.751537E+09   -0.2179136E+08   -0.1765615E+09
 252     -0.112273E+10    0.6005213E+07   -0.2664109E+08
 253     -0.381804E+09    0.7831857E+07    0.2380983E+08
 254     -0.424028E+09   -0.2159489E+08    0.1963674E+09
 255     -0.383601E+09   -0.5578641E+08    0.3680391E+09
 256     -0.291806E+09   -0.8647928E+08    0.3965546E+09
 257     -0.174903E+09   -0.1112615E+09    0.4209630E+09
 258     -0.516900E+08   -0.1001101E+09    0.3613635E+09
 259      0.642761E+08   -0.8662773E+08    0.3027758E+09
 260      0.172106E+09   -0.5972265E+08    0.2164289E+09
 261      0.268431E+09   -0.3572405E+08    0.1335099E+09
 262      0.355545E+09   -0.1791379E+08    0.5676700E+08
 263      0.428493E+09    0.1520727E+06   -0.1975821E+08
 264      0.476620E+09   -0.9778665E+06   -0.8717508E+08
 265      0.504085E+09   -0.4065481E+07   -0.1541903E+09
 266      0.500693E+09   -0.2146185E+08   -0.2176105E+09
 267      0.442059E+09   -0.4062469E+08   -0.2827312E+09
 268      0.331584E+09   -0.5939111E+08   -0.3348053E+09
 269      0.142139E+09   -0.7757060E+08   -0.3901337E+09
 270     -0.124202E+09   -0.6561895E+08   -0.3797040E+09
 271     -0.473498E+09   -0.4646202E+08   -0.3710778E+09
 272     -0.902233E+09   -0.1685993E+08   -0.2061027E+09
 273     -0.136217E+10    0.7833144E+07   -0.3408551E+08
 274     -0.657778E+09    0.3278715E+06    0.3760029E+08
 275     -0.607472E+09   -0.2129278E+08    0.2181072E+09
 276     -0.469843E+09   -0.4879741E+08    0.3933435E+09
 277     -0.297482E+09   -0.4841517E+08    0.3932379E+09
 278     -0.130727E+09   -0.4098724E+08    0.3913556E+09
 279      0.174775E+08    0.8793139E+07    0.3150645E+09
 280      0.144367E+09    0.6059623E+08    0.2426591E+09
 281      0.249468E+09    0.1187314E+09    0.1644103E+09
 282      0.339261E+09    0.1757325E+09    0.8845793E+08
 283      0.416909E+09    0.2080143E+09    0.2842155E+08
 284      0.484110E+09    0.2382645E+09   -0.3005120E+08
 285      0.526652E+09    0.2290183E+09   -0.7719671E+08
 286      0.556921E+09    0.2186462E+09   -0.1248304E+09
 287      0.553083E+09    0.1738349E+09   -0.1746897E+09
 288      0.500051E+09    0.1268436E+09   -0.2255775E+09
 289      0.389659E+09    0.7117301E+08   -0.2823100E+09
 290      0.188937E+09    0.1599330E+08   -0.3442542E+09
 291     -0.114502E+09   -0.8926530E+07   -0.3594672E+09
 292     -0.532462E+09   -0.2713976E+08   -0.3795834E+09
 293     -0.107230E+10   -0.1270286E+08   -0.2187033E+09
 294     -0.168787E+10   -0.2416363E+07   -0.4650737E+08
 295     -0.937443E+09    0.6988272E+07    0.5340513E+08
 296     -0.792725E+09   -0.1667310E+08    0.2415219E+09
 297     -0.564430E+09   -0.3921469E+08    0.4233246E+09
 298     -0.302797E+09    0.3839036E+07    0.3945221E+09
 299     -0.873886E+08    0.5456959E+08    0.3638188E+09
 300      0.912447E+08    0.1682890E+09    0.2693170E+09
 301      0.224868E+09    0.2787846E+09    0.1817525E+09
 302      0.328312E+09    0.3774293E+09    0.1109469E+09
 303      0.412733E+09    0.4730274E+09    0.4061623E+08
 304      0.477751E+09    0.5182564E+09    0.1519916E+06
 305      0.540161E+09    0.5603695E+09   -0.3815081E+08
 306      0.576903E+09    0.5424666E+09   -0.6601343E+08
 307      0.611120E+09    0.5243912E+09   -0.9406250E+08
 308      0.606580E+09    0.4504335E+09   -0.1301163E+09
 309      0.560302E+09    0.3737468E+09   -0.1676679E+09
 310      0.450936E+09    0.2643092E+09   -0.2300342E+09
 311      0.236735E+09    0.1483203E+09   -0.2992152E+09
 312     -0.102867E+09    0.6984228E+08   -0.3428349E+09
 313     -0.599983E+09   -0.2102309E+07   -0.3914253E+09
 314     -0.124512E+10   -0.1524983E+07   -0.2326616E+09
 315     -0.202064E+10    0.2321789E+07   -0.6122017E+08
 316     -0.129418E+10   -0.1974767E+08    0.7842199E+08
 317     -0.958977E+09   -0.9764867E+07    0.2382198E+09
 318     -0.568337E+09   -0.9108265E+07    0.3767217E+09
 319     -0.234070E+09    0.1044708E+09    0.2819352E+09
 320      0.119678E+08    0.2339590E+09    0.1988990E+09
 321      0.174604E+09    0.4100596E+09    0.1055909E+09
 322      0.287162E+09    0.5838296E+09    0.2271976E+08
 323      0.367661E+09    0.7178663E+09   -0.1479463E+08
 324      0.436362E+09    0.8479485E+09   -0.5171193E+08
 325      0.480820E+09    0.9044605E+09   -0.5305527E+08
 326      0.535332E+09    0.9613761E+09   -0.5320600E+08
 327      0.569046E+09    0.9383067E+09   -0.4071810E+08
 328      0.605694E+09    0.9142877E+09   -0.2784918E+08
 329      0.607903E+09    0.8080012E+09   -0.2471546E+08
 330      0.587063E+09    0.6986089E+09   -0.2245423E+08
 331      0.497156E+09    0.5284563E+09   -0.6529959E+08
 332      0.315843E+09    0.3542645E+09   -0.1159527E+09
 333     -0.252445E+08    0.1959059E+09   -0.1985676E+09
 334     -0.572836E+09    0.4858840E+08   -0.3010095E+09
 335     -0.136673E+10    0.1420587E+08   -0.2026559E+09
 336     -0.239831E+10   -0.2416130E+08   -0.7854371E+08
 337     -0.168177E+10    0.3136371E+08    0.1291077E+09
 338     -0.112859E+10    0.4946639E+07    0.2441214E+09
 339     -0.608024E+09    0.2249794E+08    0.3447812E+09
 340     -0.142315E+09    0.2746144E+09    0.1779652E+09
 341      0.117505E+09    0.5077718E+09    0.2060704E+08
 342      0.263282E+09    0.7750707E+09   -0.6514445E+08
 343      0.352723E+09    0.1020586E+10   -0.1422781E+09
 344      0.405358E+09    0.1181044E+10   -0.1443493E+09
 345      0.457009E+09    0.1338793E+10   -0.1455132E+09
 346      0.482718E+09    0.1401411E+10   -0.1074845E+09
 347      0.527190E+09    0.1465083E+10   -0.6954369E+08
 348      0.559023E+09    0.1437023E+10   -0.1457946E+08
 349      0.597201E+09    0.1409391E+10    0.4124583E+08
 350      0.607880E+09    0.1279456E+10    0.8574590E+08
 351      0.615342E+09    0.1148145E+10    0.1301985E+09
 352      0.548959E+09    0.9152931E+09    0.1072197E+09
 353      0.399689E+09    0.6632231E+09    0.7967540E+08
 354      0.746050E+08    0.4006279E+09   -0.5913526E+08
 355     -0.570954E+09    0.1107617E+09   -0.2204078E+09
 356     -0.149402E+10    0.4005979E+08   -0.1806509E+09
 357     -0.281005E+10    0.1653287E+08   -0.1179572E+09
 358     -0.208302E+10   -0.1121836E+09    0.1609662E+09
 359     -0.112488E+10    0.5471769E+08    0.1377509E+09
 360     -0.363581E+09    0.2109977E+09    0.4575797E+08
 361      0.122629E+08    0.5992053E+09   -0.1893083E+09
 362      0.200847E+09    0.1003649E+10   -0.3413346E+09
 363      0.281031E+09    0.1304619E+10   -0.3503463E+09
 364      0.331879E+09    0.1596945E+10   -0.3623679E+09
 365      0.354061E+09    0.1760630E+10   -0.3061181E+09
 366      0.384636E+09    0.1925121E+10   -0.2518493E+09
 367      0.401275E+09    0.1984597E+10   -0.1663622E+09
 368      0.432406E+09    0.2046367E+10   -0.8210455E+08
 369      0.458584E+09    0.2012168E+10    0.2057566E+08
 370      0.494532E+09    0.1980158E+10    0.1241258E+09
 371      0.510337E+09    0.1844405E+10    0.2254061E+09
 372      0.537284E+09    0.1711089E+10    0.3304062E+09
 373      0.505871E+09    0.1436156E+10    0.3842639E+09
 374      0.426783E+09    0.1152178E+10    0.4437088E+09
 375      0.197959E+09    0.7343676E+09    0.3345120E+09
 376     -0.315591E+09    0.3191509E+09    0.1474596E+09
 377     -0.138921E+10    0.1033077E+09   -0.2069776E+08
 378     -0.312097E+10   -0.1107115E+09   -0.1279313E+09
 379     -0.312446E+10    0.2487820E+09    0.6160676E+09
 380     -0.970581E+09    0.2567217E+09    0.1189599E+09
 381     -0.448989E+08    0.5091741E+09   -0.4311031E+09
 382      0.165316E+09    0.1281800E+10   -0.6209105E+09
 383      0.286685E+09    0.1806644E+10   -0.7223862E+09
 384      0.287033E+09    0.2082768E+10   -0.6495532E+09
 385      0.301668E+09    0.2362026E+10   -0.5843665E+09
 386      0.295954E+09    0.2491154E+10   -0.4698024E+09
 387      0.305875E+09    0.2628091E+10   -0.3581397E+09
 388      0.314585E+09    0.2671910E+10   -0.2249333E+09
 389      0.333843E+09    0.2719347E+10   -0.9358317E+08
 390      0.353238E+09    0.2689233E+10    0.5672194E+08
 391      0.388184E+09    0.2663690E+10    0.2078280E+09
 392      0.407168E+09    0.2540723E+10    0.3684922E+09
 393      0.450633E+09    0.2424190E+10    0.5347415E+09
 394      0.451684E+09    0.2157703E+10    0.6756370E+09
 395      0.456693E+09    0.1898066E+10    0.8263049E+09
 396      0.318502E+09    0.1376036E+10    0.7903415E+09
 397      0.834984E+07    0.6259831E+09    0.6739633E+09
 398     -0.113273E+10    0.3101105E+09    0.6720821E+08
 399     -0.405486E+10    0.2106128E+09   -0.4882838E+09
 400     -0.255767E+10   -0.4594369E+09   -0.1349425E+09
 401     -0.337884E+09    0.8155575E+09   -0.7668995E+09
 402     -0.464370E+08    0.2048728E+10   -0.1231467E+10
 403      0.112120E+09    0.2480402E+10   -0.1068960E+10
 404      0.146023E+09    0.2923444E+10   -0.9851066E+09
 405      0.147087E+09    0.3085550E+10   -0.8331336E+09
 406      0.149964E+09    0.3263516E+10   -0.6917336E+09
 407      0.147916E+09    0.3330748E+10   -0.5441217E+09
 408      0.151113E+09    0.3404850E+10   -0.3982673E+09
 409      0.157484E+09    0.3422159E+10   -0.2433056E+09
 410      0.167448E+09    0.3443276E+10   -0.8862145E+08
 411      0.177769E+09    0.3417283E+10    0.8457866E+08
 412      0.196986E+09    0.3395352E+10    0.2589237E+09
 413      0.207898E+09    0.3313166E+10    0.4582581E+09
 414      0.230971E+09    0.3237086E+10    0.6601632E+09
 415      0.237174E+09    0.3050227E+10    0.8784449E+09
 416      0.242463E+09    0.2877369E+10    0.1108485E+10
 417      0.200287E+09    0.2434929E+10    0.1260213E+10
 418     -0.912674E+06    0.1988176E+10    0.1510564E+10
 419     -0.398531E+09    0.8051604E+09    0.9605745E+09
 420     -0.305904E+10   -0.3985008E+09    0.2585415E+09
 421     -0.134258E+10    0.4337466E+10   -0.1056656E+10
 422      0.128110E+09    0.4420281E+10   -0.1629439E+10
 423     -0.691854E+08    0.4445287E+10   -0.1864897E+10
 424      0.354840E+08    0.4349263E+10   -0.1444889E+10
 425     -0.120298E+07    0.4339902E+10   -0.1208134E+10
 426      0.856483E+07    0.4305592E+10   -0.9882577E+09
 427      0.236381E+07    0.4287313E+10   -0.7842878E+09
 428      0.446859E+07    0.4263484E+10   -0.6070097E+09
 429      0.233656E+07    0.4244175E+10   -0.4315353E+09
 430      0.541635E+07    0.4224301E+10   -0.2573092E+09
 431      0.613158E+07    0.4207536E+10   -0.8167958E+08
 432      0.784037E+07    0.4187928E+10    0.1127228E+09
 433      0.105563E+08    0.4170616E+10    0.3082426E+09
 434      0.137698E+08    0.4148354E+10    0.5418272E+09
 435      0.167057E+08    0.4130550E+10    0.7768052E+09
 436      0.263566E+08    0.4096989E+10    0.1063096E+10
 437      0.235366E+08    0.4075823E+10    0.1365134E+10
 438      0.649071E+08    0.4023323E+10    0.1678882E+10
 439     -0.334704E+08    0.4053865E+10    0.2212679E+10
 440      0.186655E+09    0.3895158E+10    0.1904693E+10
 441     -0.140601E+10    0.3658689E+10    0.1295364E+10
