   1     -0.216117E+08    0.1107336E+08   -0.3091205E+07
   2     -0.601281E+08   -0.1022191E+08   -0.4655161E+06
   3     -0.115412E+09   -0.3441345E+08    0.2091399E+07
   4     -0.139322E+09   -0.1067359E+09    0.3876090E+07
   5     -0.124715E+09   -0.1798365E+09    0.5610212E+07
   6     -0.871443E+08   -0.2612756E+09    0.4221621E+07
   7     -0.304694E+08   -0.3393307E+09    0.2665411E+07
   8      0.277543E+08   -0.3987380E+09    0.2622179E+07
   9      0.993890E+08   -0.4590424E+09    0.2594691E+07
  10      0.153952E+09   -0.4906121E+09    0.1756919E+07
  11      0.204471E+09   -0.5215300E+09    0.1571443E+07
  12      0.234793E+09   -0.5176134E+09    0.4259357E+06
  13      0.238910E+09   -0.5123737E+09   -0.1295213E+07
  14      0.221690E+09   -0.4661435E+09   -0.1864526E+07
  15      0.170533E+09   -0.4194860E+09   -0.2431814E+07
  16      0.103668E+09   -0.3433750E+09   -0.3161197E+07
  17      0.544675E+07   -0.2657227E+09   -0.4293560E+07
  18     -0.110892E+09   -0.1758676E+09   -0.5204331E+07
  19     -0.231161E+09   -0.8117252E+08   -0.6009223E+07
  20     -0.342972E+09   -0.2901472E+08   -0.2142567E+07
  21     -0.406147E+09    0.1605682E+08    0.2186953E+07
  22     -0.394945E+08    0.6917547E+07   -0.1209539E+07
  23     -0.866994E+08   -0.1798615E+08    0.2368667E+08
  24     -0.133653E+09   -0.4506090E+08    0.4930274E+08
  25     -0.149629E+09   -0.1031836E+09    0.6040037E+08
  26     -0.127740E+09   -0.1603273E+09    0.7032236E+08
  27     -0.850564E+08   -0.2243996E+09    0.6782482E+08
  28     -0.242497E+08   -0.2893445E+09    0.6573868E+08
  29      0.398326E+08   -0.3430890E+09    0.5416534E+08
  30      0.111830E+09   -0.3951209E+09    0.4277434E+08
  31      0.170301E+09   -0.4206522E+09    0.2691289E+08
  32      0.221591E+09   -0.4457811E+09    0.1064929E+08
  33      0.252238E+09   -0.4376092E+09   -0.6972464E+07
  34      0.256175E+09   -0.4294992E+09   -0.2446706E+08
  35      0.237969E+09   -0.3912432E+09   -0.4084737E+08
  36      0.186326E+09   -0.3518458E+09   -0.5786518E+08
  37      0.113523E+09   -0.2856283E+09   -0.6864022E+08
  38      0.113126E+08   -0.2179876E+09   -0.7949878E+08
  39     -0.115145E+09   -0.1453818E+09   -0.7605789E+08
  40     -0.245809E+09   -0.7107988E+08   -0.7322499E+08
  41     -0.377035E+09   -0.2902391E+08   -0.4043782E+08
  42     -0.459991E+09    0.9155824E+07   -0.6160734E+07
  43     -0.570147E+08    0.7819477E+07    0.1222398E+06
  44     -0.114475E+09   -0.1360109E+08    0.4791764E+08
  45     -0.152941E+09   -0.3742542E+08    0.9663210E+08
  46     -0.159912E+09   -0.8839879E+08    0.1163985E+09
  47     -0.131115E+09   -0.1388854E+09    0.1347743E+09
  48     -0.830295E+08   -0.1962135E+09    0.1312920E+09
  49     -0.180428E+08   -0.2520634E+09    0.1281117E+09
  50      0.528899E+08   -0.2953682E+09    0.1055171E+09
  51      0.124442E+09   -0.3393394E+09    0.8326259E+08
  52      0.187698E+09   -0.3601457E+09    0.5181058E+08
  53      0.239246E+09   -0.3797181E+09    0.1974400E+08
  54      0.270305E+09   -0.3757051E+09   -0.1363670E+08
  55      0.273906E+09   -0.3718313E+09   -0.4703457E+08
  56      0.255432E+09   -0.3353042E+09   -0.8022132E+08
  57      0.202840E+09   -0.2972321E+09   -0.1140291E+09
  58      0.123912E+09   -0.2392107E+09   -0.1342734E+09
  59      0.171260E+08   -0.1802292E+09   -0.1544071E+09
  60     -0.119914E+09   -0.1198250E+09   -0.1458695E+09
  61     -0.260663E+09   -0.5768929E+08   -0.1395779E+09
  62     -0.412392E+09   -0.2204809E+08   -0.7863317E+08
  63     -0.517736E+09    0.9819228E+07   -0.1441295E+08
  64     -0.128708E+09    0.4930669E+07    0.3699175E+07
  65     -0.181370E+09   -0.1512745E+08    0.6788043E+08
  66     -0.197806E+09   -0.3650319E+08    0.1321101E+09
  67     -0.185841E+09   -0.7994140E+08    0.1580918E+09
  68     -0.140060E+09   -0.1236552E+09    0.1834015E+09
  69     -0.772590E+08   -0.1706388E+09    0.1769652E+09
  70      0.474701E+06   -0.2167293E+09    0.1705359E+09
  71      0.834430E+08   -0.2525921E+09    0.1407309E+09
  72      0.161207E+09   -0.2880895E+09    0.1109656E+09
  73      0.231272E+09   -0.3053559E+09    0.6816753E+08
  74      0.285490E+09   -0.3224716E+09    0.2526842E+08
  75      0.315722E+09   -0.3146848E+09   -0.2041947E+08
  76      0.322201E+09   -0.3059804E+09   -0.6661276E+08
  77      0.299481E+09   -0.2762183E+09   -0.1104413E+09
  78      0.240891E+09   -0.2464599E+09   -0.1543051E+09
  79      0.150274E+09   -0.2001555E+09   -0.1806477E+09
  80      0.262995E+08   -0.1529480E+09   -0.2070092E+09
  81     -0.131551E+09   -0.1006390E+09   -0.1958547E+09
  82     -0.302828E+09   -0.4635394E+08   -0.1866976E+09
  83     -0.496699E+09   -0.1806148E+08   -0.1040079E+09
  84     -0.670438E+09    0.7073526E+07   -0.1789384E+08
  85     -0.202066E+09    0.5127702E+07    0.7733943E+07
  86     -0.247150E+09   -0.1203616E+08    0.8752229E+08
  87     -0.241840E+09   -0.3076232E+08    0.1671787E+09
  88     -0.212464E+09   -0.6979788E+08    0.2003530E+09
  89     -0.148008E+09   -0.1083193E+09    0.2322946E+09
  90     -0.714034E+08   -0.1495214E+09    0.2230380E+09
  91      0.189878E+08   -0.1911672E+09    0.2147682E+09
  92      0.113923E+09   -0.2226674E+09    0.1764524E+09
  93      0.198261E+09   -0.2524048E+09    0.1378649E+09
  94      0.274361E+09   -0.2634038E+09    0.8448357E+08
  95      0.332491E+09   -0.2750212E+09    0.3080716E+08
  96      0.361146E+09   -0.2687674E+09   -0.2811950E+08
  97      0.371247E+09   -0.2611949E+09   -0.8766636E+08
  98      0.342474E+09   -0.2326428E+09   -0.1408224E+09
  99      0.278635E+09   -0.2046461E+09   -0.1936302E+09
 100      0.176307E+09   -0.1659005E+09   -0.2265008E+09
 101      0.357540E+08   -0.1252247E+09   -0.2601767E+09
 102     -0.142600E+09   -0.8031669E+08   -0.2468267E+09
 103     -0.346230E+09   -0.3423559E+08   -0.2345439E+09
 104     -0.580858E+09   -0.1157201E+08   -0.1288048E+09
 105     -0.820732E+09    0.8000276E+07   -0.1956383E+08
 106     -0.327285E+09    0.4510996E+07    0.1031819E+08
 107     -0.340198E+09   -0.1204776E+08    0.1035847E+09
 108     -0.307121E+09   -0.3038929E+08    0.1966699E+09
 109     -0.249000E+09   -0.6453409E+08    0.2326188E+09
 110     -0.158396E+09   -0.9810885E+08    0.2678492E+09
 111     -0.596015E+08   -0.1314305E+09    0.2554544E+09
 112      0.478281E+08   -0.1632469E+09    0.2430054E+09
 113      0.158429E+09   -0.1845036E+09    0.1987150E+09
 114      0.252640E+09   -0.2065911E+09    0.1542919E+09
 115      0.335558E+09   -0.2160127E+09    0.9300777E+08
 116      0.397199E+09   -0.2247307E+09    0.3239873E+08
 117      0.428973E+09   -0.2182823E+09   -0.3438280E+08
 118      0.437234E+09   -0.2117813E+09   -0.1017484E+09
 119      0.402058E+09   -0.1920451E+09   -0.1615053E+09
 120      0.329482E+09   -0.1716312E+09   -0.2214576E+09
 121      0.214219E+09   -0.1378280E+09   -0.2590867E+09
 122      0.512520E+08   -0.1033586E+09   -0.2978652E+09
 123     -0.159905E+09   -0.6797538E+08   -0.2814095E+09
 124     -0.407306E+09   -0.3182155E+08   -0.2667128E+09
 125     -0.704723E+09   -0.1258393E+08   -0.1459513E+09
 126     -0.102094E+10    0.4791913E+07   -0.2053420E+08
 127     -0.452153E+09    0.4337915E+07    0.1305421E+08
 128     -0.433297E+09   -0.1088961E+08    0.1201656E+09
 129     -0.372791E+09   -0.2822311E+08    0.2269632E+09
 130     -0.284390E+09   -0.5782286E+08    0.2649407E+09
 131     -0.170130E+09   -0.8554030E+08    0.3028737E+09
 132     -0.474163E+08   -0.1103205E+09    0.2876236E+09
 133      0.777764E+08   -0.1355932E+09    0.2708207E+09
 134      0.202055E+09   -0.1527831E+09    0.2210690E+09
 135      0.308146E+09   -0.1689298E+09    0.1714161E+09
 136      0.396843E+09   -0.1743369E+09    0.1021713E+09
 137      0.461417E+09   -0.1798005E+09    0.3410558E+08
 138      0.497207E+09   -0.1755957E+09   -0.4043041E+08
 139      0.502615E+09   -0.1715835E+09   -0.1151736E+09
 140      0.462118E+09   -0.1547346E+09   -0.1823709E+09
 141      0.380315E+09   -0.1373291E+09   -0.2502769E+09
 142      0.252028E+09   -0.1112804E+09   -0.2924705E+09
 143      0.656303E+08   -0.8468180E+08   -0.3352956E+09
 144     -0.177985E+09   -0.5497160E+08   -0.3160663E+09
 145     -0.467325E+09   -0.2365514E+08   -0.2987663E+09
 146     -0.828016E+09   -0.8231112E+07   -0.1631593E+09
 147     -0.122076E+10    0.4893842E+07   -0.2265610E+08
 148     -0.614030E+09    0.3165258E+07    0.1544168E+08
 149     -0.550491E+09   -0.9305698E+07    0.1327258E+09
 150     -0.450191E+09   -0.2297202E+08    0.2490458E+09
 151     -0.323288E+09   -0.4692106E+08    0.2875309E+09
 152     -0.178714E+09   -0.7073177E+08    0.3255098E+09
 153     -0.283350E+08   -0.8976495E+08    0.3053602E+09
 154      0.118586E+09   -0.1076319E+09    0.2848778E+09
 155      0.254407E+09   -0.1165972E+09    0.2304283E+09
 156      0.374031E+09   -0.1254795E+09    0.1767462E+09
 157      0.468661E+09   -0.1277238E+09    0.1046767E+09
 158      0.538344E+09   -0.1296793E+09    0.3260907E+08
 159      0.574255E+09   -0.1246487E+09   -0.4411385E+08
 160      0.578154E+09   -0.1201831E+09   -0.1205124E+09
 161      0.533877E+09   -0.1118615E+09   -0.1914649E+09
 162      0.442282E+09   -0.1030960E+09   -0.2632654E+09
 163      0.297788E+09   -0.8667029E+08   -0.3091737E+09
 164      0.851206E+08   -0.6972549E+08   -0.3565446E+09
 165     -0.196601E+09   -0.4606005E+08   -0.3391169E+09
 166     -0.543862E+09   -0.2104268E+08   -0.3219977E+09
 167     -0.975322E+09   -0.7771589E+07   -0.1749074E+09
 168     -0.146384E+10    0.3682926E+07   -0.2333018E+08
 169     -0.773765E+09    0.3469995E+07    0.1767760E+08
 170     -0.667846E+09   -0.8724544E+07    0.1453034E+09
 171     -0.526559E+09   -0.2289173E+08    0.2711298E+09
 172     -0.363587E+09   -0.4239123E+08    0.3106392E+09
 173     -0.186385E+09   -0.6058070E+08    0.3498554E+09
 174     -0.918344E+07   -0.7057501E+08    0.3240365E+09
 175      0.158919E+09   -0.7920626E+08    0.2986195E+09
 176      0.307502E+09   -0.7736283E+08    0.2396757E+09
 177      0.439016E+09   -0.7545807E+08    0.1816618E+09
 178      0.541546E+09   -0.6905544E+08    0.1063620E+09
 179      0.615502E+09   -0.6321438E+08    0.3122747E+08
 180      0.651343E+09   -0.6441107E+08   -0.4719811E+08
 181      0.653746E+09   -0.6586968E+08   -0.1254679E+09
 182      0.605912E+09   -0.6551077E+08   -0.1999318E+09
 183      0.504392E+09   -0.6586250E+08   -0.2755866E+09
 184      0.343509E+09   -0.5892140E+08   -0.3263818E+09
 185      0.105424E+09   -0.5026739E+08   -0.3790692E+09
 186     -0.215338E+09   -0.3511044E+08   -0.3626320E+09
 187     -0.621255E+09   -0.1819123E+08   -0.3460220E+09
 188     -0.112323E+10   -0.5851188E+07   -0.1871764E+09
 189     -0.170459E+10    0.4145864E+07   -0.2348349E+08
 190     -0.963306E+09    0.1468349E+07    0.2222789E+08
 191     -0.802118E+09   -0.9807758E+07    0.1558726E+09
 192     -0.606671E+09   -0.2293096E+08    0.2875478E+09
 193     -0.400171E+09   -0.3474492E+08    0.3207259E+09
 194     -0.184065E+09   -0.4434949E+08    0.3531835E+09
 195      0.201471E+08   -0.4010461E+08    0.3213003E+09
 196      0.206039E+09   -0.3593325E+08    0.2906098E+09
 197      0.367702E+09   -0.2517020E+08    0.2293926E+09
 198      0.506128E+09   -0.1323082E+08    0.1688231E+09
 199      0.612491E+09   -0.4378864E+07    0.9833134E+08
 200      0.689268E+09    0.2825800E+07    0.2848736E+08
 201      0.726413E+09    0.2595824E+07   -0.4562354E+08
 202      0.728947E+09    0.2162677E+07   -0.1197195E+09
 203      0.680145E+09   -0.4882512E+07   -0.1926106E+09
 204      0.572632E+09   -0.1206046E+08   -0.2667478E+09
 205      0.398259E+09   -0.1796667E+08   -0.3215046E+09
 206      0.135326E+09   -0.2350933E+08   -0.3784136E+09
 207     -0.228178E+09   -0.1949648E+08   -0.3672173E+09
 208     -0.699391E+09   -0.1398710E+08   -0.3568566E+09
 209     -0.128665E+10   -0.6000554E+07   -0.1949761E+09
 210     -0.197797E+10    0.7913157E+06   -0.2686692E+08
 211     -0.115361E+10    0.2318817E+07    0.2666531E+08
 212     -0.936340E+09   -0.7531618E+07    0.1669303E+09
 213     -0.688006E+09   -0.2007760E+08    0.3050790E+09
 214     -0.436096E+09   -0.2310763E+08    0.3312573E+09
 215     -0.182304E+09   -0.2259481E+08    0.3566048E+09
 216      0.489030E+08   -0.5002346E+07    0.3193336E+09
 217      0.253008E+09    0.1387795E+08    0.2832152E+09
 218      0.428810E+09    0.4095621E+08    0.2198157E+09
 219      0.573799E+09    0.6589050E+08    0.1579651E+09
 220      0.683200E+09    0.8077074E+08    0.9150407E+08
 221      0.764183E+09    0.9655606E+08    0.2533044E+08
 222      0.802177E+09    0.9411386E+08   -0.4486302E+08
 223      0.805004E+09    0.9020805E+08   -0.1149490E+09
 224      0.754866E+09    0.7206779E+08   -0.1863071E+09
 225      0.640884E+09    0.5284713E+08   -0.2590662E+09
 226      0.452988E+09    0.3037969E+08   -0.3170210E+09
 227      0.164625E+09    0.7673460E+07   -0.3771378E+09
 228     -0.241139E+09   -0.3042413E+07   -0.3720678E+09
 229     -0.777828E+09   -0.9534910E+07   -0.3687340E+09
 230     -0.145008E+10   -0.2700795E+07   -0.2031378E+09
 231     -0.225315E+10    0.1697418E+07   -0.3026129E+08
 232     -0.136904E+10   -0.1436458E+07    0.3358583E+08
 233     -0.107698E+10   -0.7795971E+07    0.1726801E+09
 234     -0.761262E+09   -0.1598430E+08    0.3085008E+09
 235     -0.451179E+09   -0.5814087E+07    0.3194896E+09
 236     -0.163597E+09    0.6791757E+07    0.3304611E+09
 237      0.909594E+08    0.4497159E+08    0.2834681E+09
 238      0.307840E+09    0.8470334E+08    0.2377081E+09
 239      0.484965E+09    0.1289094E+09    0.1792515E+09
 240      0.629992E+09    0.1725462E+09    0.1232515E+09
 241      0.737475E+09    0.1974384E+09    0.6952854E+08
 242      0.819018E+09    0.2205907E+09    0.1683616E+08
 243      0.858727E+09    0.2135513E+09   -0.3732266E+08
 244      0.865286E+09    0.2054392E+09   -0.9186452E+08
 245      0.817813E+09    0.1707145E+09   -0.1529137E+09
 246      0.707234E+09    0.1347066E+09   -0.2158417E+09
 247      0.514201E+09    0.9266549E+08   -0.2768087E+09
 248      0.206089E+09    0.5165397E+08   -0.3402665E+09
 249     -0.234438E+09    0.2657718E+08   -0.3480842E+09
 250     -0.840927E+09    0.3065951E+07   -0.3590516E+09
 251     -0.161016E+10    0.4027244E+06   -0.2014433E+09
 252     -0.255402E+10   -0.2882927E+07   -0.3480962E+08
 253     -0.158427E+10   -0.1354049E+07    0.4252415E+08
 254     -0.121805E+10   -0.8332167E+07    0.1795904E+09
 255     -0.836584E+09   -0.1620242E+08    0.3123500E+09
 256     -0.467659E+09    0.1351851E+08    0.3091400E+09
 257     -0.146029E+09    0.4655606E+08    0.3063369E+09
 258      0.134329E+09    0.1137592E+09    0.2482753E+09
 259      0.363313E+09    0.1820732E+09    0.1929711E+09
 260      0.541256E+09    0.2484680E+09    0.1395249E+09
 261      0.687084E+09    0.3122703E+09    0.8822915E+08
 262      0.792497E+09    0.3472613E+09    0.4745467E+08
 263      0.873694E+09    0.3822310E+09    0.8343954E+07
 264      0.915810E+09    0.3732805E+09   -0.2959665E+08
 265      0.926170E+09    0.3616912E+09   -0.6809871E+08
 266      0.881674E+09    0.3094374E+09   -0.1192023E+09
 267      0.774895E+09    0.2556100E+09   -0.1724993E+09
 268      0.576661E+09    0.1814708E+09   -0.2365878E+09
 269      0.247656E+09    0.1053458E+09   -0.3046203E+09
 270     -0.228945E+09    0.5390589E+08   -0.3259549E+09
 271     -0.907150E+09    0.6839192E+07   -0.3504351E+09
 272     -0.177046E+10    0.1587177E+07   -0.2008261E+09
 273     -0.285729E+10   -0.3691633E+07   -0.4108417E+08
 274     -0.182173E+10   -0.7538117E+07    0.5633650E+08
 275     -0.134353E+10   -0.4673979E+07    0.1773469E+09
 276     -0.871287E+09   -0.5159916E+07    0.2902446E+09
 277     -0.444054E+09    0.4999497E+08    0.2530641E+09
 278     -0.925931E+08    0.1117354E+09    0.2187947E+09
 279      0.193237E+09    0.2149176E+09    0.1515289E+09
 280      0.412977E+09    0.3178396E+09    0.9015689E+08
 281      0.576977E+09    0.4111250E+09    0.5250867E+08
 282      0.712182E+09    0.5032700E+09    0.1697884E+08
 283      0.806489E+09    0.5500484E+09    0.4546002E+07
 284      0.882647E+09    0.5945034E+09   -0.6527853E+07
 285      0.925944E+09    0.5787961E+09   -0.1314262E+08
 286      0.944375E+09    0.5618116E+09   -0.1990473E+08
 287      0.911187E+09    0.4873298E+09   -0.4589904E+08
 288      0.823185E+09    0.4103247E+09   -0.7393991E+08
 289      0.637190E+09    0.3036746E+09   -0.1328255E+09
 290      0.314033E+09    0.1956043E+09   -0.1973612E+09
 291     -0.184447E+09    0.1099113E+09   -0.2465201E+09
 292     -0.922144E+09    0.3003492E+08   -0.3034704E+09
 293     -0.190062E+10    0.1134273E+08   -0.1829943E+09
 294     -0.315694E+10   -0.9032703E+07   -0.4787159E+08
 295     -0.206037E+10   -0.2449335E+07    0.7309786E+08
 296     -0.147200E+10   -0.4092325E+07    0.1771536E+09
 297     -0.913954E+09   -0.5896546E+06    0.2729864E+09
 298     -0.418893E+09    0.1001472E+09    0.2006771E+09
 299     -0.395659E+08    0.2060658E+09    0.1318185E+09
 300      0.254723E+09    0.3619925E+09    0.5545523E+08
 301      0.464228E+09    0.5120052E+09   -0.1366278E+08
 302      0.613927E+09    0.6369595E+09   -0.3594861E+08
 303      0.737109E+09    0.7586001E+09   -0.5560938E+08
 304      0.819919E+09    0.8164383E+09   -0.3830647E+08
 305      0.891233E+09    0.8735554E+09   -0.2037225E+08
 306      0.935771E+09    0.8542470E+09    0.4710950E+07
 307      0.962431E+09    0.8329842E+09    0.3021668E+08
 308      0.942036E+09    0.7359383E+09    0.2919970E+08
 309      0.873244E+09    0.6358948E+09    0.2646685E+08
 310      0.701430E+09    0.4824222E+09   -0.2923322E+08
 311      0.380370E+09    0.3217903E+09   -0.9144938E+08
 312     -0.137145E+09    0.1853625E+09   -0.1702430E+09
 313     -0.943379E+09    0.4912280E+08   -0.2589677E+09
 314     -0.203619E+10    0.1416943E+08   -0.1666320E+09
 315     -0.345747E+10   -0.1087392E+08   -0.5870267E+08
 316     -0.230989E+10   -0.2954870E+08    0.9977204E+08
 317     -0.153557E+10    0.7382025E+07    0.1499324E+09
 318     -0.849490E+09    0.3935403E+08    0.1793986E+09
 319     -0.317382E+09    0.2008892E+09    0.4513407E+08
 320      0.565557E+08    0.3736420E+09   -0.7157243E+08
 321      0.309465E+09    0.5809133E+09   -0.1381423E+09
 322      0.483224E+09    0.7841751E+09   -0.1942280E+09
 323      0.600693E+09    0.9344903E+09   -0.1795072E+09
 324      0.696142E+09    0.1082614E+10   -0.1634878E+09
 325      0.762094E+09    0.1150349E+10   -0.1026501E+09
 326      0.824987E+09    0.1217448E+10   -0.4210972E+08
 327      0.867708E+09    0.1194572E+10    0.2935057E+08
 328      0.903655E+09    0.1171885E+10    0.1014634E+09
 329      0.900998E+09    0.1053769E+10    0.1479556E+09
 330      0.863132E+09    0.9325232E+09    0.1952351E+09
 331      0.731842E+09    0.7275844E+09    0.1712862E+09
 332      0.462971E+09    0.5162888E+09    0.1384876E+09
 333     -0.274630E+08    0.3065206E+09    0.2502827E+08
 334     -0.848424E+09    0.1039173E+09   -0.1119336E+09
 335     -0.206839E+10    0.3519720E+08   -0.1079310E+09
 336     -0.371865E+10   -0.3316391E+08   -0.7747520E+08
 337     -0.259011E+10    0.2686176E+08    0.1503839E+09
 338     -0.160226E+10    0.2311869E+08    0.1306618E+09
 339     -0.817660E+09    0.6899033E+08    0.9815815E+08
 340     -0.194437E+09    0.3626152E+09   -0.1031558E+09
 341      0.158095E+09    0.6291693E+09   -0.2874439E+09
 342      0.368913E+09    0.9108917E+09   -0.3388375E+09
 343      0.502725E+09    0.1172031E+10   -0.3811441E+09
 344      0.586208E+09    0.1341472E+10   -0.3260035E+09
 345      0.654133E+09    0.1507479E+10   -0.2721421E+09
 346      0.701461E+09    0.1578508E+10   -0.1673893E+09
 347      0.757236E+09    0.1652159E+10   -0.6318903E+08
 348      0.797088E+09    0.1630424E+10    0.5559032E+08
 349      0.844039E+09    0.1610025E+10    0.1755258E+09
 350      0.858524E+09    0.1478589E+10    0.2719012E+09
 351      0.853997E+09    0.1345762E+10    0.3713701E+09
 352      0.767059E+09    0.1091195E+10    0.3802296E+09
 353      0.553812E+09    0.8155171E+09    0.3827030E+09
 354      0.103458E+09    0.5037841E+09    0.2167145E+09
 355     -0.775949E+09    0.1584395E+09    0.2343301E+08
 356     -0.210639E+10    0.5657320E+08   -0.5831615E+08
 357     -0.401551E+10    0.8164039E+07   -0.1163154E+09
 358     -0.280577E+10   -0.1241791E+09    0.1790715E+09
 359     -0.146229E+10    0.7315490E+08    0.2831489E+07
 360     -0.508683E+09    0.2634523E+09   -0.2315064E+09
 361     -0.286118E+08    0.6721819E+09   -0.4833124E+09
 362      0.223193E+09    0.1089715E+10   -0.6500663E+09
 363      0.350804E+09    0.1387941E+10   -0.6234583E+09
 364      0.433123E+09    0.1678438E+10   -0.6015044E+09
 365      0.480261E+09    0.1844218E+10   -0.4913667E+09
 366      0.525528E+09    0.2012020E+10   -0.3842686E+09
 367      0.554996E+09    0.2081204E+10   -0.2367423E+09
 368      0.599920E+09    0.2154242E+10   -0.8989287E+08
 369      0.632100E+09    0.2135325E+10    0.7651698E+08
 370      0.679378E+09    0.2119990E+10    0.2442015E+09
 371      0.702213E+09    0.1991772E+10    0.4049353E+09
 372      0.722506E+09    0.1866065E+10    0.5698650E+09
 373      0.682309E+09    0.1584253E+10    0.6659738E+09
 374      0.562093E+09    0.1292407E+10    0.7702021E+09
 375      0.241938E+09    0.8391908E+09    0.6468799E+09
 376     -0.447126E+09    0.3816971E+09    0.4429765E+09
 377     -0.186072E+10    0.1259586E+09    0.1308393E+09
 378     -0.413470E+10   -0.1227761E+09   -0.1263776E+09
 379     -0.365765E+10    0.2639251E+09    0.6323987E+09
 380     -0.116016E+10    0.2858314E+09   -0.4634654E+08
 381     -0.140922E+09    0.5573243E+09   -0.7436214E+09
 382      0.132659E+09    0.1318378E+10   -0.9250192E+09
 383      0.287647E+09    0.1822678E+10   -0.1029787E+10
 384      0.320886E+09    0.2082566E+10   -0.9215110E+09
 385      0.356234E+09    0.2348662E+10   -0.8233349E+09
 386      0.367823E+09    0.2477221E+10   -0.6587309E+09
 387      0.390382E+09    0.2614370E+10   -0.4970600E+09
 388      0.405544E+09    0.2671427E+10   -0.3055550E+09
 389      0.437507E+09    0.2733947E+10   -0.1152203E+09
 390      0.463556E+09    0.2728087E+10    0.9962785E+08
 391      0.509245E+09    0.2727143E+10    0.3157283E+09
 392      0.540547E+09    0.2632047E+10    0.5430747E+09
 393      0.585475E+09    0.2545463E+10    0.7746022E+09
 394      0.587268E+09    0.2290542E+10    0.9688767E+09
 395      0.572453E+09    0.2043085E+10    0.1177745E+10
 396      0.381324E+09    0.1498188E+10    0.1140425E+10
 397     -0.558360E+08    0.7123684E+09    0.1026839E+10
 398     -0.145015E+10    0.3454801E+09    0.2480319E+09
 399     -0.491318E+10    0.2045799E+09   -0.4971060E+09
 400     -0.281936E+10   -0.4592759E+09   -0.1519878E+09
 401     -0.429625E+09    0.8328837E+09   -0.9164672E+09
 402     -0.106982E+09    0.2060216E+10   -0.1482152E+10
 403      0.873845E+08    0.2431280E+10   -0.1325960E+10
 404      0.140629E+09    0.2828817E+10   -0.1255882E+10
 405      0.158631E+09    0.2967062E+10   -0.1083806E+10
 406      0.173901E+09    0.3123237E+10   -0.9221295E+09
 407      0.179919E+09    0.3190987E+10   -0.7348666E+09
 408      0.190393E+09    0.3266475E+10   -0.5495995E+09
 409      0.200001E+09    0.3305097E+10   -0.3452116E+09
 410      0.216162E+09    0.3348276E+10   -0.1413100E+09
 411      0.231008E+09    0.3361450E+10    0.8972602E+08
 412      0.255951E+09    0.3380825E+10    0.3216429E+09
 413      0.275010E+09    0.3346989E+10    0.5870175E+09
 414      0.302062E+09    0.3320310E+10    0.8557296E+09
 415      0.308162E+09    0.3170322E+10    0.1139110E+10
 416      0.306908E+09    0.3037500E+10    0.1437622E+10
 417      0.239032E+09    0.2592623E+10    0.1617367E+10
 418     -0.331779E+08    0.2137334E+10    0.1909159E+10
 419     -0.549264E+09    0.8799373E+09    0.1199614E+10
 420     -0.355137E+10   -0.4006102E+09    0.3087921E+09
 421     -0.132787E+10    0.4511795E+10   -0.1065548E+10
 422      0.125023E+09    0.4428464E+10   -0.1742260E+10
 423     -0.817646E+08    0.4296022E+10   -0.2054409E+10
 424      0.234717E+08    0.4150243E+10   -0.1658509E+10
 425     -0.816077E+07    0.4081136E+10   -0.1447519E+10
 426      0.868275E+06    0.4022636E+10   -0.1220869E+10
 427     -0.248306E+07    0.3979031E+10   -0.1008566E+10
 428     -0.120770E+07    0.3958148E+10   -0.8016242E+09
 429     -0.171385E+07    0.3942952E+10   -0.5968176E+09
 430      0.978164E+06    0.3952158E+10   -0.3818303E+09
 431      0.256246E+07    0.3965969E+10   -0.1664119E+09
 432      0.570532E+07    0.4008400E+10    0.7877140E+08
 433      0.103726E+08    0.4053386E+10    0.3244411E+09
 434      0.168512E+08    0.4115964E+10    0.6246861E+09
 435      0.244892E+08    0.4186405E+10    0.9283361E+09
 436      0.348682E+08    0.4232412E+10    0.1291174E+10
 437      0.379641E+08    0.4294091E+10    0.1673492E+10
 438      0.786873E+08    0.4262051E+10    0.2044988E+10
 439     -0.277012E+08    0.4319342E+10    0.2657850E+10
 440      0.192427E+09    0.4079211E+10    0.2205048E+10
 441     -0.149073E+10    0.3747337E+10    0.1414129E+10
