   1     -0.575550E+09    0.3085619E+07    0.8918572E+05
   2     -0.502791E+09   -0.7300236E+07   -0.4070804E+05
   3     -0.408348E+09   -0.1852087E+08   -0.1383172E+06
   4     -0.303089E+09   -0.4321965E+08   -0.6023872E+05
   5     -0.187752E+09   -0.6783595E+08   -0.1130735E+05
   6     -0.687621E+08   -0.9560226E+08    0.3277975E+05
   7      0.499168E+08   -0.1230379E+09    0.7200031E+05
   8      0.165394E+09   -0.1454621E+09    0.1059695E+06
   9      0.272945E+09   -0.1674947E+09    0.1399632E+06
  10      0.372875E+09   -0.1802651E+09    0.2043445E+06
  11      0.461445E+09   -0.1925311E+09    0.2656784E+06
  12      0.541190E+09   -0.1964027E+09    0.5630495E+06
  13      0.612092E+09   -0.1981692E+09    0.1293257E+07
  14      0.675327E+09   -0.2124868E+09    0.4909899E+07
  15      0.612105E+09   -0.2356438E+09    0.6131771E+07
  16      0.447702E+09   -0.2229147E+09    0.3944968E+06
  17      0.186614E+09   -0.2005948E+09   -0.3136884E+07
  18     -0.161789E+09   -0.1386503E+09   -0.4243826E+07
  19     -0.604301E+09   -0.7005372E+08   -0.6297041E+07
  20     -0.110306E+10   -0.2300443E+08   -0.1800819E+07
  21     -0.157545E+10    0.1497323E+08    0.3354601E+07
  22     -0.589446E+09    0.2991993E+07    0.1614366E+07
  23     -0.511500E+09   -0.7847247E+07    0.1064084E+08
  24     -0.415181E+09   -0.1949058E+08    0.1964291E+08
  25     -0.307163E+09   -0.4398592E+08    0.2366773E+08
  26     -0.189252E+09   -0.6842575E+08    0.2763676E+08
  27     -0.679611E+08   -0.9591087E+08    0.2674708E+08
  28      0.525325E+08   -0.1230619E+09    0.2581329E+08
  29      0.169390E+09   -0.1451590E+09    0.2170502E+08
  30      0.277743E+09   -0.1668707E+09    0.1757400E+08
  31      0.377965E+09   -0.1792678E+09    0.1238591E+08
  32      0.466007E+09   -0.1911481E+09    0.7081042E+07
  33      0.544472E+09   -0.1942992E+09    0.3735400E+07
  34      0.611791E+09   -0.1977393E+09    0.1949293E+07
  35      0.670387E+09   -0.1969591E+09    0.5017660E+07
  36      0.635720E+09   -0.1979395E+09    0.3047348E+07
  37      0.466529E+09   -0.1799205E+09   -0.1987197E+08
  38      0.203492E+09   -0.1586470E+09   -0.3982012E+08
  39     -0.152822E+09   -0.1132602E+09   -0.4923983E+08
  40     -0.605327E+09   -0.6430750E+08   -0.6036724E+08
  41     -0.113149E+10   -0.2650477E+08   -0.3467846E+08
  42     -0.162440E+10    0.6781666E+07   -0.6364123E+07
  43     -0.603583E+09    0.3621867E+07    0.2708961E+07
  44     -0.519967E+09   -0.6558346E+07    0.2115520E+08
  45     -0.421902E+09   -0.1794384E+08    0.3952796E+08
  46     -0.311268E+09   -0.4389169E+08    0.4747586E+08
  47     -0.190755E+09   -0.6936733E+08    0.5533631E+08
  48     -0.671893E+08   -0.9715785E+08    0.5353669E+08
  49      0.551252E+08   -0.1246268E+09    0.5165004E+08
  50      0.173351E+09   -0.1463968E+09    0.4341055E+08
  51      0.282480E+09   -0.1678279E+09    0.3512775E+08
  52      0.382938E+09   -0.1791083E+09    0.2467708E+08
  53      0.470311E+09   -0.1902342E+09    0.1406101E+08
  54      0.547240E+09   -0.1899699E+09    0.6883906E+07
  55      0.610325E+09   -0.1892390E+09    0.2315513E+07
  56      0.663836E+09   -0.1790382E+09    0.4344615E+07
  57      0.664768E+09   -0.1703466E+09   -0.1055081E+07
  58      0.486789E+09   -0.1495910E+09   -0.4050461E+08
  59      0.221028E+09   -0.1264308E+09   -0.7622029E+08
  60     -0.142856E+09   -0.8856973E+08   -0.9360722E+08
  61     -0.606206E+09   -0.4722661E+08   -0.1138787E+09
  62     -0.116145E+10   -0.1768189E+08   -0.6715137E+08
  63     -0.167731E+10    0.7524206E+07   -0.1571530E+08
  64     -0.639890E+09    0.3294974E+07    0.3221166E+07
  65     -0.548673E+09   -0.7883041E+07    0.3198176E+08
  66     -0.441995E+09   -0.2006315E+08    0.6074729E+08
  67     -0.322880E+09   -0.4584548E+08    0.7228941E+08
  68     -0.194581E+09   -0.7138188E+08    0.8353456E+08
  69     -0.641809E+08   -0.9876919E+08    0.8018805E+08
  70      0.635671E+08   -0.1257970E+09    0.7674144E+08
  71      0.185889E+09   -0.1465676E+09    0.6381073E+08
  72      0.297538E+09   -0.1670263E+09    0.5087189E+08
  73      0.399092E+09   -0.1767322E+09    0.3430447E+08
  74      0.485822E+09   -0.1863080E+09    0.1773674E+08
  75      0.560549E+09   -0.1831443E+09    0.3668032E+07
  76      0.619221E+09   -0.1798792E+09   -0.9253460E+07
  77      0.667452E+09   -0.1595482E+09   -0.1574027E+08
  78      0.689782E+09   -0.1388126E+09   -0.2191728E+08
  79      0.530071E+09   -0.1205842E+09   -0.5985427E+08
  80      0.259373E+09   -0.1021576E+09   -0.1029383E+09
  81     -0.122891E+09   -0.7006673E+08   -0.1243803E+09
  82     -0.617245E+09   -0.3581734E+08   -0.1466538E+09
  83     -0.122402E+10   -0.1435781E+08   -0.8622507E+08
  84     -0.182355E+10    0.4667313E+07   -0.2037535E+08
  85     -0.674954E+09    0.3823330E+07    0.3901258E+07
  86     -0.577677E+09   -0.7686819E+07    0.4293706E+08
  87     -0.462048E+09   -0.2052911E+08    0.8196678E+08
  88     -0.334449E+09   -0.4734359E+08    0.9710576E+08
  89     -0.198387E+09   -0.7363766E+08    0.1118310E+09
  90     -0.611617E+08   -0.1009655E+09    0.1069266E+09
  91      0.720442E+08   -0.1278451E+09    0.1019202E+09
  92      0.198491E+09   -0.1475285E+09    0.8425744E+08
  93      0.312704E+09   -0.1669120E+09    0.6662216E+08
  94      0.415403E+09   -0.1749222E+09    0.4385058E+08
  95      0.501639E+09   -0.1828588E+09    0.2119070E+08
  96      0.574391E+09   -0.1774244E+09    0.2039892E+06
  97      0.629707E+09   -0.1714315E+09   -0.2096588E+08
  98      0.673321E+09   -0.1532137E+09   -0.3513543E+08
  99      0.705500E+09   -0.1353284E+09   -0.4211673E+08
 100      0.573395E+09   -0.1089724E+09   -0.7994910E+08
 101      0.298455E+09   -0.8176694E+08   -0.1302163E+09
 102     -0.103596E+09   -0.5714603E+08   -0.1547273E+09
 103     -0.628863E+09   -0.3066637E+08   -0.1792902E+09
 104     -0.128552E+10   -0.1174614E+08   -0.1056028E+09
 105     -0.196846E+10    0.4751998E+07   -0.2523926E+08
 106     -0.736758E+09    0.3162156E+07    0.6159657E+07
 107     -0.627353E+09   -0.9639150E+07    0.5539761E+08
 108     -0.495383E+09   -0.2352863E+08    0.1045318E+09
 109     -0.352566E+09   -0.4998787E+08    0.1224493E+09
 110     -0.202982E+09   -0.7614756E+08    0.1398654E+09
 111     -0.542935E+08   -0.1022542E+09    0.1322994E+09
 112      0.878081E+08   -0.1278683E+09    0.1246732E+09
 113      0.220786E+09   -0.1455775E+09    0.1017217E+09
 114      0.339200E+09   -0.1629839E+09    0.7888837E+08
 115      0.443959E+09   -0.1690473E+09    0.4987195E+08
 116      0.530494E+09   -0.1749784E+09    0.2099266E+08
 117      0.601731E+09   -0.1683689E+09   -0.6630546E+07
 118      0.654340E+09   -0.1616181E+09   -0.3432977E+08
 119      0.692805E+09   -0.1432578E+09   -0.5347061E+08
 120      0.712286E+09   -0.1240228E+09   -0.6648149E+08
 121      0.624154E+09   -0.9899794E+08   -0.1055445E+09
 122      0.341901E+09   -0.7452166E+08   -0.1552388E+09
 123     -0.831968E+08   -0.4949826E+08   -0.1780245E+09
 124     -0.648103E+09   -0.2300231E+08   -0.2024061E+09
 125     -0.137007E+10   -0.8869467E+07   -0.1185662E+09
 126     -0.216809E+10    0.3752946E+07   -0.2682241E+08
 127     -0.799159E+09    0.4134643E+07    0.8388831E+07
 128     -0.676719E+09   -0.9067258E+07    0.6797039E+08
 129     -0.528844E+09   -0.2393485E+08    0.1273070E+09
 130     -0.370796E+09   -0.5144123E+08    0.1479783E+09
 131     -0.207659E+09   -0.7806790E+08    0.1681062E+09
 132     -0.474347E+08   -0.1027257E+09    0.1578826E+09
 133      0.103643E+09   -0.1267599E+09    0.1476423E+09
 134      0.243244E+09   -0.1418196E+09    0.1193611E+09
 135      0.365938E+09   -0.1565880E+09    0.9128732E+08
 136      0.472837E+09   -0.1604679E+09    0.5597217E+08
 137      0.559687E+09   -0.1643196E+09    0.2080409E+08
 138      0.629395E+09   -0.1570760E+09   -0.1336982E+08
 139      0.678635E+09   -0.1497278E+09   -0.4764774E+08
 140      0.711423E+09   -0.1311196E+09   -0.7211035E+08
 141      0.722155E+09   -0.1114200E+09   -0.9084561E+08
 142      0.675005E+09   -0.8592314E+08   -0.1306162E+09
 143      0.383780E+09   -0.6207781E+08   -0.1802177E+09
 144     -0.631264E+08   -0.4172104E+08   -0.2026450E+09
 145     -0.667232E+09   -0.1791335E+08   -0.2269870E+09
 146     -0.145520E+10   -0.5340524E+07   -0.1312216E+09
 147     -0.236489E+10    0.4641636E+07   -0.2702060E+08
 148     -0.894847E+09    0.3286448E+07    0.1135555E+08
 149     -0.747102E+09   -0.1091861E+08    0.8172873E+08
 150     -0.574220E+09   -0.2660768E+08    0.1515526E+09
 151     -0.392853E+09   -0.5284274E+08    0.1727196E+09
 152     -0.210094E+09   -0.7828900E+08    0.1933386E+09
 153     -0.340703E+08   -0.9957018E+08    0.1786283E+09
 154      0.128458E+09   -0.1201386E+09    0.1640489E+09
 155      0.275835E+09   -0.1310653E+09    0.1304801E+09
 156      0.403329E+09   -0.1417244E+09    0.9731013E+08
 157      0.512308E+09   -0.1428934E+09    0.5747917E+08
 158      0.599796E+09   -0.1441976E+09    0.1792878E+08
 159      0.667981E+09   -0.1368470E+09   -0.2064973E+08
 160      0.714490E+09   -0.1299544E+09   -0.5929293E+08
 161      0.741922E+09   -0.1120274E+09   -0.9025892E+08
 162      0.745396E+09   -0.9114115E+08   -0.1174688E+09
 163      0.715464E+09   -0.6748660E+08   -0.1521930E+09
 164      0.427345E+09   -0.4722001E+08   -0.1955391E+09
 165     -0.423139E+08   -0.3301675E+08   -0.2189035E+09
 166     -0.695484E+09   -0.1677912E+08   -0.2433051E+09
 167     -0.155913E+10   -0.7047328E+07   -0.1401267E+09
 168     -0.259136E+10    0.1883217E+07   -0.2834948E+08
 169     -0.990311E+09    0.4144456E+07    0.1439826E+08
 170     -0.817645E+09   -0.1040568E+08    0.9567366E+08
 171     -0.619765E+09   -0.2709357E+08    0.1761015E+09
 172     -0.415133E+09   -0.5260734E+08    0.1978262E+09
 173     -0.212697E+09   -0.7656207E+08    0.2190076E+09
 174     -0.207265E+08   -0.9279590E+08    0.1997987E+09
 175      0.153390E+09   -0.1081207E+09    0.1808719E+09
 176      0.308708E+09   -0.1128520E+09    0.1419507E+09
 177      0.441103E+09   -0.1173842E+09    0.1036187E+09
 178      0.552263E+09   -0.1148663E+09    0.5919412E+08
 179      0.640433E+09   -0.1126474E+09    0.1518650E+08
 180      0.707195E+09   -0.1063158E+09   -0.2795757E+08
 181      0.751165E+09   -0.1004830E+09   -0.7104292E+08
 182      0.773697E+09   -0.8874379E+08   -0.1088913E+09
 183      0.770131E+09   -0.7529077E+08   -0.1451039E+09
 184      0.752156E+09   -0.5871759E+08   -0.1740603E+09
 185      0.472416E+09   -0.4392033E+08   -0.2115350E+09
 186     -0.223809E+08   -0.2888226E+08   -0.2358232E+09
 187     -0.724168E+09   -0.1155999E+08   -0.2592905E+09
 188     -0.166178E+10   -0.3348202E+07   -0.1488831E+09
 189     -0.281851E+10    0.3308206E+07   -0.2966111E+08
 190     -0.112231E+10    0.2751775E+07    0.1908013E+08
 191     -0.908979E+09   -0.1216621E+08    0.1099665E+09
 192     -0.672896E+09   -0.2906230E+08    0.1994150E+09
 193     -0.435067E+09   -0.5009933E+08    0.2170526E+09
 194     -0.207221E+09   -0.6954237E+08    0.2342101E+09
 195      0.315229E+07   -0.7740988E+08    0.2077613E+09
 196      0.188690E+09   -0.8423478E+08    0.1820097E+09
 197      0.350094E+09   -0.8031452E+08    0.1391966E+09
 198      0.485316E+09   -0.7628983E+08    0.9732732E+08
 199      0.596424E+09   -0.6906714E+08    0.5307198E+08
 200      0.684422E+09   -0.6231411E+08    0.9410103E+07
 201      0.749573E+09   -0.5772450E+08   -0.3222287E+08
 202      0.792919E+09   -0.5367454E+08   -0.7385038E+08
 203      0.813205E+09   -0.5114502E+08   -0.1122996E+09
 204      0.806906E+09   -0.4868660E+08   -0.1498908E+09
 205      0.779645E+09   -0.4234963E+08   -0.1810512E+09
 206      0.521004E+09   -0.3581831E+08   -0.2192045E+09
 207     -0.141679E+06   -0.2708761E+08   -0.2455597E+09
 208     -0.754837E+09   -0.1617818E+08   -0.2732223E+09
 209     -0.177965E+10   -0.5997383E+07   -0.1567099E+09
 210     -0.306463E+10    0.2369502E+07   -0.3039282E+08
 211     -0.125424E+10    0.3350205E+07    0.2405760E+08
 212     -0.100068E+10   -0.1169294E+08    0.1246695E+09
 213     -0.726694E+09   -0.2929556E+08    0.2232999E+09
 214     -0.455541E+09   -0.4497269E+08    0.2369509E+09
 215     -0.202143E+09   -0.5794773E+08    0.2502080E+09
 216      0.270829E+08   -0.5298163E+08    0.2164398E+09
 217      0.224216E+09   -0.4687305E+08    0.1837656E+09
 218      0.391972E+09   -0.2998054E+08    0.1369342E+09
 219      0.530070E+09   -0.1326466E+08    0.9138828E+08
 220      0.641191E+09    0.8552787E+06    0.4724566E+08
 221      0.729034E+09    0.1421669E+08    0.3864683E+07
 222      0.792570E+09    0.1660763E+08   -0.3626248E+08
 223      0.835245E+09    0.1803743E+08   -0.7641143E+08
 224      0.852973E+09    0.9509294E+07   -0.1153881E+09
 225      0.843525E+09    0.2842599E+06   -0.1541071E+09
 226      0.809196E+09   -0.8246623E+07   -0.1885886E+09
 227      0.567089E+09   -0.1532213E+08   -0.2284365E+09
 228      0.224374E+08   -0.1402051E+08   -0.2562154E+09
 229     -0.786930E+09   -0.1306849E+08   -0.2872498E+09
 230     -0.189898E+10   -0.6855068E+07   -0.1656092E+09
 231     -0.330948E+10   -0.4333641E+06   -0.3361091E+08
 232     -0.142595E+10    0.7087397E+06    0.3205162E+08
 233     -0.110751E+10   -0.1255464E+08    0.1372835E+09
 234     -0.776835E+09   -0.2853008E+08    0.2391951E+09
 235     -0.461059E+09   -0.3276631E+08    0.2392321E+09
 236     -0.178776E+09   -0.3380881E+08    0.2394159E+09
 237      0.665715E+08   -0.1073825E+08    0.1951293E+09
 238      0.269644E+09    0.1356390E+08    0.1529413E+09
 239      0.436298E+09    0.4675591E+08    0.1066831E+09
 240      0.571028E+09    0.7951915E+08    0.6221320E+08
 241      0.676682E+09    0.1018394E+09    0.2713355E+08
 242      0.761585E+09    0.1231861E+09   -0.7028749E+07
 243      0.822454E+09    0.1230799E+09   -0.3526511E+08
 244      0.866533E+09    0.1218024E+09   -0.6340830E+08
 245      0.885750E+09    0.1003093E+09   -0.9443012E+08
 246      0.880143E+09    0.7783223E+08   -0.1256417E+09
 247      0.845812E+09    0.5015784E+08   -0.1629898E+09
 248      0.614746E+09    0.2276939E+08   -0.2058505E+09
 249      0.569354E+08    0.6157884E+07   -0.2419081E+09
 250     -0.809073E+09   -0.7677225E+07   -0.2839990E+09
 251     -0.201980E+10   -0.3493443E+07   -0.1686923E+09
 252     -0.358137E+10   -0.9267332E+06   -0.4089366E+08
 253     -0.159778E+10    0.1315017E+07    0.4079139E+08
 254     -0.121541E+10   -0.1203994E+08    0.1507464E+09
 255     -0.829062E+09   -0.2752939E+08    0.2564445E+09
 256     -0.467388E+09   -0.1546821E+08    0.2429451E+09
 257     -0.156153E+09    0.1140731E+07    0.2300431E+09
 258      0.106769E+09    0.5176340E+08    0.1748410E+09
 259      0.315677E+09    0.1028190E+09    0.1225908E+09
 260      0.481529E+09    0.1590212E+09    0.7673797E+08
 261      0.612631E+09    0.2139300E+09    0.3309045E+08
 262      0.712690E+09    0.2473495E+09    0.7175884E+07
 263      0.794566E+09    0.2795011E+09   -0.1769005E+08
 264      0.852803E+09    0.2767585E+09   -0.3394136E+08
 265      0.898462E+09    0.2726242E+09   -0.4999475E+08
 266      0.919511E+09    0.2343497E+09   -0.7334803E+08
 267      0.917758E+09    0.1940873E+09   -0.9738208E+08
 268      0.883741E+09    0.1399624E+09   -0.1381836E+09
 269      0.663154E+09    0.8620076E+08   -0.1841507E+09
 270      0.909630E+08    0.4518766E+08   -0.2284970E+09
 271     -0.832042E+09    0.3215164E+07   -0.2819091E+09
 272     -0.214280E+10   -0.2578808E+07   -0.1729371E+09
 273     -0.385625E+10   -0.5519456E+07   -0.4961167E+08
 274     -0.180967E+10   -0.5577282E+07    0.5529383E+08
 275     -0.132075E+10   -0.1020574E+08    0.1559028E+09
 276     -0.850073E+09   -0.1870919E+08    0.2486487E+09
 277     -0.435127E+09    0.1996941E+08    0.2033248E+09
 278     -0.999805E+08    0.6504077E+08    0.1613656E+09
 279      0.164300E+09    0.1500670E+09    0.9556748E+08
 280      0.364138E+09    0.2354313E+09    0.3495558E+08
 281      0.513932E+09    0.3168629E+09    0.7411086E+06
 282      0.630996E+09    0.3966934E+09   -0.3103204E+08
 283      0.717414E+09    0.4414172E+09   -0.3446663E+08
 284      0.791792E+09    0.4850078E+09   -0.3699947E+08
 285      0.845492E+09    0.4795023E+09   -0.2713203E+08
 286      0.894747E+09    0.4728475E+09   -0.1677137E+08
 287      0.923330E+09    0.4163394E+09   -0.1735487E+08
 288      0.938376E+09    0.3576063E+09   -0.1862188E+08
 289      0.921333E+09    0.2701671E+09   -0.5422900E+08
 290      0.720410E+09    0.1818798E+09   -0.9574127E+08
 291      0.149218E+09    0.1052904E+09   -0.1566484E+09
 292     -0.815275E+09    0.3083432E+08   -0.2309765E+09
 293     -0.223243E+10    0.9656609E+07   -0.1547811E+09
 294     -0.413992E+10   -0.1107054E+08   -0.6183074E+08
 295     -0.202381E+10    0.3045935E+06    0.7270466E+08
 296     -0.142896E+10   -0.8473327E+07    0.1631311E+09
 297     -0.879126E+09   -0.1264443E+08    0.2450491E+09
 298     -0.401488E+09    0.7062319E+08    0.1671411E+09
 299     -0.444511E+08    0.1584226E+09    0.9391880E+08
 300      0.225174E+09    0.2952312E+09    0.1672897E+08
 301      0.414209E+09    0.4271666E+09   -0.5409269E+08
 302      0.547480E+09    0.5396238E+09   -0.7624584E+08
 303      0.649634E+09    0.6487563E+09   -0.9608371E+08
 304      0.721875E+09    0.7058202E+09   -0.7649178E+08
 305      0.788487E+09    0.7620670E+09   -0.5620391E+08
 306      0.837712E+09    0.7545426E+09   -0.1959507E+08
 307      0.890995E+09    0.7465151E+09    0.1785022E+08
 308      0.928096E+09    0.6702597E+09    0.4040479E+08
 309      0.960966E+09    0.5910032E+09    0.6243587E+08
 310      0.962665E+09    0.4590782E+09    0.3100835E+08
 311      0.778905E+09    0.3204289E+09   -0.6139647E+07
 312      0.210523E+09    0.1897040E+09   -0.8788961E+08
 313     -0.805793E+09    0.5620596E+08   -0.1859273E+09
 314     -0.232646E+10    0.1753276E+08   -0.1389817E+09
 315     -0.442960E+10   -0.9998834E+07   -0.7547877E+08
 316     -0.227017E+10   -0.2731221E+08    0.9996129E+08
 317     -0.148554E+10    0.1983335E+07    0.1433870E+09
 318     -0.807865E+09    0.2555399E+08    0.1657798E+09
 319     -0.297338E+09    0.1693554E+09    0.2846439E+08
 320      0.532467E+08    0.3247891E+09   -0.8995338E+08
 321      0.283757E+09    0.5137778E+09   -0.1588505E+09
 322      0.438291E+09    0.6987422E+09   -0.2182675E+09
 323      0.537546E+09    0.8362384E+09   -0.2073378E+09
 324      0.615825E+09    0.9712782E+09   -0.1956806E+09
 325      0.668529E+09    0.1037119E+10   -0.1400924E+09
 326      0.723143E+09    0.1103277E+10   -0.8455413E+08
 327      0.765053E+09    0.1094393E+10   -0.9299423E+07
 328      0.819563E+09    0.1086486E+10    0.6715729E+08
 329      0.865731E+09    0.9940773E+09    0.1339189E+09
 330      0.925845E+09    0.8994474E+09    0.2021075E+09
 331      0.966757E+09    0.7226565E+09    0.2053814E+09
 332      0.832072E+09    0.5406715E+09    0.2029638E+09
 333      0.306574E+09    0.3353561E+09    0.1052985E+09
 334     -0.696089E+09    0.1290468E+09   -0.2254792E+08
 335     -0.231192E+10    0.4275072E+08   -0.6939682E+08
 336     -0.465020E+10   -0.3847703E+08   -0.9254095E+08
 337     -0.254915E+10    0.2797781E+08    0.1519313E+09
 338     -0.154502E+10    0.1874429E+08    0.1315896E+09
 339     -0.768491E+09    0.5898856E+08    0.9830986E+08
 340     -0.171461E+09    0.3359879E+09   -0.1031429E+09
 341      0.156595E+09    0.5851724E+09   -0.2864022E+09
 342      0.346980E+09    0.8453739E+09   -0.3410004E+09
 343      0.463422E+09    0.1084534E+10   -0.3876558E+09
 344      0.526701E+09    0.1239090E+10   -0.3417818E+09
 345      0.580493E+09    0.1391819E+10   -0.2969723E+09
 346      0.613255E+09    0.1460991E+10   -0.2046209E+09
 347      0.655633E+09    0.1531976E+10   -0.1130884E+09
 348      0.690039E+09    0.1524358E+10    0.1561456E+07
 349      0.745187E+09    0.1519712E+10    0.1180616E+09
 350      0.801667E+09    0.1421612E+10    0.2314596E+09
 351      0.891847E+09    0.1323492E+10    0.3480874E+09
 352      0.976101E+09    0.1102632E+10    0.3874317E+09
 353      0.893584E+09    0.8629247E+09    0.4245483E+09
 354      0.423545E+09    0.5553290E+09    0.2949751E+09
 355     -0.609524E+09    0.2031118E+09    0.1331869E+09
 356     -0.230270E+10    0.7525771E+08   -0.6628589E+07
 357     -0.490762E+10    0.6712299E+07   -0.1305146E+09
 358     -0.278006E+10   -0.1215835E+09    0.1795531E+09
 359     -0.140869E+10    0.7087183E+08    0.8009919E+07
 360     -0.467321E+09    0.2559197E+09   -0.2194649E+09
 361     -0.855882E+07    0.6462238E+09   -0.4660141E+09
 362      0.222779E+09    0.1045035E+10   -0.6286151E+09
 363      0.333707E+09    0.1323635E+10   -0.6061532E+09
 364      0.403887E+09    0.1594629E+10   -0.5885504E+09
 365      0.435000E+09    0.1744285E+10   -0.4919293E+09
 366      0.467854E+09    0.1895908E+10   -0.3986194E+09
 367      0.486010E+09    0.1959766E+10   -0.2695731E+09
 368      0.515878E+09    0.2026953E+10   -0.1417663E+09
 369      0.541042E+09    0.2021274E+10    0.8054229E+07
 370      0.586147E+09    0.2021280E+10    0.1582274E+09
 371      0.636083E+09    0.1931638E+10    0.3259233E+09
 372      0.734086E+09    0.1847201E+10    0.5001598E+09
 373      0.856250E+09    0.1606387E+10    0.6350298E+09
 374      0.836713E+09    0.1355179E+10    0.7840255E+09
 375      0.496971E+09    0.9029662E+09    0.7262403E+09
 376     -0.299151E+09    0.4363120E+09    0.5854333E+09
 377     -0.199427E+10    0.1458924E+09    0.2073953E+09
 378     -0.490231E+10   -0.1319788E+09   -0.1316299E+09
 379     -0.364121E+10    0.2656815E+09    0.6264457E+09
 380     -0.111078E+10    0.2847774E+09   -0.3880785E+08
 381     -0.109725E+09    0.5510547E+09   -0.7181286E+09
 382      0.149425E+09    0.1292832E+10   -0.8893371E+09
 383      0.288100E+09    0.1779415E+10   -0.9865935E+09
 384      0.308607E+09    0.2020119E+10   -0.8836470E+09
 385      0.337181E+09    0.2267725E+10   -0.7907650E+09
 386      0.337354E+09    0.2380826E+10   -0.6431991E+09
 387      0.351287E+09    0.2501764E+10   -0.4996228E+09
 388      0.356050E+09    0.2548074E+10   -0.3341865E+09
 389      0.374045E+09    0.2598990E+10   -0.1701939E+09
 390      0.389993E+09    0.2596176E+10    0.1404692E+08
 391      0.423922E+09    0.2598028E+10    0.1963873E+09
 392      0.463721E+09    0.2543985E+10    0.4168324E+09
 393      0.559228E+09    0.2502551E+10    0.6500239E+09
 394      0.728148E+09    0.2297091E+10    0.9000576E+09
 395      0.774304E+09    0.2102788E+10    0.1172652E+10
 396      0.568488E+09    0.1566742E+10    0.1229478E+10
 397      0.724163E+08    0.7789648E+09    0.1208087E+10
 398     -0.150822E+10    0.3823236E+09    0.3491686E+09
 399     -0.556949E+10    0.2166658E+09   -0.5061328E+09
 400     -0.280560E+10   -0.4547089E+09   -0.1555739E+09
 401     -0.404140E+09    0.8246542E+09   -0.8996334E+09
 402     -0.914443E+08    0.2038539E+10   -0.1442614E+10
 403      0.964647E+08    0.2395316E+10   -0.1277720E+10
 404      0.141344E+09    0.2779221E+10   -0.1200069E+10
 405      0.153116E+09    0.2906021E+10   -0.1034470E+10
 406      0.165552E+09    0.3051146E+10   -0.8788643E+09
 407      0.165889E+09    0.3107008E+10   -0.7068857E+09
 408      0.173382E+09    0.3170149E+10   -0.5370256E+09
 409      0.176270E+09    0.3191133E+10   -0.3575543E+09
 410      0.185706E+09    0.3216129E+10   -0.1789308E+09
 411      0.194033E+09    0.3213835E+10    0.1637075E+08
 412      0.210396E+09    0.3214138E+10    0.2102661E+09
 413      0.230351E+09    0.3192401E+10    0.4407884E+09
 414      0.269172E+09    0.3195559E+10    0.6708033E+09
 415      0.383705E+09    0.3113610E+10    0.1014331E+10
 416      0.399867E+09    0.3031173E+10    0.1388797E+10
 417      0.330476E+09    0.2618876E+10    0.1668354E+10
 418      0.309037E+08    0.2210534E+10    0.2069820E+10
 419     -0.569740E+09    0.9221141E+09    0.1325156E+10
 420     -0.391949E+10   -0.4023703E+09    0.3570206E+09
 421     -0.132063E+10    0.4489026E+10   -0.1063844E+10
 422      0.127719E+09    0.4381433E+10   -0.1715815E+10
 423     -0.796722E+08    0.4226897E+10   -0.2003007E+10
 424      0.254156E+08    0.4080178E+10   -0.1599313E+10
 425     -0.696795E+07    0.4010841E+10   -0.1380971E+10
 426      0.196156E+07    0.3962360E+10   -0.1161702E+10
 427     -0.789984E+06    0.3928551E+10   -0.9556661E+09
 428      0.287014E+06    0.3906121E+10   -0.7621417E+09
 429      0.108099E+07    0.3888455E+10   -0.5699505E+09
 430      0.190868E+07    0.3876718E+10   -0.3778167E+09
 431      0.288309E+07    0.3868080E+10   -0.1861023E+09
 432      0.384812E+07    0.3863262E+10    0.1943140E+08
 433      0.416755E+07    0.3861782E+10    0.2244230E+09
 434      0.594264E+07    0.3862972E+10    0.4640950E+09
 435     -0.458688E+07    0.3831824E+10    0.6859680E+09
 436      0.440326E+08    0.3924684E+10    0.1107830E+10
 437      0.324556E+08    0.4116355E+10    0.1574949E+10
 438      0.797943E+08    0.4281720E+10    0.2050286E+10
 439     -0.216509E+08    0.4497481E+10    0.2792783E+10
 440      0.198869E+09    0.4260284E+10    0.2344007E+10
 441     -0.154486E+10    0.3927057E+10    0.1510301E+10
