   1     -0.482663E+09    0.5879986E+07   -0.5306091E+06
   2     -0.399426E+09   -0.1061621E+08    0.1675654E+06
   3     -0.281456E+09   -0.2689670E+08    0.1419058E+06
   4     -0.143568E+09   -0.7286751E+08    0.2064386E+07
   5      0.186829E+08   -0.1222537E+09    0.6630880E+07
   6      0.170461E+09   -0.2025786E+09    0.6261440E+07
   7      0.253603E+09   -0.2803219E+09    0.4140623E+07
   8      0.319636E+09   -0.3454504E+09    0.4300167E+07
   9      0.350667E+09   -0.4105260E+09    0.3613332E+07
  10      0.353501E+09   -0.4486243E+09    0.2211549E+07
  11      0.317270E+09   -0.4851069E+09    0.1126509E+07
  12      0.262654E+09   -0.4935409E+09    0.2045527E+07
  13      0.166883E+09   -0.5050622E+09    0.3171059E+07
  14      0.598165E+08   -0.4783206E+09   -0.1090880E+06
  15     -0.702043E+08   -0.4468491E+09   -0.2256342E+07
  16     -0.177599E+09   -0.3831458E+09   -0.1827354E+07
  17     -0.273199E+09   -0.3194187E+09   -0.2836533E+07
  18     -0.311352E+09   -0.2378216E+09   -0.3558920E+07
  19     -0.283145E+09   -0.1546571E+09   -0.6792269E+07
  20     -0.152926E+09   -0.7111988E+08   -0.1139862E+08
  21      0.186582E+09    0.8526577E+07   -0.1307981E+08
  22     -0.501759E+09    0.4550109E+07    0.1504828E+07
  23     -0.414223E+09   -0.1193259E+08    0.1642421E+08
  24     -0.293464E+09   -0.2941396E+08    0.3075624E+08
  25     -0.154235E+09   -0.6946165E+08    0.4131747E+08
  26      0.477421E+07   -0.1078952E+09    0.5426482E+08
  27      0.163294E+09   -0.1623788E+09    0.6233158E+08
  28      0.261343E+09   -0.2204605E+09    0.6680222E+08
  29      0.328658E+09   -0.2752424E+09    0.5583137E+08
  30      0.362846E+09   -0.3270927E+09    0.4648846E+08
  31      0.366561E+09   -0.3583476E+09    0.3299628E+08
  32      0.334377E+09   -0.3897676E+09    0.1893265E+08
  33      0.277217E+09   -0.3908198E+09    0.3293300E+07
  34      0.184023E+09   -0.3903968E+09   -0.1189843E+08
  35      0.766744E+08   -0.3609662E+09   -0.2886193E+08
  36     -0.548806E+08   -0.3324823E+09   -0.4574439E+08
  37     -0.164548E+09   -0.2752657E+09   -0.5876332E+08
  38     -0.263762E+09   -0.2157210E+09   -0.7256973E+08
  39     -0.311678E+09   -0.1431667E+09   -0.7336771E+08
  40     -0.291519E+09   -0.6683067E+08   -0.7758871E+08
  41     -0.178429E+09   -0.2478286E+08   -0.5065398E+08
  42      0.850676E+08    0.1134733E+08   -0.1951959E+08
  43     -0.521228E+09    0.5222655E+07    0.3092926E+07
  44     -0.429315E+09   -0.9708447E+07    0.3264515E+08
  45     -0.305853E+09   -0.2607858E+08    0.6163750E+08
  46     -0.165445E+09   -0.6259937E+08    0.8037284E+08
  47     -0.970740E+07   -0.9825825E+08    0.1010386E+09
  48      0.153831E+09   -0.1422113E+09    0.1175586E+09
  49      0.272471E+09   -0.1867398E+09    0.1286924E+09
  50      0.338404E+09   -0.2269927E+09    0.1064824E+09
  51      0.375219E+09   -0.2662853E+09    0.8874211E+08
  52      0.380198E+09   -0.2901925E+09    0.6375476E+08
  53      0.352535E+09   -0.3146736E+09    0.3752146E+08
  54      0.292981E+09   -0.3159153E+09    0.4483577E+07
  55      0.201614E+09   -0.3158401E+09   -0.2793025E+08
  56      0.937410E+08   -0.2865042E+09   -0.5837204E+08
  57     -0.383681E+08   -0.2561378E+09   -0.8981322E+08
  58     -0.150434E+09   -0.2061892E+09   -0.1155907E+09
  59     -0.252682E+09   -0.1554539E+09   -0.1422096E+09
  60     -0.311458E+09   -0.9812249E+08   -0.1429835E+09
  61     -0.300051E+09   -0.3926329E+08   -0.1467987E+09
  62     -0.206177E+09   -0.1349248E+08   -0.8695497E+08
  63     -0.232567E+08    0.8725827E+07   -0.2233029E+08
  64     -0.576702E+09    0.3792476E+07    0.4862184E+07
  65     -0.471228E+09   -0.1061997E+08    0.4680265E+08
  66     -0.338123E+09   -0.2609187E+08    0.8814120E+08
  67     -0.189726E+09   -0.5832524E+08    0.1112978E+09
  68     -0.286289E+08   -0.9054296E+08    0.1354567E+09
  69      0.136076E+09   -0.1235082E+09    0.1490770E+09
  70      0.283237E+09   -0.1555237E+09    0.1615934E+09
  71      0.362638E+09   -0.1887334E+09    0.1383491E+09
  72      0.404221E+09   -0.2225763E+09    0.1152923E+09
  73      0.415729E+09   -0.2394661E+09    0.8007432E+08
  74      0.393016E+09   -0.2552123E+09    0.4505568E+08
  75      0.337398E+09   -0.2521911E+09    0.1954064E+07
  76      0.246373E+09   -0.2496577E+09   -0.4138567E+08
  77      0.135941E+09   -0.2252509E+09   -0.8377456E+08
  78      0.328369E+07   -0.1992624E+09   -0.1271141E+09
  79     -0.119985E+09   -0.1558016E+09   -0.1575998E+09
  80     -0.234942E+09   -0.1119582E+09   -0.1883698E+09
  81     -0.316321E+09   -0.7057340E+08   -0.1837036E+09
  82     -0.336562E+09   -0.2853987E+08   -0.1807712E+09
  83     -0.291070E+09   -0.1010621E+08   -0.1006569E+09
  84     -0.168881E+09    0.6167508E+07   -0.1724412E+08
  85     -0.632031E+09    0.4493144E+07    0.6670268E+07
  86     -0.513014E+09   -0.8634715E+07    0.6092484E+08
  87     -0.370102E+09   -0.2335590E+08    0.1144935E+09
  88     -0.213630E+09   -0.5333403E+08    0.1423741E+09
  89     -0.471440E+08   -0.8274822E+08    0.1705544E+09
  90      0.120928E+09   -0.1109736E+09    0.1811578E+09
  91      0.288140E+09   -0.1381067E+09    0.1952888E+09
  92      0.387456E+09   -0.1615214E+09    0.1708855E+09
  93      0.433568E+09   -0.1854741E+09    0.1421185E+09
  94      0.451743E+09   -0.1981111E+09    0.9613083E+08
  95      0.433085E+09   -0.2096280E+09    0.5108750E+08
  96      0.380625E+09   -0.2065231E+09   -0.4027887E+06
  97      0.291935E+09   -0.2042957E+09   -0.5305680E+08
  98      0.178810E+09   -0.1853794E+09   -0.1080987E+09
  99      0.443781E+08   -0.1652078E+09   -0.1637038E+09
 100     -0.904073E+08   -0.1302239E+09   -0.1996173E+09
 101     -0.219861E+09   -0.9396083E+08   -0.2347820E+09
 102     -0.321965E+09   -0.5716603E+08   -0.2243486E+09
 103     -0.373031E+09   -0.2062570E+08   -0.2155356E+09
 104     -0.375783E+09   -0.6986787E+07   -0.1165448E+09
 105     -0.305783E+09    0.5003049E+07   -0.1494409E+08
 106     -0.719078E+09    0.3165339E+07    0.8710857E+07
 107     -0.577682E+09   -0.9808445E+07    0.7348361E+08
 108     -0.417230E+09   -0.2396576E+08    0.1376175E+09
 109     -0.244769E+09   -0.5064572E+08    0.1677062E+09
 110     -0.651000E+08   -0.7698304E+08    0.1976197E+09
 111      0.114043E+09   -0.1011168E+09    0.2038351E+09
 112      0.285730E+09   -0.1239530E+09    0.2136010E+09
 113      0.419698E+09   -0.1399176E+09    0.1870020E+09
 114      0.475974E+09   -0.1564548E+09    0.1561057E+09
 115      0.503101E+09   -0.1652513E+09    0.1046593E+09
 116      0.488678E+09   -0.1742674E+09    0.5452667E+08
 117      0.439421E+09   -0.1706537E+09   -0.4286695E+07
 118      0.356627E+09   -0.1658682E+09   -0.6406285E+08
 119      0.239553E+09   -0.1478035E+09   -0.1247165E+09
 120      0.100315E+09   -0.1296621E+09   -0.1862371E+09
 121     -0.520184E+08   -0.1033393E+09   -0.2256919E+09
 122     -0.204331E+09   -0.7638514E+08   -0.2653167E+09
 123     -0.336162E+09   -0.4815923E+08   -0.2516394E+09
 124     -0.433934E+09   -0.2028394E+08   -0.2372022E+09
 125     -0.487974E+09   -0.8378969E+07   -0.1275616E+09
 126     -0.471565E+09    0.2783130E+07   -0.1659910E+08
 127     -0.805916E+09    0.4137720E+07    0.1081685E+08
 128     -0.642046E+09   -0.8460156E+07    0.8617928E+08
 129     -0.464232E+09   -0.2287232E+08    0.1608860E+09
 130     -0.275782E+09   -0.4851537E+08    0.1931905E+09
 131     -0.828025E+08   -0.7378206E+08    0.2252673E+09
 132      0.106888E+09   -0.9259463E+08    0.2265540E+09
 133      0.286015E+09   -0.1073387E+09    0.2302221E+09
 134      0.450513E+09   -0.1145574E+09    0.2033669E+09
 135      0.519243E+09   -0.1260049E+09    0.1722628E+09
 136      0.553857E+09   -0.1354948E+09    0.1145499E+09
 137      0.544409E+09   -0.1436849E+09    0.5945966E+08
 138      0.499732E+09   -0.1395024E+09   -0.8547102E+07
 139      0.420098E+09   -0.1336563E+09   -0.7665092E+08
 140      0.299571E+09   -0.1210840E+09   -0.1414764E+09
 141      0.156368E+09   -0.1103080E+09   -0.2084944E+09
 142     -0.140286E+08   -0.8880391E+08   -0.2525334E+09
 143     -0.188271E+09   -0.6499616E+08   -0.2963644E+09
 144     -0.350383E+09   -0.4131994E+08   -0.2790099E+09
 145     -0.497059E+09   -0.1692809E+08   -0.2601722E+09
 146     -0.598095E+09   -0.4777903E+07   -0.1389890E+09
 147     -0.639282E+09    0.5216715E+07   -0.1703031E+08
 148     -0.921199E+09    0.2841995E+07    0.1339600E+08
 149     -0.727330E+09   -0.1003693E+08    0.9848142E+08
 150     -0.522301E+09   -0.2436309E+08    0.1828101E+09
 151     -0.309001E+09   -0.4751175E+08    0.2146240E+09
 152     -0.953641E+08   -0.6994084E+08    0.2461541E+09
 153      0.110918E+09   -0.8508569E+08    0.2403826E+09
 154      0.302840E+09   -0.9904336E+08    0.2358658E+09
 155      0.477209E+09   -0.1023087E+09    0.2069913E+09
 156      0.573277E+09   -0.1055807E+09    0.1754910E+09
 157      0.611373E+09   -0.1045163E+09    0.1154014E+09
 158      0.610072E+09   -0.1030842E+09    0.5750594E+08
 159      0.570842E+09   -0.9943434E+08   -0.1176760E+08
 160      0.490089E+09   -0.9736806E+08   -0.8111068E+08
 161      0.368818E+09   -0.8955105E+08   -0.1495382E+09
 162      0.218092E+09   -0.8026535E+08   -0.2190141E+09
 163      0.335919E+08   -0.6657939E+08   -0.2663156E+09
 164     -0.169912E+09   -0.5233630E+08   -0.3143473E+09
 165     -0.370540E+09   -0.3522985E+08   -0.2954410E+09
 166     -0.565704E+09   -0.1829398E+08   -0.2772042E+09
 167     -0.728236E+09   -0.7638141E+07   -0.1492631E+09
 168     -0.836359E+09    0.2294020E+07   -0.1820559E+08
 169     -0.103571E+10    0.3864282E+07    0.1607908E+08
 170     -0.812687E+09   -0.9425532E+07    0.1110613E+09
 171     -0.580488E+09   -0.2489556E+08    0.2051848E+09
 172     -0.342319E+09   -0.4656176E+08    0.2365679E+09
 173     -0.107960E+09   -0.6664044E+08    0.2674151E+09
 174      0.115162E+09   -0.7673066E+08    0.2553912E+09
 175      0.319850E+09   -0.8565003E+08    0.2444594E+09
 176      0.503921E+09   -0.8254096E+08    0.2114587E+09
 177      0.626658E+09   -0.7899355E+08    0.1770575E+09
 178      0.669729E+09   -0.7174723E+08    0.1150812E+09
 179      0.675835E+09   -0.6588208E+08    0.5501646E+08
 180      0.641223E+09   -0.6204643E+08   -0.1506565E+08
 181      0.561805E+09   -0.5642169E+08   -0.8643718E+08
 182      0.438377E+09   -0.5183837E+08   -0.1585096E+09
 183      0.278651E+09   -0.4952602E+08   -0.2300335E+09
 184      0.817157E+08   -0.4537408E+08   -0.2795822E+09
 185     -0.150935E+09   -0.4078768E+08   -0.3314324E+09
 186     -0.392076E+09   -0.2855894E+08   -0.3127185E+09
 187     -0.632441E+09   -0.1358343E+08   -0.2943057E+09
 188     -0.858230E+09   -0.4613672E+07   -0.1595465E+09
 189     -0.103500E+10    0.2301688E+07   -0.2101963E+08
 190     -0.118031E+10    0.2040467E+07    0.2097983E+08
 191     -0.916816E+09   -0.1155989E+08    0.1238360E+09
 192     -0.644131E+09   -0.2698728E+08    0.2252750E+09
 193     -0.371269E+09   -0.4371215E+08    0.2514519E+09
 194     -0.110197E+09   -0.5896196E+08    0.2771703E+09
 195      0.132382E+09   -0.6044745E+08    0.2570814E+09
 196      0.349094E+09   -0.6100454E+08    0.2384056E+09
 197      0.539649E+09   -0.4788849E+08    0.1997309E+09
 198      0.678501E+09   -0.3373251E+08    0.1608043E+09
 199      0.726777E+09   -0.2027762E+08    0.1035349E+09
 200      0.738546E+09   -0.7828983E+07    0.4739968E+08
 201      0.707588E+09   -0.4038701E+07   -0.1796459E+08
 202      0.633318E+09   -0.2280272E+07   -0.8366516E+08
 203      0.509897E+09   -0.8227627E+07   -0.1538939E+09
 204      0.343111E+09   -0.1240236E+08   -0.2252635E+09
 205      0.133278E+09   -0.1481465E+08   -0.2763636E+09
 206     -0.124188E+09   -0.1835765E+08   -0.3288928E+09
 207     -0.405931E+09   -0.1578797E+08   -0.3172474E+09
 208     -0.702081E+09   -0.1024388E+08   -0.3058283E+09
 209     -0.999788E+09   -0.2892986E+07   -0.1652622E+09
 210     -0.126313E+10    0.2380743E+07   -0.2088365E+08
 211     -0.132501E+10    0.2671087E+07    0.2651481E+08
 212     -0.102113E+10   -0.1140941E+08    0.1371771E+09
 213     -0.708400E+09   -0.2787604E+08    0.2459681E+09
 214     -0.400728E+09   -0.3892443E+08    0.2671000E+09
 215     -0.112885E+09   -0.4740357E+08    0.2878239E+09
 216      0.149536E+09   -0.3610109E+08    0.2594069E+09
 217      0.378565E+09   -0.2369993E+08    0.2325012E+09
 218      0.576725E+09    0.2150467E+07    0.1882150E+09
 219      0.730558E+09    0.2853666E+08    0.1450528E+09
 220      0.783998E+09    0.4809342E+08    0.9237434E+08
 221      0.802312E+09    0.6535243E+08    0.3994091E+08
 222      0.774396E+09    0.6562161E+08   -0.2088063E+08
 223      0.703392E+09    0.6724899E+08   -0.8087433E+08
 224      0.582468E+09    0.5294600E+08   -0.1490975E+09
 225      0.409189E+09    0.3504793E+08   -0.2204592E+09
 226      0.184085E+09    0.1779915E+08   -0.2746532E+09
 227     -0.993527E+08    0.3026115E+07   -0.3290708E+09
 228     -0.418712E+09   -0.3417155E+06   -0.3224036E+09
 229     -0.772296E+09   -0.2820375E+07   -0.3166509E+09
 230     -0.114336E+10   -0.9078751E+06   -0.1707348E+09
 231     -0.148713E+10    0.2944021E+06   -0.2039811E+08
 232     -0.150614E+10   -0.8743892E+05    0.3531773E+08
 233     -0.113682E+10   -0.1224545E+08    0.1484801E+09
 234     -0.766576E+09   -0.2694558E+08    0.2584154E+09
 235     -0.413478E+09   -0.2658329E+08    0.2648427E+09
 236     -0.958879E+08   -0.2314413E+08    0.2715545E+09
 237      0.183564E+09    0.6126701E+07    0.2320470E+09
 238      0.419920E+09    0.3658599E+08    0.1948637E+09
 239      0.618731E+09    0.7699060E+08    0.1505171E+09
 240      0.772451E+09    0.1176852E+09    0.1080990E+09
 241      0.824033E+09    0.1447961E+09    0.6864688E+08
 242      0.846397E+09    0.1700157E+09    0.3020595E+08
 243      0.823341E+09    0.1660848E+09   -0.1628953E+08
 244      0.758659E+09    0.1607054E+09   -0.6369113E+08
 245      0.643350E+09    0.1339243E+09   -0.1223585E+09
 246      0.474777E+09    0.1062021E+09   -0.1827964E+09
 247      0.241141E+09    0.6886901E+08   -0.2404740E+09
 248     -0.588277E+08    0.3241827E+08   -0.3010866E+09
 249     -0.415908E+09    0.1412509E+08   -0.3059008E+09
 250     -0.832151E+09   -0.2066558E+07   -0.3106632E+09
 251     -0.128626E+10   -0.1374248E+07   -0.1706613E+09
 252     -0.173144E+10   -0.1791662E+07   -0.2517809E+08
 253     -0.168762E+10    0.3987255E+06    0.4497111E+08
 254     -0.125352E+10   -0.1192760E+08    0.1607177E+09
 255     -0.826842E+09   -0.2610821E+08    0.2723588E+09
 256     -0.427006E+09   -0.9130411E+07    0.2641755E+09
 257     -0.796251E+08    0.1230309E+08    0.2568535E+09
 258      0.218489E+09    0.6847801E+08    0.2058845E+09
 259      0.462124E+09    0.1247601E+09    0.1576891E+09
 260      0.661679E+09    0.1879856E+09    0.1127133E+09
 261      0.816039E+09    0.2505290E+09    0.7131651E+08
 262      0.864366E+09    0.2823675E+09    0.4551459E+08
 263      0.890186E+09    0.3121377E+09    0.1999210E+08
 264      0.872609E+09    0.3046550E+09   -0.1180444E+08
 265      0.815768E+09    0.2954858E+09   -0.4481596E+08
 266      0.704413E+09    0.2489525E+09   -0.9559964E+08
 267      0.539532E+09    0.2016128E+09   -0.1471726E+09
 268      0.299415E+09    0.1440078E+09   -0.2068182E+09
 269     -0.161642E+08    0.8456713E+08   -0.2720800E+09
 270     -0.414700E+09    0.4251861E+08   -0.2895232E+09
 271     -0.894874E+09    0.4618465E+07   -0.3066584E+09
 272     -0.142870E+10    0.1676427E+07   -0.1718837E+09
 273     -0.198013E+10   -0.1708670E+07   -0.3018206E+08
 274     -0.190440E+10   -0.6569917E+07    0.6029557E+08
 275     -0.136384E+10   -0.9769553E+07    0.1642351E+09
 276     -0.853174E+09   -0.1661130E+08    0.2604578E+09
 277     -0.400715E+09    0.2741517E+08    0.2195897E+09
 278     -0.297897E+08    0.7787439E+08    0.1825177E+09
 279      0.269749E+09    0.1679355E+09    0.1220856E+09
 280      0.506126E+09    0.2581408E+09    0.6643921E+08
 281      0.692416E+09    0.3416298E+09    0.3431240E+08
 282      0.821702E+09    0.4235222E+09    0.8417799E+07
 283      0.866812E+09    0.4621444E+09    0.1065671E+08
 284      0.893768E+09    0.4989446E+09    0.1059329E+08
 285      0.880457E+09    0.4820992E+09    0.5493526E+07
 286      0.835936E+09    0.4638031E+09    0.3728403E+06
 287      0.738933E+09    0.3984975E+09   -0.3043557E+08
 288      0.588318E+09    0.3312208E+09   -0.6310974E+08
 289      0.359272E+09    0.2419142E+09   -0.1211689E+09
 290      0.466553E+08    0.1518703E+09   -0.1842527E+09
 291     -0.377434E+09    0.8333407E+08   -0.2254093E+09
 292     -0.913483E+09    0.2017942E+08   -0.2716047E+09
 293     -0.154792E+10    0.7459440E+07   -0.1595109E+09
 294     -0.223914E+10   -0.7167911E+07   -0.3589507E+08
 295     -0.212339E+10   -0.1171778E+07    0.7889720E+08
 296     -0.147723E+10   -0.8271124E+07    0.1699598E+09
 297     -0.887566E+09   -0.1005920E+08    0.2527568E+09
 298     -0.373080E+09    0.7997531E+08    0.1785655E+09
 299      0.192961E+08    0.1742453E+09    0.1095746E+09
 300      0.324227E+09    0.3165111E+09    0.3882371E+08
 301      0.550724E+09    0.4538872E+09   -0.2546891E+08
 302      0.726333E+09    0.5637018E+09   -0.4372625E+08
 303      0.825483E+09    0.6696723E+09   -0.5518214E+08
 304      0.868425E+09    0.7150337E+09   -0.2422060E+08
 305      0.897515E+09    0.7581372E+09    0.3090944E+07
 306      0.888242E+09    0.7325370E+09    0.2452147E+08
 307      0.856303E+09    0.7070365E+09    0.4671295E+08
 308      0.775104E+09    0.6154158E+09    0.3612581E+08
 309      0.639533E+09    0.5198121E+09    0.2363660E+08
 310      0.422384E+09    0.3867549E+09   -0.3532910E+08
 311      0.106751E+09    0.2493784E+09   -0.9907302E+08
 312     -0.338583E+09    0.1419280E+09   -0.1654708E+09
 313     -0.938088E+09    0.3536206E+08   -0.2390334E+09
 314     -0.167077E+10    0.1135294E+08   -0.1481753E+09
 315     -0.249927E+10   -0.5256433E+07   -0.4453438E+08
 316     -0.236815E+10   -0.2916690E+08    0.1072822E+09
 317     -0.153352E+10    0.3285196E+07    0.1472900E+09
 318     -0.819128E+09    0.3045763E+08    0.1667290E+09
 319     -0.274897E+09    0.1824737E+09    0.3290952E+08
 320      0.108313E+09    0.3457438E+09   -0.8107397E+08
 321      0.372699E+09    0.5402143E+09   -0.1412552E+09
 322      0.565014E+09    0.7324893E+09   -0.1931604E+09
 323      0.700145E+09    0.8645340E+09   -0.1666777E+09
 324      0.772189E+09    0.9892135E+09   -0.1354634E+09
 325      0.805022E+09    0.1032852E+10   -0.6842578E+08
 326      0.834486E+09    0.1079532E+10   -0.3315389E+07
 327      0.829458E+09    0.1047824E+10    0.5897134E+08
 328      0.810296E+09    0.1015548E+10    0.1219848E+09
 329      0.750230E+09    0.9003087E+09    0.1525954E+09
 330      0.647009E+09    0.7818607E+09    0.1827062E+09
 331      0.466148E+09    0.5973019E+09    0.1444313E+09
 332      0.191210E+09    0.4077105E+09    0.9851307E+08
 333     -0.236837E+09    0.2353916E+09   -0.6516607E+07
 334     -0.863171E+09    0.7318857E+08   -0.1289383E+09
 335     -0.171429E+10    0.2484820E+08   -0.1054802E+09
 336     -0.274366E+10   -0.2621191E+08   -0.5885431E+08
 337     -0.264589E+10    0.2631906E+08    0.1607802E+09
 338     -0.159262E+10    0.2090905E+08    0.1324889E+09
 339     -0.783268E+09    0.6647866E+08    0.9261422E+08
 340     -0.155002E+09    0.3543690E+09   -0.1052706E+09
 341      0.203137E+09    0.6138863E+09   -0.2840433E+09
 342      0.425421E+09    0.8797410E+09   -0.3269460E+09
 343      0.583807E+09    0.1123645E+10   -0.3648187E+09
 344      0.667140E+09    0.1268078E+10   -0.2910290E+09
 345      0.719730E+09    0.1409687E+10   -0.2143648E+09
 346      0.741445E+09    0.1458624E+10   -0.1113382E+09
 347      0.769905E+09    0.1510149E+10   -0.8738389E+07
 348      0.769622E+09    0.1469809E+10    0.9589556E+08
 349      0.763295E+09    0.1430455E+10    0.2006358E+09
 350      0.724306E+09    0.1293035E+10    0.2733201E+09
 351      0.655661E+09    0.1153241E+10    0.3478329E+09
 352      0.514538E+09    0.9159724E+09    0.3310941E+09
 353      0.283181E+09    0.6616677E+09    0.3076217E+09
 354     -0.115692E+09    0.4006316E+09    0.1472750E+09
 355     -0.814606E+09    0.1126313E+09   -0.3074156E+08
 356     -0.176288E+10    0.4316408E+08   -0.7072089E+08
 357     -0.301745E+10    0.1891660E+08   -0.9047097E+08
 358     -0.286141E+10   -0.1252857E+09    0.1880251E+09
 359     -0.144921E+10    0.7531845E+08    0.3036105E+07
 360     -0.481615E+09    0.2690519E+09   -0.2365562E+09
 361     -0.152864E+06    0.6729767E+09   -0.4789450E+09
 362      0.255501E+09    0.1085072E+10   -0.6360099E+09
 363      0.394010E+09    0.1369715E+10   -0.5964678E+09
 364      0.499699E+09    0.1645267E+10   -0.5608040E+09
 365      0.538944E+09    0.1785047E+10   -0.4314478E+09
 366      0.581857E+09    0.1929609E+10   -0.3056693E+09
 367      0.596500E+09    0.1977223E+10   -0.1568436E+09
 368      0.618425E+09    0.2026703E+10   -0.8723281E+07
 369      0.621019E+09    0.1982186E+10    0.1430989E+09
 370      0.624011E+09    0.1940429E+10    0.2950793E+09
 371      0.599234E+09    0.1793626E+10    0.4241629E+09
 372      0.562844E+09    0.1648586E+10    0.5572471E+09
 373      0.473811E+09    0.1372620E+10    0.6090792E+09
 374      0.329057E+09    0.1087638E+10    0.6655514E+09
 375      0.367367E+08    0.6868517E+09    0.5253697E+09
 376     -0.510923E+09    0.2919137E+09    0.3125622E+09
 377     -0.158680E+10    0.9290008E+08    0.7549336E+08
 378     -0.317506E+10   -0.1069207E+09   -0.1024447E+09
 379     -0.370845E+10    0.2652674E+09    0.6426449E+09
 380     -0.114176E+10    0.2912577E+09   -0.4989802E+08
 381     -0.125225E+09    0.5685681E+09   -0.7501938E+09
 382      0.147958E+09    0.1329415E+10   -0.9135012E+09
 383      0.302943E+09    0.1831966E+10   -0.1002135E+10
 384      0.349391E+09    0.2083186E+10   -0.8737792E+09
 385      0.400898E+09    0.2338582E+10   -0.7526212E+09
 386      0.409260E+09    0.2455806E+10   -0.5696355E+09
 387      0.438812E+09    0.2583568E+10   -0.3935180E+09
 388      0.448437E+09    0.2623093E+10   -0.1991766E+09
 389      0.464843E+09    0.2666895E+10   -0.5506704E+07
 390      0.469813E+09    0.2625530E+10    0.1934805E+09
 391      0.483120E+09    0.2588251E+10    0.3922474E+09
 392      0.469306E+09    0.2452056E+10    0.5797136E+09
 393      0.466158E+09    0.2322590E+10    0.7710690E+09
 394      0.423148E+09    0.2050065E+10    0.9020085E+09
 395      0.377539E+09    0.1782928E+10    0.1043342E+10
 396      0.189109E+09    0.1281135E+10    0.9622955E+09
 397     -0.144063E+09    0.5630201E+09    0.8061402E+09
 398     -0.126838E+10    0.2887082E+09    0.1499395E+09
 399     -0.393319E+10    0.2214077E+09   -0.4528162E+09
 400     -0.284207E+10   -0.4601611E+09   -0.1524399E+09
 401     -0.422180E+09    0.8407102E+09   -0.9203037E+09
 402     -0.104470E+09    0.2071026E+10   -0.1478790E+10
 403      0.907060E+08    0.2438231E+10   -0.1312231E+10
 404      0.141823E+09    0.2836381E+10   -0.1233888E+10
 405      0.169819E+09    0.2988871E+10   -0.1047187E+10
 406      0.191938E+09    0.3161308E+10   -0.8683832E+09
 407      0.201568E+09    0.3248225E+10   -0.6580168E+09
 408      0.217887E+09    0.3342081E+10   -0.4498375E+09
 409      0.225219E+09    0.3371221E+10   -0.2253656E+09
 410      0.235569E+09    0.3403568E+10   -0.1394847E+07
 411      0.239333E+09    0.3372005E+10    0.2302071E+09
 412      0.250052E+09    0.3343803E+10    0.4628425E+09
 413      0.241593E+09    0.3239387E+10    0.6917996E+09
 414      0.244458E+09    0.3141595E+10    0.9222668E+09
 415      0.224449E+09    0.2934713E+10    0.1124462E+10
 416      0.204459E+09    0.2742328E+10    0.1337832E+10
 417      0.136079E+09    0.2304800E+10    0.1425219E+10
 418     -0.794919E+08    0.1865262E+10    0.1603571E+10
 419     -0.472605E+09    0.7436444E+09    0.9889665E+09
 420     -0.294588E+10   -0.3998227E+09    0.2414507E+09
 421     -0.132185E+10    0.4563014E+10   -0.1057804E+10
 422      0.120468E+09    0.4437103E+10   -0.1734674E+10
 423     -0.881408E+08    0.4263727E+10   -0.2038472E+10
 424      0.168349E+08    0.4115362E+10   -0.1641477E+10
 425     -0.174410E+08    0.4044574E+10   -0.1432698E+10
 426     -0.463349E+07    0.4066401E+10   -0.1198244E+10
 427     -0.796523E+07    0.4105073E+10   -0.9747533E+09
 428     -0.191014E+07    0.4152260E+10   -0.7379351E+09
 429      0.212867E+07    0.4203187E+10   -0.5009067E+09
 430      0.625795E+07    0.4227864E+10   -0.2471044E+09
 431      0.105432E+08    0.4254070E+10    0.5931361E+07
 432      0.134438E+08    0.4236999E+10    0.2684714E+09
 433      0.202717E+08    0.4222716E+10    0.5339777E+09
 434      0.196140E+08    0.4166936E+10    0.8011161E+09
 435      0.258430E+08    0.4115800E+10    0.1068720E+10
 436      0.301526E+08    0.4039297E+10    0.1332726E+10
 437      0.267873E+08    0.3977688E+10    0.1610488E+10
 438      0.656758E+08    0.3901809E+10    0.1843857E+10
 439     -0.355204E+08    0.3901064E+10    0.2276548E+10
 440      0.181810E+09    0.3788220E+10    0.1886355E+10
 441     -0.133201E+10    0.3603804E+10    0.1224307E+10
