   1      0.314099E+09    0.5941155E+07   -0.6654033E+06
   2      0.216419E+09   -0.1075192E+08    0.2909466E+06
   3      0.144352E+09   -0.3027064E+08    0.1620395E+07
   4      0.824607E+08   -0.7090034E+08    0.7337848E+06
   5      0.362939E+08   -0.1090858E+09   -0.9143908E+06
   6     -0.202690E+07   -0.1444370E+09   -0.1008428E+07
   7     -0.375861E+08   -0.1815213E+09    0.2799357E+06
   8     -0.682129E+08   -0.2076802E+09   -0.7211639E+06
   9     -0.948159E+08   -0.2312925E+09   -0.2353222E+07
  10     -0.111162E+09   -0.2327619E+09   -0.1793212E+07
  11     -0.133932E+09   -0.2341144E+09   -0.2074790E+07
  12     -0.150731E+09   -0.2146206E+09   -0.1335645E+07
  13     -0.154587E+09   -0.1963556E+09   -0.4799792E+06
  14     -0.151330E+09   -0.1585024E+09   -0.1937485E+07
  15     -0.129666E+09   -0.1186584E+09   -0.1515292E+07
  16     -0.105754E+09   -0.7696507E+08   -0.4429236E+06
  17     -0.377205E+08   -0.3421992E+08   -0.1087067E+07
  18      0.241345E+08   -0.2219802E+07    0.3465790E+06
  19      0.128259E+09    0.2972774E+08    0.1912249E+07
  20      0.240648E+09    0.2049500E+08    0.5849387E+07
  21      0.354633E+09    0.8826901E+07    0.9873860E+07
  22      0.294624E+09    0.4454002E+07    0.1517739E+07
  23      0.201450E+09   -0.1175970E+08    0.1639949E+08
  24      0.134849E+09   -0.2914035E+08    0.3118538E+08
  25      0.778853E+08   -0.6492528E+08    0.3572895E+08
  26      0.356369E+08   -0.1011669E+09    0.4005840E+08
  27      0.836935E+06   -0.1411332E+09    0.3727289E+08
  28     -0.346087E+08   -0.1804413E+09    0.3553042E+08
  29     -0.570021E+08   -0.2081280E+09    0.2588887E+08
  30     -0.843725E+08   -0.2348985E+09    0.1512048E+08
  31     -0.101922E+09   -0.2418676E+09    0.5311379E+07
  32     -0.123463E+09   -0.2496748E+09   -0.4264424E+07
  33     -0.138600E+09   -0.2361011E+09   -0.1587634E+08
  34     -0.147203E+09   -0.2201505E+09   -0.2729037E+08
  35     -0.144280E+09   -0.1874573E+09   -0.3355007E+08
  36     -0.130366E+09   -0.1557367E+09   -0.3916436E+08
  37     -0.103240E+09   -0.1160729E+09   -0.3945038E+08
  38     -0.474637E+08   -0.7575524E+08   -0.3933870E+08
  39      0.157782E+08   -0.4558147E+08   -0.2910785E+08
  40      0.113751E+09   -0.1709924E+08   -0.1748634E+08
  41      0.223484E+09   -0.7860360E+07   -0.2543259E+07
  42      0.381614E+09    0.1769725E+07    0.9850991E+07
  43      0.274177E+09    0.4543295E+07    0.3845291E+07
  44      0.186597E+09   -0.9747154E+07    0.3227950E+08
  45      0.125676E+09   -0.2542900E+08    0.6025900E+08
  46      0.734731E+08   -0.6160653E+08    0.7056807E+08
  47      0.351600E+08   -0.9769159E+08    0.8132965E+08
  48      0.404916E+07   -0.1394506E+09    0.7591695E+08
  49     -0.308610E+08   -0.1797518E+09    0.6970330E+08
  50     -0.456815E+08   -0.2073300E+09    0.5219294E+08
  51     -0.735602E+08   -0.2374976E+09    0.3465788E+08
  52     -0.928599E+08   -0.2532656E+09    0.1328212E+08
  53     -0.113647E+09   -0.2654726E+09   -0.7055669E+07
  54     -0.125316E+09   -0.2528397E+09   -0.3036131E+08
  55     -0.141158E+09   -0.2412439E+09   -0.5370985E+08
  56     -0.137999E+09   -0.2120416E+09   -0.6488972E+08
  57     -0.131440E+09   -0.1814077E+09   -0.7661089E+08
  58     -0.100737E+09   -0.1427310E+09   -0.7768191E+08
  59     -0.599043E+08   -0.1049115E+09   -0.7658334E+08
  60      0.735622E+07   -0.7032147E+08   -0.5836580E+08
  61      0.974234E+08   -0.3442404E+08   -0.3815635E+08
  62      0.207349E+09   -0.1314527E+08   -0.1287906E+08
  63      0.413185E+09    0.6084409E+07    0.8471683E+07
  64      0.216559E+09    0.4499201E+07    0.4597746E+07
  65      0.144960E+09   -0.1017412E+08    0.4653658E+08
  66      0.967138E+08   -0.2589026E+08    0.8823239E+08
  67      0.561790E+08   -0.6195099E+08    0.1054208E+09
  68      0.301616E+08   -0.9836060E+08    0.1228127E+09
  69      0.108109E+08   -0.1390137E+09    0.1160938E+09
  70     -0.992076E+07   -0.1794401E+09    0.1077510E+09
  71     -0.239592E+08   -0.2129752E+09    0.8388470E+08
  72     -0.432581E+08   -0.2458893E+09    0.6103497E+08
  73     -0.597447E+08   -0.2590862E+09    0.2736380E+08
  74     -0.807581E+08   -0.2709939E+09   -0.6199522E+07
  75     -0.937661E+08   -0.2638359E+09   -0.3734078E+08
  76     -0.111605E+09   -0.2580831E+09   -0.6943773E+08
  77     -0.117816E+09   -0.2311770E+09   -0.9202112E+08
  78     -0.119050E+09   -0.2023904E+09   -0.1134088E+09
  79     -0.989528E+08   -0.1630477E+09   -0.1156328E+09
  80     -0.700432E+08   -0.1237898E+09   -0.1181513E+09
  81     -0.139811E+08   -0.8247897E+08   -0.9777742E+08
  82      0.632117E+08   -0.4078863E+08   -0.7523985E+08
  83      0.169500E+09   -0.1738124E+08   -0.3642485E+08
  84      0.386937E+09    0.4435722E+07    0.5702355E+06
  85      0.161561E+09    0.6016658E+07    0.3801052E+07
  86      0.102785E+09   -0.7853815E+07    0.6072282E+08
  87      0.678455E+08   -0.2423623E+08    0.1175860E+09
  88      0.391758E+08   -0.6184055E+08    0.1403807E+09
  89      0.245925E+08   -0.9729843E+08    0.1634922E+09
  90      0.174785E+08   -0.1406295E+09    0.1566196E+09
  91      0.105311E+08   -0.1853410E+09    0.1481334E+09
  92     -0.208741E+07   -0.2194000E+09    0.1161482E+09
  93     -0.127544E+08   -0.2509904E+09    0.8440318E+08
  94     -0.265297E+08   -0.2664279E+09    0.4093938E+08
  95     -0.465333E+08   -0.2848591E+09   -0.2743619E+07
  96     -0.640091E+08   -0.2783776E+09   -0.4484218E+08
  97     -0.804365E+08   -0.2681355E+09   -0.8676110E+08
  98     -0.968857E+08   -0.2414781E+09   -0.1190815E+09
  99     -0.106235E+09   -0.2153154E+09   -0.1512211E+09
 100     -0.983876E+08   -0.1680763E+09   -0.1560760E+09
 101     -0.764841E+08   -0.1208118E+09   -0.1612759E+09
 102     -0.356353E+08   -0.7929147E+08   -0.1372985E+09
 103      0.309132E+08   -0.3592758E+08   -0.1113805E+09
 104      0.130991E+09   -0.1281192E+08   -0.5737590E+08
 105      0.356577E+09    0.7346590E+07   -0.4441286E+07
 106      0.761727E+08    0.3732440E+07    0.5649932E+07
 107      0.314238E+08   -0.1228125E+08    0.7613989E+08
 108      0.174541E+08   -0.2892635E+08    0.1469307E+09
 109      0.103955E+08   -0.6611564E+08    0.1765297E+09
 110      0.146011E+08   -0.1042096E+09    0.2052575E+09
 111      0.255138E+08   -0.1445515E+09    0.1968733E+09
 112      0.361240E+08   -0.1841761E+09    0.1880348E+09
 113      0.367196E+08   -0.2175241E+09    0.1488645E+09
 114      0.354292E+08   -0.2509463E+09    0.1095764E+09
 115      0.254310E+08   -0.2667686E+09    0.5672251E+08
 116      0.907904E+07   -0.2811950E+09    0.3923117E+07
 117     -0.106921E+08   -0.2760292E+09   -0.5036601E+08
 118     -0.335231E+08   -0.2715088E+09   -0.1039195E+09
 119     -0.552887E+08   -0.2448367E+09   -0.1448866E+09
 120     -0.776679E+08   -0.2176192E+09   -0.1868915E+09
 121     -0.885006E+08   -0.1767032E+09   -0.1988056E+09
 122     -0.858539E+08   -0.1343418E+09   -0.2092789E+09
 123     -0.645442E+08   -0.8949952E+08   -0.1802705E+09
 124     -0.194475E+08   -0.4444448E+08   -0.1518342E+09
 125      0.602681E+08   -0.1848457E+08   -0.8061375E+08
 126      0.257651E+09    0.5373846E+07   -0.9386199E+07
 127     -0.120353E+08    0.5220320E+07    0.8797501E+07
 128     -0.384415E+08   -0.1109671E+08    0.9194354E+08
 129     -0.329656E+08   -0.2873639E+08    0.1749502E+09
 130     -0.195305E+08   -0.6483710E+08    0.2124769E+09
 131      0.574339E+07   -0.1016284E+09    0.2487525E+09
 132      0.334766E+08   -0.1453376E+09    0.2373969E+09
 133      0.613237E+08   -0.1872907E+09    0.2267818E+09
 134      0.759268E+08   -0.2179422E+09    0.1815543E+09
 135      0.828295E+08   -0.2490335E+09    0.1365556E+09
 136      0.783747E+08   -0.2661249E+09    0.7265224E+08
 137      0.641731E+08   -0.2825660E+09    0.7996976E+07
 138      0.429896E+08   -0.2756144E+09   -0.5610636E+08
 139      0.139153E+08   -0.2678564E+09   -0.1204312E+09
 140     -0.138541E+08   -0.2437389E+09   -0.1710994E+09
 141     -0.492310E+08   -0.2201109E+09   -0.2216035E+09
 142     -0.775770E+08   -0.1798114E+09   -0.2398884E+09
 143     -0.969526E+08   -0.1379421E+09   -0.2574415E+09
 144     -0.939607E+08   -0.9087966E+08   -0.2238611E+09
 145     -0.689639E+08   -0.4291591E+08   -0.1920568E+09
 146     -0.997643E+07   -0.1649913E+08   -0.1047815E+09
 147      0.155628E+09    0.7223572E+07   -0.1568897E+08
 148     -0.139134E+09    0.5419995E+07    0.9419591E+07
 149     -0.137227E+09   -0.1163137E+08    0.1087320E+09
 150     -0.102683E+09   -0.3098156E+08    0.2079994E+09
 151     -0.615041E+08   -0.7081238E+08    0.2489529E+09
 152     -0.551934E+07   -0.1090223E+09    0.2888635E+09
 153      0.471637E+08   -0.1457451E+09    0.2746570E+09
 154      0.936492E+08   -0.1822217E+09    0.2605269E+09
 155      0.127021E+09   -0.2107280E+09    0.2097932E+09
 156      0.143471E+09   -0.2391535E+09    0.1593679E+09
 157      0.151710E+09   -0.2532973E+09    0.8714403E+08
 158      0.139743E+09   -0.2675095E+09    0.1424365E+08
 159      0.116893E+09   -0.2637785E+09   -0.6059537E+08
 160      0.825898E+08   -0.2592931E+09   -0.1350930E+09
 161      0.444847E+08   -0.2354400E+09   -0.1938123E+09
 162     -0.608359E+07   -0.2115618E+09   -0.2525744E+09
 163     -0.527149E+08   -0.1732825E+09   -0.2777839E+09
 164     -0.982622E+08   -0.1337899E+09   -0.3037809E+09
 165     -0.130617E+09   -0.8653289E+08   -0.2698575E+09
 166     -0.137645E+09   -0.3747014E+08   -0.2357575E+09
 167     -0.118546E+09   -0.1355766E+08   -0.1267428E+09
 168     -0.100770E+08    0.7074323E+07   -0.1645253E+08
 169     -0.262841E+09    0.4987038E+07    0.1073280E+08
 170     -0.237183E+09   -0.1416403E+08    0.1258936E+09
 171     -0.173447E+09   -0.3540659E+08    0.2417676E+09
 172     -0.102331E+09   -0.7181947E+08    0.2861262E+09
 173     -0.176077E+08   -0.1068217E+09    0.3283120E+09
 174      0.606995E+08   -0.1394836E+09    0.3116895E+09
 175      0.126115E+09   -0.1722536E+09    0.2955136E+09
 176      0.177907E+09   -0.1952900E+09    0.2386086E+09
 177      0.205380E+09   -0.2165024E+09    0.1811588E+09
 178      0.225005E+09   -0.2252648E+09    0.1013966E+09
 179      0.216038E+09   -0.2359638E+09    0.2183758E+08
 180      0.192963E+09   -0.2358349E+09   -0.6434771E+08
 181      0.150316E+09   -0.2344738E+09   -0.1498024E+09
 182      0.103242E+09   -0.2168531E+09   -0.2171358E+09
 183      0.361846E+08   -0.1987657E+09   -0.2851529E+09
 184     -0.274729E+08   -0.1627205E+09   -0.3170127E+09
 185     -0.998801E+08   -0.1273955E+09   -0.3492442E+09
 186     -0.166228E+09   -0.8695736E+08   -0.3155835E+09
 187     -0.209748E+09   -0.4236664E+08   -0.2803090E+09
 188     -0.228395E+09   -0.1573985E+08   -0.1486626E+09
 189     -0.171831E+09    0.6849615E+07   -0.1717755E+08
 190     -0.434273E+09    0.4180543E+07    0.1637202E+08
 191     -0.366006E+09   -0.1521801E+08    0.1449762E+09
 192     -0.261737E+09   -0.3651744E+08    0.2732279E+09
 193     -0.146599E+09   -0.7000321E+08    0.3175525E+09
 194     -0.260061E+08   -0.1028737E+09    0.3601468E+09
 195      0.814207E+08   -0.1299485E+09    0.3373370E+09
 196      0.169627E+09   -0.1553707E+09    0.3152103E+09
 197      0.240045E+09   -0.1673972E+09    0.2521185E+09
 198      0.282314E+09   -0.1794743E+09    0.1887941E+09
 199      0.306192E+09   -0.1833481E+09    0.1063523E+09
 200      0.305784E+09   -0.1867610E+09    0.2408587E+08
 201      0.281459E+09   -0.1852478E+09   -0.6389534E+08
 202      0.235355E+09   -0.1857625E+09   -0.1516502E+09
 203      0.178531E+09   -0.1764921E+09   -0.2276497E+09
 204      0.995072E+08   -0.1654541E+09   -0.3050808E+09
 205      0.958522E+07   -0.1386523E+09   -0.3440889E+09
 206     -0.941609E+08   -0.1108752E+09   -0.3825738E+09
 207     -0.198472E+09   -0.7527329E+08   -0.3505390E+09
 208     -0.300619E+09   -0.3821817E+08   -0.3180966E+09
 209     -0.377003E+09   -0.1479116E+08   -0.1704639E+09
 210     -0.391006E+09    0.5896356E+07   -0.2103041E+08
 211     -0.607297E+09    0.5675732E+07    0.2109916E+08
 212     -0.494347E+09   -0.1462195E+08    0.1643566E+09
 213     -0.349684E+09   -0.3856493E+08    0.3063805E+09
 214     -0.192692E+09   -0.6879512E+08    0.3502678E+09
 215     -0.339664E+08   -0.9468127E+08    0.3924490E+09
 216      0.101857E+09   -0.1038548E+09    0.3635841E+09
 217      0.214380E+09   -0.1130748E+09    0.3354571E+09
 218      0.302956E+09   -0.1137140E+09    0.2665553E+09
 219      0.360868E+09   -0.1142598E+09    0.1979376E+09
 220      0.388262E+09   -0.1117524E+09    0.1113990E+09
 221      0.396567E+09   -0.1104666E+09    0.2631050E+08
 222      0.369254E+09   -0.1158846E+09   -0.6319621E+08
 223      0.322714E+09   -0.1210473E+09   -0.1539109E+09
 224      0.255390E+09   -0.1202356E+09   -0.2391590E+09
 225      0.164701E+09   -0.1203292E+09   -0.3251578E+09
 226      0.456537E+08   -0.1095415E+09   -0.3715340E+09
 227     -0.886940E+08   -0.9688634E+08   -0.4184863E+09
 228     -0.232438E+09   -0.6652937E+08   -0.3871987E+09
 229     -0.390960E+09   -0.3350234E+08   -0.3556663E+09
 230     -0.525685E+09   -0.1258433E+08   -0.1916973E+09
 231     -0.611586E+09    0.5070413E+07   -0.2484635E+08
 232     -0.830098E+09    0.2985126E+07    0.2763779E+08
 233     -0.649972E+09   -0.1587855E+08    0.1823903E+09
 234     -0.440231E+09   -0.3828789E+08    0.3345340E+09
 235     -0.227754E+09   -0.5619280E+08    0.3654007E+09
 236     -0.281621E+08   -0.7061178E+08    0.3959548E+09
 237      0.136724E+09   -0.6366776E+08    0.3570565E+09
 238      0.271902E+09   -0.5464590E+08    0.3187442E+09
 239      0.369638E+09   -0.3364502E+08    0.2499262E+09
 240      0.436746E+09   -0.1356170E+08    0.1830879E+09
 241      0.468662E+09   -0.4190158E+07    0.1040198E+09
 242      0.477178E+09    0.4304317E+07    0.2624567E+08
 243      0.454431E+09   -0.7032785E+05   -0.5660684E+08
 244      0.410706E+09   -0.5229804E+07   -0.1411931E+09
 245      0.339307E+09   -0.2209744E+08   -0.2234429E+09
 246      0.237937E+09   -0.4061900E+08   -0.3061258E+09
 247      0.101988E+09   -0.5221907E+08   -0.3628703E+09
 248     -0.634811E+08   -0.6119686E+08   -0.4222090E+09
 249     -0.256656E+09   -0.4835984E+08   -0.4017193E+09
 250     -0.480828E+09   -0.3227044E+08   -0.3819731E+09
 251     -0.702601E+09   -0.1225183E+08   -0.2084290E+09
 252     -0.894107E+09    0.4172857E+07   -0.2950153E+08
 253     -0.105177E+10    0.2749717E+07    0.3618780E+08
 254     -0.807532E+09   -0.1645348E+08    0.2016523E+09
 255     -0.532828E+09   -0.3809665E+08    0.3632474E+09
 256     -0.262359E+09   -0.3770046E+08    0.3818231E+09
 257     -0.254666E+08   -0.3254422E+08    0.4019831E+09
 258      0.173511E+09    0.5704360E+07    0.3522591E+09
 259      0.329607E+09    0.4455403E+08    0.3026566E+09
 260      0.437857E+09    0.8802372E+08    0.2334267E+09
 261      0.511086E+09    0.1307206E+09    0.1676936E+09
 262      0.550505E+09    0.1520942E+09    0.9703933E+08
 263      0.559064E+09    0.1710479E+09    0.2591654E+08
 264      0.541526E+09    0.1593564E+09   -0.5067532E+08
 265      0.498809E+09    0.1465883E+09   -0.1279562E+09
 266      0.423347E+09    0.1087876E+09   -0.2071618E+09
 267      0.310989E+09    0.6922980E+08   -0.2871333E+09
 268      0.160701E+09    0.2912006E+08   -0.3548254E+09
 269     -0.386516E+08   -0.1103306E+08   -0.4259790E+09
 270     -0.281956E+09   -0.1996883E+08   -0.4172875E+09
 271     -0.571260E+09   -0.2210545E+08   -0.4107103E+09
 272     -0.882143E+09   -0.7655904E+07   -0.2259375E+09
 273     -0.117585E+10    0.3109783E+07   -0.3378879E+08
 274     -0.133363E+10   -0.4539757E+07    0.5183713E+08
 275     -0.969276E+09   -0.1329741E+08    0.2108260E+09
 276     -0.601932E+09   -0.2603649E+08    0.3626785E+09
 277     -0.261302E+09    0.2258106E+07    0.3518082E+09
 278      0.103537E+08    0.3682682E+08    0.3431452E+09
 279      0.228816E+09    0.1131488E+09    0.2814774E+09
 280      0.388080E+09    0.1904788E+09    0.2243760E+09
 281      0.493000E+09    0.2615688E+09    0.1683451E+09
 282      0.562557E+09    0.3310499E+09    0.1144428E+09
 283      0.599606E+09    0.3649606E+09    0.6756761E+08
 284      0.610753E+09    0.3973050E+09    0.2136975E+08
 285      0.595748E+09    0.3767268E+09   -0.2922105E+08
 286      0.560264E+09    0.3537049E+09   -0.8031255E+08
 287      0.490227E+09    0.2892271E+09   -0.1446534E+09
 288      0.384309E+09    0.2240693E+09   -0.2107049E+09
 289      0.234002E+09    0.1485090E+09   -0.2821948E+09
 290      0.187102E+08    0.7215348E+08   -0.3587008E+09
 291     -0.266004E+09    0.2895003E+08   -0.3794840E+09
 292     -0.635502E+09   -0.7006387E+07   -0.4030622E+09
 293     -0.106543E+10   -0.3356216E+07   -0.2278333E+09
 294     -0.151028E+10   -0.3612932E+07   -0.4252682E+08
 295     -0.161913E+10    0.2767888E+07    0.6874705E+08
 296     -0.113283E+10   -0.9337770E+07    0.2220069E+09
 297     -0.680406E+09   -0.1841319E+08    0.3678299E+09
 298     -0.259653E+09    0.5714467E+08    0.3257479E+09
 299      0.477037E+08    0.1395409E+09    0.2858056E+09
 300      0.286820E+09    0.2722215E+09    0.2117355E+09
 301      0.448318E+09    0.4002061E+09    0.1448576E+09
 302      0.549366E+09    0.5079703E+09    0.1021815E+09
 303      0.616277E+09    0.6121104E+09    0.6108341E+08
 304      0.648393E+09    0.6541709E+09    0.3870253E+08
 305      0.661776E+09    0.6946711E+09    0.1717737E+08
 306      0.649338E+09    0.6688834E+09   -0.6911815E+07
 307      0.623047E+09    0.6420351E+09   -0.3181866E+08
 308      0.559037E+09    0.5513492E+09   -0.8077645E+08
 309      0.461377E+09    0.4560733E+09   -0.1317035E+09
 310      0.309075E+09    0.3264057E+09   -0.2088790E+09
 311      0.782737E+08    0.1936819E+09   -0.2929370E+09
 312     -0.248266E+09    0.9929156E+08   -0.3438696E+09
 313     -0.708407E+09    0.8379368E+07   -0.3978513E+09
 314     -0.125138E+10    0.1384305E+07   -0.2323400E+09
 315     -0.185025E+10   -0.7891305E+06   -0.5453443E+08
 316     -0.193996E+10   -0.2624805E+08    0.9459361E+08
 317     -0.125320E+10   -0.4712665E+06    0.2041649E+09
 318     -0.655403E+09    0.1907615E+08    0.2921069E+09
 319     -0.186608E+09    0.1619662E+09    0.1867212E+09
 320      0.131782E+09    0.3175489E+09    0.9899153E+08
 321      0.341994E+09    0.5104888E+09    0.3329750E+08
 322      0.478066E+09    0.7001054E+09   -0.2190792E+08
 323      0.556099E+09    0.8362998E+09   -0.2643293E+08
 324      0.609795E+09    0.9696983E+09   -0.3069380E+08
 325      0.630150E+09    0.1022642E+10   -0.9549404E+07
 326      0.644328E+09    0.1074538E+10    0.1147524E+08
 327      0.633935E+09    0.1038661E+10    0.3021716E+08
 328      0.622334E+09    0.1002250E+10    0.4889136E+08
 329      0.572200E+09    0.8804503E+09    0.4040546E+08
 330      0.502591E+09    0.7556707E+09    0.3161212E+08
 331      0.373829E+09    0.5717764E+09   -0.2926797E+08
 332      0.173595E+09    0.3839198E+09   -0.9853766E+08
 333     -0.162568E+09    0.2173616E+09   -0.1894793E+09
 334     -0.675453E+09    0.6189508E+08   -0.2982076E+09
 335     -0.137494E+10    0.2048100E+08   -0.1971117E+09
 336     -0.221615E+10   -0.2472537E+08   -0.7038533E+08
 337     -0.229342E+10    0.2661312E+08    0.1475163E+09
 338     -0.137709E+10    0.1671457E+08    0.1951100E+09
 339     -0.662454E+09    0.5578933E+08    0.2284951E+09
 340     -0.918277E+08    0.3390888E+09    0.5575980E+08
 341      0.220807E+09    0.5967996E+09   -0.9970087E+08
 342      0.402434E+09    0.8685749E+09   -0.1511947E+09
 343      0.508788E+09    0.1119784E+10   -0.1939524E+09
 344      0.561136E+09    0.1280411E+10   -0.1577079E+09
 345      0.602076E+09    0.1437380E+10   -0.1232746E+09
 346      0.609387E+09    0.1493787E+10   -0.5857204E+08
 347      0.624644E+09    0.1551811E+10    0.6644099E+07
 348      0.616843E+09    0.1510063E+10    0.7009400E+08
 349      0.619653E+09    0.1469184E+10    0.1334035E+09
 350      0.584502E+09    0.1325683E+10    0.1666840E+09
 351      0.544116E+09    0.1179724E+10    0.2011498E+09
 352      0.445236E+09    0.9324699E+09    0.1580844E+09
 353      0.273178E+09    0.6669172E+09    0.1087807E+09
 354     -0.562606E+08    0.3998572E+09   -0.4101491E+08
 355     -0.667965E+09    0.1081994E+09   -0.2105092E+09
 356     -0.150404E+10    0.4098195E+08   -0.1694060E+09
 357     -0.261287E+10    0.1841958E+08   -0.1046393E+09
 358     -0.259890E+10   -0.1213736E+09    0.1753858E+09
 359     -0.130209E+10    0.7225596E+08    0.6771726E+08
 360     -0.394676E+09    0.2579610E+09   -0.9984879E+08
 361      0.495878E+08    0.6660654E+09   -0.3262116E+09
 362      0.273149E+09    0.1085800E+10   -0.4672372E+09
 363      0.381409E+09    0.1388804E+10   -0.4370836E+09
 364      0.447034E+09    0.1682669E+10   -0.4113298E+09
 365      0.470242E+09    0.1842379E+10   -0.3160428E+09
 366      0.498617E+09    0.2004374E+10   -0.2236368E+09
 367      0.497617E+09    0.2056105E+10   -0.1092587E+09
 368      0.509738E+09    0.2110100E+10    0.4426466E+07
 369      0.506971E+09    0.2065679E+10    0.1175617E+09
 370      0.517007E+09    0.2023638E+10    0.2309128E+09
 371      0.496273E+09    0.1870477E+10    0.3238407E+09
 372      0.483595E+09    0.1718763E+10    0.4195352E+09
 373      0.427193E+09    0.1430481E+10    0.4488318E+09
 374      0.326561E+09    0.1132561E+10    0.4831373E+09
 375      0.879203E+08    0.7156210E+09    0.3520516E+09
 376     -0.400292E+09    0.3048377E+09    0.1463017E+09
 377     -0.140376E+10    0.9812191E+08   -0.1612520E+08
 378     -0.290595E+10   -0.1084607E+09   -0.1155803E+09
 379     -0.353974E+10    0.2605595E+09    0.6285565E+09
 380     -0.106755E+10    0.2860021E+09    0.2068884E+08
 381     -0.665574E+08    0.5613073E+09   -0.6105626E+09
 382      0.187132E+09    0.1340155E+10   -0.7700188E+09
 383      0.325000E+09    0.1862713E+10   -0.8511954E+09
 384      0.346940E+09    0.2136022E+10   -0.7355482E+09
 385      0.377038E+09    0.2416148E+10   -0.6290838E+09
 386      0.372789E+09    0.2546198E+10   -0.4737967E+09
 387      0.388867E+09    0.2682906E+10   -0.3219054E+09
 388      0.381943E+09    0.2723679E+10   -0.1576576E+09
 389      0.391907E+09    0.2768800E+10    0.4769248E+07
 390      0.393562E+09    0.2727986E+10    0.1673175E+09
 391      0.409913E+09    0.2690404E+10    0.3314062E+09
 392      0.402785E+09    0.2551585E+10    0.4854668E+09
 393      0.417030E+09    0.2419772E+10    0.6423226E+09
 394      0.398611E+09    0.2137399E+10    0.7542859E+09
 395      0.383121E+09    0.1861021E+10    0.8763323E+09
 396      0.232183E+09    0.1336386E+10    0.8068894E+09
 397     -0.658326E+08    0.5905195E+09    0.6581433E+09
 398     -0.115957E+10    0.2964648E+09    0.6588891E+08
 399     -0.380476E+10    0.2137195E+09   -0.4670002E+09
 400     -0.276885E+10   -0.4658148E+09   -0.1532482E+09
 401     -0.385269E+09    0.8366311E+09   -0.8666194E+09
 402     -0.694165E+08    0.2081242E+10   -0.1384553E+10
 403      0.116204E+09    0.2488058E+10   -0.1201800E+10
 404      0.159572E+09    0.2917104E+10   -0.1105375E+10
 405      0.172097E+09    0.3081397E+10   -0.9213462E+09
 406      0.185773E+09    0.3263863E+10   -0.7468077E+09
 407      0.184331E+09    0.3343649E+10   -0.5576363E+09
 408      0.193996E+09    0.3430338E+10   -0.3702379E+09
 409      0.191198E+09    0.3453252E+10   -0.1794739E+09
 410      0.198561E+09    0.3480221E+10    0.1006595E+08
 411      0.200275E+09    0.3449205E+10    0.2029935E+09
 412      0.209915E+09    0.3421535E+10    0.3970801E+09
 413      0.208336E+09    0.3322754E+10    0.5928606E+09
 414      0.217396E+09    0.3229619E+10    0.7898666E+09
 415      0.213000E+09    0.3021243E+10    0.9792882E+09
 416      0.207372E+09    0.2825783E+10    0.1180012E+10
 417      0.158781E+09    0.2371661E+10    0.1288220E+10
 418     -0.372264E+08    0.1912800E+10    0.1488206E+10
 419     -0.417959E+09    0.7644906E+09    0.9295060E+09
 420     -0.289715E+10   -0.4009958E+09    0.2385394E+09
 421     -0.134304E+10    0.4496426E+10   -0.1071827E+10
 422      0.124015E+09    0.4446248E+10   -0.1711558E+10
 423     -0.818299E+08    0.4345689E+10   -0.1990080E+10
 424      0.255761E+08    0.4235967E+10   -0.1563099E+10
 425     -0.846756E+07    0.4207892E+10   -0.1323871E+10
 426      0.153863E+07    0.4199758E+10   -0.1080953E+10
 427     -0.436308E+06    0.4206117E+10   -0.8510600E+09
 428      0.143536E+07    0.4217239E+10   -0.6318798E+09
 429      0.474016E+07    0.4232734E+10   -0.4132090E+09
 430      0.576903E+07    0.4238466E+10   -0.1973438E+09
 431      0.981738E+07    0.4246640E+10    0.1741676E+08
 432      0.119133E+08    0.4231594E+10    0.2390530E+09
 433      0.151793E+08    0.4218547E+10    0.4611385E+09
 434      0.188081E+08    0.4178147E+10    0.6956753E+09
 435      0.219551E+08    0.4140630E+10    0.9308972E+09
 436      0.307042E+08    0.4074285E+10    0.1188158E+10
 437      0.267939E+08    0.4021259E+10    0.1460585E+10
 438      0.671483E+08    0.3940616E+10    0.1722020E+10
 439     -0.315975E+08    0.3934895E+10    0.2189793E+10
 440      0.181811E+09    0.3796551E+10    0.1851483E+10
 441     -0.135573E+10    0.3589896E+10    0.1236302E+10
