   1     -0.859932E+08    0.8618485E+07    0.6828674E+05
   2     -0.719062E+08   -0.1840298E+08    0.1355378E+07
   3     -0.560440E+08   -0.4733068E+08    0.2041760E+07
   4     -0.197229E+08   -0.1103048E+09    0.3095576E+07
   5      0.188228E+08   -0.1746392E+09    0.5136733E+07
   6      0.648285E+08   -0.2477868E+09    0.3945170E+07
   7      0.103018E+09   -0.3177887E+09    0.2291037E+07
   8      0.127151E+09   -0.3725901E+09    0.2452570E+07
   9      0.135808E+09   -0.4282699E+09    0.2617049E+07
  10      0.126253E+09   -0.4591874E+09    0.1692399E+07
  11      0.100677E+09   -0.4899700E+09    0.8148529E+06
  12      0.534623E+08   -0.4816621E+09   -0.6704117E+06
  13     -0.334990E+07   -0.4710570E+09   -0.2077949E+07
  14     -0.646369E+08   -0.4248898E+09   -0.2030390E+07
  15     -0.120739E+09   -0.3796333E+09   -0.2346130E+07
  16     -0.162264E+09   -0.3067031E+09   -0.3656017E+07
  17     -0.173991E+09   -0.2300906E+09   -0.5385442E+07
  18     -0.150866E+09   -0.1496527E+09   -0.3891887E+07
  19     -0.723302E+08   -0.6839738E+08   -0.3811284E+07
  20      0.748620E+08   -0.2446730E+08   -0.2218978E+07
  21      0.320600E+09    0.1453832E+08    0.1539050E+07
  22     -0.115729E+09    0.6506898E+07    0.2780039E+07
  23     -0.935867E+08   -0.1660072E+08    0.2438738E+08
  24     -0.690275E+08   -0.4171686E+08    0.4527312E+08
  25     -0.297842E+08   -0.9446369E+08    0.5414497E+08
  26      0.165399E+08   -0.1462830E+09    0.6332924E+08
  27      0.666920E+08   -0.2040153E+09    0.6102609E+08
  28      0.108620E+09   -0.2621228E+09    0.5903567E+08
  29      0.136250E+09   -0.3111789E+09    0.4990010E+08
  30      0.148295E+09   -0.3593803E+09    0.4057483E+08
  31      0.141033E+09   -0.3836550E+09    0.2565552E+08
  32      0.116611E+09   -0.4073778E+09    0.1097949E+08
  33      0.712803E+08   -0.4023033E+09   -0.6603947E+07
  34      0.143773E+08   -0.3972224E+09   -0.2458280E+08
  35     -0.490203E+08   -0.3590010E+09   -0.4055572E+08
  36     -0.107016E+09   -0.3190498E+09   -0.5669666E+08
  37     -0.153787E+09   -0.2553130E+09   -0.6561680E+08
  38     -0.171873E+09   -0.1913186E+09   -0.7448623E+08
  39     -0.158096E+09   -0.1259519E+09   -0.6779751E+08
  40     -0.879594E+08   -0.5959204E+08   -0.6160227E+08
  41      0.471838E+08   -0.2493429E+08   -0.3424048E+08
  42      0.273298E+09    0.6854358E+07   -0.5985684E+07
  43     -0.146677E+09    0.6704743E+07    0.4714269E+07
  44     -0.116300E+09   -0.1189017E+08    0.4712247E+08
  45     -0.821303E+08   -0.3291566E+08    0.8879681E+08
  46     -0.402294E+08   -0.7914514E+08    0.1049249E+09
  47      0.150379E+08   -0.1238207E+09    0.1206299E+09
  48      0.683496E+08   -0.1729914E+09    0.1176375E+09
  49      0.114239E+09   -0.2225939E+09    0.1158948E+09
  50      0.146264E+09   -0.2635009E+09    0.9726284E+08
  51      0.161420E+09   -0.3030243E+09    0.7803446E+08
  52      0.156294E+09   -0.3242382E+09    0.4979285E+08
  53      0.133392E+09   -0.3464744E+09    0.2164172E+08
  54      0.899878E+08   -0.3395344E+09   -0.1291793E+08
  55      0.330050E+08   -0.3306001E+09   -0.4774711E+08
  56     -0.326048E+08   -0.2965337E+09   -0.7903183E+08
  57     -0.932088E+08   -0.2628004E+09   -0.1102281E+09
  58     -0.144826E+09   -0.2124807E+09   -0.1266524E+09
  59     -0.170516E+09   -0.1608972E+09   -0.1427375E+09
  60     -0.164975E+09   -0.1047797E+09   -0.1313438E+09
  61     -0.105618E+09   -0.4539283E+08   -0.1206535E+09
  62      0.185829E+08   -0.1428301E+08   -0.6591905E+08
  63      0.222747E+09    0.1170689E+08   -0.1049292E+08
  64     -0.222474E+09    0.4541685E+07    0.6021258E+07
  65     -0.174464E+09   -0.1193806E+08    0.6308762E+08
  66     -0.121406E+09   -0.2970818E+08    0.1198788E+09
  67     -0.621746E+08   -0.6747522E+08    0.1414333E+09
  68      0.752046E+07   -0.1052408E+09    0.1627345E+09
  69      0.716781E+08   -0.1479134E+09    0.1585925E+09
  70      0.129052E+09   -0.1895127E+09    0.1545530E+09
  71      0.171565E+09   -0.2223208E+09    0.1297927E+09
  72      0.195082E+09   -0.2559435E+09    0.1047471E+09
  73      0.195038E+09   -0.2724759E+09    0.6593621E+08
  74      0.177080E+09   -0.2876235E+09    0.2730227E+08
  75      0.136970E+09   -0.2823924E+09   -0.1864223E+08
  76      0.779310E+08   -0.2774447E+09   -0.6468683E+08
  77      0.988452E+07   -0.2506332E+09   -0.1060848E+09
  78     -0.606418E+08   -0.2227639E+09   -0.1477966E+09
  79     -0.122196E+09   -0.1773009E+09   -0.1698281E+09
  80     -0.168302E+09   -0.1308714E+09   -0.1916012E+09
  81     -0.180727E+09   -0.8516788E+08   -0.1755339E+09
  82     -0.148223E+09   -0.3986378E+08   -0.1609716E+09
  83     -0.580078E+08   -0.1663851E+08   -0.8745434E+08
  84      0.108035E+09    0.5071620E+07   -0.1202755E+08
  85     -0.297434E+09    0.4591381E+07    0.7677620E+07
  86     -0.231938E+09   -0.8731425E+07    0.7892888E+08
  87     -0.161014E+09   -0.2320597E+08    0.1501038E+09
  88     -0.836669E+08   -0.5737576E+08    0.1781481E+09
  89     -0.845444E+06   -0.9154696E+08    0.2057415E+09
  90      0.755416E+08   -0.1277724E+09    0.1998493E+09
  91      0.144577E+09   -0.1639637E+09    0.1933569E+09
  92      0.196059E+09   -0.1913574E+09    0.1620964E+09
  93      0.228370E+09   -0.2175624E+09    0.1318064E+09
  94      0.234271E+09   -0.2322962E+09    0.8241151E+08
  95      0.220489E+09   -0.2470311E+09    0.3242851E+08
  96      0.183630E+09   -0.2409231E+09   -0.2417842E+08
  97      0.122119E+09   -0.2347203E+09   -0.8071559E+08
  98      0.521363E+08   -0.2110147E+09   -0.1330615E+09
  99     -0.274575E+08   -0.1861846E+09   -0.1862928E+09
 100     -0.100077E+09   -0.1493923E+09   -0.2135010E+09
 101     -0.165566E+09   -0.1127401E+09   -0.2407827E+09
 102     -0.197536E+09   -0.7148671E+08   -0.2202159E+09
 103     -0.189787E+09   -0.2844462E+08   -0.1997933E+09
 104     -0.133545E+09   -0.9879771E+07   -0.1085536E+09
 105     -0.704605E+07    0.5988621E+07   -0.1583965E+08
 106     -0.407856E+09    0.3527826E+07    0.9647751E+07
 107     -0.314465E+09   -0.1038345E+08    0.9200016E+08
 108     -0.219030E+09   -0.2538666E+08    0.1740709E+09
 109     -0.116244E+09   -0.5463370E+08    0.2064032E+09
 110     -0.117160E+08   -0.8372276E+08    0.2380702E+09
 111      0.827465E+08   -0.1152167E+09    0.2299731E+09
 112      0.169216E+09   -0.1462780E+09    0.2217972E+09
 113      0.232969E+09   -0.1694209E+09    0.1842497E+09
 114      0.273523E+09   -0.1920736E+09    0.1477118E+09
 115      0.291838E+09   -0.2004408E+09    0.9182432E+08
 116      0.282427E+09   -0.2087034E+09    0.3512121E+08
 117      0.247680E+09   -0.2042041E+09   -0.2883953E+08
 118      0.186686E+09   -0.1995022E+09   -0.9322093E+08
 119      0.112425E+09   -0.1789420E+09   -0.1532299E+09
 120      0.209992E+08   -0.1579204E+09   -0.2132975E+09
 121     -0.704006E+08   -0.1264766E+09   -0.2438019E+09
 122     -0.156432E+09   -0.9435153E+08   -0.2753887E+09
 123     -0.221646E+09   -0.6056798E+08   -0.2534631E+09
 124     -0.254170E+09   -0.2576594E+08   -0.2303148E+09
 125     -0.242163E+09   -0.8993231E+07   -0.1227978E+09
 126     -0.164138E+09    0.5610890E+07   -0.1431477E+08
 127     -0.518423E+09    0.4277184E+07    0.1167829E+08
 128     -0.396091E+09   -0.8718783E+07    0.1054802E+09
 129     -0.277288E+09   -0.2365289E+08    0.1990439E+09
 130     -0.148809E+09   -0.5224525E+08    0.2349243E+09
 131     -0.228238E+08   -0.7958318E+08    0.2703756E+09
 132      0.898667E+08   -0.1042981E+09    0.2601564E+09
 133      0.193678E+09   -0.1281666E+09    0.2496452E+09
 134      0.270283E+09   -0.1450083E+09    0.2070204E+09
 135      0.319563E+09   -0.1619861E+09    0.1642538E+09
 136      0.349032E+09   -0.1692238E+09    0.1008293E+09
 137      0.343982E+09   -0.1770436E+09    0.3831559E+08
 138      0.311741E+09   -0.1734687E+09   -0.3318873E+08
 139      0.252364E+09   -0.1682807E+09   -0.1066677E+09
 140      0.172452E+09   -0.1503320E+09   -0.1740133E+09
 141      0.682396E+08   -0.1332808E+09   -0.2401551E+09
 142     -0.408151E+08   -0.1080595E+09   -0.2745168E+09
 143     -0.147291E+09   -0.8180178E+08   -0.3103737E+09
 144     -0.244920E+09   -0.5253900E+08   -0.2864854E+09
 145     -0.318889E+09   -0.2240332E+08   -0.2605793E+09
 146     -0.352165E+09   -0.8549550E+07   -0.1373135E+09
 147     -0.315960E+09    0.3564793E+07   -0.1377401E+08
 148     -0.657807E+09    0.3635779E+07    0.1344708E+08
 149     -0.501852E+09   -0.1028665E+08    0.1186890E+09
 150     -0.345608E+09   -0.2572863E+08    0.2226933E+09
 151     -0.185851E+09   -0.5055525E+08    0.2581908E+09
 152     -0.335366E+08   -0.7462269E+08    0.2938881E+09
 153      0.103565E+09   -0.9481649E+08    0.2793452E+09
 154      0.224426E+09   -0.1142093E+09    0.2651137E+09
 155      0.315883E+09   -0.1262342E+09    0.2189571E+09
 156      0.379833E+09   -0.1382044E+09    0.1723123E+09
 157      0.415746E+09   -0.1417135E+09    0.1049068E+09
 158      0.416479E+09   -0.1448158E+09    0.3832699E+08
 159      0.388392E+09   -0.1392079E+09   -0.3774531E+08
 160      0.331062E+09   -0.1341401E+09   -0.1149526E+09
 161      0.242447E+09   -0.1228146E+09   -0.1855694E+09
 162      0.126422E+09   -0.1109834E+09   -0.2563091E+09
 163     -0.228621E+07   -0.8911332E+08   -0.2955311E+09
 164     -0.136643E+09   -0.6606859E+08   -0.3354031E+09
 165     -0.272548E+09   -0.4335606E+08   -0.3085623E+09
 166     -0.397148E+09   -0.2112361E+08   -0.2806920E+09
 167     -0.485633E+09   -0.8583530E+07   -0.1493786E+09
 168     -0.504524E+09    0.3120860E+07   -0.1675874E+08
 169     -0.795108E+09    0.3280617E+07    0.1613163E+08
 170     -0.608414E+09   -0.1057682E+08    0.1323214E+09
 171     -0.412250E+09   -0.2656371E+08    0.2465333E+09
 172     -0.223308E+09   -0.4944366E+08    0.2817391E+09
 173     -0.439058E+08   -0.6999933E+08    0.3176788E+09
 174      0.117137E+09   -0.8406760E+08    0.2996549E+09
 175      0.255168E+09   -0.9850153E+08    0.2819156E+09
 176      0.361887E+09   -0.1009541E+09    0.2305404E+09
 177      0.439534E+09   -0.1018343E+09    0.1797008E+09
 178      0.482705E+09   -0.1022077E+09    0.1096725E+09
 179      0.490641E+09   -0.1048593E+09    0.3876444E+08
 180      0.465742E+09   -0.1021752E+09   -0.4296503E+08
 181      0.408569E+09   -0.9776367E+08   -0.1235336E+09
 182      0.312448E+09   -0.9222368E+08   -0.1968626E+09
 183      0.186179E+09   -0.8802158E+08   -0.2727880E+09
 184      0.356297E+08   -0.7545968E+08   -0.3171807E+09
 185     -0.125612E+09   -0.6157713E+08   -0.3611775E+09
 186     -0.302323E+09   -0.4072366E+08   -0.3313524E+09
 187     -0.472849E+09   -0.1761414E+08   -0.3023019E+09
 188     -0.618602E+09   -0.4864752E+07   -0.1615269E+09
 189     -0.693716E+09    0.5121537E+07   -0.1746849E+08
 190     -0.968345E+09    0.2285154E+07    0.2136758E+08
 191     -0.733579E+09   -0.1133413E+08    0.1452213E+09
 192     -0.487450E+09   -0.2674769E+08    0.2674703E+09
 193     -0.256585E+09   -0.4563326E+08    0.2984900E+09
 194     -0.467078E+08   -0.6310870E+08    0.3292815E+09
 195      0.139410E+09   -0.6755632E+08    0.3046304E+09
 196      0.294726E+09   -0.7055739E+08    0.2807592E+09
 197      0.414936E+09   -0.6642944E+08    0.2269726E+09
 198      0.501122E+09   -0.6321966E+08    0.1740935E+09
 199      0.551927E+09   -0.5692191E+08    0.1050372E+09
 200      0.568035E+09   -0.4963863E+08    0.3568672E+08
 201      0.544957E+09   -0.4912999E+08   -0.4250880E+08
 202      0.486149E+09   -0.5075704E+08   -0.1202989E+09
 203      0.387978E+09   -0.5315455E+08   -0.1949787E+09
 204      0.255222E+09   -0.5485382E+08   -0.2717357E+09
 205      0.843517E+08   -0.5078085E+08   -0.3214671E+09
 206     -0.110630E+09   -0.4613206E+08   -0.3706693E+09
 207     -0.329071E+09   -0.3268421E+08   -0.3454967E+09
 208     -0.553326E+09   -0.1751777E+08   -0.3208252E+09
 209     -0.770908E+09   -0.6913210E+07   -0.1710291E+09
 210     -0.913941E+09    0.1925056E+07   -0.1870771E+08
 211     -0.114230E+10    0.3135730E+07    0.2608925E+08
 212     -0.858570E+09   -0.1052661E+08    0.1586550E+09
 213     -0.564067E+09   -0.2664742E+08    0.2892146E+09
 214     -0.289879E+09   -0.3836872E+08    0.3159416E+09
 215     -0.498604E+08   -0.4737371E+08    0.3422283E+09
 216      0.162174E+09   -0.3974096E+08    0.3101127E+09
 217      0.333667E+09   -0.3123334E+08    0.2803375E+09
 218      0.468371E+09   -0.1428555E+08    0.2247140E+09
 219      0.564125E+09    0.3569004E+07    0.1688731E+09
 220      0.622193E+09    0.1569947E+08    0.1000807E+09
 221      0.644745E+09    0.2510892E+08    0.3238063E+08
 222      0.623971E+09    0.2146333E+08   -0.4175105E+08
 223      0.565614E+09    0.1862561E+08   -0.1173430E+09
 224      0.464216E+09    0.7775869E+07   -0.1940849E+09
 225      0.322791E+09   -0.5053500E+07   -0.2711124E+09
 226      0.134537E+09   -0.1684820E+08   -0.3262280E+09
 227     -0.981492E+08   -0.2659012E+08   -0.3815138E+09
 228     -0.354711E+09   -0.2103661E+08   -0.3601521E+09
 229     -0.637910E+09   -0.1342712E+08   -0.3387551E+09
 230     -0.922705E+09   -0.3873088E+07   -0.1806291E+09
 231     -0.113519E+10    0.3530483E+07   -0.2031085E+08
 232     -0.134887E+10   -0.2320263E+06    0.3363669E+08
 233     -0.996102E+09   -0.1098120E+08    0.1687080E+09
 234     -0.636958E+09   -0.2385155E+08    0.3007918E+09
 235     -0.308795E+09   -0.2471740E+08    0.3148539E+09
 236     -0.343399E+08   -0.2276473E+08    0.3285010E+09
 237      0.198764E+09    0.1883469E+07    0.2872148E+09
 238      0.378724E+09    0.2760361E+08    0.2490385E+09
 239      0.521215E+09    0.6009628E+08    0.1952511E+09
 240      0.620423E+09    0.9183808E+08    0.1427331E+09
 241      0.680585E+09    0.1082194E+09    0.8552356E+08
 242      0.705787E+09    0.1238860E+09    0.2903662E+08
 243      0.688698E+09    0.1174610E+09   -0.3414511E+08
 244      0.637934E+09    0.1094012E+09   -0.9839462E+08
 245      0.535826E+09    0.8324231E+08   -0.1689719E+09
 246      0.392933E+09    0.5720835E+08   -0.2410072E+09
 247      0.194229E+09    0.3039074E+08   -0.2999906E+09
 248     -0.662955E+08    0.3032655E+07   -0.3609524E+09
 249     -0.364560E+09   -0.6165864E+07   -0.3530629E+09
 250     -0.714960E+09   -0.1139063E+08   -0.3450775E+09
 251     -0.108428E+10   -0.4350833E+07   -0.1864285E+09
 252     -0.138694E+10    0.3083908E+06   -0.2331022E+08
 253     -0.155499E+10    0.5160991E+06    0.4252046E+08
 254     -0.113445E+10   -0.1147137E+08    0.1798593E+09
 255     -0.712696E+09   -0.2508492E+08    0.3139116E+09
 256     -0.328309E+09   -0.8212600E+07    0.3154779E+09
 257     -0.201304E+08    0.1240222E+08    0.3168895E+09
 258      0.235953E+09    0.6433400E+08    0.2656411E+09
 259      0.425757E+09    0.1180856E+09    0.2172527E+09
 260      0.574745E+09    0.1741206E+09    0.1661011E+09
 261      0.676510E+09    0.2276769E+09    0.1178159E+09
 262      0.739888E+09    0.2539871E+09    0.7139734E+08
 263      0.767436E+09    0.2782785E+09    0.2567171E+08
 264      0.755078E+09    0.2655017E+09   -0.2632178E+08
 265      0.709695E+09    0.2520952E+09   -0.7845132E+08
 266      0.608948E+09    0.2063949E+09   -0.1434086E+09
 267      0.465235E+09    0.1583242E+09   -0.2113633E+09
 268      0.253347E+09    0.1022337E+09   -0.2747686E+09
 269     -0.337326E+08    0.4623708E+08   -0.3408695E+09
 270     -0.375599E+09    0.1487318E+08   -0.3466330E+09
 271     -0.792175E+09   -0.1171616E+08   -0.3531280E+09
 272     -0.124803E+10   -0.4890323E+07   -0.1937570E+09
 273     -0.163807E+10    0.2038046E+06   -0.2819721E+08
 274     -0.179687E+10   -0.6851415E+07    0.5803775E+08
 275     -0.126440E+10   -0.9395596E+07    0.1827469E+09
 276     -0.756634E+09   -0.1498130E+08    0.3002139E+09
 277     -0.312196E+09    0.2904977E+08    0.2710008E+09
 278      0.269915E+08    0.7891374E+08    0.2442734E+09
 279      0.286979E+09    0.1670884E+09    0.1839507E+09
 280      0.473524E+09    0.2550785E+09    0.1296873E+09
 281      0.608441E+09    0.3326952E+09    0.9356856E+08
 282      0.705146E+09    0.4092536E+09    0.5988058E+08
 283      0.761890E+09    0.4448887E+09    0.3958196E+08
 284      0.791855E+09    0.4787983E+09    0.1979100E+08
 285      0.783667E+09    0.4591553E+09   -0.5252053E+07
 286      0.746176E+09    0.4375496E+09   -0.3018809E+08
 287      0.659082E+09    0.3691952E+09   -0.7584554E+08
 288      0.525760E+09    0.2988068E+09   -0.1232196E+09
 289      0.319530E+09    0.2081085E+09   -0.1881652E+09
 290      0.291010E+08    0.1174037E+09   -0.2591437E+09
 291     -0.346307E+09    0.6009468E+08   -0.2929449E+09
 292     -0.831723E+09    0.8535209E+07   -0.3294297E+09
 293     -0.139617E+10    0.2429016E+07   -0.1884798E+09
 294     -0.192617E+10   -0.6225821E+07   -0.3750197E+08
 295     -0.204157E+10   -0.1290765E+07    0.7703219E+08
 296     -0.139732E+10   -0.7877621E+07    0.1879663E+09
 297     -0.807726E+09   -0.8939929E+07    0.2908387E+09
 298     -0.295598E+09    0.8236753E+08    0.2302020E+09
 299      0.752242E+08    0.1778256E+09    0.1727630E+09
 300      0.340717E+09    0.3169233E+09    0.1033350E+09
 301      0.522351E+09    0.4506223E+09    0.4242619E+08
 302      0.643843E+09    0.5598899E+09    0.2058606E+08
 303      0.734547E+09    0.6661115E+09    0.1156333E+07
 304      0.783053E+09    0.7112354E+09    0.8009536E+07
 305      0.817193E+09    0.7544147E+09    0.1482096E+08
 306      0.811634E+09    0.7263550E+09    0.1708769E+08
 307      0.784910E+09    0.6984114E+09    0.1889946E+08
 308      0.709652E+09    0.6030319E+09   -0.6442075E+07
 309      0.587824E+09    0.5024632E+09   -0.3290632E+08
 310      0.389633E+09    0.3669376E+09   -0.1017767E+09
 311      0.937100E+08    0.2263109E+09   -0.1781762E+09
 312     -0.315521E+09    0.1198825E+09   -0.2429771E+09
 313     -0.880512E+09    0.1881774E+08   -0.3101509E+09
 314     -0.154745E+10    0.6214966E+07   -0.1844259E+09
 315     -0.221725E+10   -0.1830639E+07   -0.4774070E+08
 316     -0.231195E+10   -0.2931362E+08    0.1051178E+09
 317     -0.147061E+10    0.4255171E+07    0.1638801E+09
 318     -0.754660E+09    0.3280495E+08    0.2022320E+09
 319     -0.211370E+09    0.1867493E+09    0.8212294E+08
 320      0.161570E+09    0.3519439E+09   -0.1931973E+08
 321      0.385464E+09    0.5462761E+09   -0.7621382E+08
 322      0.537273E+09    0.7367815E+09   -0.1226606E+09
 323      0.628583E+09    0.8706300E+09   -0.1059545E+09
 324      0.700952E+09    0.1001331E+10   -0.8825449E+08
 325      0.737820E+09    0.1052330E+10   -0.4002506E+08
 326      0.769680E+09    0.1103592E+10    0.8376621E+07
 327      0.769970E+09    0.1068499E+10    0.5461444E+08
 328      0.756914E+09    0.1032227E+10    0.1006193E+09
 329      0.698084E+09    0.9093421E+09    0.1165669E+09
 330      0.611413E+09    0.7841683E+09    0.1315365E+09
 331      0.443571E+09    0.5958703E+09    0.8191772E+08
 332      0.188428E+09    0.4027247E+09    0.2474142E+08
 333     -0.214023E+09    0.2268343E+09   -0.8045872E+08
 334     -0.819611E+09    0.6122803E+08   -0.2043443E+09
 335     -0.162519E+10    0.1880142E+08   -0.1480632E+09
 336     -0.252416E+10   -0.2655260E+08   -0.6628382E+08
 337     -0.261561E+10    0.2561918E+08    0.1583908E+09
 338     -0.154689E+10    0.2237003E+08    0.1477015E+09
 339     -0.734380E+09    0.7025622E+08    0.1253755E+09
 340     -0.105012E+09    0.3622811E+09   -0.5852815E+08
 341      0.251765E+09    0.6254701E+09   -0.2236217E+09
 342      0.434962E+09    0.8942250E+09   -0.2620074E+09
 343      0.553165E+09    0.1141808E+10   -0.2926352E+09
 344      0.611091E+09    0.1295396E+10   -0.2344865E+09
 345      0.665866E+09    0.1446641E+10   -0.1772648E+09
 346      0.691158E+09    0.1500134E+10   -0.8701193E+08
 347      0.719155E+09    0.1555768E+10    0.3168831E+07
 348      0.726764E+09    0.1514525E+10    0.9517401E+08
 349      0.725989E+09    0.1472420E+10    0.1879645E+09
 350      0.687478E+09    0.1329497E+10    0.2440728E+09
 351      0.635603E+09    0.1186624E+10    0.3016249E+09
 352      0.502849E+09    0.9398439E+09    0.2742033E+09
 353      0.288339E+09    0.6734037E+09    0.2395344E+09
 354     -0.920063E+08    0.4048368E+09    0.7600255E+08
 355     -0.782542E+09    0.1099179E+09   -0.1090244E+09
 356     -0.170833E+10    0.4062697E+08   -0.1196379E+09
 357     -0.286558E+10    0.1769374E+08   -0.1052645E+09
 358     -0.284911E+10   -0.1255865E+09    0.1849886E+09
 359     -0.141655E+10    0.7757555E+08    0.1474908E+08
 360     -0.446965E+09    0.2741653E+09   -0.2096071E+09
 361      0.370051E+08    0.6834642E+09   -0.4383510E+09
 362      0.294702E+09    0.1100732E+10   -0.5817024E+09
 363      0.401409E+09    0.1392069E+10   -0.5383961E+09
 364      0.472539E+09    0.1675443E+10   -0.5000877E+09
 365      0.501455E+09    0.1827413E+10   -0.3856271E+09
 366      0.539783E+09    0.1982464E+10   -0.2747178E+09
 367      0.556351E+09    0.2034678E+10   -0.1372426E+09
 368      0.580686E+09    0.2089270E+10   -0.1034092E+07
 369      0.587593E+09    0.2048163E+10    0.1399040E+09
 370      0.596836E+09    0.2010248E+10    0.2819007E+09
 371      0.577907E+09    0.1861127E+10    0.3978078E+09
 372      0.551862E+09    0.1712044E+10    0.5176163E+09
 373      0.470601E+09    0.1426804E+10    0.5619137E+09
 374      0.339813E+09    0.1133456E+10    0.6106754E+09
 375      0.625673E+08    0.7162038E+09    0.4690667E+09
 376     -0.479769E+09    0.3037136E+09    0.2498489E+09
 377     -0.155182E+10    0.9674246E+08    0.3299619E+08
 378     -0.312095E+10   -0.1099387E+09   -0.1190035E+09
 379     -0.371326E+10    0.2641066E+09    0.6363770E+09
 380     -0.112233E+10    0.2934560E+09   -0.4210882E+08
 381     -0.104691E+09    0.5735365E+09   -0.7287940E+09
 382      0.172326E+09    0.1339778E+10   -0.8796698E+09
 383      0.335265E+09    0.1847988E+10   -0.9559935E+09
 384      0.354577E+09    0.2107808E+10   -0.8255828E+09
 385      0.382078E+09    0.2374139E+10   -0.7057048E+09
 386      0.385797E+09    0.2499400E+10   -0.5345663E+09
 387      0.408626E+09    0.2632580E+10   -0.3680206E+09
 388      0.417789E+09    0.2677179E+10   -0.1839890E+09
 389      0.440847E+09    0.2726581E+10   -0.1299117E+07
 390      0.445244E+09    0.2693436E+10    0.1876745E+09
 391      0.466698E+09    0.2665125E+10    0.3771757E+09
 392      0.461611E+09    0.2535448E+10    0.5565331E+09
 393      0.465631E+09    0.2411720E+10    0.7392601E+09
 394      0.428462E+09    0.2133418E+10    0.8647829E+09
 395      0.394262E+09    0.1860444E+10    0.1001702E+10
 396      0.216892E+09    0.1340516E+10    0.9238141E+09
 397     -0.111578E+09    0.5983552E+09    0.7650995E+09
 398     -0.124650E+10    0.3013052E+09    0.1134509E+09
 399     -0.399924E+10    0.2172027E+09   -0.4785854E+09
 400     -0.284629E+10   -0.4591004E+09   -0.1566854E+09
 401     -0.411440E+09    0.8396244E+09   -0.9143782E+09
 402     -0.934790E+08    0.2069063E+10   -0.1463798E+10
 403      0.103589E+09    0.2442277E+10   -0.1285166E+10
 404      0.161295E+09    0.2846688E+10   -0.1192581E+10
 405      0.173137E+09    0.3000242E+10   -0.1000705E+10
 406      0.184470E+09    0.3171850E+10   -0.8211015E+09
 407      0.188586E+09    0.3257933E+10   -0.6245101E+09
 408      0.202164E+09    0.3352257E+10   -0.4293727E+09
 409      0.208408E+09    0.3392183E+10   -0.2204481E+09
 410      0.223594E+09    0.3435580E+10   -0.1128046E+08
 411      0.225991E+09    0.3420333E+10    0.2087724E+09
 412      0.241467E+09    0.3408595E+10    0.4294681E+09
 413      0.237808E+09    0.3320174E+10    0.6539247E+09
 414      0.245499E+09    0.3237734E+10    0.8800505E+09
 415      0.228464E+09    0.3035191E+10    0.1084638E+10
 416      0.214128E+09    0.2846959E+10    0.1300227E+10
 417      0.152223E+09    0.2397960E+10    0.1400273E+10
 418     -0.613581E+08    0.1945391E+10    0.1594332E+10
 419     -0.453917E+09    0.7819042E+09    0.9895079E+09
 420     -0.302071E+10   -0.4018201E+09    0.2479886E+09
 421     -0.132647E+10    0.4543082E+10   -0.1066233E+10
 422      0.122552E+09    0.4420261E+10   -0.1733890E+10
 423     -0.867747E+08    0.4252078E+10   -0.2030443E+10
 424      0.184280E+08    0.4103680E+10   -0.1621162E+10
 425     -0.122226E+08    0.4028179E+10   -0.1395293E+10
 426     -0.276265E+07    0.4019592E+10   -0.1152199E+10
 427     -0.597301E+07    0.4032272E+10   -0.9260458E+09
 428     -0.250830E+07    0.4079241E+10   -0.7068800E+09
 429      0.151691E+07    0.4128250E+10   -0.4873183E+09
 430      0.444490E+07    0.4169984E+10   -0.2541972E+09
 431      0.103896E+08    0.4214296E+10   -0.2001840E+08
 432      0.120525E+08    0.4227847E+10    0.2301323E+09
 433      0.195999E+08    0.4243352E+10    0.4814974E+09
 434      0.202243E+08    0.4218069E+10    0.7476268E+09
 435      0.276104E+08    0.4196669E+10    0.1015137E+10
 436      0.324185E+08    0.4136383E+10    0.1289169E+10
 437      0.293568E+08    0.4089169E+10    0.1576206E+10
 438      0.697503E+08    0.4008520E+10    0.1831052E+10
 439     -0.331429E+08    0.4013506E+10    0.2294901E+10
 440      0.191127E+09    0.3872275E+10    0.1926064E+10
 441     -0.139004E+10    0.3651060E+10    0.1273653E+10
