   1     -0.643259E+09    0.4913002E+07   -0.9577987E+06
   2     -0.522551E+09   -0.6792982E+07   -0.2925645E+06
   3     -0.405462E+09   -0.2000013E+08    0.4345330E+06
   4     -0.270236E+09   -0.5437802E+08    0.4842206E+06
   5     -0.119640E+09   -0.8772404E+08    0.5192689E+06
   6      0.371645E+08   -0.1295424E+09    0.7105079E+06
   7      0.201379E+09   -0.1664193E+09    0.1813916E+07
   8      0.365643E+09   -0.2405317E+09    0.9827163E+07
   9      0.504741E+09   -0.3276997E+09    0.1324735E+08
  10      0.538487E+09   -0.3956452E+09    0.5555477E+07
  11      0.538866E+09   -0.4541856E+09    0.2758184E+07
  12      0.502646E+09   -0.4690132E+09    0.1321778E+07
  13      0.413990E+09   -0.4830894E+09   -0.1092422E+07
  14      0.285083E+09   -0.4517258E+09   -0.1992522E+07
  15      0.121241E+09   -0.4209687E+09   -0.2024858E+07
  16     -0.501912E+08   -0.3585061E+09   -0.3080907E+07
  17     -0.233730E+09   -0.2927797E+09   -0.6167365E+07
  18     -0.391408E+09   -0.2039191E+09   -0.6177333E+07
  19     -0.494423E+09   -0.1130353E+09   -0.6808201E+07
  20     -0.513173E+09   -0.4736589E+08   -0.6181129E+07
  21     -0.281324E+09    0.1282758E+08   -0.4090623E+07
  22     -0.652470E+09    0.4047555E+07   -0.3666100E+06
  23     -0.536448E+09   -0.9060556E+07    0.1258106E+08
  24     -0.414559E+09   -0.2308105E+08    0.2561835E+08
  25     -0.276295E+09   -0.5551431E+08    0.3185866E+08
  26     -0.124029E+09   -0.8731556E+08    0.3767999E+08
  27      0.339434E+08   -0.1282927E+09    0.4079585E+08
  28      0.195475E+09   -0.1694166E+09    0.4425206E+08
  29      0.355272E+09   -0.2110914E+09    0.5358766E+08
  30      0.501614E+09   -0.2541066E+09    0.6491109E+08
  31      0.558229E+09   -0.3005757E+09    0.4945804E+08
  32      0.557638E+09   -0.3451545E+09    0.3090184E+08
  33      0.520776E+09   -0.3554959E+09    0.1183542E+08
  34      0.431460E+09   -0.3663313E+09   -0.5939303E+07
  35      0.304614E+09   -0.3453511E+09   -0.2465591E+08
  36      0.137797E+09   -0.3221874E+09   -0.4391485E+08
  37     -0.377292E+08   -0.2668811E+09   -0.5669253E+08
  38     -0.225014E+09   -0.2118739E+09   -0.6980459E+08
  39     -0.389680E+09   -0.1460361E+09   -0.7160512E+08
  40     -0.504923E+09   -0.7556481E+08   -0.7579015E+08
  41     -0.541580E+09   -0.3010376E+08   -0.4655590E+08
  42     -0.365489E+09    0.9718761E+07   -0.1443352E+08
  43     -0.660412E+09    0.4020096E+07    0.3201923E+06
  44     -0.550852E+09   -0.9048825E+07    0.2551508E+08
  45     -0.423645E+09   -0.2314226E+08    0.5075511E+08
  46     -0.282549E+09   -0.5408975E+08    0.6324675E+08
  47     -0.128682E+09   -0.8498592E+08    0.7509957E+08
  48      0.299991E+08   -0.1212621E+09    0.8095776E+08
  49      0.188605E+09   -0.1568710E+09    0.8647546E+08
  50      0.343411E+09   -0.1882716E+09    0.9588597E+08
  51      0.493036E+09   -0.2185729E+09    0.1136302E+09
  52      0.582819E+09   -0.2398693E+09    0.9180099E+08
  53      0.577756E+09   -0.2639766E+09    0.5968416E+08
  54      0.539423E+09   -0.2749190E+09    0.2294313E+08
  55      0.450115E+09   -0.2825964E+09   -0.1121819E+08
  56      0.325403E+09   -0.2596193E+09   -0.4747580E+08
  57      0.156648E+09   -0.2367771E+09   -0.8551688E+08
  58     -0.253263E+08   -0.1941520E+09   -0.1098141E+09
  59     -0.215889E+09   -0.1498704E+09   -0.1330111E+09
  60     -0.386298E+09   -0.9699367E+08   -0.1363834E+09
  61     -0.516218E+09   -0.4302284E+08   -0.1433301E+09
  62     -0.572185E+09   -0.1582253E+08   -0.8524399E+08
  63     -0.457553E+09    0.8194055E+07   -0.2291243E+08
  64     -0.701057E+09    0.3259869E+07    0.3372450E+07
  65     -0.587279E+09   -0.1024020E+08    0.3885021E+08
  66     -0.449848E+09   -0.2462936E+08    0.7429741E+08
  67     -0.299784E+09   -0.5359236E+08    0.9128877E+08
  68     -0.138836E+09   -0.8262416E+08    0.1077955E+09
  69      0.250457E+08   -0.1139303E+09    0.1114755E+09
  70      0.186529E+09   -0.1455488E+09    0.1150973E+09
  71      0.342350E+09   -0.1655978E+09    0.1141447E+09
  72      0.486604E+09   -0.1807925E+09    0.1175175E+09
  73      0.607621E+09   -0.1881359E+09    0.1010606E+09
  74      0.624100E+09   -0.2023895E+09    0.7710836E+08
  75      0.586794E+09   -0.2095952E+09    0.2677787E+08
  76      0.499334E+09   -0.2122618E+09   -0.2047113E+08
  77      0.371467E+09   -0.1939093E+09   -0.6564997E+08
  78      0.201738E+09   -0.1763720E+09   -0.1116432E+09
  79      0.562586E+07   -0.1418351E+09   -0.1437667E+09
  80     -0.196726E+09   -0.1041295E+09   -0.1762697E+09
  81     -0.389148E+09   -0.6467026E+08   -0.1728684E+09
  82     -0.548209E+09   -0.2720122E+08   -0.1723379E+09
  83     -0.647119E+09   -0.1072871E+08   -0.9959195E+08
  84     -0.622981E+09    0.4787016E+07   -0.2239331E+08
  85     -0.743403E+09    0.4251444E+07    0.5869914E+07
  86     -0.622976E+09   -0.8647541E+07    0.5209204E+08
  87     -0.476125E+09   -0.2304176E+08    0.9812227E+08
  88     -0.316951E+09   -0.5179718E+08    0.1193612E+09
  89     -0.148806E+09   -0.8001055E+08    0.1402434E+09
  90      0.207915E+08   -0.1084005E+09    0.1418575E+09
  91      0.185605E+09   -0.1362510E+09    0.1436677E+09
  92      0.343286E+09   -0.1532737E+09    0.1335956E+09
  93      0.487097E+09   -0.1699496E+09    0.1248622E+09
  94      0.623864E+09   -0.1720868E+09    0.1112535E+09
  95      0.672232E+09   -0.1723506E+09    0.9131895E+08
  96      0.634763E+09   -0.1668659E+09    0.2959670E+08
  97      0.549057E+09   -0.1644589E+09   -0.2797258E+08
  98      0.417090E+09   -0.1491196E+09   -0.8352201E+08
  99      0.244596E+09   -0.1306652E+09   -0.1384256E+09
 100      0.379259E+08   -0.1034840E+09   -0.1775541E+09
 101     -0.177541E+09   -0.7771129E+08   -0.2181010E+09
 102     -0.394587E+09   -0.4906712E+08   -0.2095157E+09
 103     -0.579930E+09   -0.1768285E+08   -0.2034050E+09
 104     -0.720577E+09   -0.5202492E+07   -0.1150972E+09
 105     -0.783827E+09    0.4608739E+07   -0.2242593E+08
 106     -0.818522E+09    0.3302289E+07    0.7951038E+07
 107     -0.679954E+09   -0.9997076E+07    0.6497970E+08
 108     -0.516277E+09   -0.2450240E+08    0.1216569E+09
 109     -0.341119E+09   -0.5152738E+08    0.1450697E+09
 110     -0.159115E+09   -0.7822236E+08    0.1681427E+09
 111      0.220185E+08   -0.1032733E+09    0.1659010E+09
 112      0.195778E+09   -0.1278140E+09    0.1636526E+09
 113      0.360107E+09   -0.1414700E+09    0.1464258E+09
 114      0.508410E+09   -0.1546004E+09    0.1309228E+09
 115      0.641573E+09   -0.1517789E+09    0.1076150E+09
 116      0.726856E+09   -0.1484545E+09    0.8070501E+08
 117      0.694443E+09   -0.1383159E+09    0.2024965E+08
 118      0.612687E+09   -0.1284129E+09   -0.3882419E+08
 119      0.477654E+09   -0.1127506E+09   -0.9883588E+08
 120      0.296755E+09   -0.9700997E+08   -0.1587617E+09
 121      0.801067E+08   -0.7403185E+08   -0.1990958E+09
 122     -0.159473E+09   -0.5023993E+08   -0.2397735E+09
 123     -0.405994E+09   -0.2986120E+08   -0.2292661E+09
 124     -0.629524E+09   -0.9312765E+07   -0.2204756E+09
 125     -0.821379E+09   -0.2305148E+07   -0.1209544E+09
 126     -0.957770E+09    0.3605966E+07   -0.1812928E+08
 127     -0.892889E+09    0.4042310E+07    0.1022140E+08
 128     -0.737040E+09   -0.9133776E+07    0.7797240E+08
 129     -0.556315E+09   -0.2404385E+08    0.1452527E+09
 130     -0.365189E+09   -0.5089966E+08    0.1709805E+09
 131     -0.169313E+09   -0.7686846E+08    0.1963396E+09
 132      0.233920E+08   -0.9919796E+08    0.1903117E+09
 133      0.206018E+09   -0.1209534E+09    0.1842751E+09
 134      0.376739E+09   -0.1308798E+09    0.1598391E+09
 135      0.528351E+09   -0.1406543E+09    0.1362829E+09
 136      0.663416E+09   -0.1315893E+09    0.1036334E+09
 137      0.776850E+09   -0.1210213E+09    0.7231809E+08
 138      0.754394E+09   -0.1103241E+09    0.1157893E+08
 139      0.674190E+09   -0.1008845E+09   -0.5135171E+08
 140      0.538290E+09   -0.8529192E+08   -0.1149613E+09
 141      0.349314E+09   -0.6876706E+08   -0.1793285E+09
 142      0.120953E+09   -0.5296058E+08   -0.2209562E+09
 143     -0.141343E+09   -0.3720664E+08   -0.2635580E+09
 144     -0.417063E+09   -0.1917776E+08   -0.2499539E+09
 145     -0.680309E+09   -0.2608981E+07   -0.2351430E+09
 146     -0.921713E+09   -0.1693678E+07   -0.1262502E+09
 147     -0.112818E+10    0.4839457E+05   -0.1561039E+08
 148     -0.998719E+09    0.3046185E+07    0.1340837E+08
 149     -0.815224E+09   -0.1084096E+08    0.9124531E+08
 150     -0.607666E+09   -0.2619795E+08    0.1683680E+09
 151     -0.392117E+09   -0.5074221E+08    0.1939658E+09
 152     -0.175863E+09   -0.7454496E+08    0.2191368E+09
 153      0.332431E+08   -0.9250192E+08    0.2076431E+09
 154      0.227954E+09   -0.1098349E+09    0.1963716E+09
 155      0.406938E+09   -0.1148080E+09    0.1649289E+09
 156      0.564429E+09   -0.1193563E+09    0.1339525E+09
 157      0.702797E+09   -0.1109186E+09    0.9421599E+08
 158      0.816599E+09   -0.1013173E+09    0.5737406E+08
 159      0.818720E+09   -0.8669452E+08   -0.1050577E+07
 160      0.738873E+09   -0.7348366E+08   -0.6329709E+08
 161      0.602238E+09   -0.6207308E+08   -0.1269939E+09
 162      0.407197E+09   -0.5062131E+08   -0.1908756E+09
 163      0.161594E+09   -0.3848796E+08   -0.2322768E+09
 164     -0.121100E+09   -0.2623814E+08   -0.2743512E+09
 165     -0.433433E+09   -0.1805334E+08   -0.2594005E+09
 166     -0.742007E+09   -0.8191749E+07   -0.2437516E+09
 167     -0.103584E+10   -0.1795939E+07   -0.1301026E+09
 168     -0.130248E+10    0.3030646E+07   -0.1429494E+08
 169     -0.110427E+10    0.3713637E+07    0.1677909E+08
 170     -0.893445E+09   -0.1036242E+08    0.1047918E+09
 171     -0.659196E+09   -0.2649580E+08    0.1918513E+09
 172     -0.419220E+09   -0.4956296E+08    0.2173619E+09
 173     -0.182510E+09   -0.7113294E+08    0.2424191E+09
 174      0.431346E+08   -0.8345010E+08    0.2254495E+09
 175      0.250044E+09   -0.9491567E+08    0.2088686E+09
 176      0.437586E+09   -0.9388676E+08    0.1703709E+09
 177      0.601024E+09   -0.9272320E+08    0.1323752E+09
 178      0.742462E+09   -0.8160839E+08    0.8619612E+08
 179      0.858193E+09   -0.6971551E+08    0.4272714E+08
 180      0.882099E+09   -0.5392897E+08   -0.1474046E+08
 181      0.805146E+09   -0.3914506E+08   -0.7590645E+08
 182      0.665551E+09   -0.3134292E+08   -0.1390868E+09
 183      0.464879E+09   -0.2435958E+08   -0.2020179E+09
 184      0.202806E+09   -0.2050889E+08   -0.2445073E+09
 185     -0.103362E+09   -0.1513191E+08   -0.2860296E+09
 186     -0.449615E+09   -0.8528186E+07   -0.2686472E+09
 187     -0.801768E+09   -0.3290349E+07   -0.2531249E+09
 188     -0.115075E+10   -0.2285717E+07   -0.1347349E+09
 189     -0.147540E+10   -0.5749374E+06   -0.1328366E+08
 190     -0.124397E+10    0.2289462E+07    0.2199329E+08
 191     -0.990655E+09   -0.1198493E+08    0.1182504E+09
 192     -0.716815E+09   -0.2815103E+08    0.2129382E+09
 193     -0.442781E+09   -0.4613476E+08    0.2335443E+09
 194     -0.179945E+09   -0.6255479E+08    0.2538420E+09
 195      0.647894E+08   -0.6613037E+08    0.2291832E+09
 196      0.284141E+09   -0.6876433E+08    0.2053304E+09
 197      0.479009E+09   -0.5950759E+08    0.1622862E+09
 198      0.646852E+09   -0.5028247E+08    0.1201798E+09
 199      0.789727E+09   -0.3549741E+08    0.7261021E+08
 200      0.906359E+09   -0.2011212E+08    0.2667053E+08
 201      0.937373E+09   -0.7460166E+07   -0.2682307E+08
 202      0.866363E+09    0.3764038E+07   -0.8207820E+08
 203      0.724408E+09    0.5492149E+07   -0.1406280E+09
 204      0.518959E+09    0.7336526E+07   -0.1995205E+09
 205      0.244979E+09    0.3383393E+07   -0.2406754E+09
 206     -0.865170E+08   -0.1253008E+07   -0.2826572E+09
 207     -0.463689E+09   -0.2556274E+07   -0.2686529E+09
 208     -0.862948E+09   -0.2317205E+07   -0.2545249E+09
 209     -0.127008E+10   -0.6257634E+06   -0.1360753E+09
 210     -0.166045E+10    0.3940431E+06   -0.1499239E+08
 211     -0.138367E+10    0.2509730E+07    0.2774794E+08
 212     -0.108820E+10   -0.1180261E+08    0.1322278E+09
 213     -0.775048E+09   -0.2840012E+08    0.2346074E+09
 214     -0.466856E+09   -0.4021731E+08    0.2504632E+09
 215     -0.177751E+09   -0.4948261E+08    0.2661415E+09
 216      0.865405E+08   -0.3996081E+08    0.2337212E+09
 217      0.318523E+09   -0.2944242E+08    0.2025330E+09
 218      0.520946E+09   -0.8030091E+07    0.1547582E+09
 219      0.693260E+09    0.1295086E+08    0.1082894E+09
 220      0.837688E+09    0.3287842E+08    0.5901650E+08
 221      0.955686E+09    0.5307269E+08    0.1049107E+08
 222      0.993469E+09    0.6381566E+08   -0.3881693E+08
 223      0.927340E+09    0.7280967E+08   -0.8782616E+08
 224      0.784207E+09    0.6085057E+08   -0.1420983E+09
 225      0.573549E+09    0.4809260E+08   -0.1982092E+09
 226      0.285043E+09    0.3123589E+08   -0.2377658E+09
 227     -0.672180E+08    0.1465179E+08   -0.2796272E+09
 228     -0.479019E+09    0.7075331E+07   -0.2696288E+09
 229     -0.925075E+09    0.1663422E+07   -0.2578677E+09
 230     -0.138913E+10    0.1966583E+07   -0.1374105E+09
 231     -0.184555E+10    0.1082573E+07   -0.1417032E+08
 232     -0.156056E+10   -0.4552871E+05    0.3659559E+08
 233     -0.119744E+10   -0.1218394E+08    0.1435179E+09
 234     -0.827686E+09   -0.2683713E+08    0.2470386E+09
 235     -0.474897E+09   -0.2664930E+08    0.2485317E+09
 236     -0.156980E+09   -0.2330042E+08    0.2504724E+09
 237      0.123600E+09    0.4556401E+07    0.2079389E+09
 238      0.362392E+09    0.3348275E+08    0.1677296E+09
 239      0.565213E+09    0.7018181E+08    0.1212096E+09
 240      0.736775E+09    0.1061811E+09    0.7654412E+08
 241      0.878897E+09    0.1316395E+09    0.3563009E+08
 242      0.997670E+09    0.1568436E+09   -0.5351641E+07
 243      0.102929E+10    0.1598205E+09   -0.4096477E+08
 244      0.966786E+09    0.1612549E+09   -0.7491582E+08
 245      0.829763E+09    0.1365225E+09   -0.1170680E+09
 246      0.621643E+09    0.1092417E+09   -0.1613262E+09
 247      0.328074E+09    0.7306557E+08   -0.2049337E+09
 248     -0.355503E+08    0.3902713E+08   -0.2514753E+09
 249     -0.481267E+09    0.2005068E+08   -0.2517447E+09
 250     -0.977739E+09    0.2364945E+07   -0.2508970E+09
 251     -0.150633E+10    0.3522394E+06   -0.1352690E+09
 252     -0.203204E+10   -0.2331640E+07   -0.1629169E+08
 253     -0.173763E+10    0.2671602E+06    0.4608281E+08
 254     -0.130778E+10   -0.1150592E+08    0.1556770E+09
 255     -0.882445E+09   -0.2509832E+08    0.2609822E+09
 256     -0.483805E+09   -0.7645514E+07    0.2481671E+09
 257     -0.136992E+09    0.1434492E+08    0.2363419E+09
 258      0.161356E+09    0.7038337E+08    0.1833511E+09
 259      0.406919E+09    0.1266240E+09    0.1336060E+09
 260      0.610473E+09    0.1852240E+09    0.8818083E+08
 261      0.781044E+09    0.2421263E+09    0.4514355E+08
 262      0.920865E+09    0.2752353E+09    0.1273709E+08
 263      0.104082E+10    0.3077528E+09   -0.2076645E+08
 264      0.106578E+10    0.3040445E+09   -0.4276463E+08
 265      0.100739E+10    0.2981261E+09   -0.6207069E+08
 266      0.875146E+09    0.2520594E+09   -0.9232663E+08
 267      0.669336E+09    0.2038255E+09   -0.1247159E+09
 268      0.374294E+09    0.1430561E+09   -0.1729185E+09
 269     -0.716487E+07    0.8101641E+08   -0.2235810E+09
 270     -0.484005E+09    0.3839698E+08   -0.2342925E+09
 271     -0.103446E+10    0.1449186E+07   -0.2454326E+09
 272     -0.162396E+10    0.1291175E+07   -0.1344049E+09
 273     -0.221991E+10   -0.5010174E+06   -0.1928568E+08
 274     -0.194760E+10   -0.6780259E+07    0.6121163E+08
 275     -0.141157E+10   -0.9214940E+07    0.1584855E+09
 276     -0.903183E+09   -0.1521936E+08    0.2479367E+09
 277     -0.453080E+09    0.3024279E+08    0.2024028E+09
 278     -0.842515E+08    0.8210560E+08    0.1607211E+09
 279      0.214088E+09    0.1733356E+09    0.9863869E+08
 280      0.450358E+09    0.2646842E+09    0.4221566E+08
 281      0.639119E+09    0.3475372E+09    0.1137460E+08
 282      0.799138E+09    0.4285023E+09   -0.1695377E+08
 283      0.929892E+09    0.4691429E+09   -0.2464752E+08
 284      0.104921E+10    0.5088656E+09   -0.3380774E+08
 285      0.105731E+10    0.4936134E+09   -0.2606127E+08
 286      0.100735E+10    0.4756328E+09   -0.1454712E+08
 287      0.888429E+09    0.4055296E+09   -0.2348464E+08
 288      0.701837E+09    0.3342752E+09   -0.3586498E+08
 289      0.423323E+09    0.2394262E+09   -0.8181643E+08
 290      0.422993E+08    0.1429514E+09   -0.1320200E+09
 291     -0.447466E+09    0.7538428E+08   -0.1714711E+09
 292     -0.104661E+10    0.1404087E+08   -0.2148493E+09
 293     -0.172208E+10    0.4559532E+07   -0.1251223E+09
 294     -0.241109E+10   -0.7162212E+07   -0.2637775E+08
 295     -0.215972E+10   -0.1435555E+07    0.7962658E+08
 296     -0.151833E+10   -0.7643779E+07    0.1634274E+09
 297     -0.932132E+09   -0.8571670E+07    0.2389284E+09
 298     -0.421129E+09    0.8364640E+08    0.1600329E+09
 299     -0.323990E+08    0.1801978E+09    0.8640115E+08
 300      0.269936E+09    0.3250499E+09    0.1460579E+08
 301      0.495225E+09    0.4648814E+09   -0.5012538E+08
 302      0.668986E+09    0.5783699E+09   -0.6578387E+08
 303      0.817943E+09    0.6877162E+09   -0.7951256E+08
 304      0.938670E+09    0.7386936E+09   -0.6257044E+08
 305      0.105834E+10    0.7894374E+09   -0.4618578E+08
 306      0.104879E+10    0.7598219E+09   -0.7175853E+07
 307      0.100678E+10    0.7281401E+09    0.3517798E+08
 308      0.903796E+09    0.6280043E+09    0.4721845E+08
 309      0.736857E+09    0.5239169E+09    0.5551078E+08
 310      0.473439E+09    0.3833091E+09    0.9783941E+07
 311      0.934219E+08    0.2374455E+09   -0.4179411E+08
 312     -0.409416E+09    0.1269039E+09   -0.1122261E+09
 313     -0.106370E+10    0.2076481E+08   -0.1875863E+09
 314     -0.182512E+10    0.6044829E+07   -0.1174482E+09
 315     -0.260269E+10   -0.3437053E+07   -0.3641794E+08
 316     -0.239456E+10   -0.2935515E+08    0.1078238E+09
 317     -0.156716E+10    0.3981142E+07    0.1400949E+09
 318     -0.856930E+09    0.3192987E+08    0.1516975E+09
 319     -0.317354E+09    0.1863824E+09    0.1198642E+08
 320      0.603381E+08    0.3524782E+09   -0.1081246E+09
 321      0.319445E+09    0.5515284E+09   -0.1696793E+09
 322      0.506942E+09    0.7466742E+09   -0.2209539E+09
 323      0.645697E+09    0.8859719E+09   -0.1972573E+09
 324      0.774723E+09    0.1022293E+10   -0.1734236E+09
 325      0.883048E+09    0.1076032E+10   -0.1140615E+09
 326      0.980571E+09    0.1129716E+10   -0.5226378E+08
 327      0.964977E+09    0.1088671E+10    0.3622422E+08
 328      0.937757E+09    0.1046282E+10    0.1239837E+09
 329      0.858205E+09    0.9177893E+09    0.1754208E+09
 330      0.728115E+09    0.7866958E+09    0.2264809E+09
 331      0.507040E+09    0.5935264E+09    0.1974228E+09
 332      0.179755E+09    0.3969486E+09    0.1592767E+09
 333     -0.302354E+09    0.2256530E+09    0.4732158E+08
 334     -0.973653E+09    0.6310991E+08   -0.8159116E+08
 335     -0.184938E+10    0.1916248E+08   -0.8062700E+08
 336     -0.280430E+10   -0.2718223E+08   -0.5678433E+08
 337     -0.266194E+10    0.2628701E+08    0.1611639E+09
 338     -0.161880E+10    0.2082198E+08    0.1245823E+09
 339     -0.814058E+09    0.6600016E+08    0.7616373E+08
 340     -0.191789E+09    0.3564046E+09   -0.1291240E+09
 341      0.158238E+09    0.6183684E+09   -0.3155274E+09
 342      0.372926E+09    0.8917027E+09   -0.3604506E+09
 343      0.519048E+09    0.1144348E+10   -0.3967569E+09
 344      0.620620E+09    0.1304510E+10   -0.3313529E+09
 345      0.729218E+09    0.1462483E+10   -0.2671046E+09
 346      0.827439E+09    0.1516847E+10   -0.1637590E+09
 347      0.898522E+09    0.1571315E+10   -0.5602485E+08
 348      0.878889E+09    0.1519669E+10    0.8251185E+08
 349      0.868824E+09    0.1469846E+10    0.2170888E+09
 350      0.811707E+09    0.1317369E+10    0.3098021E+09
 351      0.721092E+09    0.1162461E+10    0.4043168E+09
 352      0.547505E+09    0.9172916E+09    0.3918625E+09
 353      0.273352E+09    0.6534085E+09    0.3720601E+09
 354     -0.175866E+09    0.3882324E+09    0.2008800E+09
 355     -0.911838E+09    0.9923300E+08    0.1236832E+08
 356     -0.187721E+10    0.3730466E+08   -0.5145808E+08
 357     -0.304035E+10    0.1928068E+08   -0.9524119E+08
 358     -0.286955E+10   -0.1253334E+09    0.1891525E+09
 359     -0.146741E+10    0.7449569E+08   -0.3756591E+07
 360     -0.503676E+09    0.2670268E+09   -0.2513901E+09
 361     -0.271903E+08    0.6713691E+09   -0.5035443E+09
 362      0.219630E+09    0.1083770E+10   -0.6706490E+09
 363      0.348205E+09    0.1377120E+10   -0.6389084E+09
 364      0.439786E+09    0.1663674E+10   -0.6115566E+09
 365      0.502670E+09    0.1824106E+10   -0.4900708E+09
 366      0.585127E+09    0.1988407E+10   -0.3719787E+09
 367      0.673442E+09    0.2039479E+10   -0.2122532E+09
 368      0.708573E+09    0.2089372E+10   -0.4708344E+08
 369      0.699999E+09    0.2032558E+10    0.1394119E+09
 370      0.703682E+09    0.1980089E+10    0.3218073E+09
 371      0.667300E+09    0.1824405E+10    0.4702777E+09
 372      0.618900E+09    0.1671439E+10    0.6215554E+09
 373      0.502479E+09    0.1387851E+10    0.6775310E+09
 374      0.320773E+09    0.1094268E+10    0.7397840E+09
 375     -0.761959E+07    0.6856332E+09    0.5848605E+09
 376     -0.589337E+09    0.2841308E+09    0.3539059E+09
 377     -0.167422E+10    0.8915831E+08    0.9059570E+08
 378     -0.320177E+10   -0.1073837E+09   -0.1114082E+09
 379     -0.370980E+10    0.2662109E+09    0.6444206E+09
 380     -0.115168E+10    0.2905419E+09   -0.5542011E+08
 381     -0.138294E+09    0.5657204E+09   -0.7624245E+09
 382      0.132189E+09    0.1322763E+10   -0.9383417E+09
 383      0.280057E+09    0.1820404E+10   -0.1041302E+10
 384      0.311626E+09    0.2075165E+10   -0.9302793E+09
 385      0.352545E+09    0.2339157E+10   -0.8298448E+09
 386      0.375916E+09    0.2469865E+10   -0.6508589E+09
 387      0.436200E+09    0.2610851E+10   -0.4763230E+09
 388      0.512107E+09    0.2658164E+10   -0.2548863E+09
 389      0.515877E+09    0.2702362E+10   -0.2776579E+08
 390      0.520272E+09    0.2656020E+10    0.2033528E+09
 391      0.536566E+09    0.2618650E+10    0.4318579E+09
 392      0.521610E+09    0.2485048E+10    0.6357291E+09
 393      0.512767E+09    0.2357787E+10    0.8437563E+09
 394      0.449210E+09    0.2078550E+10    0.9791181E+09
 395      0.369970E+09    0.1805791E+10    0.1124581E+10
 396      0.161554E+09    0.1297807E+10    0.1027638E+10
 397     -0.200925E+09    0.5690196E+09    0.8499185E+09
 398     -0.132718E+10    0.2884899E+09    0.1605089E+09
 399     -0.397496E+10    0.2184367E+09   -0.4720429E+09
 400     -0.284240E+10   -0.4598304E+09   -0.1511828E+09
 401     -0.426819E+09    0.8397929E+09   -0.9238498E+09
 402     -0.110561E+09    0.2069371E+10   -0.1487162E+10
 403      0.843843E+08    0.2428480E+10   -0.1328858E+10
 404      0.134055E+09    0.2816972E+10   -0.1258073E+10
 405      0.151251E+09    0.2952220E+10   -0.1088943E+10
 406      0.169764E+09    0.3104761E+10   -0.9311849E+09
 407      0.179176E+09    0.3187263E+10   -0.7382403E+09
 408      0.214441E+09    0.3283080E+10   -0.5469255E+09
 409      0.254099E+09    0.3325438E+10   -0.2958408E+09
 410      0.258131E+09    0.3369206E+10   -0.4203762E+08
 411      0.264160E+09    0.3363130E+10    0.2165862E+09
 412      0.276466E+09    0.3362100E+10    0.4756943E+09
 413      0.271622E+09    0.3278608E+10    0.7302693E+09
 414      0.268860E+09    0.3199033E+10    0.9874518E+09
 415      0.240753E+09    0.2992355E+10    0.1202569E+10
 416      0.200571E+09    0.2798781E+10    0.1426397E+10
 417      0.122713E+09    0.2351031E+10    0.1498804E+10
 418     -0.109115E+09    0.1903061E+10    0.1660480E+10
 419     -0.499868E+09    0.7624057E+09    0.1014243E+10
 420     -0.298466E+10   -0.4005368E+09    0.2359093E+09
 421     -0.132077E+10    0.4565401E+10   -0.1056169E+10
 422      0.120889E+09    0.4438873E+10   -0.1736216E+10
 423     -0.877607E+08    0.4266311E+10   -0.2043773E+10
 424      0.185645E+08    0.4114931E+10   -0.1649981E+10
 425     -0.129762E+08    0.4039224E+10   -0.1440791E+10
 426     -0.412541E+07    0.3987268E+10   -0.1222354E+10
 427     -0.627981E+07    0.3949373E+10   -0.1018493E+10
 428     -0.808848E+07    0.3924909E+10   -0.8165017E+09
 429     -0.437684E+06    0.3905052E+10   -0.6137553E+09
 430      0.402733E+07    0.4000249E+10   -0.3371044E+09
 431      0.718097E+07    0.4104868E+10   -0.6068472E+08
 432      0.129053E+08    0.4172617E+10    0.2274258E+09
 433      0.207392E+08    0.4237864E+10    0.5177991E+09
 434      0.251432E+08    0.4228279E+10    0.8214574E+09
 435      0.287931E+08    0.4221593E+10    0.1126741E+10
 436      0.353263E+08    0.4144492E+10    0.1412270E+10
 437      0.275955E+08    0.4080630E+10    0.1709278E+10
 438      0.662810E+08    0.3980376E+10    0.1926930E+10
 439     -0.384586E+08    0.3963566E+10    0.2344497E+10
 440      0.183907E+09    0.3835437E+10    0.1926200E+10
 441     -0.135471E+10    0.3629915E+10    0.1234563E+10
