   1      0.102634E+10    0.5179180E+07   -0.2160982E+07
   2      0.884566E+09   -0.3635058E+07   -0.1128565E+07
   3      0.682140E+09   -0.1411785E+08   -0.2048721E+06
   4      0.429962E+09   -0.4519589E+08   -0.4125498E+06
   5      0.131896E+09   -0.7654130E+08   -0.5214931E+06
   6     -0.194136E+09   -0.1088599E+09   -0.1231620E+06
   7     -0.556396E+09   -0.1398142E+09    0.6276313E+06
   8     -0.891556E+09   -0.1585129E+09    0.7973826E+06
   9     -0.752531E+09   -0.1768410E+09    0.4346737E+06
  10     -0.615659E+09   -0.1798653E+09    0.2128084E+06
  11     -0.487962E+09   -0.1832225E+09    0.1235414E+06
  12     -0.365603E+09   -0.1737395E+09    0.7538227E+05
  13     -0.252397E+09   -0.1639191E+09    0.7329991E+05
  14     -0.144040E+09   -0.1426391E+09    0.9162670E+05
  15     -0.417558E+08   -0.1210181E+09    0.1128256E+06
  16      0.593543E+08   -0.9337418E+08    0.1249855E+06
  17      0.161791E+09   -0.6551255E+08    0.1535765E+06
  18      0.269604E+09   -0.4079749E+08    0.1560424E+06
  19      0.389071E+09   -0.1601038E+08    0.1651129E+06
  20      0.522215E+09   -0.5964115E+07    0.1897367E+06
  21      0.674841E+09    0.3134638E+07    0.1905034E+06
  22      0.101949E+10    0.3765905E+07   -0.1423034E+07
  23      0.870589E+09   -0.8798864E+07    0.1138671E+08
  24      0.672777E+09   -0.2258281E+08    0.2476948E+08
  25      0.425100E+09   -0.5408517E+08    0.3012864E+08
  26      0.132053E+09   -0.8588360E+08    0.3491653E+08
  27     -0.189824E+09   -0.1176559E+09    0.3044162E+08
  28     -0.545172E+09   -0.1485477E+09    0.2439422E+08
  29     -0.885288E+09   -0.1637675E+09    0.1606267E+08
  30     -0.745959E+09   -0.1787535E+09    0.9396746E+07
  31     -0.609380E+09   -0.1818884E+09    0.3214400E+07
  32     -0.481506E+09   -0.1850334E+09   -0.3208961E+07
  33     -0.359229E+09   -0.1753289E+09   -0.9616556E+07
  34     -0.246547E+09   -0.1654048E+09   -0.1613065E+08
  35     -0.139270E+09   -0.1440947E+09   -0.2102213E+08
  36     -0.386401E+08   -0.1224409E+09   -0.2589604E+08
  37      0.603471E+08   -0.9481920E+08   -0.2701043E+08
  38      0.160269E+09   -0.6694721E+08   -0.2806536E+08
  39      0.265259E+09   -0.4225624E+08   -0.2384040E+08
  40      0.382029E+09   -0.1764559E+08   -0.1937017E+08
  41      0.512238E+09   -0.6829012E+07   -0.9713674E+07
  42      0.666246E+09    0.3154740E+07   -0.2472249E+06
  43      0.101297E+10    0.3808081E+07    0.4030845E+06
  44      0.857084E+09   -0.1128609E+08    0.2441401E+08
  45      0.663516E+09   -0.2686362E+08    0.4916310E+08
  46      0.420174E+09   -0.5962579E+08    0.6063240E+08
  47      0.132582E+09   -0.9527867E+08    0.7140498E+08
  48     -0.185118E+09   -0.1302512E+09    0.6049088E+08
  49     -0.533091E+09   -0.1617764E+09    0.4643139E+08
  50     -0.881680E+09   -0.1764040E+09    0.3096853E+08
  51     -0.737912E+09   -0.1909546E+09    0.1859733E+08
  52     -0.602719E+09   -0.1917548E+09    0.6114613E+07
  53     -0.474939E+09   -0.1934888E+09   -0.6578740E+07
  54     -0.352895E+09   -0.1835658E+09   -0.1930753E+08
  55     -0.240779E+09   -0.1731484E+09   -0.3230314E+08
  56     -0.134596E+09   -0.1510018E+09   -0.4208504E+08
  57     -0.356216E+08   -0.1284696E+09   -0.5182893E+08
  58      0.612614E+08   -0.9952085E+08   -0.5405544E+08
  59      0.158685E+09   -0.7036234E+08   -0.5616026E+08
  60      0.260930E+09   -0.4402551E+08   -0.4778100E+08
  61      0.374926E+09   -0.1752797E+08   -0.3879279E+08
  62      0.502377E+09   -0.6595780E+07   -0.1935932E+08
  63      0.658444E+09    0.3298567E+07   -0.4384508E+06
  64      0.967889E+09    0.4778660E+07    0.2288126E+07
  65      0.819495E+09   -0.1021631E+08    0.3998378E+08
  66      0.635094E+09   -0.2702710E+08    0.7835570E+08
  67      0.403758E+09   -0.6329116E+08    0.9509668E+08
  68      0.132167E+09   -0.9867086E+08    0.1113011E+09
  69     -0.169461E+09   -0.1363116E+09    0.9647148E+08
  70     -0.503351E+09   -0.1762964E+09    0.7856754E+08
  71     -0.852211E+09   -0.1943700E+09    0.4612231E+08
  72     -0.724915E+09   -0.2069687E+09    0.1921762E+08
  73     -0.586357E+09   -0.2039010E+09    0.6096836E+07
  74     -0.456304E+09   -0.2041435E+09   -0.1037001E+08
  75     -0.333719E+09   -0.1939541E+09   -0.2999426E+08
  76     -0.222980E+09   -0.1829985E+09   -0.4962324E+08
  77     -0.119939E+09   -0.1600729E+09   -0.6478338E+08
  78     -0.259515E+08   -0.1367201E+09   -0.7985213E+08
  79      0.644985E+08   -0.1066311E+09   -0.8353231E+08
  80      0.154181E+09   -0.7622893E+08   -0.8702084E+08
  81      0.247957E+09   -0.4888334E+08   -0.7433628E+08
  82      0.353068E+09   -0.2152950E+08   -0.6101033E+08
  83      0.471895E+09   -0.8499908E+07   -0.3106581E+08
  84      0.628864E+09    0.3525614E+07   -0.1608094E+07
  85      0.923199E+09    0.5165137E+07    0.2623701E+07
  86      0.781334E+09   -0.9782400E+07    0.5493131E+08
  87      0.606574E+09   -0.2653005E+08    0.1084755E+09
  88      0.388121E+09   -0.6401535E+08    0.1297303E+09
  89      0.131176E+09   -0.1014416E+09    0.1501660E+09
  90     -0.154066E+09   -0.1410489E+09    0.1331078E+09
  91     -0.475130E+09   -0.1810957E+09    0.1127438E+09
  92     -0.818570E+09   -0.2016404E+09    0.6161770E+08
  93     -0.715067E+09   -0.2185548E+09    0.1901428E+08
  94     -0.570922E+09   -0.2178587E+09    0.5877801E+07
  95     -0.438107E+09   -0.2195602E+09   -0.1416872E+08
  96     -0.314704E+09   -0.2089233E+09   -0.4075790E+08
  97     -0.205284E+09   -0.1976407E+09   -0.6703329E+08
  98     -0.105370E+09   -0.1733166E+09   -0.8759074E+08
  99     -0.163758E+08   -0.1485638E+09   -0.1080005E+09
 100      0.676301E+08   -0.1161523E+09   -0.1131130E+09
 101      0.149610E+09   -0.8342650E+08   -0.1179588E+09
 102      0.234921E+09   -0.5323002E+08   -0.1008938E+09
 103      0.331391E+09   -0.2291670E+08   -0.8314232E+08
 104      0.441555E+09   -0.9065177E+07   -0.4288378E+08
 105      0.599456E+09    0.3657832E+07   -0.3104951E+07
 106      0.843747E+09    0.4346053E+07    0.4102000E+07
 107      0.714100E+09   -0.1143433E+08    0.7058222E+08
 108      0.556464E+09   -0.2830914E+08    0.1383048E+09
 109      0.362371E+09   -0.6525610E+08    0.1660554E+09
 110      0.127723E+09   -0.1029132E+09    0.1927188E+09
 111     -0.133038E+09   -0.1429973E+09    0.1720837E+09
 112     -0.430500E+09   -0.1828464E+09    0.1474404E+09
 113     -0.748940E+09   -0.2058585E+09    0.8328441E+08
 114     -0.700863E+09   -0.2271413E+09    0.2907574E+08
 115     -0.545134E+09   -0.2304921E+09    0.9373393E+07
 116     -0.406779E+09   -0.2344085E+09   -0.1776656E+08
 117     -0.281635E+09   -0.2231840E+09   -0.5194971E+08
 118     -0.174239E+09   -0.2117382E+09   -0.8591477E+08
 119     -0.794756E+08   -0.1863946E+09   -0.1126828E+09
 120      0.118578E+07   -0.1606566E+09   -0.1393133E+09
 121      0.742156E+08   -0.1265096E+09   -0.1466787E+09
 122      0.142680E+09   -0.9192097E+08   -0.1537397E+09
 123      0.212924E+09   -0.5961098E+08   -0.1322997E+09
 124      0.293698E+09   -0.2711327E+08   -0.1102142E+09
 125      0.389081E+09   -0.1080982E+08   -0.5774042E+08
 126      0.534765E+09    0.4170471E+07   -0.5573209E+07
 127      0.763777E+09    0.5669868E+07    0.5575442E+07
 128      0.647322E+09   -0.1038882E+08    0.8631316E+08
 129      0.507093E+09   -0.2822431E+08    0.1681000E+09
 130      0.336066E+09   -0.6807449E+08    0.2024933E+09
 131      0.125226E+09   -0.1080992E+09    0.2356205E+09
 132     -0.112323E+09   -0.1517935E+09    0.2112207E+09
 133     -0.384087E+09   -0.1951659E+09    0.1817432E+09
 134     -0.681081E+09   -0.2194991E+09    0.1047036E+09
 135     -0.685080E+09   -0.2417710E+09    0.3966559E+08
 136     -0.519147E+09   -0.2456183E+09    0.1329185E+08
 137     -0.375236E+09   -0.2503586E+09   -0.2117362E+08
 138     -0.248405E+09   -0.2389479E+09   -0.6315361E+08
 139     -0.143106E+09   -0.2272453E+09   -0.1049605E+09
 140     -0.535507E+08   -0.2008246E+09   -0.1379861E+09
 141      0.187064E+08   -0.1740323E+09   -0.1708895E+09
 142      0.806861E+08   -0.1375734E+09   -0.1805052E+09
 143      0.135627E+09   -0.1006104E+09   -0.1897864E+09
 144      0.190756E+09   -0.6457627E+08   -0.1639382E+09
 145      0.256100E+09   -0.2786582E+08   -0.1375369E+09
 146      0.336826E+09   -0.1051164E+08   -0.7253577E+08
 147      0.469629E+09    0.5017649E+07   -0.7609151E+07
 148      0.645219E+09    0.4820218E+07    0.6677958E+07
 149      0.550590E+09   -0.1203831E+08    0.1030402E+09
 150      0.436102E+09   -0.3023492E+08    0.2007408E+09
 151      0.295667E+09   -0.7138068E+08    0.2421084E+09
 152      0.121523E+09   -0.1132229E+09    0.2819656E+09
 153     -0.837290E+08   -0.1560166E+09    0.2530038E+09
 154     -0.319852E+09   -0.1980817E+09    0.2191239E+09
 155     -0.588180E+09   -0.2248775E+09    0.1304573E+09
 156     -0.653974E+09   -0.2503501E+09    0.5396160E+08
 157     -0.476907E+09   -0.2554140E+09    0.1880662E+08
 158     -0.327595E+09   -0.2606026E+09   -0.2474464E+08
 159     -0.199676E+09   -0.2487814E+09   -0.7465745E+08
 160     -0.972422E+08   -0.2369853E+09   -0.1244047E+09
 161     -0.147127E+08   -0.2105773E+09   -0.1642376E+09
 162      0.462966E+08   -0.1838286E+09   -0.2040678E+09
 163      0.928821E+08   -0.1466299E+09   -0.2173527E+09
 164      0.128136E+09   -0.1087591E+09   -0.2303713E+09
 165      0.160412E+09   -0.7089264E+08   -0.2009819E+09
 166      0.200628E+09   -0.3239664E+08   -0.1708545E+09
 167      0.256499E+09   -0.1274157E+08   -0.9030696E+08
 168      0.362537E+09    0.5057139E+07   -0.9725916E+07
 169      0.527744E+09    0.6218854E+07    0.7981812E+07
 170      0.453973E+09   -0.1193926E+08    0.1198865E+09
 171      0.364961E+09   -0.3214647E+08    0.2326579E+09
 172      0.254807E+09   -0.7080610E+08    0.2808478E+09
 173      0.116644E+09   -0.1089080E+09    0.3283125E+09
 174     -0.541721E+08   -0.1543115E+09    0.2957614E+09
 175     -0.256792E+09   -0.2002534E+09    0.2584040E+09
 176     -0.492789E+09   -0.2310406E+09    0.1569907E+09
 177     -0.628882E+09   -0.2592878E+09    0.6851618E+08
 178     -0.433129E+09   -0.2619067E+09    0.2474260E+08
 179     -0.279348E+09   -0.2649070E+09   -0.2849533E+08
 180     -0.150507E+09   -0.2528407E+09   -0.8638221E+08
 181     -0.510435E+08   -0.2411269E+09   -0.1440881E+09
 182      0.243687E+08   -0.2158762E+09   -0.1908421E+09
 183      0.739666E+08   -0.1902931E+09   -0.2376930E+09
 184      0.105005E+09   -0.1532243E+09   -0.2546578E+09
 185      0.120434E+09   -0.1152866E+09   -0.2714363E+09
 186      0.129766E+09   -0.7505805E+08   -0.2383134E+09
 187      0.144964E+09   -0.3335671E+08   -0.2044819E+09
 188      0.175910E+09   -0.1207589E+08   -0.1081651E+09
 189      0.255944E+09    0.6518979E+07   -0.1147581E+08
 190      0.366115E+09    0.5095890E+07    0.1059915E+08
 191      0.324559E+09   -0.1494261E+08    0.1394395E+09
 192      0.273747E+09   -0.3722054E+08    0.2691439E+09
 193      0.203652E+09   -0.8020985E+08    0.3202597E+09
 194      0.110433E+09   -0.1220048E+09    0.3698838E+09
 195     -0.173602E+08   -0.1587958E+09    0.3337291E+09
 196     -0.183465E+09   -0.1949603E+09    0.2946953E+09
 197     -0.379929E+09   -0.2257899E+09    0.1876998E+09
 198     -0.555602E+09   -0.2567330E+09    0.8367406E+08
 199     -0.375877E+09   -0.2549692E+09    0.2346716E+08
 200     -0.217568E+09   -0.2523610E+09   -0.3551898E+08
 201     -0.881698E+08   -0.2411548E+09   -0.9705920E+08
 202      0.858826E+07   -0.2304636E+09   -0.1601813E+09
 203      0.763712E+08   -0.2084844E+09   -0.2130072E+09
 204      0.113603E+09   -0.1863042E+09   -0.2661186E+09
 205      0.126258E+09   -0.1525434E+09   -0.2886576E+09
 206      0.116443E+09   -0.1177754E+09   -0.3113175E+09
 207      0.940986E+08   -0.7826570E+08   -0.2772620E+09
 208      0.714683E+08   -0.3739000E+08   -0.2422499E+09
 209      0.616123E+08   -0.1475581E+08   -0.1286042E+09
 210      0.100292E+09    0.5414808E+07   -0.1424951E+08
 211      0.204864E+09    0.7891221E+07    0.1224562E+08
 212      0.195154E+09   -0.1312115E+08    0.1592071E+09
 213      0.181449E+09   -0.3791263E+08    0.3075717E+09
 214      0.152777E+09   -0.8057718E+08    0.3615264E+09
 215      0.104597E+09   -0.1203541E+09    0.4129428E+09
 216      0.185566E+08   -0.1552079E+09    0.3723507E+09
 217     -0.109645E+09   -0.1889277E+09    0.3306557E+09
 218     -0.269773E+09   -0.2101116E+09    0.2192085E+09
 219     -0.470119E+09   -0.2312447E+09    0.9882162E+08
 220     -0.319970E+09   -0.2252263E+09    0.2104694E+08
 221     -0.155558E+09   -0.2194262E+09   -0.4264447E+08
 222     -0.250932E+08   -0.2100967E+09   -0.1077124E+09
 223      0.689427E+08   -0.2012892E+09   -0.1765078E+09
 224      0.129003E+09   -0.1855664E+09   -0.2356085E+09
 225      0.153564E+09   -0.1699615E+09   -0.2951685E+09
 226      0.147594E+09   -0.1430824E+09   -0.3233952E+09
 227      0.112032E+09   -0.1150105E+09   -0.3520454E+09
 228      0.578249E+08   -0.7765735E+08   -0.3168680E+09
 229     -0.291891E+07   -0.3740937E+08   -0.2806663E+09
 230     -0.530815E+08   -0.1311620E+08   -0.1492222E+09
 231     -0.553889E+08    0.7555692E+07   -0.1657458E+08
 232     -0.631108E+07    0.4497233E+07    0.1661462E+08
 233      0.296565E+08   -0.1768635E+08    0.1806621E+09
 234      0.718894E+08   -0.4271395E+08    0.3451475E+09
 235      0.103142E+09   -0.7874879E+08    0.3952621E+09
 236      0.106548E+09   -0.1129084E+09    0.4431223E+09
 237      0.663999E+08   -0.1335444E+09    0.3938850E+09
 238     -0.234866E+08   -0.1530978E+09    0.3447300E+09
 239     -0.154729E+09   -0.1596460E+09    0.2279100E+09
 240     -0.322509E+09   -0.1657671E+09    0.9956021E+08
 241     -0.259631E+09   -0.1609861E+09    0.1634939E+08
 242     -0.881643E+08   -0.1560174E+09   -0.5043174E+08
 243      0.424236E+08   -0.1486021E+09   -0.1139849E+09
 244      0.135191E+09   -0.1424910E+09   -0.1814972E+09
 245      0.189664E+09   -0.1365606E+09   -0.2421200E+09
 246      0.205034E+09   -0.1310752E+09   -0.3036681E+09
 247      0.181992E+09   -0.1166934E+09   -0.3392446E+09
 248      0.119413E+09   -0.1010468E+09   -0.3760698E+09
 249      0.258906E+08   -0.7148535E+08   -0.3469323E+09
 250     -0.883579E+08   -0.3887469E+08   -0.3169561E+09
 251     -0.202646E+09   -0.1538857E+08   -0.1700314E+09
 252     -0.268132E+09    0.4726367E+07   -0.2068450E+08
 253     -0.217222E+09    0.7090759E+07    0.2239008E+08
 254     -0.135977E+09   -0.1780927E+08    0.2030209E+09
 255     -0.394784E+08   -0.4631605E+08    0.3837253E+09
 256      0.519975E+08   -0.7424498E+08    0.4306653E+09
 257      0.107418E+09   -0.9733498E+08    0.4747442E+09
 258      0.115067E+09   -0.9607430E+08    0.4162195E+09
 259      0.637062E+08   -0.9338974E+08    0.3585857E+09
 260     -0.363823E+08   -0.7968084E+08    0.2359293E+09
 261     -0.176241E+09   -0.6965799E+08    0.1008518E+09
 262     -0.200294E+09   -0.6153226E+08    0.1320627E+08
 263     -0.178301E+08   -0.5042709E+08   -0.5737124E+08
 264      0.111345E+09   -0.4517953E+08   -0.1202366E+09
 265      0.202643E+09   -0.4274182E+08   -0.1866150E+09
 266      0.251483E+09   -0.5208498E+08   -0.2488778E+09
 267      0.257352E+09   -0.6261871E+08   -0.3125925E+09
 268      0.217194E+09   -0.6877079E+08   -0.3560682E+09
 269      0.126196E+09   -0.7415179E+08   -0.4014905E+09
 270     -0.683011E+07   -0.5809256E+08   -0.3783540E+09
 271     -0.176031E+09   -0.3712699E+08   -0.3544862E+09
 272     -0.353596E+09   -0.1328088E+08   -0.1914377E+09
 273     -0.480745E+09    0.6973689E+07   -0.2502932E+08
 274     -0.495452E+09    0.1650368E+07    0.3275488E+08
 275     -0.329445E+09   -0.1932184E+08    0.2239488E+09
 276     -0.144254E+09   -0.4592117E+08    0.4115887E+09
 277      0.228419E+08   -0.5463668E+08    0.4352833E+09
 278      0.135618E+09   -0.5651867E+08    0.4579836E+09
 279      0.180067E+09   -0.2496553E+08    0.3880461E+09
 280      0.160872E+09    0.8420287E+07    0.3206056E+09
 281      0.764620E+08    0.4154509E+08    0.2072578E+09
 282     -0.399273E+08    0.6961739E+08    0.8551715E+08
 283     -0.127111E+09    0.8574323E+08   -0.2740631E+07
 284      0.349047E+08    0.1076005E+09   -0.7531951E+08
 285      0.162422E+09    0.1109059E+09   -0.1189134E+09
 286      0.256428E+09    0.1092147E+09   -0.1682376E+09
 287      0.305937E+09    0.7983760E+08   -0.2210207E+09
 288      0.313012E+09    0.4940344E+08   -0.2752773E+09
 289      0.265988E+09    0.1413315E+08   -0.3242354E+09
 290      0.157659E+09   -0.2045984E+08   -0.3770017E+09
 291     -0.147452E+08   -0.2863906E+08   -0.3736745E+09
 292     -0.251585E+09   -0.3055020E+08   -0.3718914E+09
 293     -0.526254E+09   -0.1290868E+08   -0.2064990E+09
 294     -0.761238E+09    0.2294299E+06   -0.3387600E+08
 295     -0.773960E+09    0.8042219E+07    0.4658201E+08
 296     -0.525708E+09   -0.2137262E+08    0.2474848E+09
 297     -0.257141E+09   -0.4909499E+08    0.4440191E+09
 298     -0.544019E+07   -0.1866584E+08    0.4439741E+09
 299      0.162617E+09    0.1873708E+08    0.4433471E+09
 300      0.248825E+09    0.1030099E+09    0.3610077E+09
 301      0.260079E+09    0.1842135E+09    0.2826319E+09
 302      0.190988E+09    0.2457838E+09    0.1793880E+09
 303      0.938766E+08    0.2981487E+09    0.7108834E+08
 304     -0.480017E+08    0.3192337E+09   -0.1991633E+08
 305      0.850118E+08    0.3489969E+09   -0.9626659E+08
 306      0.212458E+09    0.3447392E+09   -0.1177709E+09
 307      0.310450E+09    0.3345784E+09   -0.1484138E+09
 308      0.361632E+09    0.2799772E+09   -0.1919379E+09
 309      0.370512E+09    0.2229664E+09   -0.2363807E+09
 310      0.318079E+09    0.1461834E+09   -0.2926014E+09
 311      0.188971E+09    0.6570406E+08   -0.3536386E+09
 312     -0.215147E+08    0.1926311E+08   -0.3722445E+09
 313     -0.334494E+09   -0.2144793E+08   -0.3932870E+09
 314     -0.701856E+09   -0.8291714E+07   -0.2232423E+09
 315     -0.104485E+10    0.6671264E+07   -0.4451158E+08
 316     -0.113811E+10   -0.1645996E+08    0.7171334E+08
 317     -0.713199E+09   -0.1448518E+08    0.2525502E+09
 318     -0.292402E+09   -0.2208628E+08    0.4146499E+09
 319      0.292034E+08    0.6332851E+08    0.3561913E+09
 320      0.233082E+09    0.1642513E+09    0.3103108E+09
 321      0.320247E+09    0.3047484E+09    0.2320724E+09
 322      0.330432E+09    0.4432880E+09    0.1631191E+09
 323      0.262673E+09    0.5357722E+09    0.9608029E+08
 324      0.170048E+09    0.6228645E+09    0.2341187E+08
 325      0.313891E+08    0.6506533E+09   -0.4684749E+08
 326      0.808440E+08    0.6806822E+09   -0.1034941E+09
 327      0.216265E+09    0.6590936E+09   -0.9566023E+08
 328      0.320691E+09    0.6372954E+09   -0.9735223E+08
 329      0.379358E+09    0.5577658E+09   -0.1122546E+09
 330      0.403230E+09    0.4755803E+09   -0.1266632E+09
 331      0.364869E+09    0.3483613E+09   -0.1699006E+09
 332      0.252832E+09    0.2177996E+09   -0.2206789E+09
 333      0.275356E+08    0.1093445E+09   -0.2749655E+09
 334     -0.340347E+09    0.1276612E+08   -0.3440515E+09
 335     -0.853060E+09    0.8926233E+06   -0.2137072E+09
 336     -0.139617E+10   -0.1706248E+08   -0.6170458E+08
 337     -0.153374E+10    0.3642395E+08    0.1203186E+09
 338     -0.904404E+09   -0.1518884E+07    0.2667834E+09
 339     -0.363746E+09    0.3616200E+07    0.4018096E+09
 340      0.862339E+08    0.2232146E+09    0.2792601E+09
 341      0.310679E+09    0.4241122E+09    0.1662343E+09
 342      0.398611E+09    0.6463264E+09    0.9722105E+08
 343      0.402451E+09    0.8479231E+09    0.3735672E+08
 344      0.333171E+09    0.9598738E+09    0.7974851E+07
 345      0.246422E+09    0.1065000E+10   -0.2764839E+08
 346      0.110438E+09    0.1083618E+10   -0.7484887E+08
 347      0.678232E+08    0.1106797E+10   -0.1088382E+09
 348      0.218937E+09    0.1075771E+10   -0.7164030E+08
 349      0.328925E+09    0.1046285E+10   -0.4398484E+08
 350      0.396153E+09    0.9458298E+09   -0.2836696E+08
 351      0.437417E+09    0.8432760E+09   -0.1101254E+08
 352      0.416466E+09    0.6617826E+09   -0.4025553E+08
 353      0.323331E+09    0.4624272E+09   -0.7611786E+08
 354      0.960619E+08    0.2658623E+09   -0.1839621E+09
 355     -0.373669E+09    0.4858154E+08   -0.3060923E+09
 356     -0.100845E+10    0.1896226E+08   -0.2114452E+09
 357     -0.177770E+10    0.2903534E+08   -0.9807999E+08
 358     -0.196217E+10   -0.1077102E+09    0.1521458E+09
 359     -0.946138E+09    0.4442592E+08    0.1733331E+09
 360     -0.169119E+09    0.1848129E+09    0.1289383E+09
 361      0.192766E+09    0.5375421E+09   -0.5549161E+08
 362      0.355918E+09    0.9084618E+09   -0.1567210E+09
 363      0.395638E+09    0.1163029E+10   -0.1413339E+09
 364      0.382374E+09    0.1406952E+10   -0.1292986E+09
 365      0.309840E+09    0.1514531E+10   -0.9871518E+08
 366      0.235366E+09    0.1623312E+10   -0.7353493E+08
 367      0.124469E+09    0.1624675E+10   -0.7663756E+08
 368      0.400854E+08    0.1625421E+10   -0.8223850E+08
 369      0.162672E+09    0.1584884E+10   -0.3141380E+08
 370      0.270755E+09    0.1550676E+10    0.2424886E+08
 371      0.339061E+09    0.1441382E+10    0.8529517E+08
 372      0.389636E+09    0.1332680E+10    0.1488259E+09
 373      0.392453E+09    0.1112523E+10    0.1822821E+09
 374      0.353897E+09    0.8836588E+09    0.2201778E+09
 375      0.196869E+09    0.5455332E+09    0.1318743E+09
 376     -0.174367E+09    0.2181840E+09   -0.2939706E+08
 377     -0.993954E+09    0.6447287E+08   -0.1028923E+09
 378     -0.215491E+10   -0.9488092E+08   -0.1141491E+09
 379     -0.303690E+10    0.2530374E+09    0.6077133E+09
 380     -0.837581E+09    0.2487883E+09    0.1686849E+09
 381      0.974181E+08    0.4884991E+09   -0.3193915E+09
 382      0.298841E+09    0.1227679E+10   -0.4510598E+09
 383      0.404156E+09    0.1719249E+10   -0.4961516E+09
 384      0.380558E+09    0.1950599E+10   -0.3929653E+09
 385      0.356056E+09    0.2186071E+10   -0.2968929E+09
 386      0.281216E+09    0.2251192E+10   -0.2059515E+09
 387      0.218452E+09    0.2319339E+10   -0.1180493E+09
 388      0.130027E+09    0.2288951E+10   -0.7811053E+08
 389      0.260366E+08    0.2261808E+10   -0.5794368E+08
 390      0.921388E+08    0.2205468E+10    0.9606112E+07
 391      0.209406E+09    0.2160469E+10    0.9582670E+08
 392      0.277058E+09    0.2070132E+10    0.2020105E+09
 393      0.335052E+09    0.1983065E+10    0.3118980E+09
 394      0.358206E+09    0.1768991E+10    0.4193968E+09
 395      0.385869E+09    0.1559709E+10    0.5347090E+09
 396      0.297409E+09    0.1124225E+10    0.5068812E+09
 397      0.923109E+08    0.4760861E+09    0.3987591E+09
 398     -0.840452E+09    0.2523493E+09   -0.6719086E+08
 399     -0.312398E+10    0.2318471E+09   -0.4704584E+09
 400     -0.251788E+10   -0.4567025E+09   -0.1436398E+09
 401     -0.268688E+09    0.8078642E+09   -0.7125287E+09
 402      0.248199E+08    0.2032319E+10   -0.1110660E+10
 403      0.182073E+09    0.2446363E+10   -0.8813898E+09
 404      0.209611E+09    0.2872975E+10   -0.7314259E+09
 405      0.198148E+09    0.2994958E+10   -0.5351606E+09
 406      0.184226E+09    0.3131263E+10   -0.3474431E+09
 407      0.145675E+09    0.3126658E+10   -0.2070002E+09
 408      0.112981E+09    0.3126545E+10   -0.6868080E+08
 409      0.667706E+08    0.3052310E+10   -0.6236367E+07
 410      0.183993E+08    0.2973318E+10    0.3991209E+08
 411      0.310056E+08    0.2899249E+10    0.7587614E+08
 412      0.105217E+09    0.2847312E+10    0.1289618E+09
 413      0.141317E+09    0.2799915E+10    0.2647455E+09
 414      0.172174E+09    0.2749498E+10    0.4010765E+09
 415      0.188289E+09    0.2610302E+10    0.5745921E+09
 416      0.204260E+09    0.2484250E+10    0.7561398E+09
 417      0.188597E+09    0.2119026E+10    0.8985165E+09
 418      0.410490E+08    0.1754676E+10    0.1123794E+10
 419     -0.254626E+09    0.6921106E+09    0.7222682E+09
 420     -0.251483E+10   -0.3917802E+09    0.2009155E+09
 421     -0.134672E+10    0.4328669E+10   -0.1068362E+10
 422      0.134148E+09    0.4408257E+10   -0.1570443E+10
 423     -0.663616E+08    0.4438373E+10   -0.1735337E+10
 424      0.416425E+08    0.4356473E+10   -0.1239926E+10
 425      0.750268E+07    0.4359408E+10   -0.9271162E+09
 426      0.165224E+08    0.4297029E+10   -0.6469500E+09
 427      0.138986E+08    0.4248834E+10   -0.3804069E+09
 428      0.126603E+08    0.4142228E+10   -0.1946320E+09
 429      0.113886E+08    0.4038720E+10   -0.1156486E+08
 430      0.784220E+07    0.3899059E+10    0.7277844E+08
 431      0.537161E+07    0.3739653E+10    0.1455286E+09
 432     -0.157242E+08    0.3638815E+10    0.1429630E+09
 433      0.441105E+07    0.3587456E+10    0.1571776E+09
 434      0.912240E+07    0.3608990E+10    0.3215789E+09
 435      0.127534E+08    0.3610566E+10    0.4822347E+09
 436      0.209443E+08    0.3615512E+10    0.7112951E+09
 437      0.174717E+08    0.3631768E+10    0.9520396E+09
 438      0.614111E+08    0.3643683E+10    0.1240989E+10
 439     -0.347648E+08    0.3734424E+10    0.1718101E+10
 440      0.191076E+09    0.3705693E+10    0.1564451E+10
 441     -0.129335E+10    0.3608956E+10    0.1155576E+10
