   1     -0.643096E+09    0.4183571E+07   -0.4145103E+06
   2     -0.540824E+09   -0.7879333E+07   -0.4300180E+05
   3     -0.421360E+09   -0.2113783E+08    0.1590586E+06
   4     -0.288372E+09   -0.5032958E+08    0.1045929E+06
   5     -0.143354E+09   -0.7900416E+08    0.2524345E+06
   6      0.631440E+07   -0.1134148E+09    0.3810461E+06
   7      0.159047E+09   -0.1447837E+09    0.9235094E+06
   8      0.310071E+09   -0.1935288E+09    0.5555922E+07
   9      0.442493E+09   -0.2503607E+09    0.8270048E+07
  10      0.505462E+09   -0.2905596E+09    0.3501834E+07
  11      0.537195E+09   -0.3236358E+09    0.4128157E+06
  12      0.536137E+09   -0.3188718E+09   -0.6049299E+06
  13      0.495613E+09   -0.3139123E+09   -0.1705855E+07
  14      0.412058E+09   -0.2830987E+09   -0.1587372E+07
  15      0.281910E+09   -0.2530301E+09   -0.1768201E+07
  16      0.116296E+09   -0.2025836E+09   -0.2895580E+07
  17     -0.824592E+08   -0.1507343E+09   -0.3439906E+07
  18     -0.305601E+09   -0.9752788E+08   -0.3255374E+07
  19     -0.518360E+09   -0.4162948E+08   -0.3730644E+07
  20     -0.729716E+09   -0.1385531E+08   -0.1095590E+07
  21     -0.886008E+09    0.9696817E+07    0.1798340E+07
  22     -0.657743E+09    0.3294205E+07    0.1546059E+07
  23     -0.551452E+09   -0.9158201E+07    0.1226162E+08
  24     -0.429038E+09   -0.2242256E+08    0.2285820E+08
  25     -0.293334E+09   -0.5090692E+08    0.2767785E+08
  26     -0.146095E+09   -0.7907206E+08    0.3242506E+08
  27      0.532125E+07   -0.1128183E+09    0.3330859E+08
  28      0.157552E+09   -0.1465305E+09    0.3428079E+08
  29      0.306617E+09   -0.1772317E+09    0.3709444E+08
  30      0.443067E+09   -0.2086066E+09    0.4145839E+08
  31      0.521786E+09   -0.2349006E+09    0.2812296E+08
  32      0.552978E+09   -0.2601142E+09    0.1239692E+08
  33      0.550317E+09   -0.2583783E+09   -0.2636721E+07
  34      0.508057E+09   -0.2558517E+09   -0.1679387E+08
  35      0.421948E+09   -0.2301807E+09   -0.2679769E+08
  36      0.290608E+09   -0.2039788E+09   -0.3697944E+08
  37      0.121947E+09   -0.1641773E+09   -0.4270262E+08
  38     -0.813051E+08   -0.1237489E+09   -0.4838169E+08
  39     -0.308745E+09   -0.8080719E+08   -0.4483188E+08
  40     -0.531273E+09   -0.3754062E+08   -0.4078085E+08
  41     -0.748369E+09   -0.1553006E+08   -0.2133886E+08
  42     -0.913829E+09    0.4786604E+07   -0.2149080E+07
  43     -0.672373E+09    0.4124560E+07    0.3098111E+07
  44     -0.562042E+09   -0.7921415E+07    0.2449817E+08
  45     -0.436765E+09   -0.2125107E+08    0.4570321E+08
  46     -0.298362E+09   -0.4996700E+08    0.5530970E+08
  47     -0.149006E+09   -0.7829078E+08    0.6475071E+08
  48      0.393786E+07   -0.1098404E+09    0.6627618E+08
  49      0.155503E+09   -0.1410767E+09    0.6756779E+08
  50      0.302302E+09   -0.1655341E+09    0.6760746E+08
  51      0.440758E+09   -0.1887493E+09    0.7230799E+08
  52      0.540935E+09   -0.1993835E+09    0.5135807E+08
  53      0.569312E+09   -0.2114466E+09    0.2461660E+08
  54      0.565365E+09   -0.2124615E+09   -0.3771352E+07
  55      0.521115E+09   -0.2123177E+09   -0.3070248E+08
  56      0.432051E+09   -0.1925148E+09   -0.5126342E+08
  57      0.299860E+09   -0.1714692E+09   -0.7227536E+08
  58      0.127851E+09   -0.1341674E+09   -0.8261282E+08
  59     -0.801208E+08   -0.9720487E+08   -0.9251775E+08
  60     -0.311597E+09   -0.6420782E+08   -0.8542827E+08
  61     -0.545559E+09   -0.2943338E+08   -0.7772747E+08
  62     -0.767485E+09   -0.1045358E+08   -0.4155545E+08
  63     -0.944645E+09    0.6024140E+07   -0.5625463E+07
  64     -0.716444E+09    0.3277338E+07    0.4851084E+07
  65     -0.593791E+09   -0.9368432E+07    0.3685561E+08
  66     -0.459348E+09   -0.2298593E+08    0.6856261E+08
  67     -0.312207E+09   -0.5055070E+08    0.8191320E+08
  68     -0.155317E+09   -0.7803415E+08    0.9520206E+08
  69      0.386723E+07   -0.1069977E+09    0.9442619E+08
  70      0.159891E+09   -0.1359820E+09    0.9360297E+08
  71      0.309787E+09   -0.1546456E+09    0.8481805E+08
  72      0.447574E+09   -0.1705394E+09    0.7838460E+08
  73      0.567023E+09   -0.1760716E+09    0.5707449E+08
  74      0.606772E+09   -0.1847025E+09    0.3121025E+08
  75      0.600928E+09   -0.1832949E+09   -0.5982740E+07
  76      0.554285E+09   -0.1803506E+09   -0.4077659E+08
  77      0.461564E+09   -0.1610049E+09   -0.6983064E+08
  78      0.323329E+09   -0.1405956E+09   -0.9934928E+08
  79      0.140286E+09   -0.1108135E+09   -0.1119982E+09
  80     -0.787164E+08   -0.8056774E+08   -0.1242175E+09
  81     -0.322457E+09   -0.5112433E+08   -0.1126760E+09
  82     -0.575074E+09   -0.2203678E+08   -0.1014603E+09
  83     -0.814876E+09   -0.8699929E+07   -0.5413136E+08
  84     -0.101971E+10    0.3723293E+07   -0.6039176E+07
  85     -0.760486E+09    0.4005200E+07    0.6745575E+07
  86     -0.625407E+09   -0.8418399E+07    0.4924022E+08
  87     -0.481848E+09   -0.2226517E+08    0.9139420E+08
  88     -0.326001E+09   -0.5036076E+08    0.1085239E+09
  89     -0.161460E+09   -0.7795124E+08    0.1255798E+09
  90      0.421589E+07   -0.1057146E+09    0.1225683E+09
  91      0.165020E+09   -0.1329439E+09    0.1196239E+09
  92      0.318519E+09   -0.1504821E+09    0.1030300E+09
  93      0.458234E+09   -0.1675340E+09    0.8709822E+08
  94      0.588472E+09   -0.1705343E+09    0.6384372E+08
  95      0.644922E+09   -0.1734857E+09    0.3692884E+08
  96      0.636265E+09   -0.1663234E+09   -0.9540617E+07
  97      0.587414E+09   -0.1580937E+09   -0.5288977E+08
  98      0.491567E+09   -0.1393529E+09   -0.8911096E+08
  99      0.346594E+09   -0.1214196E+09   -0.1258273E+09
 100      0.152121E+09   -0.9549297E+08   -0.1410757E+09
 101     -0.767164E+08   -0.6875097E+08   -0.1563866E+09
 102     -0.334163E+09   -0.4284195E+08   -0.1406856E+09
 103     -0.603073E+09   -0.1622573E+08   -0.1249874E+09
 104     -0.862133E+09   -0.5478643E+07   -0.6626663E+08
 105     -0.109294E+10    0.3820618E+07   -0.6429297E+07
 106     -0.834836E+09    0.3358205E+07    0.8876527E+07
 107     -0.678240E+09   -0.9913327E+07    0.6209305E+08
 108     -0.518153E+09   -0.2439322E+08    0.1148716E+09
 109     -0.346374E+09   -0.5161460E+08    0.1344550E+09
 110     -0.167824E+09   -0.7846979E+08    0.1539083E+09
 111      0.979556E+07   -0.1042515E+09    0.1474513E+09
 112      0.180193E+09   -0.1295208E+09    0.1409743E+09
 113      0.341032E+09   -0.1449762E+09    0.1180016E+09
 114      0.486265E+09   -0.1599975E+09    0.9602112E+08
 115      0.616401E+09   -0.1616337E+09    0.6491350E+08
 116      0.694791E+09   -0.1625547E+09    0.3094976E+08
 117      0.684476E+09   -0.1527879E+09   -0.1882313E+08
 118      0.633178E+09   -0.1437068E+09   -0.6664097E+08
 119      0.531505E+09   -0.1268456E+09   -0.1059683E+09
 120      0.378222E+09   -0.1097294E+09   -0.1455246E+09
 121      0.170148E+09   -0.8648313E+08   -0.1639373E+09
 122     -0.751292E+08   -0.6211439E+08   -0.1818659E+09
 123     -0.353465E+09   -0.3909090E+08   -0.1627713E+09
 124     -0.644025E+09   -0.1613210E+08   -0.1437996E+09
 125     -0.931690E+09   -0.5905455E+07   -0.7493029E+08
 126     -0.118670E+10    0.3311097E+07   -0.5322101E+07
 127     -0.908648E+09    0.4145494E+07    0.1100215E+08
 128     -0.731146E+09   -0.9266474E+07    0.7506004E+08
 129     -0.554356E+09   -0.2440304E+08    0.1385589E+09
 130     -0.366750E+09   -0.5214357E+08    0.1606054E+09
 131     -0.174129E+09   -0.7897469E+08    0.1824966E+09
 132      0.154622E+08   -0.1029785E+09    0.1726447E+09
 133      0.195405E+09   -0.1263701E+09    0.1627819E+09
 134      0.363469E+09   -0.1392566E+09    0.1333155E+09
 135      0.513466E+09   -0.1519323E+09    0.1047625E+09
 136      0.646370E+09   -0.1498796E+09    0.6598741E+08
 137      0.743942E+09   -0.1470100E+09    0.2531409E+08
 138      0.732385E+09   -0.1376580E+09   -0.2772660E+08
 139      0.678889E+09   -0.1285681E+09   -0.7991089E+08
 140      0.570871E+09   -0.1126288E+09   -0.1232904E+09
 141      0.409121E+09   -0.9665908E+08   -0.1661848E+09
 142      0.188881E+09   -0.7681800E+08   -0.1869413E+09
 143     -0.748110E+08   -0.5695056E+08   -0.2075861E+09
 144     -0.372333E+09   -0.3433984E+08   -0.1857508E+09
 145     -0.685375E+09   -0.1075157E+08   -0.1630172E+09
 146     -0.100177E+10   -0.3243399E+07   -0.8338867E+08
 147     -0.127792E+10    0.3074143E+07   -0.3911238E+07
 148     -0.101471E+10    0.3113451E+07    0.1436334E+08
 149     -0.805592E+09   -0.1126196E+08    0.8883973E+08
 150     -0.602470E+09   -0.2707397E+08    0.1625644E+09
 151     -0.390603E+09   -0.5293277E+08    0.1849833E+09
 152     -0.177587E+09   -0.7806015E+08    0.2071771E+09
 153      0.286137E+08   -0.9845858E+08    0.1924787E+09
 154      0.221019E+09   -0.1181961E+09    0.1779591E+09
 155      0.397913E+09   -0.1270867E+09    0.1423925E+09
 156      0.553976E+09   -0.1356822E+09    0.1075582E+09
 157      0.690618E+09   -0.1322968E+09    0.6253527E+08
 158      0.796553E+09   -0.1281908E+09    0.1684122E+08
 159      0.785966E+09   -0.1179168E+09   -0.3681408E+08
 160      0.731197E+09   -0.1087577E+09   -0.9028320E+08
 161      0.616530E+09   -0.9647579E+08   -0.1359456E+09
 162      0.445311E+09   -0.8357960E+08   -0.1816152E+09
 163      0.211314E+09   -0.6646563E+08   -0.2035770E+09
 164     -0.719871E+08   -0.4894118E+08   -0.2260662E+09
 165     -0.395249E+09   -0.3199683E+08   -0.2032167E+09
 166     -0.742881E+09   -0.1510462E+08   -0.1777372E+09
 167     -0.108691E+10   -0.6412143E+07   -0.9111306E+08
 168     -0.139038E+10    0.1788264E+07   -0.5375600E+07
 169     -0.112085E+10    0.4052384E+07    0.1785651E+08
 170     -0.880037E+09   -0.1060530E+08    0.1029074E+09
 171     -0.650767E+09   -0.2735968E+08    0.1869503E+09
 172     -0.414672E+09   -0.5211516E+08    0.2097397E+09
 173     -0.181161E+09   -0.7533605E+08    0.2323424E+09
 174      0.417939E+08   -0.9061673E+08    0.2127740E+09
 175      0.246807E+09   -0.1050432E+09    0.1935661E+09
 176      0.432744E+09   -0.1083792E+09    0.1517887E+09
 177      0.595079E+09   -0.1114505E+09    0.1106837E+09
 178      0.735529E+09   -0.1062093E+09    0.5973682E+08
 179      0.849389E+09   -0.1011604E+09    0.8880201E+07
 180      0.839846E+09   -0.9306401E+08   -0.4631354E+08
 181      0.783110E+09   -0.8484191E+08   -0.1012969E+09
 182      0.662512E+09   -0.7686350E+08   -0.1488263E+09
 183      0.481988E+09   -0.7000885E+08   -0.1971128E+09
 184      0.233118E+09   -0.5765663E+08   -0.2215565E+09
 185     -0.694589E+08   -0.4367505E+08   -0.2458984E+09
 186     -0.418989E+09   -0.2926510E+08   -0.2200079E+09
 187     -0.801199E+09   -0.1409611E+08   -0.1923863E+09
 188     -0.117074E+10   -0.4561958E+07   -0.9938711E+08
 189     -0.150478E+10    0.3490017E+07   -0.6673085E+07
 190     -0.126241E+10    0.2398964E+07    0.2294739E+08
 191     -0.974525E+09   -0.1228860E+08    0.1168592E+09
 192     -0.706320E+09   -0.2883705E+08    0.2092830E+09
 193     -0.436328E+09   -0.4876882E+08    0.2278889E+09
 194     -0.176711E+09   -0.6713422E+08    0.2463664E+09
 195      0.654378E+08   -0.7396915E+08    0.2198218E+09
 196      0.283149E+09   -0.7986469E+08    0.1940755E+09
 197      0.476771E+09   -0.7535698E+08    0.1484852E+09
 198      0.644142E+09   -0.7083981E+08    0.1037594E+09
 199      0.786790E+09   -0.6223920E+08    0.5241922E+08
 200      0.901398E+09   -0.5361531E+08    0.1812929E+07
 201      0.893669E+09   -0.4889513E+08   -0.5053823E+08
 202      0.834008E+09   -0.4528489E+08   -0.1031190E+09
 203      0.710512E+09   -0.4447037E+08   -0.1498821E+09
 204      0.522058E+09   -0.4366960E+08   -0.1972792E+09
 205      0.261530E+09   -0.4169953E+08   -0.2250263E+09
 206     -0.646897E+08   -0.3939261E+08   -0.2530215E+09
 207     -0.442118E+09   -0.2882845E+08   -0.2304524E+09
 208     -0.859521E+09   -0.1638511E+08   -0.2073762E+09
 209     -0.126972E+10   -0.6274894E+07   -0.1080794E+09
 210     -0.164184E+10    0.2199846E+07   -0.7667160E+07
 211     -0.140417E+10    0.3030717E+07    0.2846565E+08
 212     -0.106938E+10   -0.1170398E+08    0.1313070E+09
 213     -0.762567E+09   -0.2883741E+08    0.2322209E+09
 214     -0.458496E+09   -0.4261524E+08    0.2467551E+09
 215     -0.172658E+09   -0.5374721E+08    0.2612778E+09
 216      0.891827E+08   -0.4761132E+08    0.2276810E+09
 217      0.319801E+09   -0.4043939E+08    0.1953222E+09
 218      0.521398E+09   -0.2395232E+08    0.1457548E+09
 219      0.693829E+09   -0.7762273E+07    0.9726843E+08
 220      0.838651E+09    0.5033539E+07    0.4530041E+08
 221      0.954060E+09    0.1733057E+08   -0.5513363E+07
 222      0.948269E+09    0.1902131E+08   -0.5478020E+08
 223      0.886019E+09    0.1945467E+08   -0.1045700E+09
 224      0.758875E+09    0.7987168E+07   -0.1512403E+09
 225      0.561958E+09   -0.3797209E+07   -0.1985914E+09
 226      0.289687E+09   -0.1406647E+08   -0.2286035E+09
 227     -0.597476E+08   -0.2464512E+08   -0.2597780E+09
 228     -0.465573E+09   -0.2227749E+08   -0.2420895E+09
 229     -0.918077E+09   -0.1619651E+08   -0.2234793E+09
 230     -0.137035E+10   -0.5637377E+07   -0.1170567E+09
 231     -0.177685E+10    0.2533331E+07   -0.9017533E+07
 232     -0.158179E+10    0.7245539E+05    0.3680214E+08
 233     -0.117782E+10   -0.1220621E+08    0.1428102E+09
 234     -0.814559E+09   -0.2696116E+08    0.2457672E+09
 235     -0.465932E+09   -0.2865704E+08    0.2467111E+09
 236     -0.151307E+09   -0.2719041E+08    0.2481507E+09
 237      0.126804E+09   -0.2559878E+07    0.2051695E+09
 238      0.364338E+09    0.2316416E+08    0.1645433E+09
 239      0.566627E+09    0.5489102E+08    0.1172192E+09
 240      0.738943E+09    0.8581861E+08    0.7144959E+08
 241      0.881927E+09    0.1047701E+09    0.2875771E+08
 242      0.993639E+09    0.1232220E+09   -0.1270479E+08
 243      0.986667E+09    0.1180775E+09   -0.4891800E+08
 244      0.927105E+09    0.1109066E+09   -0.8543146E+08
 245      0.801193E+09    0.8441300E+08   -0.1258087E+09
 246      0.604220E+09    0.5727761E+08   -0.1676138E+09
 247      0.324397E+09    0.2931633E+08   -0.2025469E+09
 248     -0.377826E+08    0.2282155E+07   -0.2394699E+09
 249     -0.472768E+09   -0.7000008E+07   -0.2344028E+09
 250     -0.967901E+09   -0.1362940E+08   -0.2291045E+09
 251     -0.147851E+10   -0.6082950E+07   -0.1235143E+09
 252     -0.194316E+10   -0.3497913E+06   -0.1469494E+08
 253     -0.175973E+10    0.7333865E+06    0.4577557E+08
 254     -0.128737E+10   -0.1115047E+08    0.1551461E+09
 255     -0.868808E+09   -0.2497177E+08    0.2607931E+09
 256     -0.474231E+09   -0.9178296E+07    0.2482229E+09
 257     -0.130787E+09    0.1126162E+08    0.2365387E+09
 258      0.165089E+09    0.6445043E+08    0.1838574E+09
 259      0.409495E+09    0.1179188E+09    0.1344942E+09
 260      0.612869E+09    0.1719567E+09    0.8929366E+08
 261      0.784970E+09    0.2244053E+09    0.4603716E+08
 262      0.926047E+09    0.2496678E+09    0.1281011E+08
 263      0.103395E+10    0.2731878E+09   -0.1917824E+08
 264      0.102557E+10    0.2619656E+09   -0.4289654E+08
 265      0.968880E+09    0.2497788E+09   -0.6649847E+08
 266      0.844817E+09    0.2033567E+09   -0.1003547E+09
 267      0.647113E+09    0.1537184E+09   -0.1358279E+09
 268      0.360360E+09    0.9660874E+08   -0.1771948E+09
 269     -0.174151E+08    0.4050413E+08   -0.2212731E+09
 270     -0.480705E+09    0.1232928E+08   -0.2280717E+09
 271     -0.102006E+10   -0.1125642E+08   -0.2360426E+09
 272     -0.158778E+10   -0.4433789E+07   -0.1307272E+09
 273     -0.211126E+10    0.5263539E+06   -0.2062872E+08
 274     -0.196787E+10   -0.6614177E+07    0.6029521E+08
 275     -0.139230E+10   -0.9055344E+07    0.1579779E+09
 276     -0.890219E+09   -0.1506597E+08    0.2485175E+09
 277     -0.443982E+09    0.2905626E+08    0.2037511E+09
 278     -0.785595E+08    0.7960064E+08    0.1626660E+09
 279      0.217129E+09    0.1686112E+09    0.1013682E+09
 280      0.451862E+09    0.2578879E+09    0.4577132E+08
 281      0.640153E+09    0.3369304E+09    0.1641654E+08
 282      0.802015E+09    0.4137715E+09   -0.1055294E+08
 283      0.935227E+09    0.4480823E+09   -0.1774584E+08
 284      0.103667E+10    0.4810999E+09   -0.2413980E+08
 285      0.102509E+10    0.4597844E+09   -0.2074027E+08
 286      0.974456E+09    0.4364559E+09   -0.1654086E+08
 287      0.863283E+09    0.3650247E+09   -0.3030498E+08
 288      0.679910E+09    0.2916734E+09   -0.4624608E+08
 289      0.407405E+09    0.2017666E+09   -0.9101572E+08
 290      0.320207E+08    0.1117559E+09   -0.1410498E+09
 291     -0.450338E+09    0.5475116E+08   -0.1758340E+09
 292     -0.103460E+10    0.3264854E+07   -0.2140166E+09
 293     -0.168147E+10   -0.3780078E+06   -0.1270000E+09
 294     -0.231633E+10   -0.6480045E+07   -0.3103881E+08
 295     -0.217811E+10   -0.1198338E+07    0.7826857E+08
 296     -0.150023E+10   -0.7449285E+07    0.1629513E+09
 297     -0.919780E+09   -0.8471244E+07    0.2401616E+09
 298     -0.412505E+09    0.8271108E+08    0.1626146E+09
 299     -0.272633E+08    0.1782069E+09    0.9001445E+08
 300      0.272213E+09    0.3215729E+09    0.1947363E+08
 301      0.495518E+09    0.4601015E+09   -0.4403892E+08
 302      0.668380E+09    0.5715819E+09   -0.5685811E+08
 303      0.819454E+09    0.6792243E+09   -0.6722266E+08
 304      0.944598E+09    0.7221920E+09   -0.4802593E+08
 305      0.103953E+10    0.7636362E+09   -0.2842195E+08
 306      0.102483E+10    0.7319516E+09    0.3178042E+07
 307      0.981300E+09    0.6991792E+09    0.3525249E+08
 308      0.882615E+09    0.5998724E+09    0.4117150E+08
 309      0.715766E+09    0.4957660E+09    0.4485081E+08
 310      0.457394E+09    0.3570967E+09   -0.4859512E+07
 311      0.825374E+08    0.2134824E+09   -0.6063601E+08
 312     -0.419376E+09    0.1093077E+09   -0.1262977E+09
 313     -0.105682E+10    0.1139287E+08   -0.1962158E+09
 314     -0.177787E+10    0.3279457E+07   -0.1250505E+09
 315     -0.252599E+10   -0.1145391E+07   -0.4335419E+08
 316     -0.241016E+10   -0.2919719E+08    0.1062448E+09
 317     -0.155113E+10    0.4031255E+07    0.1396753E+09
 318     -0.846265E+09    0.3184711E+08    0.1534293E+09
 319     -0.309798E+09    0.1853333E+09    0.1537326E+08
 320      0.646928E+08    0.3504203E+09   -0.1035350E+09
 321      0.320837E+09    0.5486635E+09   -0.1641852E+09
 322      0.505553E+09    0.7431600E+09   -0.2146535E+09
 323      0.642111E+09    0.8823287E+09   -0.1881538E+09
 324      0.770605E+09    0.1018751E+10   -0.1602503E+09
 325      0.883254E+09    0.1069651E+10   -0.9525185E+08
 326      0.970562E+09    0.1119550E+10   -0.3073831E+08
 327      0.951082E+09    0.1078259E+10    0.4610165E+08
 328      0.921676E+09    0.1036251E+10    0.1240859E+09
 329      0.841027E+09    0.9059376E+09    0.1705287E+09
 330      0.714134E+09    0.7732449E+09    0.2161027E+09
 331      0.494770E+09    0.5797030E+09    0.1832664E+09
 332      0.170519E+09    0.3812737E+09    0.1418601E+09
 333     -0.312742E+09    0.2126686E+09    0.2949852E+08
 334     -0.972307E+09    0.5617366E+08   -0.1001372E+09
 335     -0.180757E+10    0.1792481E+08   -0.9183999E+08
 336     -0.275043E+10   -0.2490740E+08   -0.6032905E+08
 337     -0.267488E+10    0.2669237E+08    0.1590387E+09
 338     -0.160469E+10    0.2122423E+08    0.1241798E+09
 339     -0.805078E+09    0.6612493E+08    0.7854012E+08
 340     -0.185285E+09    0.3550347E+09   -0.1248691E+09
 341      0.161918E+09    0.6155653E+09   -0.3099507E+09
 342      0.373618E+09    0.8884112E+09   -0.3545745E+09
 343      0.515728E+09    0.1140574E+10   -0.3906504E+09
 344      0.613844E+09    0.1302418E+10   -0.3223112E+09
 345      0.719702E+09    0.1462950E+10   -0.2539230E+09
 346      0.820049E+09    0.1519737E+10   -0.1418841E+09
 347      0.900079E+09    0.1576650E+10   -0.3081731E+08
 348      0.876513E+09    0.1527304E+10    0.9232641E+08
 349      0.859715E+09    0.1478537E+10    0.2176366E+09
 350      0.799572E+09    0.1324853E+10    0.3061861E+09
 351      0.713114E+09    0.1169047E+10    0.3950217E+09
 352      0.537992E+09    0.9187074E+09    0.3793201E+09
 353      0.266497E+09    0.6509025E+09    0.3550591E+09
 354     -0.185076E+09    0.3863073E+09    0.1791476E+09
 355     -0.914864E+09    0.9562746E+08   -0.1407034E+08
 356     -0.184330E+10    0.3487632E+08   -0.6625558E+08
 357     -0.300558E+10    0.1960981E+08   -0.9756919E+08
 358     -0.287755E+10   -0.1247427E+09    0.1863830E+09
 359     -0.145695E+10    0.7441507E+08   -0.3848134E+07
 360     -0.496658E+09    0.2661423E+09   -0.2478688E+09
 361     -0.217615E+08    0.6689228E+09   -0.4981661E+09
 362      0.223081E+09    0.1079837E+10   -0.6638721E+09
 363      0.349379E+09    0.1372187E+10   -0.6324640E+09
 364      0.437692E+09    0.1657799E+10   -0.6060868E+09
 365      0.494977E+09    0.1821257E+10   -0.4843958E+09
 366      0.570772E+09    0.1988246E+10   -0.3640024E+09
 367      0.657501E+09    0.2047211E+10   -0.1981411E+09
 368      0.727288E+09    0.2107317E+10   -0.3285173E+08
 369      0.702450E+09    0.2056597E+10    0.1452487E+09
 370      0.694742E+09    0.2007698E+10    0.3245146E+09
 371      0.660942E+09    0.1847128E+10    0.4697845E+09
 372      0.612709E+09    0.1689441E+10    0.6170514E+09
 373      0.497009E+09    0.1401939E+10    0.6691187E+09
 374      0.320945E+09    0.1104585E+10    0.7262911E+09
 375     -0.131707E+08    0.6915801E+09    0.5670451E+09
 376     -0.589354E+09    0.2869725E+09    0.3306608E+09
 377     -0.165443E+10    0.9064672E+08    0.7685972E+08
 378     -0.318185E+10   -0.1082423E+09   -0.1139195E+09
 379     -0.371170E+10    0.2659918E+09    0.6402483E+09
 380     -0.114556E+10    0.2894941E+09   -0.5504168E+08
 381     -0.132808E+09    0.5635347E+09   -0.7576219E+09
 382      0.136636E+09    0.1319032E+10   -0.9318370E+09
 383      0.283485E+09    0.1815460E+10   -0.1033240E+10
 384      0.313558E+09    0.2068321E+10   -0.9228979E+09
 385      0.352645E+09    0.2328120E+10   -0.8236097E+09
 386      0.369649E+09    0.2461338E+10   -0.6501755E+09
 387      0.413773E+09    0.2607251E+10   -0.4780171E+09
 388      0.488150E+09    0.2663285E+10   -0.2532411E+09
 389      0.552730E+09    0.2721602E+10   -0.2846407E+08
 390      0.522785E+09    0.2685953E+10    0.2071405E+09
 391      0.529671E+09    0.2651513E+10    0.4412118E+09
 392      0.520184E+09    0.2515159E+10    0.6410013E+09
 393      0.511237E+09    0.2387913E+10    0.8446200E+09
 394      0.448371E+09    0.2107086E+10    0.9747335E+09
 395      0.376620E+09    0.1831706E+10    0.1116891E+10
 396      0.160240E+09    0.1313425E+10    0.1015385E+10
 397     -0.198434E+09    0.5709437E+09    0.8317599E+09
 398     -0.131857E+10    0.2890486E+09    0.1467520E+09
 399     -0.397822E+10    0.2222517E+09   -0.4806508E+09
 400     -0.284228E+10   -0.4592188E+09   -0.1527984E+09
 401     -0.423821E+09    0.8377050E+09   -0.9222458E+09
 402     -0.107146E+09    0.2065184E+10   -0.1482698E+10
 403      0.870927E+08    0.2424067E+10   -0.1322113E+10
 404      0.136240E+09    0.2812084E+10   -0.1249295E+10
 405      0.152950E+09    0.2945020E+10   -0.1079439E+10
 406      0.170440E+09    0.3095971E+10   -0.9202762E+09
 407      0.178510E+09    0.3167896E+10   -0.7307125E+09
 408      0.198355E+09    0.3250717E+10   -0.5451939E+09
 409      0.239968E+09    0.3307675E+10   -0.3041392E+09
 410      0.280400E+09    0.3365979E+10   -0.5360350E+08
 411      0.261717E+09    0.3361300E+10    0.2132312E+09
 412      0.274316E+09    0.3365333E+10    0.4732510E+09
 413      0.270706E+09    0.3295876E+10    0.7247857E+09
 414      0.270799E+09    0.3228263E+10    0.9805194E+09
 415      0.240758E+09    0.3025001E+10    0.1195231E+10
 416      0.203881E+09    0.2835470E+10    0.1419647E+10
 417      0.123622E+09    0.2383405E+10    0.1492554E+10
 418     -0.110030E+09    0.1930778E+10    0.1653950E+10
 419     -0.493526E+09    0.7726454E+09    0.1011181E+10
 420     -0.299864E+10   -0.4080829E+09    0.2348632E+09
 421     -0.131983E+10    0.4556314E+10   -0.1057770E+10
 422      0.121289E+09    0.4432121E+10   -0.1734762E+10
 423     -0.867080E+08    0.4261755E+10   -0.2040001E+10
 424      0.194916E+08    0.4110752E+10   -0.1643253E+10
 425     -0.121948E+08    0.4035778E+10   -0.1431486E+10
 426     -0.297157E+07    0.3984064E+10   -0.1210929E+10
 427     -0.555881E+07    0.3946972E+10   -0.1004006E+10
 428     -0.506722E+07    0.3922017E+10   -0.8002327E+09
 429     -0.679672E+07    0.3892285E+10   -0.6044815E+09
 430      0.116093E+07    0.3899439E+10   -0.3534473E+09
 431      0.128284E+08    0.3935206E+10   -0.8235883E+08
 432      0.893808E+07    0.4071708E+10    0.2143340E+09
 433      0.226733E+08    0.4196340E+10    0.4995484E+09
 434      0.252003E+08    0.4222073E+10    0.8033837E+09
 435      0.322276E+08    0.4248450E+10    0.1111463E+10
 436      0.359909E+08    0.4179989E+10    0.1401665E+10
 437      0.278089E+08    0.4123632E+10    0.1702115E+10
 438      0.682115E+08    0.4021828E+10    0.1924977E+10
 439     -0.417644E+08    0.4004239E+10    0.2346685E+10
 440      0.185711E+09    0.3891004E+10    0.1933072E+10
 441     -0.137220E+10    0.3703272E+10    0.1243919E+10
