   1      0.127211E+10    0.2223569E+07   -0.1011598E+07
   2      0.106452E+10    0.3593933E+06   -0.9161590E+06
   3      0.702329E+09   -0.5929327E+06   -0.1380072E+07
   4      0.200225E+09   -0.1689701E+08   -0.5375848E+06
   5     -0.398947E+09   -0.3692630E+08    0.1337739E+07
   6     -0.811217E+09   -0.7230967E+08    0.9895839E+06
   7     -0.688596E+09   -0.1053180E+09    0.7094649E+05
   8     -0.567401E+09   -0.1277515E+09   -0.2739847E+05
   9     -0.454773E+09   -0.1503195E+09   -0.3891309E+05
  10     -0.348645E+09   -0.1601172E+09   -0.1288578E+05
  11     -0.254587E+09   -0.1695829E+09    0.6550012E+04
  12     -0.168965E+09   -0.1638973E+09    0.2917909E+05
  13     -0.958413E+08   -0.1578449E+09    0.5089415E+05
  14     -0.298720E+08   -0.1385732E+09    0.7462517E+05
  15      0.277477E+08   -0.1189693E+09    0.9780278E+05
  16      0.826872E+08   -0.9239497E+08    0.1248549E+06
  17      0.137459E+09   -0.6551857E+08    0.1202025E+06
  18      0.196536E+09   -0.4160839E+08    0.2435006E+06
  19      0.265815E+09   -0.1749503E+08   -0.5822564E+05
  20      0.347326E+09   -0.6163265E+07    0.2143460E+05
  21      0.453160E+09    0.3960153E+07    0.5704692E+06
  22      0.127033E+10    0.1425121E+07   -0.1185676E+07
  23      0.105912E+10   -0.3489033E+07    0.3922641E+07
  24      0.696385E+09   -0.7794212E+07    0.8742502E+07
  25      0.190719E+09   -0.2540677E+08    0.1795684E+08
  26     -0.411202E+09   -0.4522762E+08    0.2984552E+08
  27     -0.807951E+09   -0.7599846E+08    0.3040482E+08
  28     -0.684683E+09   -0.1061276E+09    0.2794874E+08
  29     -0.562243E+09   -0.1289599E+09    0.2212432E+08
  30     -0.448300E+09   -0.1514371E+09    0.1683997E+08
  31     -0.341284E+09   -0.1611948E+09    0.9403770E+07
  32     -0.246873E+09   -0.1706135E+09    0.1925419E+07
  33     -0.161430E+09   -0.1649225E+09   -0.5712393E+07
  34     -0.890833E+08   -0.1588652E+09   -0.1334774E+08
  35     -0.244100E+08   -0.1396215E+09   -0.1891034E+08
  36      0.313721E+08   -0.1200533E+09   -0.2444368E+08
  37      0.840475E+08   -0.9349439E+08   -0.2589745E+08
  38      0.136230E+09   -0.6676887E+08   -0.2728053E+08
  39      0.192435E+09   -0.4248578E+08   -0.2327981E+08
  40      0.259258E+09   -0.1839306E+08   -0.1924915E+08
  41      0.338220E+09   -0.7580002E+07   -0.1015548E+08
  42      0.441141E+09    0.2565048E+07   -0.1050645E+07
  43      0.126924E+10    0.3223793E+07   -0.1763450E+07
  44      0.105434E+10   -0.3767404E+07    0.8975751E+07
  45      0.690444E+09   -0.1166960E+08    0.1975134E+08
  46      0.180798E+09   -0.3398432E+08    0.3656541E+08
  47     -0.424867E+09   -0.5611576E+08    0.5734629E+08
  48     -0.804227E+09   -0.8368039E+08    0.5912831E+08
  49     -0.680608E+09   -0.1118373E+09    0.5573395E+08
  50     -0.557062E+09   -0.1355096E+09    0.4422948E+08
  51     -0.441872E+09   -0.1585366E+09    0.3369858E+08
  52     -0.333984E+09   -0.1685542E+09    0.1881344E+08
  53     -0.239234E+09   -0.1781906E+09    0.3851054E+07
  54     -0.153972E+09   -0.1722024E+09   -0.1143643E+08
  55     -0.824105E+08   -0.1658433E+09   -0.2671832E+08
  56     -0.190335E+08   -0.1457771E+09   -0.3785107E+08
  57      0.349057E+08   -0.1253687E+09   -0.4892604E+08
  58      0.853386E+08   -0.9752730E+08   -0.5183762E+08
  59      0.134924E+09   -0.6939671E+08   -0.5460568E+08
  60      0.188384E+09   -0.4377027E+08   -0.4669875E+08
  61      0.252605E+09   -0.1782573E+08   -0.3852086E+08
  62      0.329451E+09   -0.6217939E+07   -0.2018097E+08
  63      0.429087E+09    0.4072461E+07   -0.2037999E+07
  64      0.125402E+10    0.2650149E+07   -0.1958794E+07
  65      0.103493E+10   -0.6223553E+07    0.1786311E+08
  66      0.668789E+09   -0.1569818E+08    0.3820931E+08
  67      0.159774E+09   -0.3909394E+08    0.5973973E+08
  68     -0.448495E+09   -0.6275484E+08    0.8429201E+08
  69     -0.800494E+09   -0.9131355E+08    0.8647760E+08
  70     -0.670464E+09   -0.1201791E+09    0.8385691E+08
  71     -0.541584E+09   -0.1439484E+09    0.6715746E+08
  72     -0.422200E+09   -0.1672764E+09    0.5133085E+08
  73     -0.311530E+09   -0.1773958E+09    0.2851309E+08
  74     -0.215709E+09   -0.1870947E+09    0.5645789E+07
  75     -0.130990E+09   -0.1808144E+09   -0.1773104E+08
  76     -0.617475E+08   -0.1741646E+09   -0.4109271E+08
  77     -0.225863E+07   -0.1534315E+09   -0.5825224E+08
  78      0.461478E+08   -0.1323546E+09   -0.7533707E+08
  79      0.897484E+08   -0.1034466E+09   -0.8008980E+08
  80      0.131332E+09   -0.7428401E+08   -0.8464818E+08
  81      0.176222E+09   -0.4740207E+08   -0.7266328E+08
  82      0.231750E+09   -0.2056054E+08   -0.6037534E+08
  83      0.300725E+09   -0.8226596E+07   -0.3144500E+08
  84      0.393474E+09    0.3189168E+07   -0.2666968E+07
  85      0.123931E+10    0.3616721E+07   -0.2280826E+07
  86      0.101520E+10   -0.4771433E+07    0.2611791E+08
  87      0.647539E+09   -0.1349384E+08    0.5505914E+08
  88      0.138779E+09   -0.3958138E+08    0.8284790E+08
  89     -0.470160E+09   -0.6728072E+08    0.1131595E+09
  90     -0.797303E+09   -0.9998297E+08    0.1147094E+09
  91     -0.660574E+09   -0.1316891E+09    0.1119554E+09
  92     -0.526215E+09   -0.1564484E+09    0.9014974E+08
  93     -0.402582E+09   -0.1809681E+09    0.6901860E+08
  94     -0.289100E+09   -0.1913037E+09    0.3824722E+08
  95     -0.192195E+09   -0.2012351E+09    0.7446822E+07
  96     -0.108016E+09   -0.1944012E+09   -0.2405963E+08
  97     -0.411056E+08   -0.1872131E+09   -0.5554011E+08
  98      0.144788E+08   -0.1651752E+09   -0.7875179E+08
  99      0.573327E+08   -0.1427708E+09   -0.1018718E+09
 100      0.940832E+08   -0.1117304E+09   -0.1084566E+09
 101      0.127707E+09   -0.8029412E+08   -0.1147876E+09
 102      0.163996E+09   -0.5090229E+08   -0.9867837E+08
 103      0.211160E+09   -0.2119504E+08   -0.8211968E+08
 104      0.271972E+09   -0.7713094E+07   -0.4273604E+08
 105      0.358478E+09    0.4341742E+07   -0.3583493E+07
 106      0.120276E+10    0.3387419E+07   -0.1434957E+07
 107      0.975699E+09   -0.9183505E+07    0.3783754E+08
 108      0.611414E+09   -0.2311109E+08    0.7779605E+08
 109      0.106811E+09   -0.5147270E+08    0.1102783E+09
 110     -0.495428E+09   -0.7910255E+08    0.1454396E+09
 111     -0.793534E+09   -0.1109530E+09    0.1465832E+09
 112     -0.644159E+09   -0.1435210E+09    0.1429109E+09
 113     -0.499609E+09   -0.1691589E+09    0.1148602E+09
 114     -0.368566E+09   -0.1941905E+09    0.8751787E+08
 115     -0.250395E+09   -0.2044063E+09    0.4812193E+08
 116     -0.151733E+09   -0.2142085E+09    0.8749238E+07
 117     -0.685351E+08   -0.2068805E+09   -0.3135927E+08
 118     -0.538981E+07   -0.1992325E+09   -0.7143120E+08
 119      0.437786E+08   -0.1763653E+09   -0.1013342E+09
 120      0.774852E+08   -0.1531375E+09   -0.1311709E+09
 121      0.102688E+09   -0.1206385E+09   -0.1403687E+09
 122      0.122431E+09   -0.8772217E+08   -0.1493165E+09
 123      0.143379E+09   -0.5632087E+08   -0.1290917E+09
 124      0.174495E+09   -0.2479917E+08   -0.1081773E+09
 125      0.220355E+09   -0.9867940E+07   -0.5635251E+08
 126      0.294539E+09    0.3842703E+07   -0.4830669E+07
 127      0.116489E+10    0.4721401E+07   -0.4709549E+06
 128      0.936465E+09   -0.7357874E+07    0.4989580E+08
 129      0.575001E+09   -0.2099785E+08    0.1014637E+09
 130      0.761603E+08   -0.5404785E+08    0.1377977E+09
 131     -0.522243E+09   -0.8688592E+08    0.1768830E+09
 132     -0.789863E+09   -0.1222563E+09    0.1783763E+09
 133     -0.627864E+09   -0.1574853E+09    0.1741830E+09
 134     -0.473064E+09   -0.1838944E+09    0.1397810E+09
 135     -0.334505E+09   -0.2097382E+09    0.1061957E+09
 136     -0.211576E+09   -0.2195376E+09    0.5809781E+08
 137     -0.111120E+09   -0.2289881E+09    0.1007837E+08
 138     -0.288924E+08   -0.2209804E+09   -0.3871461E+08
 139      0.304555E+08   -0.2127333E+09   -0.8745930E+08
 140      0.731585E+08   -0.1889394E+09   -0.1241108E+09
 141      0.976438E+08   -0.1647990E+09   -0.1607163E+09
 142      0.111224E+09   -0.1304040E+09   -0.1725369E+09
 143      0.117038E+09   -0.9543405E+08   -0.1840993E+09
 144      0.122588E+09   -0.6093120E+08   -0.1597188E+09
 145      0.137798E+09   -0.2554751E+08   -0.1344976E+09
 146      0.168884E+09   -0.8984339E+07   -0.6992933E+08
 147      0.230648E+09    0.5504316E+07   -0.5661647E+07
 148      0.109751E+10    0.4048504E+07   -0.2308585E+06
 149      0.872702E+09   -0.9788450E+07    0.6352823E+08
 150      0.518758E+09   -0.2446722E+08    0.1288168E+09
 151      0.358125E+08   -0.5941054E+08    0.1721656E+09
 152     -0.550484E+09   -0.9544963E+08    0.2167815E+09
 153     -0.783344E+09   -0.1330183E+09    0.2142028E+09
 154     -0.602247E+09   -0.1697221E+09    0.2069971E+09
 155     -0.432842E+09   -0.1954058E+09    0.1649513E+09
 156     -0.284298E+09   -0.2205523E+09    0.1236190E+09
 157     -0.155583E+09   -0.2291470E+09    0.6667238E+08
 158     -0.531012E+08   -0.2374596E+09    0.9930040E+07
 159      0.274504E+08   -0.2289489E+09   -0.4707526E+08
 160      0.818955E+08   -0.2203088E+09   -0.1040307E+09
 161      0.116073E+09   -0.1966915E+09   -0.1475888E+09
 162      0.128426E+09   -0.1727671E+09   -0.1912057E+09
 163      0.126066E+09   -0.1381162E+09   -0.2068713E+09
 164      0.111947E+09   -0.1028287E+09   -0.2223952E+09
 165      0.942761E+08   -0.6674201E+08   -0.1949094E+09
 166      0.838915E+08   -0.3002316E+08   -0.1662841E+09
 167      0.885357E+08   -0.1175986E+08   -0.8636585E+08
 168      0.133970E+09    0.4729742E+07   -0.6744973E+07
 169      0.103197E+10    0.6490662E+07   -0.7732850E+06
 170      0.808763E+09   -0.8820729E+07    0.7725372E+08
 171      0.462824E+09   -0.2698563E+08    0.1572085E+09
 172     -0.580057E+07   -0.6754894E+08    0.2068337E+09
 173     -0.577032E+09   -0.1065196E+09    0.2563869E+09
 174     -0.777221E+09   -0.1438915E+09    0.2502979E+09
 175     -0.576690E+09   -0.1811178E+09    0.2403690E+09
 176     -0.392486E+09   -0.2050476E+09    0.1905211E+09
 177     -0.233824E+09   -0.2281471E+09    0.1413569E+09
 178     -0.991920E+08   -0.2343434E+09    0.7543410E+08
 179      0.536725E+07   -0.2404355E+09    0.9838913E+07
 180      0.842568E+08   -0.2313982E+09   -0.5551403E+08
 181      0.133735E+09   -0.2224387E+09   -0.1208143E+09
 182      0.159291E+09   -0.2000032E+09   -0.1713833E+09
 183      0.159346E+09   -0.1773555E+09   -0.2221134E+09
 184      0.140893E+09   -0.1434541E+09   -0.2416404E+09
 185      0.106657E+09   -0.1087147E+09   -0.2611355E+09
 186      0.657392E+08   -0.7109562E+08   -0.2304356E+09
 187      0.294657E+08   -0.3195858E+08   -0.1982598E+09
 188      0.787847E+07   -0.1155750E+08   -0.1029005E+09
 189      0.382745E+08    0.6212716E+07   -0.7887490E+07
 190      0.933765E+09    0.4758655E+07    0.5549184E+06
 191      0.713131E+09   -0.1362751E+08    0.9507479E+08
 192      0.386006E+09   -0.3382721E+08    0.1917911E+09
 193     -0.565958E+08   -0.7313775E+08    0.2450721E+09
 194     -0.601601E+09   -0.1126734E+09    0.2982987E+09
 195     -0.761991E+09   -0.1500057E+09    0.2859742E+09
 196     -0.536696E+09   -0.1860032E+09    0.2688570E+09
 197     -0.335657E+09   -0.2048322E+09    0.2095039E+09
 198     -0.166696E+09   -0.2229824E+09    0.1513773E+09
 199     -0.273218E+08   -0.2253679E+09    0.7851442E+08
 200      0.784232E+08   -0.2278307E+09    0.6208827E+07
 201      0.154473E+09   -0.2186667E+09   -0.6429217E+08
 202      0.198713E+09   -0.2098182E+09   -0.1347597E+09
 203      0.214942E+09   -0.1906618E+09   -0.1907275E+09
 204      0.201867E+09   -0.1714210E+09   -0.2471056E+09
 205      0.164813E+09   -0.1414192E+09   -0.2719719E+09
 206      0.105572E+09   -0.1104681E+09   -0.2971427E+09
 207      0.332662E+08   -0.7432590E+08   -0.2661081E+09
 208     -0.410626E+08   -0.3673313E+08   -0.2337886E+09
 209     -0.104803E+09   -0.1463523E+08   -0.1226721E+09
 210     -0.103408E+09    0.5066491E+07   -0.1118149E+08
 211      0.834654E+09    0.6107320E+07    0.2699785E+07
 212      0.618224E+09   -0.1201541E+08    0.1125536E+09
 213      0.308774E+09   -0.3185867E+08    0.2245958E+09
 214     -0.107955E+09   -0.7478982E+08    0.2839186E+09
 215     -0.628515E+09   -0.1191541E+09    0.3428171E+09
 216     -0.746602E+09   -0.1535274E+09    0.3228482E+09
 217     -0.496648E+09   -0.1845301E+09    0.2979595E+09
 218     -0.278393E+09   -0.1941092E+09    0.2290988E+09
 219     -0.989296E+08   -0.2034065E+09    0.1618186E+09
 220      0.453580E+08   -0.1993778E+09    0.8183973E+08
 221      0.152336E+09   -0.1958244E+09    0.2651838E+07
 222      0.225554E+09   -0.1868387E+09   -0.7315478E+08
 223      0.264473E+09   -0.1785697E+09   -0.1489446E+09
 224      0.271269E+09   -0.1655715E+09   -0.2104945E+09
 225      0.244765E+09   -0.1527963E+09   -0.2726964E+09
 226      0.188853E+09   -0.1303193E+09   -0.3030094E+09
 227      0.104156E+09   -0.1068053E+09   -0.3339420E+09
 228      0.172615E+06   -0.7349781E+08   -0.3024961E+09
 229     -0.112142E+09   -0.3747412E+08   -0.2698572E+09
 230     -0.218079E+09   -0.1396363E+08   -0.1426629E+09
 231     -0.244946E+09    0.6372904E+07   -0.1451463E+08
 232      0.686922E+09    0.6398904E+07    0.5111465E+07
 233      0.488324E+09   -0.1673286E+08    0.1343428E+09
 234      0.212617E+09   -0.4414835E+08    0.2658975E+09
 235     -0.163415E+09   -0.8713964E+08    0.3231715E+09
 236     -0.639752E+09   -0.1272272E+09    0.3778021E+09
 237     -0.711368E+09   -0.1468230E+09    0.3430410E+09
 238     -0.435771E+09   -0.1647985E+09    0.3047859E+09
 239     -0.204105E+09   -0.1612446E+09    0.2271087E+09
 240     -0.188846E+08   -0.1569779E+09    0.1517257E+09
 241      0.125062E+09   -0.1446032E+09    0.7144910E+08
 242      0.230380E+09   -0.1330606E+09   -0.7739313E+07
 243      0.299010E+09   -0.1250244E+09   -0.8045192E+08
 244      0.333935E+09   -0.1180610E+09   -0.1531824E+09
 245      0.333452E+09   -0.1145826E+09   -0.2147367E+09
 246      0.297372E+09   -0.1116118E+09   -0.2773706E+09
 247      0.224866E+09   -0.1020638E+09   -0.3141997E+09
 248      0.114378E+09   -0.9135244E+08   -0.3524908E+09
 249     -0.271966E+08   -0.6683093E+08   -0.3277792E+09
 250     -0.191594E+09   -0.3924623E+08   -0.3025515E+09
 251     -0.360302E+09   -0.1606106E+08   -0.1630980E+09
 252     -0.451034E+09    0.3972011E+07   -0.2105195E+08
 253      0.540573E+09    0.7201797E+07    0.8194008E+07
 254      0.358064E+09   -0.1792515E+08    0.1566734E+09
 255      0.114277E+09   -0.4631097E+08    0.3082348E+09
 256     -0.219791E+09   -0.8350165E+08    0.3632913E+09
 257     -0.652042E+09   -0.1190709E+09    0.4141671E+09
 258     -0.676323E+09   -0.1251588E+09    0.3650660E+09
 259     -0.374498E+09   -0.1270180E+09    0.3125696E+09
 260     -0.128640E+09   -0.1007119E+09    0.2256246E+09
 261      0.623040E+08   -0.7529106E+08    0.1417773E+09
 262      0.205929E+09   -0.5068368E+08    0.6114208E+08
 263      0.309535E+09   -0.2751302E+08   -0.1812000E+08
 264      0.373563E+09   -0.2122154E+08   -0.8774201E+08
 265      0.404518E+09   -0.1651303E+08   -0.1574039E+09
 266      0.396850E+09   -0.2775779E+08   -0.2192252E+09
 267      0.350846E+09   -0.4032158E+08   -0.2824942E+09
 268      0.261678E+09   -0.5171764E+08   -0.3263680E+09
 269      0.124028E+09   -0.6251047E+08   -0.3724196E+09
 270     -0.553964E+08   -0.5218371E+08   -0.3543110E+09
 271     -0.272923E+09   -0.3725248E+08   -0.3364870E+09
 272     -0.503633E+09   -0.1436046E+08   -0.1842912E+09
 273     -0.658333E+09    0.5556572E+07   -0.2797025E+08
 274      0.328136E+09    0.5399432E+07    0.1539305E+08
 275      0.188631E+09   -0.2111390E+08    0.1829438E+09
 276      0.108550E+08   -0.5515955E+08    0.3514177E+09
 277     -0.252952E+09   -0.8387677E+08    0.3854187E+09
 278     -0.627018E+09   -0.1056614E+09    0.4144408E+09
 279     -0.606422E+09   -0.7870512E+08    0.3410052E+09
 280     -0.288889E+09   -0.4828246E+08    0.2665561E+09
 281     -0.441450E+08    0.4331886E+07    0.1778909E+09
 282      0.140422E+09    0.5620853E+08    0.9339634E+08
 283      0.273393E+09    0.9428104E+08    0.2658995E+08
 284      0.369984E+09    0.1305728E+09   -0.3876258E+08
 285      0.427278E+09    0.1340011E+09   -0.9008345E+08
 286      0.457308E+09    0.1356720E+09   -0.1414018E+09
 287      0.448527E+09    0.1057749E+09   -0.1906907E+09
 288      0.404082E+09    0.7420613E+08   -0.2417334E+09
 289      0.309701E+09    0.3364721E+08   -0.2895967E+09
 290      0.157514E+09   -0.6366235E+07   -0.3415907E+09
 291     -0.578235E+08   -0.2052971E+08   -0.3439110E+09
 292     -0.338569E+09   -0.2843288E+08   -0.3489590E+09
 293     -0.661093E+09   -0.1251069E+08   -0.1977838E+09
 294     -0.940770E+09   -0.7751275E+06   -0.3850862E+08
 295      0.118747E+09    0.1311152E+08    0.2395715E+08
 296      0.178771E+08   -0.2615658E+08    0.2106816E+09
 297     -0.100929E+09   -0.6725076E+08    0.3991816E+09
 298     -0.287492E+09   -0.7123025E+08    0.4118995E+09
 299     -0.603659E+09   -0.6798778E+08    0.4169158E+09
 300     -0.533204E+09    0.5464805E+07    0.3177598E+09
 301     -0.201288E+09    0.7972366E+08    0.2194595E+09
 302      0.424003E+08    0.1703650E+09    0.1292834E+09
 303      0.219809E+09    0.2574535E+09    0.4389230E+08
 304      0.341569E+09    0.3117798E+09   -0.8594185E+07
 305      0.430886E+09    0.3639665E+09   -0.5960578E+08
 306      0.481382E+09    0.3635855E+09   -0.9208122E+08
 307      0.510840E+09    0.3614588E+09   -0.1244856E+09
 308      0.501601E+09    0.3076476E+09   -0.1611134E+09
 309      0.459165E+09    0.2506777E+09   -0.1995445E+09
 310      0.360982E+09    0.1683716E+09   -0.2531304E+09
 311      0.190759E+09    0.8229012E+08   -0.3119553E+09
 312     -0.590419E+08    0.2938134E+08   -0.3368157E+09
 313     -0.411789E+09   -0.1790976E+08   -0.3655201E+09
 314     -0.821223E+09   -0.7341339E+07   -0.2128507E+09
 315     -0.122706E+10    0.5522614E+07   -0.5053112E+08
 316     -0.199177E+09   -0.6334275E+07    0.4638994E+08
 317     -0.180211E+09   -0.2969647E+08    0.2396834E+09
 318     -0.151936E+09   -0.6887786E+08    0.4209563E+09
 319     -0.246171E+09   -0.3210900E+08    0.3663470E+09
 320     -0.504845E+09    0.2510489E+08    0.3136780E+09
 321     -0.423400E+09    0.1585586E+09    0.1947047E+09
 322     -0.105604E+09    0.2926933E+09    0.8206624E+08
 323      0.110382E+09    0.4181573E+09    0.1187266E+08
 324      0.263630E+09    0.5405778E+09   -0.5383498E+08
 325      0.362854E+09    0.6082472E+09   -0.7257772E+08
 326      0.438758E+09    0.6741859E+09   -0.9042999E+08
 327      0.480698E+09    0.6692987E+09   -0.8605428E+08
 328      0.511521E+09    0.6633773E+09   -0.8143808E+08
 329      0.508650E+09    0.5854940E+09   -0.8408044E+08
 330      0.483553E+09    0.5050573E+09   -0.8734819E+08
 331      0.403330E+09    0.3724974E+09   -0.1259723E+09
 332      0.255103E+09    0.2367197E+09   -0.1726197E+09
 333     -0.390585E+07    0.1216306E+09   -0.2335444E+09
 334     -0.405246E+09    0.1840589E+08   -0.3105216E+09
 335     -0.952255E+09    0.3014809E+07   -0.1999374E+09
 336     -0.157214E+10   -0.1814243E+08   -0.6708125E+08
 337     -0.543837E+09    0.4889717E+08    0.9092876E+08
 338     -0.378968E+09   -0.2704390E+08    0.2769297E+09
 339     -0.243149E+09   -0.7158908E+08    0.4599061E+09
 340     -0.182882E+09    0.7128247E+08    0.3320562E+09
 341     -0.401121E+09    0.2047545E+09    0.1980171E+09
 342     -0.308261E+09    0.4211982E+09    0.6421318E+08
 343     -0.765590E+07    0.6225220E+09   -0.6179083E+08
 344      0.178580E+09    0.7822488E+09   -0.1100631E+09
 345      0.306798E+09    0.9372824E+09   -0.1544363E+09
 346      0.382493E+09    0.1014139E+10   -0.1382331E+09
 347      0.444651E+09    0.1090217E+10   -0.1216519E+09
 348      0.477961E+09    0.1081173E+10   -0.7921989E+08
 349      0.510554E+09    0.1072558E+10   -0.3644011E+08
 350      0.514757E+09    0.9743383E+09   -0.3338977E+07
 351      0.509119E+09    0.8742590E+09    0.3039317E+08
 352      0.450244E+09    0.6872974E+09    0.7958771E+07
 353      0.325911E+09    0.4826802E+09   -0.2170511E+08
 354      0.707287E+08    0.2794856E+09   -0.1365682E+09
 355     -0.426154E+09    0.5524464E+08   -0.2667192E+09
 356     -0.108765E+10    0.2160114E+08   -0.1941931E+09
 357     -0.194650E+10    0.2833590E+08   -0.1030640E+09
 358     -0.103478E+10   -0.8285818E+08    0.1279266E+09
 359     -0.511786E+09   -0.3890727E+07    0.2495954E+09
 360     -0.677684E+08    0.4940086E+08    0.3041497E+09
 361     -0.209180E+08    0.3056531E+09    0.7624940E+08
 362     -0.258244E+09    0.5946465E+09   -0.8210945E+08
 363     -0.208944E+09    0.8522193E+09   -0.1785259E+09
 364      0.417541E+08    0.1105431E+10   -0.2748192E+09
 365      0.181063E+09    0.1275566E+10   -0.2757752E+09
 366      0.273717E+09    0.1443492E+10   -0.2745878E+09
 367      0.324268E+09    0.1519267E+10   -0.2131719E+09
 368      0.369915E+09    0.1595434E+10   -0.1526188E+09
 369      0.394368E+09    0.1583435E+10   -0.6649458E+08
 370      0.424113E+09    0.1573412E+10    0.1990946E+08
 371      0.433782E+09    0.1467400E+10    0.1048902E+09
 372      0.445252E+09    0.1362498E+10    0.1923298E+09
 373      0.417888E+09    0.1137282E+10    0.2337282E+09
 374      0.355161E+09    0.9043240E+09    0.2792977E+09
 375      0.177206E+09    0.5602237E+09    0.1842128E+09
 376     -0.213824E+09    0.2265794E+09    0.1575642E+08
 377     -0.105123E+10    0.6763026E+08   -0.8142270E+08
 378     -0.229599E+10   -0.9669394E+08   -0.1175622E+09
 379     -0.216771E+10    0.2687517E+09    0.5914420E+09
 380     -0.511068E+09    0.1742462E+09    0.3280959E+09
 381      0.205513E+09    0.3018403E+09   -0.1206142E+08
 382      0.156686E+09    0.9180663E+09   -0.2487550E+09
 383     -0.118588E+09    0.1303232E+10   -0.3964158E+09
 384     -0.130488E+09    0.1533277E+10   -0.4420368E+09
 385      0.871446E+08    0.1782204E+10   -0.4917504E+09
 386      0.177321E+09    0.1934054E+10   -0.4465708E+09
 387      0.234450E+09    0.2084655E+10   -0.3964000E+09
 388      0.260966E+09    0.2144454E+10   -0.2886688E+09
 389      0.290457E+09    0.2206572E+10   -0.1833306E+09
 390      0.306237E+09    0.2194640E+10   -0.5315042E+08
 391      0.332517E+09    0.2186197E+10    0.7707833E+08
 392      0.346367E+09    0.2094394E+10    0.2159589E+09
 393      0.374366E+09    0.2008771E+10    0.3577554E+09
 394      0.375059E+09    0.1790823E+10    0.4737357E+09
 395      0.385640E+09    0.1578764E+10    0.5980527E+09
 396      0.283005E+09    0.1139485E+10    0.5637821E+09
 397      0.647344E+08    0.4859003E+09    0.4505171E+09
 398     -0.874296E+09    0.2570869E+09   -0.4137101E+08
 399     -0.323801E+10    0.2331116E+09   -0.4755982E+09
 400     -0.204397E+10   -0.4412803E+09   -0.1059817E+09
 401     -0.100782E+09    0.7061404E+09   -0.4746814E+09
 402      0.112131E+09    0.1828913E+10   -0.6975813E+09
 403      0.130584E+09    0.2117080E+10   -0.5482490E+09
 404     -0.729746E+08    0.2391177E+10   -0.5070350E+09
 405     -0.784879E+08    0.2489986E+10   -0.5782390E+09
 406      0.445497E+08    0.2632614E+10   -0.6265296E+09
 407      0.900584E+08    0.2729929E+10   -0.5389145E+09
 408      0.118108E+09    0.2819321E+10   -0.4527365E+09
 409      0.130880E+09    0.2850160E+10   -0.3222713E+09
 410      0.145770E+09    0.2884084E+10   -0.1942874E+09
 411      0.153915E+09    0.2875283E+10   -0.4349824E+08
 412      0.167611E+09    0.2869478E+10    0.1069826E+09
 413      0.175479E+09    0.2814494E+10    0.2761923E+09
 414      0.190963E+09    0.2764809E+10    0.4467795E+09
 415      0.195731E+09    0.2624996E+10    0.6281534E+09
 416      0.202877E+09    0.2498681E+10    0.8184374E+09
 417      0.179724E+09    0.2133383E+10    0.9539667E+09
 418      0.247130E+08    0.1770619E+10    0.1173703E+10
 419     -0.271975E+09    0.7005639E+09    0.7525029E+09
 420     -0.257467E+10   -0.3933011E+09    0.2048531E+09
 421     -0.128912E+10    0.4211888E+10   -0.1006439E+10
 422      0.155121E+09    0.4410385E+10   -0.1272179E+10
 423     -0.239352E+08    0.4551791E+10   -0.1216546E+10
 424      0.665001E+08    0.4206042E+10   -0.7642062E+09
 425     -0.269737E+08    0.3888469E+10   -0.5614537E+09
 426     -0.151616E+08    0.3691545E+10   -0.6824834E+09
 427      0.163473E+07    0.3613724E+10   -0.7489157E+09
 428      0.540243E+07    0.3635207E+10   -0.6193982E+09
 429      0.587594E+07    0.3623978E+10   -0.5022788E+09
 430      0.511045E+07    0.3617273E+10   -0.3518780E+09
 431      0.568615E+07    0.3611737E+10   -0.2037943E+09
 432      0.622445E+07    0.3608938E+10   -0.3444627E+08
 433      0.746120E+07    0.3607561E+10    0.1343943E+09
 434      0.948657E+07    0.3608838E+10    0.3302784E+09
 435      0.114396E+08    0.3612801E+10    0.5269931E+09
 436      0.193607E+08    0.3620188E+10    0.7634993E+09
 437      0.151835E+08    0.3639062E+10    0.1012613E+10
 438      0.582412E+08    0.3654955E+10    0.1293655E+10
 439     -0.389836E+08    0.3748274E+10    0.1764004E+10
 440      0.188577E+09    0.3730773E+10    0.1593187E+10
 441     -0.129764E+10    0.3646095E+10    0.1161432E+10
