   1      0.662043E+09    0.6615959E+06    0.2217405E+07
   2      0.558853E+09   -0.1053676E+08    0.2310171E+06
   3      0.448897E+09   -0.2090178E+08   -0.1597377E+07
   4      0.334938E+09   -0.4349751E+08   -0.1257168E+07
   5      0.207193E+09   -0.6812615E+08   -0.1647264E+07
   6      0.683274E+08   -0.9794710E+08   -0.1687363E+07
   7     -0.842742E+08   -0.1279679E+09   -0.8258453E+06
   8     -0.245190E+09   -0.1530647E+09   -0.9429024E+06
   9     -0.422981E+09   -0.1751626E+09   -0.2045212E+07
  10     -0.595506E+09   -0.1879629E+09    0.6105923E+06
  11     -0.765346E+09   -0.2059953E+09    0.3904511E+07
  12     -0.603428E+09   -0.2071029E+09    0.1997187E+07
  13     -0.452031E+09   -0.2028379E+09    0.2371929E+06
  14     -0.307866E+09   -0.1750067E+09    0.3199157E+06
  15     -0.171504E+09   -0.1481460E+09    0.2789709E+06
  16     -0.355926E+08   -0.1138333E+09    0.2640958E+06
  17      0.103219E+09   -0.7941523E+08    0.2447140E+06
  18      0.249465E+09   -0.4970745E+08    0.2330693E+06
  19      0.410593E+09   -0.1997507E+08    0.1287891E+06
  20      0.587428E+09   -0.7395847E+07    0.2038800E+06
  21      0.789584E+09    0.4049022E+07    0.3853613E+06
  22      0.648789E+09    0.4384482E+07    0.1022850E+07
  23      0.549528E+09   -0.5700563E+07    0.1049692E+08
  24      0.442030E+09   -0.1712999E+08    0.1974863E+08
  25      0.328809E+09   -0.4471291E+08    0.2538045E+08
  26      0.204552E+09   -0.7182498E+08    0.3124733E+08
  27      0.679623E+08   -0.1054984E+09    0.3149378E+08
  28     -0.806643E+08   -0.1390008E+09    0.3146308E+08
  29     -0.240580E+09   -0.1671907E+09    0.2631394E+08
  30     -0.414835E+09   -0.1961308E+09    0.2108262E+08
  31     -0.589553E+09   -0.2111368E+09    0.1395066E+08
  32     -0.751957E+09   -0.2245105E+09    0.6163919E+07
  33     -0.590975E+09   -0.2144647E+09   -0.7242387E+07
  34     -0.442839E+09   -0.2042487E+09   -0.1962155E+08
  35     -0.301437E+09   -0.1775040E+09   -0.2609785E+08
  36     -0.167787E+09   -0.1503590E+09   -0.3263830E+08
  37     -0.348514E+08   -0.1158682E+09   -0.3347979E+08
  38      0.100815E+09   -0.8131379E+08   -0.3427671E+08
  39      0.243850E+09   -0.5147246E+08   -0.2876804E+08
  40      0.401980E+09   -0.2188902E+08   -0.2312627E+08
  41      0.576244E+09   -0.8815194E+07   -0.1202313E+08
  42      0.776761E+09    0.3442666E+07   -0.1058677E+07
  43      0.636519E+09    0.2461278E+07    0.3198521E+06
  44      0.540471E+09   -0.7967427E+07    0.2029003E+08
  45      0.436159E+09   -0.1815353E+08    0.4020571E+08
  46      0.323153E+09   -0.5038226E+08    0.5216958E+08
  47      0.201482E+09   -0.8506831E+08    0.6508872E+08
  48      0.678993E+08   -0.1269864E+09    0.6499829E+08
  49     -0.767657E+08   -0.1675158E+09    0.6299346E+08
  50     -0.237001E+09   -0.1965541E+09    0.5276935E+08
  51     -0.408089E+09   -0.2254181E+09    0.4367637E+08
  52     -0.584815E+09   -0.2349996E+09    0.2713845E+08
  53     -0.737727E+09   -0.2440268E+09    0.8352030E+07
  54     -0.578329E+09   -0.2312951E+09   -0.1647339E+08
  55     -0.433423E+09   -0.2180082E+09   -0.3924819E+08
  56     -0.294930E+09   -0.1885655E+09   -0.5230642E+08
  57     -0.164063E+09   -0.1589210E+09   -0.6536567E+08
  58     -0.341401E+08   -0.1222412E+09   -0.6702641E+08
  59      0.984025E+08   -0.8537504E+08   -0.6860182E+08
  60      0.238270E+09   -0.5354286E+08   -0.5756796E+08
  61      0.393512E+09   -0.2160120E+08   -0.4627577E+08
  62      0.565302E+09   -0.7978587E+07   -0.2403936E+08
  63      0.764399E+09    0.4390044E+07   -0.2072310E+07
  64      0.602662E+09    0.4865912E+07    0.3148256E+06
  65      0.507519E+09   -0.8755236E+07    0.3331542E+08
  66      0.407679E+09   -0.2354127E+08    0.6728306E+08
  67      0.303106E+09   -0.6082232E+08    0.8875434E+08
  68      0.190103E+09   -0.9804218E+08    0.1096372E+09
  69      0.696931E+08   -0.1422815E+09    0.1087612E+09
  70     -0.644561E+08   -0.1875167E+09    0.1070187E+09
  71     -0.218372E+09   -0.2243597E+09    0.8679401E+08
  72     -0.380440E+09   -0.2600985E+09    0.6616206E+08
  73     -0.553550E+09   -0.2667200E+09    0.3299010E+08
  74     -0.701071E+09   -0.2713572E+09   -0.6409018E+06
  75     -0.546920E+09   -0.2531978E+09   -0.3337146E+08
  76     -0.407891E+09   -0.2357493E+09   -0.6495043E+08
  77     -0.276323E+09   -0.2035951E+09   -0.8380088E+08
  78     -0.153219E+09   -0.1711315E+09   -0.1026792E+09
  79     -0.320624E+08   -0.1321571E+09   -0.1051278E+09
  80      0.909671E+08   -0.9294105E+08   -0.1074143E+09
  81      0.220957E+09   -0.5902889E+08   -0.9040310E+08
  82      0.366796E+09   -0.2525907E+08   -0.7298254E+08
  83      0.530285E+09   -0.1014460E+08   -0.3797986E+08
  84      0.723818E+09    0.3976205E+07   -0.3350366E+07
  85      0.569869E+09    0.5349084E+07   -0.4049305E+06
  86      0.474750E+09   -0.1031732E+08    0.4666754E+08
  87      0.378752E+09   -0.2716828E+08    0.9515831E+08
  88      0.282688E+09   -0.7018656E+08    0.1252571E+09
  89      0.180261E+09   -0.1137349E+09    0.1533603E+09
  90      0.710242E+08   -0.1641156E+09    0.1521506E+09
  91     -0.532551E+08   -0.2147991E+09    0.1523619E+09
  92     -0.198547E+09   -0.2567905E+09    0.1222607E+09
  93     -0.350757E+09   -0.2983525E+09    0.8909251E+08
  94     -0.522098E+09   -0.3047280E+09    0.3812232E+08
  95     -0.668931E+09   -0.3076251E+09   -0.1049022E+08
  96     -0.514940E+09   -0.2832707E+09   -0.5048591E+08
  97     -0.382480E+09   -0.2606006E+09   -0.9100444E+08
  98     -0.257849E+09   -0.2245081E+09   -0.1156079E+09
  99     -0.142484E+09   -0.1881071E+09   -0.1401926E+09
 100     -0.300784E+08   -0.1452606E+09   -0.1434109E+09
 101      0.834592E+08   -0.1019898E+09   -0.1463719E+09
 102      0.203620E+09   -0.6428874E+08   -0.1233342E+09
 103      0.340163E+09   -0.2622917E+08   -0.9976028E+08
 104      0.495463E+09   -0.9626772E+07   -0.5190038E+08
 105      0.683659E+09    0.5358842E+07   -0.4496077E+07
 106      0.502849E+09    0.5647223E+07    0.1283629E+07
 107      0.409529E+09   -0.1427464E+08    0.6611861E+08
 108      0.325073E+09   -0.3559928E+08    0.1322667E+09
 109      0.244979E+09   -0.8237738E+08    0.1710834E+09
 110      0.163267E+09   -0.1295234E+09    0.2086143E+09
 111      0.732189E+08   -0.1861510E+09    0.2066880E+09
 112     -0.345728E+08   -0.2426637E+09    0.2051678E+09
 113     -0.155000E+09   -0.2840584E+09    0.1633216E+09
 114     -0.292682E+09   -0.3259234E+09    0.1200068E+09
 115     -0.448953E+09   -0.3382958E+09    0.4715627E+08
 116     -0.602532E+09   -0.3460077E+09   -0.2819064E+08
 117     -0.469573E+09   -0.3143727E+09   -0.7867947E+08
 118     -0.343715E+09   -0.2852538E+09   -0.1252487E+09
 119     -0.228324E+09   -0.2461807E+09   -0.1545103E+09
 120     -0.124805E+09   -0.2065453E+09   -0.1847138E+09
 121     -0.266168E+08   -0.1602840E+09   -0.1889580E+09
 122      0.707099E+08   -0.1135910E+09   -0.1928923E+09
 123      0.173437E+09   -0.7256134E+08   -0.1632982E+09
 124      0.292590E+09   -0.3143751E+08   -0.1330082E+09
 125      0.431773E+09   -0.1256664E+08   -0.6934847E+08
 126      0.607827E+09    0.4944645E+07   -0.6160133E+07
 127      0.435561E+09    0.8106318E+07    0.2086282E+07
 128      0.344364E+09   -0.1334622E+08    0.8562303E+08
 129      0.271616E+09   -0.3762826E+08    0.1704526E+09
 130      0.207158E+09   -0.9299206E+08    0.2177440E+09
 131      0.145078E+09   -0.1467838E+09    0.2641040E+09
 132      0.753871E+08   -0.2042993E+09    0.2618026E+09
 133     -0.140423E+08   -0.2621273E+09    0.2581506E+09
 134     -0.111374E+09   -0.3078049E+09    0.2044801E+09
 135     -0.235208E+09   -0.3538727E+09    0.1512313E+09
 136     -0.373331E+09   -0.3640374E+09    0.5550590E+08
 137     -0.533190E+09   -0.3706855E+09   -0.4696600E+08
 138     -0.426997E+09   -0.3415535E+09   -0.1072681E+09
 139     -0.305480E+09   -0.3132507E+09   -0.1592404E+09
 140     -0.198690E+09   -0.2699099E+09   -0.1935268E+09
 141     -0.107277E+09   -0.2266898E+09   -0.2295895E+09
 142     -0.232744E+08   -0.1763355E+09   -0.2348001E+09
 143      0.577810E+08   -0.1253372E+09   -0.2396854E+09
 144      0.143115E+09   -0.7961179E+08   -0.2034371E+09
 145      0.244986E+09   -0.3309391E+08   -0.1663784E+09
 146      0.368190E+09   -0.1203796E+08   -0.8677262E+08
 147      0.532322E+09    0.6789098E+07   -0.7624182E+07
 148      0.317339E+09    0.6593293E+07    0.4799078E+07
 149      0.238106E+09   -0.1878361E+08    0.1104341E+09
 150      0.189080E+09   -0.4630574E+08    0.2175330E+09
 151      0.154453E+09   -0.1016382E+09    0.2718029E+09
 152      0.120967E+09   -0.1568136E+09    0.3246343E+09
 153      0.812816E+08   -0.2150889E+09    0.3184526E+09
 154      0.246461E+08   -0.2725088E+09    0.3112281E+09
 155     -0.481585E+08   -0.3150852E+09    0.2472067E+09
 156     -0.144797E+09   -0.3575453E+09    0.1832919E+09
 157     -0.259540E+09   -0.3744195E+09    0.7057938E+08
 158     -0.402595E+09   -0.3900719E+09   -0.5280561E+08
 159     -0.366224E+09   -0.3639268E+09   -0.1332443E+09
 160     -0.252183E+09   -0.3364259E+09   -0.2001346E+09
 161     -0.158244E+09   -0.2897420E+09   -0.2385913E+09
 162     -0.818806E+08   -0.2441666E+09   -0.2801895E+09
 163     -0.173138E+08   -0.1912857E+09   -0.2872379E+09
 164      0.404652E+08   -0.1377011E+09   -0.2940877E+09
 165      0.994130E+08   -0.8875050E+08   -0.2514229E+09
 166      0.173200E+09   -0.3923488E+08   -0.2077531E+09
 167      0.268894E+09   -0.1559103E+08   -0.1086336E+09
 168      0.409654E+09    0.6127541E+07   -0.9829882E+07
 169      0.198338E+09    0.9072921E+07    0.8030279E+07
 170      0.131737E+09   -0.1813114E+08    0.1359004E+09
 171      0.105608E+09   -0.4892211E+08    0.2648722E+09
 172      0.101834E+09   -0.1065265E+09    0.3259124E+09
 173      0.963248E+08   -0.1619550E+09    0.3858442E+09
 174      0.877670E+08   -0.2163029E+09    0.3757759E+09
 175      0.623510E+08   -0.2702596E+09    0.3651697E+09
 176      0.165550E+08   -0.3109252E+09    0.2903150E+09
 177     -0.524478E+08   -0.3500725E+09    0.2158742E+09
 178     -0.145649E+09   -0.3742286E+09    0.8884987E+08
 179     -0.263875E+09   -0.4040585E+09   -0.5531762E+08
 180     -0.308365E+09   -0.3874101E+09   -0.1620585E+09
 181     -0.200551E+09   -0.3598008E+09   -0.2457028E+09
 182     -0.117038E+09   -0.3055035E+09   -0.2846928E+09
 183     -0.569624E+08   -0.2573138E+09   -0.3313589E+09
 184     -0.114491E+08   -0.2035250E+09   -0.3402728E+09
 185      0.227340E+08   -0.1480927E+09   -0.3490182E+09
 186      0.553287E+08   -0.9526717E+08   -0.2997330E+09
 187      0.101171E+09   -0.4083412E+08   -0.2493625E+09
 188      0.169556E+09   -0.1461480E+08   -0.1304736E+09
 189      0.287240E+09    0.8456026E+07   -0.1169437E+08
 190      0.112527E+08    0.6698916E+07    0.1291402E+08
 191     -0.194403E+08   -0.2105153E+08    0.1633983E+09
 192     -0.178183E+07   -0.5162850E+08    0.3138628E+09
 193      0.387167E+08   -0.1052542E+09    0.3769324E+09
 194      0.738315E+08   -0.1577652E+09    0.4388736E+09
 195      0.104868E+09   -0.2041068E+09    0.4212960E+09
 196      0.112296E+09   -0.2480101E+09    0.4035467E+09
 197      0.974146E+08   -0.2794862E+09    0.3234601E+09
 198      0.545995E+08   -0.3116161E+09    0.2443633E+09
 199     -0.147799E+08   -0.3357555E+09    0.1146976E+09
 200     -0.982240E+08   -0.3659793E+09   -0.2539815E+08
 201     -0.176602E+09   -0.3676033E+09   -0.1670882E+09
 202     -0.141332E+09   -0.3570931E+09   -0.2909998E+09
 203     -0.696854E+08   -0.3058011E+09   -0.3304861E+09
 204     -0.227680E+08   -0.2609896E+09   -0.3796066E+09
 205     -0.152334E+06   -0.2089156E+09   -0.3928574E+09
 206      0.424266E+07   -0.1554386E+09   -0.4057346E+09
 207      0.440458E+06   -0.1020153E+09   -0.3526231E+09
 208      0.365223E+07   -0.4698432E+08   -0.2981920E+09
 209      0.272116E+08   -0.1853387E+08   -0.1565902E+09
 210      0.104266E+09    0.7131328E+07   -0.1466098E+08
 211     -0.175177E+09    0.8309307E+07    0.1783664E+08
 212     -0.171593E+09   -0.1873103E+08    0.1909544E+09
 213     -0.109243E+09   -0.4999919E+08    0.3632504E+09
 214     -0.256004E+08   -0.9684672E+08    0.4287524E+09
 215      0.515750E+08   -0.1397498E+09    0.4931153E+09
 216      0.121827E+09   -0.1711919E+09    0.4685057E+09
 217      0.163831E+09   -0.2020667E+09    0.4434693E+09
 218      0.178027E+09   -0.2191440E+09    0.3575025E+09
 219      0.161343E+09   -0.2348932E+09    0.2732675E+09
 220      0.117777E+09   -0.2496614E+09    0.1396657E+09
 221      0.597293E+08   -0.2675743E+09    0.4788402E+07
 222     -0.286265E+08   -0.2992383E+09   -0.1650904E+09
 223     -0.789055E+08   -0.3296856E+09   -0.3345291E+09
 224     -0.318791E+08   -0.2902257E+09   -0.3835299E+09
 225      0.115245E+08   -0.2501249E+09   -0.4311705E+09
 226      0.107104E+08   -0.2049124E+09   -0.4459641E+09
 227     -0.141724E+08   -0.1581264E+09   -0.4632259E+09
 228     -0.552700E+08   -0.1046244E+09   -0.4062363E+09
 229     -0.948725E+08   -0.4828891E+08   -0.3474902E+09
 230     -0.115317E+09   -0.1702872E+08   -0.1827172E+09
 231     -0.784537E+08    0.9817082E+07   -0.1723245E+08
 232     -0.438292E+09    0.4011615E+07    0.2658873E+08
 233     -0.361116E+09   -0.2131373E+08    0.2154263E+09
 234     -0.230815E+09   -0.5039826E+08    0.4023490E+09
 235     -0.840807E+08   -0.8255414E+08    0.4577611E+09
 236      0.450614E+08   -0.1113077E+09    0.5116603E+09
 237      0.154350E+09   -0.1162252E+09    0.4756595E+09
 238      0.227951E+09   -0.1185557E+09    0.4409648E+09
 239      0.261769E+09   -0.1128005E+09    0.3558014E+09
 240      0.267156E+09   -0.1076773E+09    0.2720402E+09
 241      0.243473E+09   -0.1146011E+09    0.1494724E+09
 242      0.194443E+09   -0.1214024E+09    0.2715086E+08
 243      0.134221E+09   -0.1582993E+09   -0.1223251E+09
 244      0.685870E+08   -0.2089609E+09   -0.2802971E+09
 245      0.498177E+08   -0.2304710E+09   -0.3800838E+09
 246      0.498643E+08   -0.2316133E+09   -0.4656082E+09
 247      0.336657E+08   -0.1868158E+09   -0.4819328E+09
 248     -0.259249E+08   -0.1502069E+09   -0.5067179E+09
 249     -0.111244E+09   -0.1037508E+09   -0.4534230E+09
 250     -0.212519E+09   -0.5315746E+08   -0.3992968E+09
 251     -0.305546E+09   -0.2082409E+08   -0.2117990E+09
 252     -0.336016E+09    0.7341145E+07   -0.2190780E+08
 253     -0.702576E+09    0.6418426E+07    0.3569611E+08
 254     -0.551338E+09   -0.1796380E+08    0.2412952E+09
 255     -0.355816E+09   -0.4692849E+08    0.4439148E+09
 256     -0.143197E+09   -0.5844603E+08    0.4888075E+09
 257      0.382181E+08   -0.6280122E+08    0.5319511E+09
 258      0.188098E+09   -0.3176121E+08    0.4833741E+09
 259      0.291985E+09   -0.4922103E+06    0.4379121E+09
 260      0.346589E+09    0.3887658E+08    0.3534596E+09
 261      0.374902E+09    0.7898988E+08    0.2699201E+09
 262      0.368876E+09    0.8946080E+08    0.1596624E+09
 263      0.333168E+09    0.9593298E+08    0.4976355E+08
 264      0.287578E+09    0.5589099E+08   -0.8228415E+08
 265      0.222194E+09    0.1355102E+08   -0.2206550E+09
 266      0.151916E+09   -0.6577222E+08   -0.3609597E+09
 267      0.893107E+08   -0.1487027E+09   -0.4938201E+09
 268      0.531274E+08   -0.1459807E+09   -0.5271139E+09
 269     -0.460695E+08   -0.1337920E+09   -0.5604788E+09
 270     -0.170462E+09   -0.9622033E+08   -0.5051682E+09
 271     -0.333340E+09   -0.5608043E+08   -0.4532422E+09
 272     -0.497671E+09   -0.1996627E+08   -0.2411463E+09
 273     -0.589714E+09    0.1075052E+08   -0.2555936E+08
 274     -0.103927E+10   -0.3316757E+07    0.5028042E+08
 275     -0.757919E+09   -0.1650946E+08    0.2547074E+09
 276     -0.454830E+09   -0.3474367E+08    0.4509210E+09
 277     -0.164146E+09   -0.8658092E+07    0.4607134E+09
 278      0.666753E+08    0.2518108E+08    0.4729098E+09
 279      0.241231E+09    0.1013995E+09    0.4132126E+09
 280      0.356727E+09    0.1786143E+09    0.3586801E+09
 281      0.418055E+09    0.2509903E+09    0.2869778E+09
 282      0.452848E+09    0.3223477E+09    0.2170568E+09
 283      0.449871E+09    0.3495872E+09    0.1381023E+09
 284      0.428954E+09    0.3749035E+09    0.5872088E+08
 285      0.388418E+09    0.3368636E+09   -0.4084589E+08
 286      0.343019E+09    0.2952293E+09   -0.1420833E+09
 287      0.277299E+09    0.1972399E+09   -0.2570012E+09
 288      0.203526E+09    0.9294439E+08   -0.3763680E+09
 289      0.120797E+09   -0.9620411E+06   -0.4549956E+09
 290     -0.203465E+08   -0.8478400E+08   -0.5310953E+09
 291     -0.194147E+09   -0.7738794E+08   -0.5119171E+09
 292     -0.447282E+09   -0.6216232E+08   -0.4957447E+09
 293     -0.728495E+09   -0.2507444E+08   -0.2715958E+09
 294     -0.950191E+09    0.3230289E+07   -0.4007721E+08
 295     -0.137846E+10    0.2064182E+07    0.6912306E+08
 296     -0.967771E+09   -0.1188105E+08    0.2707070E+09
 297     -0.561424E+09   -0.2310325E+08    0.4625125E+09
 298     -0.182947E+09    0.5621016E+08    0.4361123E+09
 299      0.934596E+08    0.1438113E+09    0.4144060E+09
 300      0.297946E+09    0.2866222E+09    0.3432467E+09
 301      0.423755E+09    0.4241060E+09    0.2775023E+09
 302      0.491664E+09    0.5392808E+09    0.2195941E+09
 303      0.529882E+09    0.6504790E+09    0.1647550E+09
 304      0.530522E+09    0.6932446E+09    0.1162585E+09
 305      0.523891E+09    0.7349125E+09    0.6646003E+08
 306      0.490016E+09    0.6963793E+09    0.4214379E+06
 307      0.459077E+09    0.6559615E+09   -0.6554250E+08
 308      0.395475E+09    0.5404927E+09   -0.1603498E+09
 309      0.323308E+09    0.4201582E+09   -0.2592758E+09
 310      0.201916E+09    0.2639594E+09   -0.3692644E+09
 311      0.191073E+08    0.1009483E+09   -0.4861875E+09
 312     -0.215455E+09    0.8343713E+07   -0.5163889E+09
 313     -0.570750E+09   -0.6788630E+08   -0.5467937E+09
 314     -0.967213E+09   -0.2899301E+08   -0.3105740E+09
 315     -0.132274E+10    0.6661692E+07   -0.6271254E+08
 316     -0.177271E+10   -0.2753882E+08    0.9704839E+08
 317     -0.112875E+10    0.1600220E+07    0.2497240E+09
 318     -0.559883E+09    0.2477571E+08    0.3784781E+09
 319     -0.122117E+09    0.1790935E+09    0.2858285E+09
 320      0.168671E+09    0.3463580E+09    0.2122654E+09
 321      0.350969E+09    0.5545655E+09    0.1494009E+09
 322      0.460690E+09    0.7598426E+09    0.9626027E+08
 323      0.510295E+09    0.9074072E+09    0.8026421E+08
 324      0.538424E+09    0.1051599E+10    0.6535397E+08
 325      0.537000E+09    0.1110025E+10    0.6268513E+08
 326      0.534433E+09    0.1167913E+10    0.5954633E+08
 327      0.509858E+09    0.1126956E+10    0.4388979E+08
 328      0.493803E+09    0.1084587E+10    0.2766841E+08
 329      0.450507E+09    0.9448323E+09   -0.2147694E+08
 330      0.401661E+09    0.8011092E+09   -0.7142963E+08
 331      0.299551E+09    0.5918526E+09   -0.1606741E+09
 332      0.140424E+09    0.3776371E+09   -0.2604034E+09
 333     -0.133550E+09    0.2009973E+09   -0.3518833E+09
 334     -0.569487E+09    0.4016651E+08   -0.4622917E+09
 335     -0.116366E+10    0.1065372E+08   -0.2918639E+09
 336     -0.183894E+10   -0.2500574E+08   -0.9147918E+08
 337     -0.220048E+10    0.2355794E+08    0.1513768E+09
 338     -0.129275E+10    0.2159862E+08    0.2372690E+09
 339     -0.589341E+09    0.6929072E+08    0.3058758E+09
 340     -0.393177E+08    0.3701809E+09    0.1421319E+09
 341      0.251780E+09    0.6460282E+09   -0.3405067E+07
 342      0.408189E+09    0.9381904E+09   -0.5167927E+08
 343      0.497833E+09    0.1208492E+10   -0.9039874E+08
 344      0.526371E+09    0.1383158E+10   -0.6216637E+08
 345      0.546192E+09    0.1555324E+10   -0.3564157E+08
 346      0.541036E+09    0.1620266E+10    0.9058564E+07
 347      0.541865E+09    0.1686140E+10    0.5402036E+08
 348      0.527359E+09    0.1645619E+10    0.8981819E+08
 349      0.527642E+09    0.1605907E+10    0.1249304E+09
 350      0.504340E+09    0.1451076E+10    0.1233519E+09
 351      0.479362E+09    0.1292690E+10    0.1229831E+09
 352      0.399263E+09    0.1022881E+10    0.5124500E+08
 353      0.264619E+09    0.7341139E+09   -0.2858842E+08
 354     -0.252063E+08    0.4402405E+09   -0.1937460E+09
 355     -0.590285E+09    0.1230306E+09   -0.3826443E+09
 356     -0.136441E+10    0.4686363E+08   -0.2743176E+09
 357     -0.239565E+10    0.1593982E+08   -0.1351821E+09
 358     -0.256993E+10   -0.1245865E+09    0.1787438E+09
 359     -0.123901E+10    0.7981500E+08    0.9744401E+08
 360     -0.338074E+09    0.2789137E+09   -0.4489730E+08
 361      0.910255E+08    0.7078187E+09   -0.2593224E+09
 362      0.299222E+09    0.1145274E+10   -0.3877797E+09
 363      0.383654E+09    0.1462071E+10   -0.3542187E+09
 364      0.437200E+09    0.1771679E+10   -0.3250406E+09
 365      0.442399E+09    0.1947853E+10   -0.2363682E+09
 366      0.454782E+09    0.2125389E+10   -0.1510275E+09
 367      0.447104E+09    0.2191164E+10   -0.5458742E+08
 368      0.448232E+09    0.2259198E+10    0.4090853E+08
 369      0.440847E+09    0.2222971E+10    0.1296382E+09
 370      0.451746E+09    0.2189139E+10    0.2183448E+09
 371      0.443115E+09    0.2033265E+10    0.2840362E+09
 372      0.444478E+09    0.1877891E+10    0.3524817E+09
 373      0.403699E+09    0.1571174E+10    0.3601324E+09
 374      0.334224E+09    0.1255100E+10    0.3729992E+09
 375      0.129522E+09    0.8010918E+09    0.2362424E+09
 376     -0.334448E+09    0.3485515E+09    0.1882791E+08
 377     -0.131127E+10    0.1141473E+09   -0.9652007E+08
 378     -0.285680E+10   -0.1154077E+09   -0.1419407E+09
 379     -0.357238E+10    0.2510218E+09    0.6219331E+09
 380     -0.102292E+10    0.2952256E+09    0.3305626E+08
 381     -0.271682E+08    0.5884008E+09   -0.5795349E+09
 382      0.216216E+09    0.1376065E+10   -0.7229496E+09
 383      0.342753E+09    0.1908499E+10   -0.7875073E+09
 384      0.346471E+09    0.2191828E+10   -0.6682491E+09
 385      0.367616E+09    0.2481383E+10   -0.5592624E+09
 386      0.351358E+09    0.2624681E+10   -0.4099541E+09
 387      0.356319E+09    0.2776178E+10   -0.2644208E+09
 388      0.349096E+09    0.2833821E+10   -0.1165189E+09
 389      0.350908E+09    0.2894894E+10    0.2982232E+08
 390      0.350535E+09    0.2868963E+10    0.1717836E+09
 391      0.371524E+09    0.2847113E+10    0.3138276E+09
 392      0.375132E+09    0.2718580E+10    0.4485557E+09
 393      0.403817E+09    0.2596263E+10    0.5862680E+09
 394      0.396258E+09    0.2302398E+10    0.6856089E+09
 395      0.406347E+09    0.2013541E+10    0.7950159E+09
 396      0.280918E+09    0.1454929E+10    0.7290362E+09
 397     -0.100397E+08    0.6689319E+09    0.5800864E+09
 398     -0.110376E+10    0.3268578E+09    0.9694225E+07
 399     -0.394232E+10    0.2022760E+09   -0.4963829E+09
 400     -0.278960E+10   -0.4531344E+09   -0.1616364E+09
 401     -0.358413E+09    0.8426232E+09   -0.8564255E+09
 402     -0.477609E+08    0.2080600E+10   -0.1353414E+10
 403      0.131940E+09    0.2481255E+10   -0.1154745E+10
 404      0.168020E+09    0.2904985E+10   -0.1044349E+10
 405      0.172674E+09    0.3072911E+10   -0.8602208E+09
 406      0.180285E+09    0.3259072E+10   -0.6858533E+09
 407      0.173312E+09    0.3351892E+10   -0.5076583E+09
 408      0.176067E+09    0.3451894E+10   -0.3319002E+09
 409      0.174927E+09    0.3495974E+10   -0.1589740E+09
 410      0.176590E+09    0.3543207E+10    0.1298483E+08
 411      0.178162E+09    0.3536061E+10    0.1840437E+09
 412      0.191321E+09    0.3532204E+10    0.3557994E+09
 413      0.193918E+09    0.3452787E+10    0.5365140E+09
 414      0.212841E+09    0.3379071E+10    0.7190529E+09
 415      0.212609E+09    0.3177228E+10    0.9067921E+09
 416      0.223258E+09    0.2988924E+10    0.1105831E+10
 417      0.186414E+09    0.2512011E+10    0.1235545E+10
 418     -0.740753E+07    0.2025071E+10    0.1462388E+10
 419     -0.381398E+09    0.8189495E+09    0.9282001E+09
 420     -0.301811E+10   -0.3999952E+09    0.2543725E+09
 421     -0.135485E+10    0.4418976E+10   -0.1090828E+10
 422      0.130354E+09    0.4341666E+10   -0.1708848E+10
 423     -0.774046E+08    0.4216631E+10   -0.1961156E+10
 424      0.288817E+08    0.4101536E+10   -0.1518183E+10
 425     -0.713387E+07    0.4067690E+10   -0.1266850E+10
 426      0.320777E+07    0.4066168E+10   -0.1027486E+10
 427     -0.800998E+06    0.4078703E+10   -0.8007642E+09
 428      0.162379E+07    0.4103216E+10   -0.5967649E+09
 429      0.257075E+07    0.4132665E+10   -0.3946651E+09
 430      0.619552E+07    0.4163766E+10   -0.1984005E+09
 431      0.792577E+07    0.4196192E+10   -0.2818885E+07
 432      0.112465E+08    0.4214180E+10    0.1956930E+09
 433      0.160453E+08    0.4234445E+10    0.3960508E+09
 434      0.187044E+08    0.4228220E+10    0.6196403E+09
 435      0.251321E+08    0.4225078E+10    0.8444840E+09
 436      0.326795E+08    0.4183146E+10    0.1109874E+10
 437      0.337929E+08    0.4152458E+10    0.1391543E+10
 438      0.734396E+08    0.4067645E+10    0.1692755E+10
 439     -0.283521E+08    0.4069412E+10    0.2211758E+10
 440      0.191193E+09    0.3875061E+10    0.1905553E+10
 441     -0.143022E+10    0.3601788E+10    0.1306824E+10
