   1      0.116493E+10    0.8644519E+07   -0.3510471E+06
   2      0.930527E+09   -0.1611352E+08    0.2025384E+07
   3      0.640302E+09   -0.4490294E+08    0.4085998E+07
   4      0.313076E+09   -0.9774330E+08    0.3035210E+07
   5     -0.374025E+08   -0.1517189E+09    0.3515368E+07
   6     -0.379108E+09   -0.1876925E+09    0.3238936E+06
   7     -0.727732E+09   -0.2116932E+09   -0.7235832E+07
   8     -0.728020E+09   -0.1897926E+09   -0.5673016E+07
   9     -0.617000E+09   -0.1784163E+09   -0.5297791E+06
  10     -0.501666E+09   -0.1828281E+09   -0.7254373E+05
  11     -0.390700E+09   -0.1842273E+09   -0.6862615E+05
  12     -0.285173E+09   -0.1749827E+09   -0.2595272E+05
  13     -0.188876E+09   -0.1652734E+09    0.1337037E+05
  14     -0.982248E+08   -0.1445880E+09    0.6666294E+05
  15     -0.143765E+08   -0.1234664E+09    0.1186828E+06
  16      0.675063E+08   -0.9665155E+08    0.2158001E+06
  17      0.149802E+09   -0.6929174E+08    0.2411222E+06
  18      0.236641E+09   -0.4703471E+08    0.8138068E+06
  19      0.331062E+09   -0.2502230E+08   -0.3135197E+05
  20      0.434841E+09   -0.9753160E+07   -0.6873887E+06
  21      0.644157E+09    0.4522833E+07    0.2143197E+06
  22      0.113733E+10    0.4629454E+07    0.2948106E+07
  23      0.912584E+09   -0.1428198E+08    0.2100617E+08
  24      0.629827E+09   -0.3514109E+08    0.3896597E+08
  25      0.310474E+09   -0.7466640E+08    0.4154599E+08
  26     -0.328760E+08   -0.1150086E+09    0.4551220E+08
  27     -0.362744E+09   -0.1460563E+09    0.2937902E+08
  28     -0.690458E+09   -0.1732199E+09    0.4148022E+07
  29     -0.735845E+09   -0.1774552E+09   -0.1088232E+07
  30     -0.616400E+09   -0.1831844E+09    0.3190245E+07
  31     -0.497527E+09   -0.1839600E+09    0.8978115E+06
  32     -0.385326E+09   -0.1850902E+09   -0.3338135E+07
  33     -0.279199E+09   -0.1759379E+09   -0.9494974E+07
  34     -0.183203E+09   -0.1662437E+09   -0.1559608E+08
  35     -0.934874E+08   -0.1455675E+09   -0.2047218E+08
  36     -0.112906E+08   -0.1244824E+09   -0.2530258E+08
  37      0.684042E+08   -0.9745475E+08   -0.2633375E+08
  38      0.148174E+09   -0.7032878E+08   -0.2722351E+08
  39      0.231941E+09   -0.4599798E+08   -0.2276833E+08
  40      0.325700E+09   -0.2215578E+08   -0.1914704E+08
  41      0.429480E+09   -0.1022423E+08   -0.1256687E+08
  42      0.617441E+09    0.1441806E+07   -0.5138074E+07
  43      0.110736E+10    0.5485021E+07    0.5028461E+07
  44      0.893703E+09   -0.6633660E+07    0.3932335E+08
  45      0.619536E+09   -0.2037151E+08    0.7339676E+08
  46      0.308370E+09   -0.5535679E+08    0.7978339E+08
  47     -0.262847E+08   -0.9086678E+08    0.8708983E+08
  48     -0.344412E+09   -0.1238059E+09    0.5796062E+08
  49     -0.648686E+09   -0.1556008E+09    0.1617912E+08
  50     -0.747487E+09   -0.1719916E+09    0.4650205E+07
  51     -0.615621E+09   -0.1869562E+09    0.7581770E+07
  52     -0.493498E+09   -0.1884965E+09    0.1863081E+07
  53     -0.380049E+09   -0.1910398E+09   -0.6810673E+07
  54     -0.273405E+09   -0.1819715E+09   -0.1903494E+08
  55     -0.177687E+09   -0.1725026E+09   -0.3122515E+08
  56     -0.889115E+08   -0.1511380E+09   -0.4099894E+08
  57     -0.838458E+07   -0.1293505E+09   -0.5067973E+08
  58      0.691644E+08   -0.1007430E+09   -0.5282667E+08
  59      0.146275E+09   -0.7179632E+08   -0.5470079E+08
  60      0.227317E+09   -0.4510679E+08   -0.4642408E+08
  61      0.319879E+09   -0.1746691E+08   -0.3878914E+08
  62      0.425695E+09   -0.5096563E+07   -0.2409231E+08
  63      0.587062E+09    0.5323807E+07   -0.8756220E+07
  64      0.104747E+10    0.2925322E+07    0.4243469E+07
  65      0.847763E+09   -0.7174497E+07    0.4860738E+08
  66      0.591357E+09   -0.1763982E+08    0.9308780E+08
  67      0.294048E+09   -0.4493556E+08    0.1071409E+09
  68     -0.164650E+08   -0.7319854E+08    0.1216845E+09
  69     -0.314162E+09   -0.1104242E+09    0.9310544E+08
  70     -0.587010E+09   -0.1491542E+09    0.5419889E+08
  71     -0.738039E+09   -0.1733018E+09    0.2755036E+08
  72     -0.608330E+09   -0.1931227E+09    0.1429796E+08
  73     -0.480491E+09   -0.1942569E+09    0.4985574E+07
  74     -0.363092E+09   -0.1976224E+09   -0.8681059E+07
  75     -0.254757E+09   -0.1891168E+09   -0.2789312E+08
  76     -0.159888E+09   -0.1800605E+09   -0.4710476E+08
  77     -0.739509E+08   -0.1582015E+09   -0.6265454E+08
  78      0.162572E+07   -0.1359385E+09   -0.7805126E+08
  79      0.727507E+08   -0.1060221E+09   -0.8213976E+08
  80      0.142108E+09   -0.7584384E+08   -0.8595289E+08
  81      0.215118E+09   -0.4751242E+08   -0.7398530E+08
  82      0.299488E+09   -0.1892780E+08   -0.6245322E+08
  83      0.399952E+09   -0.7005570E+07   -0.3453235E+08
  84      0.535481E+09    0.3751422E+07   -0.6058883E+07
  85      0.988674E+09    0.3011346E+07    0.4222861E+07
  86      0.802827E+09   -0.3358552E+07    0.5801347E+08
  87      0.562564E+09   -0.1018052E+08    0.1130024E+09
  88      0.279449E+09   -0.3715278E+08    0.1349145E+09
  89     -0.852677E+07   -0.6341891E+08    0.1560986E+09
  90     -0.284869E+09   -0.1000255E+09    0.1295798E+09
  91     -0.529777E+09   -0.1438257E+09    0.9563585E+08
  92     -0.722998E+09   -0.1789120E+09    0.4973927E+08
  93     -0.602609E+09   -0.2026073E+09    0.1712082E+08
  94     -0.468136E+09   -0.2022453E+09    0.7236007E+07
  95     -0.346528E+09   -0.2076122E+09   -0.1024688E+08
  96     -0.236280E+09   -0.2003843E+09   -0.3680924E+08
  97     -0.142215E+09   -0.1920297E+09   -0.6303643E+08
  98     -0.590712E+08   -0.1692684E+09   -0.8440544E+08
  99      0.115851E+08   -0.1460534E+09   -0.1055550E+09
 100      0.763080E+08   -0.1140450E+09   -0.1115713E+09
 101      0.138091E+09   -0.8156172E+08   -0.1172703E+09
 102      0.202928E+09   -0.5105070E+08   -0.1014364E+09
 103      0.279690E+09   -0.2010775E+08   -0.8549214E+08
 104      0.372475E+09   -0.6919678E+07   -0.4511750E+08
 105      0.489527E+09    0.4642909E+07   -0.4639332E+07
 106      0.916330E+09    0.2789144E+07    0.2436473E+07
 107      0.740266E+09   -0.4347836E+07    0.6438155E+08
 108      0.512337E+09   -0.1178339E+08    0.1282255E+09
 109      0.252030E+09   -0.3398173E+08    0.1575853E+09
 110     -0.121685E+08   -0.5634557E+08    0.1852979E+09
 111     -0.263397E+09   -0.9158811E+08    0.1651292E+09
 112     -0.483837E+09   -0.1284632E+09    0.1398096E+09
 113     -0.662073E+09   -0.1616166E+09    0.8178334E+08
 114     -0.593032E+09   -0.1934063E+09    0.3549201E+08
 115     -0.443701E+09   -0.2056805E+09    0.1786809E+08
 116     -0.315001E+09   -0.2172858E+09   -0.8045268E+07
 117     -0.202069E+09   -0.2102871E+09   -0.4369017E+08
 118     -0.109708E+09   -0.2031526E+09   -0.7889993E+08
 119     -0.315875E+08   -0.1799437E+09   -0.1073169E+09
 120      0.306749E+08   -0.1563728E+09   -0.1355369E+09
 121      0.843636E+08   -0.1230280E+09   -0.1443247E+09
 122      0.132576E+09   -0.8924310E+08   -0.1528218E+09
 123      0.182315E+09   -0.5710019E+08   -0.1325834E+09
 124      0.242855E+09   -0.2490772E+08   -0.1118786E+09
 125      0.318793E+09   -0.9893002E+07   -0.5876928E+08
 126      0.423533E+09    0.3900748E+07   -0.5710758E+07
 127      0.846391E+09    0.2479319E+07    0.1254323E+07
 128      0.677819E+09   -0.4167994E+07    0.7105238E+08
 129      0.462432E+09   -0.1055469E+08    0.1429268E+09
 130      0.224165E+09   -0.3361741E+08    0.1802018E+09
 131     -0.159605E+08   -0.5839807E+08    0.2156269E+09
 132     -0.242816E+09   -0.9012348E+08    0.1990604E+09
 133     -0.438138E+09   -0.1214493E+09    0.1790312E+09
 134     -0.600605E+09   -0.1586748E+09    0.1141891E+09
 135     -0.582833E+09   -0.1962756E+09    0.5838380E+08
 136     -0.419101E+09   -0.2131504E+09    0.2986725E+08
 137     -0.283361E+09   -0.2285610E+09   -0.5790250E+07
 138     -0.167700E+09   -0.2224526E+09   -0.5045004E+08
 139     -0.770991E+08   -0.2162143E+09   -0.9483820E+08
 140     -0.403371E+07   -0.1924654E+09   -0.1303674E+09
 141      0.497657E+08   -0.1683792E+09   -0.1657230E+09
 142      0.923223E+08   -0.1331869E+09   -0.1772676E+09
 143      0.126932E+09   -0.9742466E+08   -0.1885136E+09
 144      0.161414E+09   -0.6230920E+08   -0.1638485E+09
 145      0.205943E+09   -0.2657748E+08   -0.1384517E+09
 146      0.265616E+09   -0.9641448E+07   -0.7252332E+08
 147      0.356768E+09    0.5381667E+07   -0.6749508E+07
 148      0.762480E+09    0.2782201E+07    0.1601457E+07
 149      0.598612E+09   -0.6635173E+07    0.7973316E+08
 150      0.399258E+09   -0.1683941E+08    0.1596434E+09
 151      0.182943E+09   -0.3896659E+08    0.2020103E+09
 152     -0.295203E+08   -0.6024767E+08    0.2428327E+09
 153     -0.228793E+09   -0.9116572E+08    0.2294004E+09
 154     -0.398659E+09   -0.1229109E+09    0.2130938E+09
 155     -0.532757E+09   -0.1584196E+09    0.1502253E+09
 156     -0.545331E+09   -0.1956980E+09    0.9318280E+08
 157     -0.371747E+09   -0.2165420E+09    0.4858192E+08
 158     -0.230581E+09   -0.2344624E+09   -0.4255859E+06
 159     -0.114099E+09   -0.2290473E+09   -0.5524204E+08
 160     -0.269937E+08   -0.2237726E+09   -0.1099047E+09
 161      0.384039E+08   -0.2004703E+09   -0.1533152E+09
 162      0.803466E+08   -0.1769318E+09   -0.1966836E+09
 163      0.106984E+09   -0.1414109E+09   -0.2123282E+09
 164      0.121401E+09   -0.1052927E+09   -0.2277608E+09
 165      0.132403E+09   -0.6850157E+08   -0.1996441E+09
 166      0.150863E+09   -0.3122030E+08   -0.1706242E+09
 167      0.184572E+09   -0.1240675E+08   -0.8967381E+08
 168      0.252515E+09    0.4675265E+07   -0.8767890E+07
 169      0.679219E+09    0.4166696E+07    0.1062399E+07
 170      0.519410E+09   -0.5078237E+07    0.8844180E+08
 171      0.337490E+09   -0.1549753E+08    0.1770632E+09
 172      0.142074E+09   -0.4089216E+08    0.2234981E+09
 173     -0.440893E+08   -0.6576861E+08    0.2694968E+09
 174     -0.215420E+09   -0.9752402E+08    0.2609906E+09
 175     -0.358469E+09   -0.1288709E+09    0.2489188E+09
 176     -0.466958E+09   -0.1639032E+09    0.1863778E+09
 177     -0.506646E+09   -0.2010116E+09    0.1275809E+09
 178     -0.323403E+09   -0.2205241E+09    0.6736838E+08
 179     -0.177042E+09   -0.2373783E+09    0.5086002E+07
 180     -0.598899E+08   -0.2321713E+09   -0.6005679E+08
 181      0.235950E+08   -0.2271423E+09   -0.1251497E+09
 182      0.811819E+08   -0.2049799E+09   -0.1765589E+09
 183      0.111077E+09   -0.1826705E+09   -0.2280515E+09
 184      0.121607E+09   -0.1475404E+09   -0.2478318E+09
 185      0.115668E+09   -0.1116012E+09   -0.2674913E+09
 186      0.103074E+09   -0.7270793E+08   -0.2358355E+09
 187      0.956338E+08   -0.3226766E+08   -0.2031990E+09
 188      0.103464E+09   -0.1139194E+08   -0.1068283E+09
 189      0.148221E+09    0.6691107E+07   -0.1030071E+08
 190      0.573384E+09    0.2781388E+07    0.2397078E+07
 191      0.420598E+09   -0.9576169E+07    0.1000574E+09
 192      0.260540E+09   -0.2279444E+08    0.1998504E+09
 193      0.933223E+08   -0.5158660E+08    0.2508605E+09
 194     -0.629656E+08   -0.8022327E+08    0.2992767E+09
 195     -0.206119E+09   -0.1081074E+09    0.2890415E+09
 196     -0.319589E+09   -0.1353225E+09    0.2774249E+09
 197     -0.406034E+09   -0.1644925E+09    0.2164571E+09
 198     -0.439351E+09   -0.1956999E+09    0.1561520E+09
 199     -0.250545E+09   -0.2120913E+09    0.8239053E+08
 200     -0.102227E+09   -0.2259747E+09    0.8784233E+07
 201      0.125563E+08   -0.2209052E+09   -0.6430942E+08
 202      0.908350E+08   -0.2162299E+09   -0.1373173E+09
 203      0.138809E+09   -0.1971627E+09   -0.1955092E+09
 204      0.154962E+09   -0.1780866E+09   -0.2540415E+09
 205      0.146093E+09   -0.1464356E+09   -0.2796175E+09
 206      0.114244E+09   -0.1139058E+09   -0.3054129E+09
 207      0.693791E+08   -0.7589095E+08   -0.2732601E+09
 208      0.233880E+08   -0.3648631E+08   -0.2399765E+09
 209     -0.108027E+08   -0.1442954E+08   -0.1266790E+09
 210     -0.219443E+07    0.5193796E+07   -0.1283484E+08
 211      0.466987E+09    0.6239772E+07    0.3409164E+07
 212      0.323048E+09   -0.8982518E+07    0.1120603E+09
 213      0.181442E+09   -0.2691276E+08    0.2236088E+09
 214      0.440326E+08   -0.5987728E+08    0.2792408E+09
 215     -0.815055E+08   -0.9168672E+08    0.3308933E+09
 216     -0.197014E+09   -0.1189951E+09    0.3180687E+09
 217     -0.281736E+09   -0.1427256E+09    0.3050516E+09
 218     -0.345141E+09   -0.1596766E+09    0.2462467E+09
 219     -0.371640E+09   -0.1807731E+09    0.1853340E+09
 220     -0.176772E+09   -0.1908710E+09    0.9766120E+08
 221     -0.263916E+08   -0.1982861E+09    0.1248434E+08
 222      0.859961E+08   -0.1928159E+09   -0.6866863E+08
 223      0.158965E+09   -0.1881628E+09   -0.1497345E+09
 224      0.197181E+09   -0.1746654E+09   -0.2148991E+09
 225      0.199268E+09   -0.1614531E+09   -0.2806515E+09
 226      0.170737E+09   -0.1367296E+09   -0.3121375E+09
 227      0.112477E+09   -0.1109242E+09   -0.3441642E+09
 228      0.351802E+08   -0.7559870E+08   -0.3113176E+09
 229     -0.497095E+08   -0.3746913E+08   -0.2772905E+09
 230     -0.125744E+09   -0.1339207E+08   -0.1467884E+09
 231     -0.151949E+09    0.7209920E+07   -0.1529382E+08
 232      0.325854E+09    0.4179138E+07    0.5762217E+07
 233      0.198417E+09   -0.1421681E+08    0.1299107E+09
 234      0.891119E+08   -0.3515932E+08    0.2558486E+09
 235     -0.685355E+07   -0.6646837E+08    0.3084278E+09
 236     -0.935204E+08   -0.9629769E+08    0.3574301E+09
 237     -0.175750E+09   -0.1128298E+09    0.3348063E+09
 238     -0.238756E+09   -0.1272110E+09    0.3126870E+09
 239     -0.290549E+09   -0.1339371E+09    0.2544469E+09
 240     -0.280370E+09   -0.1425549E+09    0.1920556E+09
 241     -0.868877E+08   -0.1422509E+09    0.9757118E+08
 242      0.607113E+08   -0.1404482E+09    0.7925973E+07
 243      0.167211E+09   -0.1351201E+09   -0.7275178E+08
 244      0.234808E+09   -0.1309707E+09   -0.1534099E+09
 245      0.264205E+09   -0.1263582E+09   -0.2199380E+09
 246      0.255127E+09   -0.1223170E+09   -0.2874799E+09
 247      0.208304E+09   -0.1099871E+09   -0.3259023E+09
 248      0.122591E+09   -0.9651473E+08   -0.3657324E+09
 249      0.589762E+07   -0.6930421E+08   -0.3390825E+09
 250     -0.132473E+09   -0.3913100E+08   -0.3117654E+09
 251     -0.272867E+09   -0.1585627E+08   -0.1674939E+09
 252     -0.361756E+09    0.4227649E+07   -0.2073460E+08
 253      0.187157E+09    0.7938292E+07    0.9105104E+07
 254      0.733951E+08   -0.1668240E+08    0.1483380E+09
 255     -0.382326E+07   -0.4567901E+08    0.2890022E+09
 256     -0.597231E+08   -0.7798029E+08    0.3389600E+09
 257     -0.107107E+09   -0.1050409E+09    0.3845590E+09
 258     -0.154036E+09   -0.1042480E+09    0.3524548E+09
 259     -0.195965E+09   -0.1027372E+09    0.3231444E+09
 260     -0.235198E+09   -0.8859314E+08    0.2638978E+09
 261     -0.187785E+09   -0.7471317E+08    0.1977496E+09
 262      0.426758E+07   -0.5784374E+08    0.9724092E+08
 263      0.149057E+09   -0.4174537E+08    0.3405492E+07
 264      0.249632E+09   -0.3695192E+08   -0.7687886E+08
 265      0.311866E+09   -0.3361365E+08   -0.1570915E+09
 266      0.332519E+09   -0.4282016E+08   -0.2252428E+09
 267      0.311912E+09   -0.5338899E+08   -0.2947762E+09
 268      0.246718E+09   -0.6140170E+08   -0.3406715E+09
 269      0.132123E+09   -0.6881965E+08   -0.3887109E+09
 270     -0.242223E+08   -0.5528181E+08   -0.3682636E+09
 271     -0.217415E+09   -0.3691310E+08   -0.3474940E+09
 272     -0.420980E+09   -0.1361596E+08   -0.1887788E+09
 273     -0.572743E+09    0.6350590E+07   -0.2646136E+08
 274     -0.156715E+08    0.3674549E+07    0.1819231E+08
 275     -0.840541E+08   -0.2232292E+08    0.1742660E+09
 276     -0.948815E+08   -0.5498425E+08    0.3291529E+09
 277     -0.885667E+08   -0.7703987E+08    0.3558660E+09
 278     -0.901885E+08   -0.9223189E+08    0.3784091E+09
 279     -0.108282E+09   -0.6633696E+08    0.3286323E+09
 280     -0.143903E+09   -0.3773413E+08    0.2841404E+09
 281     -0.180273E+09    0.5851484E+07    0.2256501E+09
 282     -0.898466E+08    0.4775469E+08    0.1594911E+09
 283      0.894779E+08    0.7891058E+08    0.6845703E+08
 284      0.224706E+09    0.1097730E+09   -0.1482174E+08
 285      0.315833E+09    0.1133470E+09   -0.7878492E+08
 286      0.374558E+09    0.1149957E+09   -0.1426301E+09
 287      0.391449E+09    0.8791885E+08   -0.1991715E+09
 288      0.369923E+09    0.5911069E+08   -0.2573920E+09
 289      0.297030E+09    0.2229451E+08   -0.3074230E+09
 290      0.165490E+09   -0.1400193E+08   -0.3615491E+09
 291     -0.292254E+08   -0.2490483E+08   -0.3610819E+09
 292     -0.288575E+09   -0.2941641E+08   -0.3627811E+09
 293     -0.587524E+09   -0.1253136E+08   -0.2030563E+09
 294     -0.854320E+09   -0.4610807E+05   -0.3568955E+08
 295     -0.217108E+09    0.1477448E+08    0.2784631E+08
 296     -0.243866E+09   -0.2443753E+08    0.2019889E+09
 297     -0.194685E+09   -0.6646835E+08    0.3750201E+09
 298     -0.116143E+09   -0.6857893E+08    0.3773754E+09
 299     -0.749335E+08   -0.6011518E+08    0.3743657E+09
 300     -0.594122E+08    0.1185743E+08    0.3057567E+09
 301     -0.882793E+08    0.8034743E+08    0.2429706E+09
 302     -0.125872E+09    0.1584221E+09    0.1862918E+09
 303      0.105732E+08    0.2352342E+09    0.1212915E+09
 304      0.175672E+09    0.2869998E+09    0.3919072E+08
 305      0.300906E+09    0.3367994E+09   -0.3341570E+08
 306      0.382479E+09    0.3381070E+09   -0.8034957E+08
 307      0.438051E+09    0.3375870E+09   -0.1272507E+09
 308      0.451824E+09    0.2874073E+09   -0.1720440E+09
 309      0.429828E+09    0.2340293E+09   -0.2185611E+09
 310      0.350623E+09    0.1557433E+09   -0.2744420E+09
 311      0.198714E+09    0.7368106E+08   -0.3355158E+09
 312     -0.330054E+08    0.2392955E+08   -0.3571158E+09
 313     -0.366960E+09   -0.2026556E+08   -0.3819611E+09
 314     -0.757396E+09   -0.8413750E+07   -0.2190548E+09
 315     -0.113821E+10    0.5707071E+07   -0.4693660E+08
 316     -0.525351E+09   -0.9923142E+07    0.5209956E+08
 317     -0.423995E+09   -0.2877839E+08    0.2271801E+09
 318     -0.230187E+09   -0.6006907E+08    0.3865547E+09
 319     -0.749219E+08   -0.1607329E+08    0.3286236E+09
 320      0.462895E+07    0.4408826E+08    0.2760053E+09
 321      0.117976E+08    0.1623994E+09    0.1951796E+09
 322     -0.280651E+08    0.2791528E+09    0.1266686E+09
 323     -0.803541E+08    0.3912983E+09    0.7948409E+08
 324      0.808313E+08    0.5060825E+09    0.2328727E+08
 325      0.219645E+09    0.5766427E+09   -0.2476011E+08
 326      0.328114E+09    0.6432528E+09   -0.6535366E+08
 327      0.397394E+09    0.6410492E+09   -0.7668869E+08
 328      0.450762E+09    0.6379697E+09   -0.8760359E+08
 329      0.467432E+09    0.5641562E+09   -0.9868266E+08
 330      0.459611E+09    0.4877264E+09   -0.1103202E+09
 331      0.395310E+09    0.3591754E+09   -0.1510007E+09
 332      0.262440E+09    0.2274211E+09   -0.1996424E+09
 333      0.186017E+08    0.1152318E+09   -0.2565451E+09
 334     -0.367188E+09    0.1478765E+08   -0.3290906E+09
 335     -0.898850E+09    0.1327281E+07   -0.2081862E+09
 336     -0.149016E+10   -0.1782850E+08   -0.6516449E+08
 337     -0.864044E+09    0.4718361E+08    0.1000669E+09
 338     -0.605686E+09   -0.2241478E+08    0.2614704E+09
 339     -0.305291E+09   -0.5750244E+08    0.4153878E+09
 340     -0.119490E+08    0.9646538E+08    0.2913691E+09
 341      0.911548E+08    0.2383959E+09    0.1666775E+09
 342      0.896375E+08    0.4363281E+09    0.7823051E+08
 343      0.315882E+08    0.6136871E+09    0.4633273E+07
 344     -0.312568E+08    0.7540882E+09   -0.3223471E+08
 345      0.147133E+09    0.8984564E+09   -0.7937765E+08
 346      0.261013E+09    0.9799959E+09   -0.9061854E+08
 347      0.353071E+09    0.1057701E+10   -0.9741886E+08
 348      0.410202E+09    0.1052347E+10   -0.7218247E+08
 349      0.461791E+09    0.1047470E+10   -0.4596229E+08
 350      0.482077E+09    0.9534689E+09   -0.2154506E+08
 351      0.490555E+09    0.8575163E+09    0.3543999E+07
 352      0.444516E+09    0.6743908E+09   -0.2071604E+08
 353      0.332616E+09    0.4736778E+09   -0.5215297E+08
 354      0.895213E+08    0.2735073E+09   -0.1622214E+09
 355     -0.394721E+09    0.5253941E+08   -0.2875369E+09
 356     -0.104393E+10    0.2029547E+08   -0.2045212E+09
 357     -0.187374E+10    0.2811419E+08   -0.1024611E+09
 358     -0.133192E+10   -0.9062548E+08    0.1365161E+09
 359     -0.696515E+09    0.9257127E+07    0.2163836E+09
 360     -0.122211E+09    0.8961051E+08    0.2267021E+09
 361      0.119859E+09    0.3663026E+09    0.2278254E+08
 362      0.178138E+09    0.6672594E+09   -0.1032476E+09
 363      0.133649E+09    0.8955522E+09   -0.1369260E+09
 364      0.400817E+08    0.1116617E+10   -0.1690364E+09
 365     -0.984749E+07    0.1262072E+10   -0.1770969E+09
 366      0.139815E+09    0.1411949E+10   -0.1950434E+09
 367      0.229263E+09    0.1488586E+10   -0.1650091E+09
 368      0.300154E+09    0.1564997E+10   -0.1315381E+09
 369      0.343559E+09    0.1557519E+10   -0.6264597E+08
 370      0.387904E+09    0.1551224E+10    0.6883632E+07
 371      0.409727E+09    0.1448929E+10    0.8346160E+08
 372      0.431834E+09    0.1347597E+10    0.1624637E+09
 373      0.414092E+09    0.1125559E+10    0.2022550E+09
 374      0.360661E+09    0.8957435E+09    0.2462287E+09
 375      0.191637E+09    0.5547005E+09    0.1560167E+09
 376     -0.189881E+09    0.2242585E+09   -0.7409746E+07
 377     -0.101714E+10    0.6714571E+08   -0.9294970E+08
 378     -0.224307E+10   -0.9535587E+08   -0.1168397E+09
 379     -0.244713E+10    0.2598507E+09    0.6024349E+09
 380     -0.648119E+09    0.1938488E+09    0.2718683E+09
 381      0.147770E+09    0.3606517E+09   -0.1299206E+09
 382      0.257958E+09    0.1016543E+10   -0.3095313E+09
 383      0.274698E+09    0.1433353E+10   -0.3962205E+09
 384      0.168745E+09    0.1625312E+10   -0.3734545E+09
 385      0.353825E+08    0.1822476E+10   -0.3523567E+09
 386     -0.117690E+07    0.1931490E+10   -0.3252137E+09
 387      0.128887E+09    0.2054480E+10   -0.3083647E+09
 388      0.193367E+09    0.2119115E+10   -0.2394231E+09
 389      0.242498E+09    0.2182912E+10   -0.1657095E+09
 390      0.272299E+09    0.2174918E+10   -0.5237911E+08
 391      0.308702E+09    0.2169603E+10    0.6069291E+08
 392      0.330844E+09    0.2080355E+10    0.1914951E+09
 393      0.366035E+09    0.1997161E+10    0.3250878E+09
 394      0.373215E+09    0.1781180E+10    0.4396893E+09
 395      0.390016E+09    0.1571157E+10    0.5625277E+09
 396      0.293247E+09    0.1133937E+10    0.5332109E+09
 397      0.813011E+08    0.4839857E+09    0.4246499E+09
 398     -0.850333E+09    0.2553208E+09   -0.5399083E+08
 399     -0.320472E+10    0.2298764E+09   -0.4728100E+09
 400     -0.220122E+10   -0.4461088E+09   -0.1142002E+09
 401     -0.170927E+09    0.7464743E+09   -0.5616062E+09
 402      0.675613E+08    0.1910327E+10   -0.8632234E+09
 403      0.171925E+09    0.2256729E+10   -0.6658239E+09
 404      0.150994E+09    0.2600942E+10   -0.5378046E+09
 405      0.914807E+08    0.2643617E+10   -0.4452904E+09
 406      0.260314E+07    0.2701612E+10   -0.3748157E+09
 407     -0.999385E+07    0.2740014E+10   -0.3755452E+09
 408      0.636446E+08    0.2797976E+10   -0.3662299E+09
 409      0.968668E+08    0.2837485E+10   -0.2724700E+09
 410      0.121835E+09    0.2872423E+10   -0.1779634E+09
 411      0.137005E+09    0.2865334E+10   -0.4349109E+08
 412      0.155833E+09    0.2860905E+10    0.8999659E+08
 413      0.167944E+09    0.2806775E+10    0.2514344E+09
 414      0.187120E+09    0.2757855E+10    0.4140828E+09
 415      0.195278E+09    0.2618437E+10    0.5942920E+09
 416      0.205676E+09    0.2492374E+10    0.7833343E+09
 417      0.185647E+09    0.2127662E+10    0.9236829E+09
 418      0.341014E+08    0.1764601E+10    0.1148200E+10
 419     -0.258807E+09    0.6987985E+09    0.7388733E+09
 420     -0.255931E+10   -0.3894600E+09    0.2057090E+09
 421     -0.131333E+10    0.4244420E+10   -0.1023852E+10
 422      0.147145E+09    0.4424744E+10   -0.1382729E+10
 423     -0.453064E+08    0.4545152E+10   -0.1428472E+10
 424      0.559572E+08    0.4335328E+10   -0.9445555E+09
 425      0.139821E+08    0.4211616E+10   -0.6312220E+09
 426      0.128942E+08    0.3968769E+10   -0.4788156E+09
 427     -0.197703E+08    0.3733181E+10   -0.3743104E+09
 428     -0.103209E+08    0.3651964E+10   -0.4136901E+09
 429      0.158776E+07    0.3611800E+10   -0.4197270E+09
 430      0.398879E+07    0.3621295E+10   -0.3012680E+09
 431      0.558644E+07    0.3614642E+10   -0.1881663E+09
 432      0.614895E+07    0.3610948E+10   -0.3486730E+08
 433      0.765535E+07    0.3608451E+10    0.1170764E+09
 434      0.988132E+07    0.3608604E+10    0.3054589E+09
 435      0.120475E+08    0.3611379E+10    0.4944778E+09
 436      0.202836E+08    0.3617348E+10    0.7301005E+09
 437      0.163222E+08    0.3634868E+10    0.9783350E+09
 438      0.598959E+08    0.3648526E+10    0.1264358E+10
 439     -0.369876E+08    0.3744249E+10    0.1739890E+10
 440      0.191312E+09    0.3713512E+10    0.1581821E+10
 441     -0.129941E+10    0.3610749E+10    0.1165180E+10
