   1      0.219086E+09    0.5899586E+07   -0.1698439E+06
   2      0.102139E+09   -0.1142271E+08    0.9788095E+05
   3      0.208929E+08   -0.3039346E+08    0.2816745E+06
   4     -0.435968E+08   -0.7373919E+08    0.1066045E+07
   5     -0.789237E+08   -0.1172986E+09    0.1241715E+07
   6     -0.935800E+08   -0.1608592E+09    0.3020921E+06
   7     -0.885555E+08   -0.2030979E+09   -0.1703827E+06
   8     -0.681555E+08   -0.2344917E+09    0.7167044E+05
   9     -0.378947E+08   -0.2661444E+09    0.9229470E+06
  10      0.341769E+07   -0.2841336E+09    0.1254103E+07
  11      0.373579E+08   -0.3014498E+09    0.9570548E+06
  12      0.708001E+08   -0.2945751E+09    0.1541596E+05
  13      0.970134E+08   -0.2873789E+09    0.1425124E+05
  14      0.108455E+09   -0.2612279E+09    0.3176664E+06
  15      0.102623E+09   -0.2343630E+09   -0.4755415E+06
  16      0.784625E+08   -0.1920843E+09   -0.3843676E+06
  17      0.367428E+08   -0.1495864E+09    0.1707969E+06
  18     -0.119710E+08   -0.1072961E+09    0.3383023E+06
  19     -0.816470E+08   -0.6427156E+08   -0.4715680E+06
  20     -0.157558E+09   -0.2876723E+08   -0.3058895E+07
  21     -0.183679E+09    0.4911508E+07   -0.4740474E+07
  22      0.196358E+09    0.4918935E+07    0.2081768E+07
  23      0.866852E+08   -0.1315836E+08    0.1784276E+08
  24      0.941562E+07   -0.3313591E+08    0.3378800E+08
  25     -0.483383E+08   -0.7254477E+08    0.3893137E+08
  26     -0.789056E+08   -0.1108708E+09    0.4335235E+08
  27     -0.919162E+08   -0.1521761E+09    0.4093307E+08
  28     -0.832940E+08   -0.1938065E+09    0.3887919E+08
  29     -0.607592E+08   -0.2264465E+09    0.3134199E+08
  30     -0.286968E+08   -0.2580497E+09    0.2370440E+08
  31      0.124027E+08   -0.2708559E+09    0.1426199E+08
  32      0.482758E+08   -0.2841298E+09    0.4814684E+07
  33      0.826106E+08   -0.2777956E+09   -0.6883771E+07
  34      0.105566E+09   -0.2702728E+09   -0.1800507E+08
  35      0.116612E+09   -0.2437682E+09   -0.2587955E+08
  36      0.110871E+09   -0.2178015E+09   -0.3453217E+08
  37      0.843645E+08   -0.1773414E+09   -0.4070636E+08
  38      0.385590E+08   -0.1353609E+09   -0.4664234E+08
  39     -0.149450E+08   -0.8868064E+08   -0.4379210E+08
  40     -0.901600E+08   -0.4084979E+08   -0.4221393E+08
  41     -0.172469E+09   -0.1586946E+08   -0.2606755E+08
  42     -0.232330E+09    0.6406474E+07   -0.8378172E+07
  43      0.173792E+09    0.6253737E+07    0.3115016E+07
  44      0.705645E+08   -0.9218442E+07    0.3540983E+08
  45     -0.228046E+07   -0.2683776E+08    0.6782126E+08
  46     -0.524733E+08   -0.6561594E+08    0.7698956E+08
  47     -0.789175E+08   -0.1037269E+09    0.8579166E+08
  48     -0.903399E+08   -0.1455321E+09    0.8190082E+08
  49     -0.783338E+08   -0.1867525E+09    0.7830090E+08
  50     -0.529862E+08   -0.2168179E+09    0.6281397E+08
  51     -0.191806E+08   -0.2469106E+09    0.4673951E+08
  52      0.214339E+08   -0.2584768E+09    0.2689416E+08
  53      0.593748E+08   -0.2676587E+09    0.7362455E+07
  54      0.941994E+08   -0.2587437E+09   -0.1356808E+08
  55      0.115305E+09   -0.2521183E+09   -0.3543378E+08
  56      0.124354E+09   -0.2239723E+09   -0.5282230E+08
  57      0.119108E+09   -0.1941444E+09   -0.6912051E+08
  58      0.913576E+08   -0.1544764E+09   -0.8110787E+08
  59      0.403392E+08   -0.1145862E+09   -0.9335517E+08
  60     -0.175393E+08   -0.7414760E+08   -0.8806196E+08
  61     -0.982670E+08   -0.3122921E+08   -0.8498139E+08
  62     -0.188683E+09   -0.9849263E+07   -0.4842122E+08
  63     -0.282221E+09    0.8024887E+07   -0.9211616E+07
  64      0.112716E+09    0.3571852E+07    0.5182994E+07
  65      0.246877E+08   -0.1182307E+08    0.5047681E+08
  66     -0.326491E+08   -0.2794521E+08    0.9543769E+08
  67     -0.669241E+08   -0.6206941E+08    0.1106680E+09
  68     -0.842702E+08   -0.9709949E+08    0.1261283E+09
  69     -0.832038E+08   -0.1353197E+09    0.1192927E+09
  70     -0.641800E+08   -0.1724353E+09    0.1121911E+09
  71     -0.300103E+08   -0.1994787E+09    0.8961274E+08
  72      0.776262E+07   -0.2262969E+09    0.6683817E+08
  73      0.506495E+08   -0.2374919E+09    0.3724939E+08
  74      0.897876E+08   -0.2491229E+09    0.7905791E+07
  75      0.124353E+09   -0.2404041E+09   -0.2262987E+08
  76      0.146134E+09   -0.2305137E+09   -0.5353485E+08
  77      0.149721E+09   -0.2040065E+09   -0.7976498E+08
  78      0.139104E+09   -0.1763262E+09   -0.1056846E+09
  79      0.105024E+09   -0.1371723E+09   -0.1185330E+09
  80      0.457070E+08   -0.9874325E+08   -0.1323386E+09
  81     -0.277871E+08   -0.6336880E+08   -0.1231535E+09
  82     -0.122905E+09   -0.2783355E+08   -0.1148530E+09
  83     -0.243638E+09   -0.1152916E+08   -0.6313316E+08
  84     -0.366620E+09    0.3799518E+07   -0.9077830E+07
  85      0.498456E+08    0.4791808E+07    0.8146177E+07
  86     -0.200996E+08   -0.9045043E+07    0.6564736E+08
  87     -0.630376E+08   -0.2439091E+08    0.1224801E+09
  88     -0.819494E+08   -0.5711558E+08    0.1439323E+09
  89     -0.904470E+08   -0.8969438E+08    0.1663607E+09
  90     -0.754763E+08   -0.1278811E+09    0.1570871E+09
  91     -0.490540E+08   -0.1655055E+09    0.1463137E+09
  92     -0.718428E+07   -0.1903540E+09    0.1160646E+09
  93      0.344656E+08   -0.2150092E+09    0.8650504E+08
  94      0.798247E+08   -0.2243365E+09    0.4789351E+08
  95      0.120058E+09   -0.2322744E+09    0.9088019E+07
  96      0.155514E+09   -0.2214595E+09   -0.3229596E+08
  97      0.174931E+09   -0.2111904E+09   -0.7259414E+08
  98      0.176078E+09   -0.1856346E+09   -0.1060359E+09
  99      0.159836E+09   -0.1604570E+09   -0.1408595E+09
 100      0.117060E+09   -0.1263562E+09   -0.1559427E+09
 101      0.521295E+08   -0.8999780E+08   -0.1724137E+09
 102     -0.389061E+08   -0.5485211E+08   -0.1582472E+09
 103     -0.148482E+09   -0.2050763E+08   -0.1430575E+09
 104     -0.297480E+09   -0.7323793E+07   -0.7791326E+08
 105     -0.450686E+09    0.4650183E+07   -0.1124589E+08
 106     -0.486077E+08    0.3994363E+07    0.8712817E+07
 107     -0.894143E+08   -0.9358236E+07    0.7878087E+08
 108     -0.109723E+09   -0.2384317E+08    0.1480694E+09
 109     -0.109282E+09   -0.5578569E+08    0.1742760E+09
 110     -0.967336E+08   -0.8761854E+08    0.2003552E+09
 111     -0.636878E+08   -0.1185186E+09    0.1882586E+09
 112     -0.222376E+08   -0.1492264E+09    0.1758432E+09
 113      0.283991E+08   -0.1738482E+09    0.1393650E+09
 114      0.769589E+08   -0.1980660E+09    0.1035333E+09
 115      0.127559E+09   -0.2059266E+09    0.5547704E+08
 116      0.170675E+09   -0.2131242E+09    0.6839990E+07
 117      0.204074E+09   -0.2031523E+09   -0.4196249E+08
 118      0.218564E+09   -0.1930962E+09   -0.9018482E+08
 119      0.216508E+09   -0.1688899E+09   -0.1298947E+09
 120      0.189986E+09   -0.1441124E+09   -0.1696929E+09
 121      0.133865E+09   -0.1119409E+09   -0.1873131E+09
 122      0.557017E+08   -0.7975334E+08   -0.2058769E+09
 123     -0.595479E+08   -0.5158332E+08   -0.1865603E+09
 124     -0.197033E+09   -0.2311097E+08   -0.1666252E+09
 125     -0.372760E+09   -0.9275555E+07   -0.9010722E+08
 126     -0.574285E+09    0.3483266E+07   -0.1235562E+08
 127     -0.144024E+09    0.4532675E+07    0.9302375E+07
 128     -0.159568E+09   -0.8707284E+07    0.9200860E+08
 129     -0.155597E+09   -0.2384330E+08    0.1740075E+09
 130     -0.137215E+09   -0.5412282E+08    0.2049974E+09
 131     -0.100802E+09   -0.8395178E+08    0.2347579E+09
 132     -0.522827E+08   -0.1136806E+09    0.2187541E+09
 133      0.433872E+07   -0.1409942E+09    0.2034951E+09
 134      0.632727E+08   -0.1585859E+09    0.1628207E+09
 135      0.120631E+09   -0.1782732E+09    0.1217103E+09
 136      0.175966E+09   -0.1865033E+09    0.6356870E+08
 137      0.222165E+09   -0.1935307E+09    0.5932647E+07
 138      0.252186E+09   -0.1874216E+09   -0.5084533E+08
 139      0.263525E+09   -0.1813037E+09   -0.1073139E+09
 140      0.256888E+09   -0.1597250E+09   -0.1542758E+09
 141      0.218567E+09   -0.1372384E+09   -0.2004852E+09
 142      0.150789E+09   -0.1082596E+09   -0.2188797E+09
 143      0.572371E+08   -0.7955326E+08   -0.2383321E+09
 144     -0.795536E+08   -0.4991855E+08   -0.2151718E+09
 145     -0.245811E+09   -0.1846895E+08   -0.1914965E+09
 146     -0.447539E+09   -0.5351047E+07   -0.1025059E+09
 147     -0.698129E+09    0.5394668E+07   -0.1248665E+08
 148     -0.272047E+09    0.2980062E+07    0.1213603E+08
 149     -0.252502E+09   -0.1066137E+08    0.1052908E+09
 150     -0.218709E+09   -0.2555105E+08    0.1981621E+09
 151     -0.170661E+09   -0.5259668E+08    0.2308160E+09
 152     -0.104973E+09   -0.7888085E+08    0.2624569E+09
 153     -0.348301E+08   -0.1047388E+09    0.2440655E+09
 154      0.389057E+08   -0.1315354E+09    0.2257595E+09
 155      0.109208E+09   -0.1482681E+09    0.1780661E+09
 156      0.179086E+09   -0.1625888E+09    0.1302089E+09
 157      0.238307E+09   -0.1645085E+09    0.6744035E+08
 158      0.285878E+09   -0.1675035E+09    0.5287594E+07
 159      0.314159E+09   -0.1608912E+09   -0.5668163E+08
 160      0.320865E+09   -0.1538778E+09   -0.1185849E+09
 161      0.308973E+09   -0.1389862E+09   -0.1697636E+09
 162      0.254267E+09   -0.1246568E+09   -0.2206697E+09
 163      0.174159E+09   -0.9969149E+08   -0.2437362E+09
 164      0.572478E+08   -0.7265998E+08   -0.2677836E+09
 165     -0.106238E+09   -0.4529008E+08   -0.2414125E+09
 166     -0.308326E+09   -0.1873161E+08   -0.2143820E+09
 167     -0.548353E+09   -0.7177295E+07   -0.1133975E+09
 168     -0.841852E+09    0.3549465E+07   -0.1105267E+08
 169     -0.402083E+09    0.4906763E+07    0.1457077E+08
 170     -0.344387E+09   -0.9051301E+07    0.1188695E+09
 171     -0.282914E+09   -0.2567013E+08    0.2229579E+09
 172     -0.203072E+09   -0.5182875E+08    0.2566120E+09
 173     -0.111390E+09   -0.7556396E+08    0.2894727E+09
 174     -0.178350E+08   -0.9573001E+08    0.2698546E+09
 175      0.730180E+08   -0.1155693E+09    0.2498889E+09
 176      0.157152E+09   -0.1250818E+09    0.1938282E+09
 177      0.235858E+09   -0.1351630E+09    0.1388818E+09
 178      0.301376E+09   -0.1369283E+09    0.7116582E+08
 179      0.348747E+09   -0.1375114E+09    0.3459015E+07
 180      0.376531E+09   -0.1314944E+09   -0.6321497E+08
 181      0.378405E+09   -0.1256784E+09   -0.1307736E+09
 182      0.360566E+09   -0.1127458E+09   -0.1853730E+09
 183      0.291221E+09   -0.1005419E+09   -0.2401097E+09
 184      0.198358E+09   -0.8479154E+08   -0.2683007E+09
 185      0.578444E+08   -0.6892194E+08   -0.2966111E+09
 186     -0.134149E+09   -0.4704973E+08   -0.2674667E+09
 187     -0.370601E+09   -0.2200576E+08   -0.2377893E+09
 188     -0.650210E+09   -0.7171056E+07   -0.1248692E+09
 189     -0.982381E+09    0.4810025E+07   -0.1030215E+08
 190     -0.560828E+09    0.3072941E+07    0.1641669E+08
 191     -0.459617E+09   -0.9948910E+07    0.1316533E+09
 192     -0.355991E+09   -0.2440687E+08    0.2459226E+09
 193     -0.236106E+09   -0.4808769E+08    0.2782338E+09
 194     -0.113098E+09   -0.7161984E+08    0.3097073E+09
 195      0.696665E+07   -0.8523362E+08    0.2826469E+09
 196      0.117122E+09   -0.9675215E+08    0.2557687E+09
 197      0.216250E+09   -0.9818703E+08    0.1966721E+09
 198      0.299654E+09   -0.9954513E+08    0.1382888E+09
 199      0.370359E+09   -0.9696132E+08    0.6967749E+08
 200      0.417807E+09   -0.9569896E+08    0.1548980E+07
 201      0.445012E+09   -0.9257791E+08   -0.6657982E+08
 202      0.444156E+09   -0.8925447E+08   -0.1350621E+09
 203      0.415697E+09   -0.8368347E+08   -0.1913531E+09
 204      0.340687E+09   -0.7738018E+08   -0.2486906E+09
 205      0.227631E+09   -0.6504028E+08   -0.2790873E+09
 206      0.640180E+08   -0.5321785E+08   -0.3093768E+09
 207     -0.161607E+09   -0.3791321E+08   -0.2837124E+09
 208     -0.439771E+09   -0.2096116E+08   -0.2576424E+09
 209     -0.773551E+09   -0.8576080E+07   -0.1364524E+09
 210     -0.115140E+10    0.2363370E+07   -0.1304006E+08
 211     -0.717400E+09    0.3075083E+07    0.1989429E+08
 212     -0.575222E+09   -0.1211432E+08    0.1448997E+09
 213     -0.429256E+09   -0.2951128E+08    0.2686745E+09
 214     -0.270687E+09   -0.4774529E+08    0.3006203E+09
 215     -0.114244E+09   -0.6379434E+08    0.3313354E+09
 216      0.328124E+08   -0.6633363E+08    0.2962973E+09
 217      0.161295E+09   -0.6807479E+08    0.2627362E+09
 218      0.274789E+09   -0.5940934E+08    0.2001537E+09
 219      0.366151E+09   -0.5058544E+08    0.1369611E+09
 220      0.438324E+09   -0.4027503E+08    0.6789165E+08
 221      0.489113E+09   -0.3027065E+08   -0.2446146E+06
 222      0.514428E+09   -0.2925331E+08   -0.6980027E+08
 223      0.510911E+09   -0.2904966E+08   -0.1392587E+09
 224      0.471421E+09   -0.3299035E+08   -0.1974512E+09
 225      0.390300E+09   -0.3933390E+08   -0.2563819E+09
 226      0.256165E+09   -0.4395897E+08   -0.2907703E+09
 227      0.697301E+08   -0.4472661E+08   -0.3256920E+09
 228     -0.189072E+09   -0.3068854E+08   -0.3013947E+09
 229     -0.509677E+09   -0.1614558E+08   -0.2770064E+09
 230     -0.896737E+09   -0.5629791E+07   -0.1476613E+09
 231     -0.132229E+10    0.3200826E+07   -0.1553590E+08
 232     -0.911403E+09    0.1971380E+07    0.2655370E+08
 233     -0.708317E+09   -0.1225888E+08    0.1585107E+09
 234     -0.502351E+09   -0.2949591E+08    0.2878906E+09
 235     -0.295287E+09   -0.3937435E+08    0.3079170E+09
 236     -0.999497E+08   -0.4562623E+08    0.3273049E+09
 237      0.727037E+08   -0.3162772E+08    0.2841860E+09
 238      0.214554E+09   -0.1686434E+08    0.2427038E+09
 239      0.336544E+09    0.6113602E+07    0.1795651E+09
 240      0.431059E+09    0.2829462E+08    0.1178630E+09
 241      0.501276E+09    0.4240630E+08    0.5442188E+08
 242      0.552678E+09    0.5691353E+08   -0.8437581E+07
 243      0.574669E+09    0.5646731E+08   -0.6723068E+08
 244      0.570464E+09    0.5348422E+08   -0.1261293E+09
 245      0.527143E+09    0.3519726E+08   -0.1808163E+09
 246      0.439384E+09    0.1771203E+08   -0.2360958E+09
 247      0.296155E+09    0.2399301E+07   -0.2755216E+09
 248      0.863165E+08   -0.1326289E+08   -0.3169283E+09
 249     -0.206480E+09   -0.1597353E+08   -0.3014540E+09
 250     -0.576606E+09   -0.1557466E+08   -0.2866131E+09
 251     -0.103112E+10   -0.6352206E+07   -0.1550786E+09
 252     -0.152776E+10    0.8167824E+06   -0.1937970E+08
 253     -0.110470E+10    0.2373804E+07    0.3328693E+08
 254     -0.842589E+09   -0.1263541E+08    0.1727352E+09
 255     -0.576482E+09   -0.2985278E+08    0.3086683E+09
 256     -0.320318E+09   -0.2778919E+08    0.3171602E+09
 257     -0.863606E+08   -0.2158015E+08    0.3253508E+09
 258      0.111949E+09    0.1595679E+08    0.2732993E+09
 259      0.269797E+09    0.5471075E+08    0.2225030E+09
 260      0.398928E+09    0.1011197E+09    0.1590150E+09
 261      0.495406E+09    0.1462431E+09    0.9876271E+08
 262      0.567103E+09    0.1722146E+09    0.4136693E+08
 263      0.615398E+09    0.1955731E+09   -0.1481569E+08
 264      0.635666E+09    0.1850605E+09   -0.6402478E+08
 265      0.629257E+09    0.1747345E+09   -0.1132841E+09
 266      0.585025E+09    0.1425620E+09   -0.1649152E+09
 267      0.488694E+09    0.1083146E+09   -0.2183915E+09
 268      0.336743E+09    0.6626617E+08   -0.2614396E+09
 269      0.102782E+09    0.2373979E+08   -0.3073544E+09
 270     -0.225048E+09    0.4223437E+07   -0.3023138E+09
 271     -0.645543E+09   -0.1134744E+08   -0.2973920E+09
 272     -0.116680E+10   -0.5033015E+07   -0.1632557E+09
 273     -0.173311E+10    0.2417465E+06   -0.2445577E+08
 274     -0.134183E+10   -0.3637909E+07    0.4646715E+08
 275     -0.981354E+09   -0.1258868E+08    0.1815398E+09
 276     -0.627483E+09   -0.2582816E+08    0.3101795E+09
 277     -0.310126E+09   -0.5449240E+06    0.2901376E+09
 278     -0.418144E+08    0.3106191E+08    0.2716664E+09
 279      0.168262E+09    0.1020317E+09    0.2075282E+09
 280      0.330194E+09    0.1739308E+09    0.1473492E+09
 281      0.449214E+09    0.2434754E+09    0.9456677E+08
 282      0.539702E+09    0.3122333E+09    0.4407812E+08
 283      0.602829E+09    0.3466088E+09    0.1042645E+08
 284      0.645763E+09    0.3786836E+09   -0.2195504E+08
 285      0.665339E+09    0.3649973E+09   -0.4862735E+08
 286      0.661759E+09    0.3500732E+09   -0.7558053E+08
 287      0.622651E+09    0.2932545E+09   -0.1100271E+09
 288      0.534439E+09    0.2342214E+09   -0.1463607E+09
 289      0.381760E+09    0.1604095E+09   -0.1916233E+09
 290      0.142850E+09    0.8651993E+08   -0.2402869E+09
 291     -0.208641E+09    0.3934232E+08   -0.2598258E+09
 292     -0.688682E+09   -0.1508212E+07   -0.2820994E+09
 293     -0.129192E+10   -0.1462577E+07   -0.1617844E+09
 294     -0.197697E+10   -0.4618959E+07   -0.3360613E+08
 295     -0.158066E+10    0.3610641E+07    0.6165065E+08
 296     -0.112259E+10   -0.1062577E+08    0.1925152E+09
 297     -0.687443E+09   -0.2157176E+08    0.3166205E+09
 298     -0.298706E+09    0.4340286E+08    0.2669791E+09
 299      0.113470E+07    0.1141394E+09    0.2195962E+09
 300      0.228835E+09    0.2345144E+09    0.1429131E+09
 301      0.391027E+09    0.3508081E+09    0.7170473E+08
 302      0.501621E+09    0.4507089E+09    0.2982127E+08
 303      0.585236E+09    0.5466417E+09   -0.1027653E+08
 304      0.637057E+09    0.5910508E+09   -0.2069402E+08
 305      0.677584E+09    0.6349643E+09   -0.3059286E+08
 306      0.694360E+09    0.6145725E+09   -0.3318075E+08
 307      0.696847E+09    0.5921001E+09   -0.3562752E+08
 308      0.660201E+09    0.5093283E+09   -0.5305949E+08
 309      0.582862E+09    0.4233043E+09   -0.7204626E+08
 310      0.430826E+09    0.3068214E+09   -0.1223849E+09
 311      0.181528E+09    0.1875282E+09   -0.1759802E+09
 312     -0.190435E+09    0.9779069E+08   -0.2198485E+09
 313     -0.739092E+09    0.9333159E+07   -0.2698286E+09
 314     -0.142017E+10    0.1369158E+07   -0.1625101E+09
 315     -0.222492E+10   -0.6888304E+06   -0.4479334E+08
 316     -0.186604E+10   -0.2402541E+08    0.8827245E+08
 317     -0.122567E+10   -0.4912626E+07    0.1812476E+09
 318     -0.655499E+09    0.7343940E+07    0.2544125E+09
 319     -0.218609E+09    0.1317520E+09    0.1455563E+09
 320      0.893030E+08    0.2688494E+09    0.5208160E+08
 321      0.290332E+09    0.4440052E+09   -0.1910128E+08
 322      0.426753E+09    0.6163469E+09   -0.8096029E+08
 323      0.510732E+09    0.7419702E+09   -0.8858210E+08
 324      0.576287E+09    0.8646805E+09   -0.9521803E+08
 325      0.611719E+09    0.9139697E+09   -0.6781717E+08
 326      0.647323E+09    0.9627067E+09   -0.4040729E+08
 327      0.660838E+09    0.9346437E+09   -0.3772131E+07
 328      0.668606E+09    0.9065280E+09    0.3412939E+08
 329      0.645515E+09    0.8000517E+09    0.5387946E+08
 330      0.592367E+09    0.6914064E+09    0.7284808E+08
 331      0.467042E+09    0.5225168E+09    0.4157220E+08
 332      0.249854E+09    0.3482891E+09    0.3308689E+07
 333     -0.112983E+09    0.1948844E+09   -0.7855877E+08
 334     -0.685936E+09    0.5276104E+08   -0.1790190E+09
 335     -0.148993E+10    0.1650348E+08   -0.1317595E+09
 336     -0.248916E+10   -0.2375437E+08   -0.6133355E+08
 337     -0.218524E+10    0.3177114E+08    0.1399198E+09
 338     -0.133131E+10    0.1095824E+08    0.1789301E+09
 339     -0.658430E+09    0.3649285E+08    0.2067415E+09
 340     -0.117077E+09    0.2917618E+09    0.3345797E+08
 341      0.183605E+09    0.5236255E+09   -0.1267974E+09
 342      0.356925E+09    0.7757605E+09   -0.1870292E+09
 343      0.463421E+09    0.1006745E+10   -0.2383952E+09
 344      0.519105E+09    0.1153486E+10   -0.2101409E+09
 345      0.565367E+09    0.1298575E+10   -0.1827150E+09
 346      0.584921E+09    0.1352171E+10   -0.1153367E+09
 347      0.614644E+09    0.1406637E+10   -0.4907169E+08
 348      0.626155E+09    0.1369398E+10    0.2762472E+08
 349      0.637363E+09    0.1332743E+10    0.1061399E+09
 350      0.630742E+09    0.1202907E+10    0.1647277E+09
 351      0.602590E+09    0.1070757E+10    0.2240110E+09
 352      0.506866E+09    0.8462328E+09    0.2129492E+09
 353      0.326047E+09    0.6041926E+09    0.1958204E+09
 354     -0.159376E+08    0.3594527E+09    0.5630710E+08
 355     -0.658997E+09    0.8991968E+08   -0.1008950E+09
 356     -0.156471E+10    0.3407133E+08   -0.1083304E+09
 357     -0.278360E+10    0.2222985E+08   -0.9644836E+08
 358     -0.248699E+10   -0.1162371E+09    0.1691200E+09
 359     -0.125877E+10    0.5965341E+08    0.6784295E+08
 360     -0.394507E+09    0.2256661E+09   -0.9300146E+08
 361      0.308862E+08    0.6058559E+09   -0.3226229E+09
 362      0.245313E+09    0.9990763E+09   -0.4689142E+09
 363      0.349299E+09    0.1278937E+10   -0.4514993E+09
 364      0.412772E+09    0.1551032E+10   -0.4384870E+09
 365      0.439825E+09    0.1696237E+10   -0.3538089E+09
 366      0.467090E+09    0.1841819E+10   -0.2715867E+09
 367      0.475752E+09    0.1885701E+10   -0.1598849E+09
 368      0.499507E+09    0.1932960E+10   -0.4955993E+08
 369      0.505559E+09    0.1890501E+10    0.7242302E+08
 370      0.521650E+09    0.1850771E+10    0.1950362E+09
 371      0.521617E+09    0.1711837E+10    0.3072620E+09
 372      0.519008E+09    0.1574271E+10    0.4231947E+09
 373      0.461001E+09    0.1310582E+10    0.4777234E+09
 374      0.358495E+09    0.1038778E+10    0.5381784E+09
 375      0.116376E+09    0.6536032E+09    0.4187316E+09
 376     -0.388539E+09    0.2756000E+09    0.2257171E+09
 377     -0.142832E+10    0.8648177E+08    0.2874273E+08
 378     -0.299988E+10   -0.1052017E+09   -0.1099132E+09
 379     -0.342636E+10    0.2588798E+09    0.6223404E+09
 380     -0.103175E+10    0.2695464E+09    0.4040321E+08
 381     -0.669903E+08    0.5265252E+09   -0.5702574E+09
 382      0.175339E+09    0.1279953E+10   -0.7376979E+09
 383      0.308236E+09    0.1781265E+10   -0.8260092E+09
 384      0.329767E+09    0.2038170E+10   -0.7278278E+09
 385      0.356802E+09    0.2299586E+10   -0.6387943E+09
 386      0.353791E+09    0.2411081E+10   -0.4979052E+09
 387      0.363341E+09    0.2530510E+10   -0.3586646E+09
 388      0.363788E+09    0.2556085E+10   -0.2030468E+09
 389      0.380125E+09    0.2586059E+10   -0.4889607E+08
 390      0.380865E+09    0.2538895E+10    0.1183779E+09
 391      0.401821E+09    0.2495747E+10    0.2858000E+09
 392      0.406112E+09    0.2365406E+10    0.4537749E+09
 393      0.429025E+09    0.2242377E+10    0.6258633E+09
 394      0.405214E+09    0.1986995E+10    0.7568740E+09
 395      0.391939E+09    0.1739741E+10    0.8980723E+09
 396      0.248367E+09    0.1255263E+10    0.8416385E+09
 397     -0.544865E+08    0.5472352E+09    0.7089586E+09
 398     -0.114480E+10    0.2806120E+09    0.9253188E+08
 399     -0.382964E+10    0.2255579E+09   -0.4723528E+09
 400     -0.270651E+10   -0.4594951E+09   -0.1480787E+09
 401     -0.368556E+09    0.8267883E+09   -0.8380964E+09
 402     -0.672853E+08    0.2057841E+10   -0.1339082E+10
 403      0.111228E+09    0.2464045E+10   -0.1165090E+10
 404      0.153877E+09    0.2891533E+10   -0.1075042E+10
 405      0.165725E+09    0.3045562E+10   -0.9006910E+09
 406      0.178641E+09    0.3215813E+10   -0.7353560E+09
 407      0.176463E+09    0.3269814E+10   -0.5568112E+09
 408      0.180335E+09    0.3330579E+10   -0.3805018E+09
 409      0.183439E+09    0.3327281E+10   -0.1995977E+09
 410      0.190851E+09    0.3326986E+10   -0.1859898E+08
 411      0.192035E+09    0.3277226E+10    0.1698420E+09
 412      0.203411E+09    0.3232291E+10    0.3584585E+09
 413      0.206694E+09    0.3136250E+10    0.5569653E+09
 414      0.220541E+09    0.3046451E+10    0.7583479E+09
 415      0.212364E+09    0.2863293E+10    0.9548754E+09
 416      0.207748E+09    0.2694697E+10    0.1161416E+10
 417      0.164528E+09    0.2284964E+10    0.1278542E+10
 418     -0.362814E+08    0.1875978E+10    0.1488164E+10
 419     -0.403999E+09    0.7510740E+09    0.9328225E+09
 420     -0.291133E+10   -0.3991068E+09    0.2383335E+09
 421     -0.133503E+10    0.4427712E+10   -0.1063193E+10
 422      0.124289E+09    0.4428532E+10   -0.1679212E+10
 423     -0.797851E+08    0.4382089E+10   -0.1942629E+10
 424      0.262562E+08    0.4312871E+10   -0.1522876E+10
 425     -0.580175E+07    0.4321950E+10   -0.1287223E+10
 426      0.371135E+07    0.4308214E+10   -0.1045509E+10
 427      0.261576E+07    0.4308008E+10   -0.8169531E+09
 428      0.351862E+07    0.4277598E+10   -0.6033556E+09
 429      0.270572E+07    0.4250473E+10   -0.3941141E+09
 430      0.681962E+07    0.4201983E+10   -0.1903195E+09
 431      0.686622E+07    0.4156541E+10    0.1549621E+08
 432      0.841241E+07    0.4102196E+10    0.2226311E+09
 433      0.103548E+08    0.4052716E+10    0.4297952E+09
 434      0.130262E+08    0.4007168E+10    0.6551324E+09
 435      0.163864E+08    0.3965536E+10    0.8836673E+09
 436      0.233822E+08    0.3928020E+10    0.1135942E+10
 437      0.192328E+08    0.3906239E+10    0.1401042E+10
 438      0.624817E+08    0.3876372E+10    0.1666408E+10
 439     -0.390196E+08    0.3926168E+10    0.2134824E+10
 440      0.189700E+09    0.3842280E+10    0.1826412E+10
 441     -0.135410E+10    0.3682229E+10    0.1238129E+10
