   1     -0.650370E+09    0.3197849E+07   -0.3068344E+06
   2     -0.552813E+09   -0.6065245E+07   -0.1244098E+06
   3     -0.435908E+09   -0.1640427E+08   -0.2255401E+05
   4     -0.308253E+09   -0.3874412E+08   -0.9326620E+05
   5     -0.172076E+09   -0.6086082E+08   -0.8478568E+05
   6     -0.332381E+08   -0.8355722E+08   -0.1121058E+06
   7      0.103191E+09   -0.1060630E+09   -0.1212728E+06
   8      0.235137E+09   -0.1191789E+09   -0.2469232E+06
   9      0.355723E+09   -0.1327946E+09   -0.1361275E+06
  10      0.466268E+09   -0.1263146E+09   -0.1493386E+07
  11      0.558567E+09   -0.1156512E+09   -0.4078891E+07
  12      0.633611E+09   -0.8321391E+08   -0.3415824E+07
  13      0.604429E+09   -0.5382630E+08   -0.1725195E+07
  14      0.537329E+09   -0.3082163E+08   -0.1074105E+07
  15      0.428066E+09   -0.7010044E+07   -0.8586870E+05
  16      0.269544E+09    0.9458973E+07    0.8065864E+06
  17      0.579023E+08    0.2644989E+08    0.7098393E+06
  18     -0.218070E+09    0.3155818E+08    0.1671476E+07
  19     -0.553548E+09    0.3364211E+08    0.4364947E+07
  20     -0.955262E+09    0.1532635E+08    0.4023878E+07
  21     -0.146628E+10   -0.1030735E+07    0.2531723E+07
  22     -0.661115E+09    0.2659745E+07    0.1103728E+07
  23     -0.561359E+09   -0.7147349E+07    0.9577940E+07
  24     -0.441786E+09   -0.1775728E+08    0.1808897E+08
  25     -0.311329E+09   -0.3976314E+08    0.2114371E+08
  26     -0.172390E+09   -0.6177848E+08    0.2410364E+08
  27     -0.309810E+08   -0.8439806E+08    0.2174232E+08
  28      0.107783E+09   -0.1068048E+09    0.1935675E+08
  29      0.241774E+09   -0.1202147E+09    0.1260673E+08
  30      0.364419E+09   -0.1334025E+09    0.6076799E+07
  31      0.477292E+09   -0.1302324E+09   -0.5046595E+07
  32      0.573445E+09   -0.1253103E+09   -0.1868715E+08
  33      0.632452E+09   -0.1067081E+09   -0.2156494E+08
  34      0.604649E+09   -0.8908514E+08   -0.2145335E+08
  35      0.537570E+09   -0.6916191E+08   -0.2099251E+08
  36      0.426744E+09   -0.4872890E+08   -0.2120560E+08
  37      0.265884E+09   -0.2958630E+08   -0.1768232E+08
  38      0.523279E+08   -0.1067028E+08   -0.1387352E+08
  39     -0.225392E+09   -0.2680984E+07   -0.6434493E+07
  40     -0.560702E+09    0.4479280E+07    0.2852611E+07
  41     -0.959611E+09    0.2645421E+07    0.6340544E+07
  42     -0.143933E+10    0.1265001E+07    0.7843733E+07
  43     -0.671583E+09    0.3370153E+07    0.2201917E+07
  44     -0.569753E+09   -0.6495450E+07    0.1917736E+08
  45     -0.447544E+09   -0.1750903E+08    0.3622015E+08
  46     -0.314337E+09   -0.4096620E+08    0.4233567E+08
  47     -0.172624E+09   -0.6411313E+08    0.4826716E+08
  48     -0.286384E+08   -0.8793558E+08    0.4356453E+08
  49      0.112524E+09   -0.1114609E+09    0.3880230E+08
  50      0.248599E+09   -0.1263668E+09    0.2539972E+08
  51      0.373390E+09   -0.1405634E+09    0.1215380E+08
  52      0.488666E+09   -0.1418407E+09   -0.8081141E+07
  53      0.590504E+09   -0.1434275E+09   -0.3193478E+08
  54      0.630582E+09   -0.1323408E+09   -0.3936018E+08
  55      0.603687E+09   -0.1198878E+09   -0.4155184E+08
  56      0.537037E+09   -0.1014498E+09   -0.4058695E+08
  57      0.425423E+09   -0.8348568E+08   -0.4217291E+08
  58      0.261180E+09   -0.6262353E+08   -0.3634999E+08
  59      0.455673E+08   -0.4202300E+08   -0.2848987E+08
  60     -0.233029E+09   -0.2551938E+08   -0.1493329E+08
  61     -0.567481E+09   -0.8529425E+07    0.4714679E+06
  62     -0.963926E+09   -0.2859691E+07    0.8169488E+07
  63     -0.140565E+10    0.2184412E+07    0.1309601E+08
  64     -0.705063E+09    0.2902277E+07    0.3615466E+07
  65     -0.596062E+09   -0.8074292E+07    0.2987102E+08
  66     -0.465414E+09   -0.1996394E+08    0.5618047E+08
  67     -0.323565E+09   -0.4397503E+08    0.6535958E+08
  68     -0.173511E+09   -0.6785917E+08    0.7425616E+08
  69     -0.219391E+08   -0.9241296E+08    0.6727850E+08
  70      0.125907E+09   -0.1166264E+09    0.6022209E+08
  71      0.267578E+09   -0.1328266E+09    0.4105226E+08
  72      0.397123E+09   -0.1486291E+09    0.2152088E+08
  73      0.515944E+09   -0.1507155E+09   -0.5348263E+07
  74      0.615225E+09   -0.1520159E+09   -0.3296126E+08
  75      0.638091E+09   -0.1471343E+09   -0.4375704E+08
  76      0.608689E+09   -0.1431153E+09   -0.5231868E+08
  77      0.541924E+09   -0.1271534E+09   -0.5679643E+08
  78      0.427114E+09   -0.1105630E+09   -0.6243336E+08
  79      0.256047E+09   -0.8811940E+08   -0.5849920E+08
  80      0.330707E+08   -0.6446216E+08   -0.5355223E+08
  81     -0.249462E+09   -0.4141057E+08   -0.3684402E+08
  82     -0.585219E+09   -0.1942626E+08   -0.1807769E+08
  83     -0.979051E+09   -0.8561384E+07   -0.3141256E+07
  84     -0.138085E+10    0.2029244E+07    0.9312449E+07
  85     -0.738329E+09    0.3801911E+07    0.5022193E+07
  86     -0.622270E+09   -0.7680584E+07    0.4062986E+08
  87     -0.483222E+09   -0.2052886E+08    0.7626165E+08
  88     -0.332786E+09   -0.4664978E+08    0.8851611E+08
  89     -0.174390E+09   -0.7221602E+08    0.1004047E+09
  90     -0.152347E+08   -0.9810362E+08    0.9118089E+08
  91      0.139311E+09   -0.1235279E+09    0.8187281E+08
  92      0.286623E+09   -0.1411284E+09    0.5695807E+08
  93      0.421038E+09   -0.1581573E+09    0.3107314E+08
  94      0.543447E+09   -0.1636259E+09   -0.3154798E+07
  95      0.636364E+09   -0.1696624E+09   -0.3482894E+08
  96      0.645812E+09   -0.1678134E+09   -0.4795204E+08
  97      0.615182E+09   -0.1648182E+09   -0.6280218E+08
  98      0.547632E+09   -0.1475638E+09   -0.7367959E+08
  99      0.427832E+09   -0.1297561E+09   -0.8352005E+08
 100      0.251388E+09   -0.1069709E+09   -0.7998700E+08
 101      0.217527E+08   -0.8610534E+08   -0.7698553E+08
 102     -0.266219E+09   -0.6177468E+08   -0.5850465E+08
 103     -0.603809E+09   -0.3389815E+08   -0.3721057E+08
 104     -0.992462E+09   -0.1359675E+08   -0.1509276E+08
 105     -0.136347E+10    0.4171675E+07    0.4595722E+07
 106     -0.798734E+09    0.3244333E+07    0.7086711E+07
 107     -0.668439E+09   -0.9681172E+07    0.5317615E+08
 108     -0.513753E+09   -0.2375148E+08    0.9917290E+08
 109     -0.347946E+09   -0.5045721E+08    0.1140201E+09
 110     -0.175446E+09   -0.7677557E+08    0.1284136E+09
 111     -0.398906E+07   -0.1027841E+09    0.1164747E+09
 112      0.160655E+09   -0.1282274E+09    0.1044733E+09
 113      0.315898E+09   -0.1460927E+09    0.7467819E+08
 114      0.456729E+09   -0.1635970E+09    0.4403297E+08
 115      0.583249E+09   -0.1718503E+09    0.5164800E+07
 116      0.658056E+09   -0.1803050E+09   -0.3057716E+08
 117      0.666937E+09   -0.1770929E+09   -0.5058849E+08
 118      0.636624E+09   -0.1732402E+09   -0.7287032E+08
 119      0.562875E+09   -0.1583098E+09   -0.8864094E+08
 120      0.435720E+09   -0.1439785E+09   -0.1037213E+09
 121      0.252411E+09   -0.1187805E+09   -0.1049063E+09
 122      0.137859E+08   -0.9198702E+08   -0.1059512E+09
 123     -0.284029E+09   -0.6086162E+08   -0.8810556E+08
 124     -0.634110E+09   -0.2869525E+08   -0.6851530E+08
 125     -0.102503E+10   -0.1082784E+08   -0.3246354E+08
 126     -0.139801E+10    0.4904555E+07    0.2091425E+07
 127     -0.859013E+09    0.4257909E+07    0.9174107E+07
 128     -0.714595E+09   -0.9360877E+07    0.6584483E+08
 129     -0.544326E+09   -0.2470205E+08    0.1222867E+09
 130     -0.363193E+09   -0.5316281E+08    0.1397398E+09
 131     -0.176576E+09   -0.8066857E+08    0.1566740E+09
 132      0.720380E+07   -0.1063540E+09    0.1420160E+09
 133      0.181940E+09   -0.1313030E+09    0.1272839E+09
 134      0.345089E+09   -0.1479581E+09    0.9265184E+08
 135      0.492066E+09   -0.1639838E+09    0.5756642E+08
 136      0.623354E+09   -0.1735635E+09    0.1422824E+08
 137      0.681374E+09   -0.1842941E+09   -0.2643790E+08
 138      0.688613E+09   -0.1832601E+09   -0.5397490E+08
 139      0.657434E+09   -0.1810946E+09   -0.8313713E+08
 140      0.577575E+09   -0.1680027E+09   -0.1033409E+09
 141      0.444565E+09   -0.1553064E+09   -0.1234829E+09
 142      0.254509E+09   -0.1280683E+09   -0.1314802E+09
 143      0.457641E+07   -0.9928940E+08   -0.1380297E+09
 144     -0.301456E+09   -0.6791015E+08   -0.1179304E+09
 145     -0.663041E+09   -0.3507366E+08   -0.9875637E+08
 146     -0.106043E+10   -0.1322656E+08   -0.4905283E+08
 147     -0.142824E+10    0.6004959E+07    0.9418429E+06
 148     -0.952028E+09    0.3410962E+07    0.1236145E+08
 149     -0.782767E+09   -0.1156962E+08    0.8029070E+08
 150     -0.587203E+09   -0.2805379E+08    0.1476987E+09
 151     -0.382477E+09   -0.5577341E+08    0.1659492E+09
 152     -0.175675E+09   -0.8267686E+08    0.1836464E+09
 153      0.246186E+08   -0.1058704E+09    0.1647392E+09
 154      0.211700E+09   -0.1283617E+09    0.1459330E+09
 155      0.383543E+09   -0.1415895E+09    0.1063217E+09
 156      0.536005E+09   -0.1538237E+09    0.6621612E+08
 157      0.667020E+09   -0.1599618E+09    0.2219722E+08
 158      0.717047E+09   -0.1677646E+09   -0.1910924E+08
 159      0.724051E+09   -0.1700018E+09   -0.5316757E+08
 160      0.690079E+09   -0.1714421E+09   -0.8861874E+08
 161      0.603963E+09   -0.1582975E+09   -0.1157912E+09
 162      0.465473E+09   -0.1443264E+09   -0.1427811E+09
 163      0.267924E+09   -0.1215139E+09   -0.1550516E+09
 164      0.944774E+06   -0.9885608E+08   -0.1671399E+09
 165     -0.319798E+09   -0.6815070E+08   -0.1483923E+09
 166     -0.700095E+09   -0.3592908E+08   -0.1299702E+09
 167     -0.112241E+10   -0.1544474E+08   -0.6827403E+08
 168     -0.151505E+10    0.3259259E+07   -0.5608560E+07
 169     -0.104500E+10    0.4364026E+07    0.1566184E+08
 170     -0.851068E+09   -0.1119843E+08    0.9496562E+08
 171     -0.630305E+09   -0.2893511E+08    0.1734460E+09
 172     -0.401998E+09   -0.5641205E+08    0.1925318E+09
 173     -0.174929E+09   -0.8227540E+08    0.2110597E+09
 174      0.420393E+08   -0.1011485E+09    0.1878662E+09
 175      0.241638E+09   -0.1191097E+09    0.1649718E+09
 176      0.422377E+09   -0.1271140E+09    0.1201423E+09
 177      0.580623E+09   -0.1344864E+09    0.7464708E+08
 178      0.709981E+09   -0.1376606E+09    0.2968152E+08
 179      0.752941E+09   -0.1420585E+09   -0.1232854E+08
 180      0.760609E+09   -0.1417875E+09   -0.5262168E+08
 181      0.723883E+09   -0.1416059E+09   -0.9388635E+08
 182      0.631446E+09   -0.1368732E+09   -0.1282734E+09
 183      0.486430E+09   -0.1313598E+09   -0.1627548E+09
 184      0.279885E+09   -0.1117396E+09   -0.1783516E+09
 185     -0.107499E+07   -0.9229388E+08   -0.1950989E+09
 186     -0.338240E+09   -0.6494063E+08   -0.1791588E+09
 187     -0.738507E+09   -0.3321964E+08   -0.1627664E+09
 188     -0.118337E+10   -0.1081377E+08   -0.8754962E+08
 189     -0.160737E+10    0.7404598E+07   -0.1067321E+08
 190     -0.117625E+10    0.2923365E+07    0.2076541E+08
 191     -0.941412E+09   -0.1319946E+08    0.1103509E+09
 192     -0.682052E+09   -0.3131382E+08    0.1984878E+09
 193     -0.420102E+09   -0.5457190E+08    0.2139595E+09
 194     -0.167018E+09   -0.7619050E+08    0.2289793E+09
 195      0.690710E+08   -0.8724590E+08    0.1991091E+09
 196      0.281059E+09   -0.9725431E+08    0.1699586E+09
 197      0.468981E+09   -0.9765744E+08    0.1217671E+09
 198      0.630991E+09   -0.9798683E+08    0.7343136E+08
 199      0.751023E+09   -0.9652756E+08    0.2951524E+08
 200      0.795002E+09   -0.9545748E+08   -0.1211530E+08
 201      0.801613E+09   -0.9631667E+08   -0.5156124E+08
 202      0.763680E+09   -0.9824222E+08   -0.9111315E+08
 203      0.670639E+09   -0.9786132E+08   -0.1286785E+09
 204      0.518550E+09   -0.9749796E+08   -0.1667787E+09
 205      0.302572E+09   -0.8747144E+08   -0.1899335E+09
 206      0.939086E+07   -0.7545348E+08   -0.2144248E+09
 207     -0.351439E+09   -0.5192752E+08   -0.2018483E+09
 208     -0.785299E+09   -0.2780820E+08   -0.1893872E+09
 209     -0.126864E+10   -0.1172177E+08   -0.1027580E+09
 210     -0.175605E+10    0.2779162E+07   -0.1355977E+08
 211     -0.130754E+10    0.3559973E+07    0.2618674E+08
 212     -0.103217E+10   -0.1271774E+08    0.1261794E+09
 213     -0.734476E+09   -0.3156003E+08    0.2241483E+09
 214     -0.438734E+09   -0.4949858E+08    0.2360995E+09
 215     -0.159471E+09   -0.6466329E+08    0.2477224E+09
 216      0.961891E+08   -0.6320904E+08    0.2111041E+09
 217      0.320751E+09   -0.6065390E+08    0.1756310E+09
 218      0.516099E+09   -0.4887439E+08    0.1239898E+09
 219      0.681854E+09   -0.3714774E+08    0.7256221E+08
 220      0.793313E+09   -0.2961922E+08    0.2947391E+08
 221      0.838469E+09   -0.2387760E+08   -0.1140805E+08
 222      0.842435E+09   -0.2805326E+08   -0.5027579E+08
 223      0.804031E+09   -0.3186872E+08   -0.8923686E+08
 224      0.710104E+09   -0.4137040E+08   -0.1296897E+09
 225      0.550917E+09   -0.5206708E+08   -0.1712251E+09
 226      0.326908E+09   -0.5199623E+08   -0.2027931E+09
 227      0.180065E+08   -0.5121987E+08   -0.2349139E+09
 228     -0.365129E+09   -0.3875126E+08   -0.2250357E+09
 229     -0.834307E+09   -0.2216829E+08   -0.2155226E+09
 230     -0.135419E+10   -0.7094147E+07   -0.1176036E+09
 231     -0.190541E+10    0.4580198E+07   -0.1696411E+08
 232     -0.148062E+10    0.7701045E+06    0.3472652E+08
 233     -0.113941E+10   -0.1366187E+08    0.1398063E+09
 234     -0.784491E+09   -0.3075772E+08    0.2414890E+09
 235     -0.443809E+09   -0.3695816E+08    0.2404317E+09
 236     -0.135269E+09   -0.3993836E+08    0.2396731E+09
 237      0.137061E+09   -0.2041371E+08    0.1935693E+09
 238      0.368502E+09    0.2609972E+06    0.1496733E+09
 239      0.563969E+09    0.2777791E+08    0.9961335E+08
 240      0.727860E+09    0.5488983E+08    0.5014215E+08
 241      0.824230E+09    0.6962979E+08    0.1717811E+08
 242      0.869974E+09    0.8295121E+08   -0.1283767E+08
 243      0.873889E+09    0.7513227E+08   -0.4205420E+08
 244      0.839194E+09    0.6585927E+08   -0.7183263E+08
 245      0.748995E+09    0.4412928E+08   -0.1088523E+09
 246      0.594059E+09    0.2257615E+08   -0.1481254E+09
 247      0.364094E+09    0.2727773E+07   -0.1852057E+09
 248      0.411628E+08   -0.1677647E+08   -0.2232423E+09
 249     -0.364698E+09   -0.1864590E+08   -0.2247153E+09
 250     -0.878684E+09   -0.1722295E+08   -0.2277674E+09
 251     -0.145783E+10   -0.6543443E+07   -0.1259868E+09
 252     -0.208776E+10    0.1616038E+07   -0.1926130E+08
 253     -0.165396E+10    0.1284607E+07    0.4408282E+08
 254     -0.124780E+10   -0.1297613E+08    0.1543325E+09
 255     -0.836634E+09   -0.2924401E+08    0.2602253E+09
 256     -0.449691E+09   -0.1841576E+08    0.2462527E+09
 257     -0.111792E+09   -0.3032859E+07    0.2331455E+09
 258      0.178752E+09    0.4425077E+08    0.1771470E+09
 259      0.417004E+09    0.9182656E+08    0.1241244E+09
 260      0.612722E+09    0.1422927E+09    0.7529449E+08
 261      0.775884E+09    0.1915079E+09    0.2769383E+08
 262      0.855500E+09    0.2133272E+09    0.5304314E+07
 263      0.900963E+09    0.2327455E+09   -0.1401117E+08
 264      0.906505E+09    0.2202777E+09   -0.3375797E+08
 265      0.874906E+09    0.2077157E+09   -0.5431620E+08
 266      0.789354E+09    0.1689989E+09   -0.8838685E+08
 267      0.638683E+09    0.1278128E+09   -0.1248598E+09
 268      0.400732E+09    0.7854024E+08   -0.1669718E+09
 269      0.658242E+08    0.2957215E+08   -0.2124882E+09
 270     -0.365738E+09    0.8046086E+07   -0.2259496E+09
 271     -0.923438E+09   -0.1066978E+08   -0.2398638E+09
 272     -0.156395E+10   -0.5810606E+07   -0.1351469E+09
 273     -0.226833E+10   -0.1308916E+07   -0.2453945E+08
 274     -0.186801E+10   -0.5890999E+07    0.5923545E+08
 275     -0.135409E+10   -0.1089332E+08    0.1597302E+09
 276     -0.858534E+09   -0.1958780E+08    0.2522552E+09
 277     -0.418758E+09    0.1898124E+08    0.2071060E+09
 278     -0.574222E+08    0.6398895E+08    0.1657110E+09
 279      0.234369E+09    0.1461660E+09    0.1011973E+09
 280      0.464690E+09    0.2284564E+09    0.4163977E+08
 281      0.646409E+09    0.3030503E+09    0.6383652E+07
 282      0.788963E+09    0.3756936E+09   -0.2469984E+08
 283      0.853595E+09    0.4050014E+09   -0.2101383E+08
 284      0.899360E+09    0.4330711E+09   -0.1774981E+08
 285      0.906063E+09    0.4147141E+09   -0.1436103E+08
 286      0.883751E+09    0.3947071E+09   -0.1106249E+08
 287      0.809654E+09    0.3323699E+09   -0.2767692E+08
 288      0.673297E+09    0.2681257E+09   -0.4555069E+08
 289      0.445562E+09    0.1876027E+09   -0.8943245E+08
 290      0.118860E+09    0.1067765E+09   -0.1388346E+09
 291     -0.332181E+09    0.5241469E+08   -0.1770449E+09
 292     -0.938309E+09    0.4239016E+07   -0.2183568E+09
 293     -0.165843E+10    0.1069882E+07   -0.1305461E+09
 294     -0.248047E+10   -0.5172415E+07   -0.3382427E+08
 295     -0.208451E+10   -0.2540820E+06    0.7743621E+08
 296     -0.146335E+10   -0.8791240E+07    0.1672459E+09
 297     -0.888576E+09   -0.1230193E+08    0.2484966E+09
 298     -0.386482E+09    0.7273206E+08    0.1714420E+09
 299     -0.382157E+07    0.1622001E+09    0.9955575E+08
 300      0.293196E+09    0.2976963E+09    0.2582013E+08
 301      0.513636E+09    0.4284328E+09   -0.4182532E+08
 302      0.682852E+09    0.5310765E+09   -0.6272341E+08
 303      0.799129E+09    0.6289692E+09   -0.7707891E+08
 304      0.851689E+09    0.6671800E+09   -0.4721339E+08
 305      0.898819E+09    0.7046212E+09   -0.2066021E+08
 306      0.905114E+09    0.6766597E+09    0.6688143E+07
 307      0.894150E+09    0.6487375E+09    0.3379503E+08
 308      0.830768E+09    0.5619977E+09    0.3454990E+08
 309      0.708060E+09    0.4703175E+09    0.3588486E+08
 310      0.495143E+09    0.3433369E+09   -0.1246410E+08
 311      0.170467E+09    0.2137824E+09   -0.6766757E+08
 312     -0.297123E+09    0.1172084E+09   -0.1309966E+09
 313     -0.959814E+09    0.2130815E+08   -0.2006371E+09
 314     -0.175679E+10    0.6484964E+07   -0.1276032E+09
 315     -0.269415E+10   -0.1914403E+07   -0.4300965E+08
 316     -0.233043E+10   -0.2841594E+08    0.1053253E+09
 317     -0.151933E+10    0.2485630E+07    0.1460568E+09
 318     -0.818317E+09    0.2801291E+08    0.1657985E+09
 319     -0.285636E+09    0.1756423E+09    0.2987669E+08
 320      0.883081E+08    0.3346984E+09   -0.8640828E+08
 321      0.344656E+09    0.5240732E+09   -0.1492545E+09
 322      0.530421E+09    0.7105622E+09   -0.2034205E+09
 323      0.661994E+09    0.8377201E+09   -0.1814078E+09
 324      0.746418E+09    0.9589826E+09   -0.1550491E+09
 325      0.790692E+09    0.1001184E+10   -0.8899331E+08
 326      0.832882E+09    0.1045252E+10   -0.2466035E+08
 327      0.841763E+09    0.1011633E+10    0.4249732E+08
 328      0.842814E+09    0.9775222E+09    0.1098380E+09
 329      0.795606E+09    0.8617824E+09    0.1496550E+09
 330      0.704321E+09    0.7440130E+09    0.1895486E+09
 331      0.530210E+09    0.5672747E+09    0.1604463E+09
 332      0.249050E+09    0.3845468E+09    0.1235072E+09
 333     -0.201437E+09    0.2172236E+09    0.2232582E+08
 334     -0.875936E+09    0.6033034E+08   -0.9781236E+08
 335     -0.178861E+10    0.1826440E+08   -0.9112081E+08
 336     -0.290839E+10   -0.2670074E+08   -0.6122501E+08
 337     -0.260892E+10    0.2689389E+08    0.1583165E+09
 338     -0.157827E+10    0.1985481E+08    0.1327878E+09
 339     -0.780294E+09    0.6346028E+08    0.9485342E+08
 340     -0.163069E+09    0.3473888E+09   -0.1045132E+09
 341      0.185997E+09    0.6028858E+09   -0.2848605E+09
 342      0.400713E+09    0.8653814E+09   -0.3303928E+09
 343      0.548746E+09    0.1106294E+10   -0.3688120E+09
 344      0.636258E+09    0.1248524E+10   -0.3013936E+09
 345      0.694512E+09    0.1388587E+10   -0.2329781E+09
 346      0.728634E+09    0.1438097E+10   -0.1299622E+09
 347      0.764578E+09    0.1489457E+10   -0.2736625E+08
 348      0.777699E+09    0.1450321E+10    0.8044924E+08
 349      0.788760E+09    0.1412031E+10    0.1898034E+09
 350      0.760847E+09    0.1277830E+10    0.2691309E+09
 351      0.704171E+09    0.1142881E+10    0.3481420E+09
 352      0.568653E+09    0.9082392E+09    0.3405936E+09
 353      0.334305E+09    0.6542240E+09    0.3276210E+09
 354     -0.853361E+08    0.3957530E+09    0.1694308E+09
 355     -0.820282E+09    0.1116388E+09   -0.7092894E+07
 356     -0.182354E+10    0.4307947E+08   -0.6168824E+08
 357     -0.315812E+10    0.1944667E+08   -0.9773654E+08
 358     -0.283191E+10   -0.1243081E+09    0.1862012E+09
 359     -0.143674E+10    0.7364798E+08    0.5297051E+07
 360     -0.478534E+09    0.2645705E+09   -0.2309097E+09
 361     -0.571393E+07    0.6643962E+09   -0.4748350E+09
 362      0.241511E+09    0.1072687E+10   -0.6336341E+09
 363      0.373311E+09    0.1354387E+10   -0.5977173E+09
 364      0.468963E+09    0.1627151E+10   -0.5660220E+09
 365      0.517312E+09    0.1770938E+10   -0.4447995E+09
 366      0.560813E+09    0.1918594E+10   -0.3267725E+09
 367      0.583573E+09    0.1968865E+10   -0.1787415E+09
 368      0.612520E+09    0.2021571E+10   -0.3143892E+08
 369      0.626722E+09    0.1981520E+10    0.1229600E+09
 370      0.639778E+09    0.1944863E+10    0.2788744E+09
 371      0.629746E+09    0.1801472E+10    0.4161829E+09
 372      0.603409E+09    0.1658126E+10    0.5565277E+09
 373      0.516927E+09    0.1381119E+10    0.6182635E+09
 374      0.369163E+09    0.1096836E+10    0.6858440E+09
 375      0.644984E+08    0.6935741E+09    0.5491212E+09
 376     -0.516472E+09    0.2951305E+09    0.3381172E+09
 377     -0.163377E+10    0.9413579E+08    0.8620154E+08
 378     -0.330350E+10   -0.1076682E+09   -0.1084394E+09
 379     -0.368820E+10    0.2654845E+09    0.6398564E+09
 380     -0.113075E+10    0.2892834E+09   -0.4579100E+08
 381     -0.122665E+09    0.5639604E+09   -0.7402361E+09
 382      0.144892E+09    0.1319317E+10   -0.9043059E+09
 383      0.293876E+09    0.1815074E+10   -0.9949760E+09
 384      0.332387E+09    0.2064196E+10   -0.8743017E+09
 385      0.379692E+09    0.2320923E+10   -0.7625584E+09
 386      0.394673E+09    0.2443908E+10   -0.5883501E+09
 387      0.422573E+09    0.2575872E+10   -0.4186200E+09
 388      0.434395E+09    0.2620380E+10   -0.2249649E+09
 389      0.459379E+09    0.2669555E+10   -0.3295294E+08
 390      0.472331E+09    0.2637181E+10    0.1685305E+09
 391      0.489440E+09    0.2607997E+10    0.3715627E+09
 392      0.492933E+09    0.2478744E+10    0.5689043E+09
 393      0.497404E+09    0.2357710E+10    0.7703545E+09
 394      0.457733E+09    0.2086712E+10    0.9111862E+09
 395      0.406021E+09    0.1819750E+10    0.1063820E+10
 396      0.214657E+09    0.1308735E+10    0.9889580E+09
 397     -0.147341E+09    0.5780662E+09    0.8360658E+09
 398     -0.130098E+10    0.2933409E+09    0.1606255E+09
 399     -0.405425E+10    0.2190043E+09   -0.4651031E+09
 400     -0.283368E+10   -0.4585078E+09   -0.1531258E+09
 401     -0.414760E+09    0.8367444E+09   -0.9136679E+09
 402     -0.103028E+09    0.2061622E+10   -0.1466907E+10
 403      0.898105E+08    0.2426298E+10   -0.1302402E+10
 404      0.139474E+09    0.2822568E+10   -0.1225913E+10
 405      0.161623E+09    0.2976689E+10   -0.1047707E+10
 406      0.183800E+09    0.3149942E+10   -0.8784624E+09
 407      0.193823E+09    0.3235102E+10   -0.6768097E+09
 408      0.209475E+09    0.3326890E+10   -0.4769176E+09
 409      0.216274E+09    0.3362388E+10   -0.2587874E+09
 410      0.233108E+09    0.3402666E+10   -0.4111652E+08
 411      0.239349E+09    0.3383848E+10    0.1921307E+09
 412      0.251386E+09    0.3368880E+10    0.4259330E+09
 413      0.253351E+09    0.3280657E+10    0.6658745E+09
 414      0.259571E+09    0.3198731E+10    0.9087447E+09
 415      0.243134E+09    0.2996810E+10    0.1128834E+10
 416      0.217305E+09    0.2808948E+10    0.1359790E+10
 417      0.149049E+09    0.2363488E+10    0.1459335E+10
 418     -0.829340E+08    0.1915000E+10    0.1650883E+10
 419     -0.489926E+09    0.7671976E+09    0.1018321E+10
 420     -0.302148E+10   -0.4024241E+09    0.2454286E+09
 421     -0.132455E+10    0.4546902E+10   -0.1061322E+10
 422      0.124150E+09    0.4422027E+10   -0.1728754E+10
 423     -0.874465E+08    0.4249384E+10   -0.2025884E+10
 424      0.179771E+08    0.4124526E+10   -0.1632131E+10
 425     -0.147012E+08    0.4078955E+10   -0.1424640E+10
 426     -0.376373E+07    0.4079540E+10   -0.1197858E+10
 427     -0.552339E+07    0.4093660E+10   -0.9830021E+09
 428     -0.174310E+07    0.4124288E+10   -0.7560476E+09
 429      0.151093E+07    0.4160138E+10   -0.5296536E+09
 430      0.368730E+07    0.4189923E+10   -0.2888720E+09
 431      0.104170E+08    0.4222126E+10   -0.4692991E+08
 432      0.115700E+08    0.4229573E+10    0.2163751E+09
 433      0.172752E+08    0.4240022E+10    0.4789797E+09
 434      0.195307E+08    0.4213284E+10    0.7588499E+09
 435      0.252620E+08    0.4190912E+10    0.1041861E+10
 436      0.314953E+08    0.4129665E+10    0.1331466E+10
 437      0.252134E+08    0.4080525E+10    0.1633143E+10
 438      0.656238E+08    0.3994019E+10    0.1883996E+10
 439     -0.386365E+08    0.3984369E+10    0.2339229E+10
 440      0.178792E+09    0.3848122E+10    0.1930728E+10
 441     -0.135212E+10    0.3640116E+10    0.1241405E+10
