   1     -0.428403E+09    0.8258426E+07    0.7587760E+06
   2     -0.433729E+09   -0.2141040E+08    0.2026083E+07
   3     -0.376792E+09   -0.5417274E+08    0.3255784E+07
   4     -0.274714E+09   -0.1135999E+09    0.3425729E+07
   5     -0.155946E+09   -0.1708236E+09    0.3032087E+07
   6     -0.229264E+08   -0.2271358E+09    0.2723337E+07
   7      0.100894E+09   -0.2838446E+09    0.3064375E+07
   8      0.225286E+09   -0.3288424E+09    0.2046690E+07
   9      0.324063E+09   -0.3727458E+09    0.1276996E+07
  10      0.411503E+09   -0.3932756E+09    0.5203734E+06
  11      0.462388E+09   -0.4129858E+09   -0.4246631E+06
  12      0.486647E+09   -0.4060128E+09   -0.6329933E+06
  13      0.467795E+09   -0.3993439E+09   -0.1021764E+07
  14      0.420933E+09   -0.3643625E+09   -0.1821754E+07
  15      0.313453E+09   -0.3287106E+09   -0.3192319E+07
  16      0.171645E+09   -0.2635552E+09   -0.4550396E+07
  17     -0.159056E+08   -0.1957829E+09   -0.5273765E+07
  18     -0.236362E+09   -0.1210742E+09   -0.4570311E+07
  19     -0.483153E+09   -0.4240709E+08   -0.4248481E+07
  20     -0.715116E+09   -0.1004539E+08    0.8817127E+06
  21     -0.928677E+09    0.1571795E+08    0.6328837E+07
  22     -0.463953E+09    0.6289601E+07    0.4695926E+07
  23     -0.453950E+09   -0.1718898E+08    0.2545561E+08
  24     -0.386648E+09   -0.4313702E+08    0.4510894E+08
  25     -0.279278E+09   -0.9044335E+08    0.4853993E+08
  26     -0.155446E+09   -0.1362113E+09    0.5259185E+08
  27     -0.217097E+08   -0.1851191E+09    0.5033049E+08
  28      0.108234E+09   -0.2338067E+09    0.4804877E+08
  29      0.233879E+09   -0.2711133E+09    0.3880513E+08
  30      0.335016E+09   -0.3076036E+09    0.2975583E+08
  31      0.422136E+09   -0.3257329E+09    0.1866236E+08
  32      0.474603E+09   -0.3442171E+09    0.7856680E+07
  33      0.499527E+09   -0.3406364E+09   -0.5098228E+07
  34      0.482530E+09   -0.3360673E+09   -0.1849359E+08
  35      0.432308E+09   -0.3071088E+09   -0.3095930E+08
  36      0.328466E+09   -0.2779328E+09   -0.4406670E+08
  37      0.181023E+09   -0.2282420E+09   -0.5457479E+08
  38     -0.113216E+08   -0.1770258E+09   -0.6442573E+08
  39     -0.239905E+09   -0.1194239E+09   -0.6117113E+08
  40     -0.495526E+09   -0.6061491E+08   -0.5802542E+08
  41     -0.745280E+09   -0.2561037E+08   -0.2993713E+08
  42     -0.959085E+09    0.6540432E+07   -0.1273021E+07
  43     -0.501871E+09    0.5854910E+07    0.7942371E+07
  44     -0.475643E+09   -0.1145147E+08    0.4860094E+08
  45     -0.396461E+09   -0.3088249E+08    0.8706044E+08
  46     -0.283616E+09   -0.7039060E+08    0.9374455E+08
  47     -0.154765E+09   -0.1089234E+09    0.1023048E+09
  48     -0.202029E+08   -0.1480463E+09    0.9759018E+08
  49      0.116798E+09   -0.1860422E+09    0.9238387E+08
  50      0.243088E+09   -0.2187866E+09    0.7549366E+08
  51      0.346930E+09   -0.2523390E+09    0.5861458E+08
  52      0.432892E+09   -0.2710191E+09    0.3710250E+08
  53      0.487581E+09   -0.2884537E+09    0.1615098E+08
  54      0.512965E+09   -0.2843844E+09   -0.9635557E+07
  55      0.498527E+09   -0.2805006E+09   -0.3608003E+08
  56      0.443757E+09   -0.2550096E+09   -0.6025235E+08
  57      0.344147E+09   -0.2288399E+09   -0.8450723E+08
  58      0.191204E+09   -0.1882617E+09   -0.1038267E+09
  59     -0.660893E+07   -0.1462648E+09   -0.1232486E+09
  60     -0.243940E+09   -0.9703991E+08   -0.1174027E+09
  61     -0.509173E+09   -0.4569288E+08   -0.1119395E+09
  62     -0.776182E+09   -0.1646361E+08   -0.6104326E+08
  63     -0.993003E+09    0.8981225E+07   -0.8578026E+07
  64     -0.583007E+09    0.3329306E+07    0.9295758E+07
  65     -0.528324E+09   -0.9296900E+07    0.6090428E+08
  66     -0.423554E+09   -0.2267953E+08    0.1104199E+09
  67     -0.297003E+09   -0.5175472E+08    0.1220631E+09
  68     -0.157549E+09   -0.8096969E+08    0.1352167E+09
  69     -0.143238E+08   -0.1140096E+09    0.1289602E+09
  70      0.130831E+09   -0.1466667E+09    0.1231671E+09
  71      0.263432E+09   -0.1745323E+09    0.1031513E+09
  72      0.375000E+09   -0.2022019E+09    0.8242076E+08
  73      0.462240E+09   -0.2172871E+09    0.5229663E+08
  74      0.520991E+09   -0.2320272E+09    0.2268909E+08
  75      0.548315E+09   -0.2299206E+09   -0.1202061E+08
  76      0.533779E+09   -0.2276479E+09   -0.4662903E+08
  77      0.477372E+09   -0.2088240E+09   -0.7986539E+08
  78      0.374543E+09   -0.1888810E+09   -0.1136013E+09
  79      0.215451E+09   -0.1537935E+09   -0.1370415E+09
  80      0.542364E+07   -0.1189896E+09   -0.1612039E+09
  81     -0.250936E+09   -0.8058291E+08   -0.1552166E+09
  82     -0.541328E+09   -0.3991874E+08   -0.1503551E+09
  83     -0.846118E+09   -0.1580989E+08   -0.8256006E+08
  84     -0.110966E+10    0.5578056E+07   -0.1196973E+08
  85     -0.662885E+09    0.3012409E+07    0.1111063E+08
  86     -0.580448E+09   -0.5827376E+07    0.7320064E+08
  87     -0.450521E+09   -0.1580162E+08    0.1330950E+09
  88     -0.310345E+09   -0.3639258E+08    0.1489867E+09
  89     -0.160245E+09   -0.5595069E+08    0.1662630E+09
  90     -0.851640E+07   -0.7928628E+08    0.1598610E+09
  91      0.143312E+09   -0.1026446E+09    0.1547878E+09
  92      0.283760E+09   -0.1290053E+09    0.1322345E+09
  93      0.403602E+09   -0.1568090E+09    0.1078498E+09
  94      0.492102E+09   -0.1726391E+09    0.6762744E+08
  95      0.553492E+09   -0.1857714E+09    0.2864660E+08
  96      0.583500E+09   -0.1838963E+09   -0.1386224E+08
  97      0.567572E+09   -0.1834308E+09   -0.5637157E+08
  98      0.512059E+09   -0.1662186E+09   -0.9946413E+08
  99      0.404686E+09   -0.1475979E+09   -0.1432817E+09
 100      0.238785E+09   -0.1201683E+09   -0.1707768E+09
 101      0.175379E+08   -0.9250268E+08   -0.1992710E+09
 102     -0.257072E+09   -0.5984385E+08   -0.1933321E+09
 103     -0.572552E+09   -0.2560334E+08   -0.1885303E+09
 104     -0.916974E+09   -0.8838098E+07   -0.1032416E+09
 105     -0.122469E+10    0.5516306E+07   -0.1465076E+08
 106     -0.766452E+09    0.1176034E+07    0.1237341E+08
 107     -0.646747E+09   -0.4880501E+07    0.7903471E+08
 108     -0.492358E+09   -0.1054544E+08    0.1441416E+09
 109     -0.332748E+09   -0.2721769E+08    0.1651645E+09
 110     -0.166943E+09   -0.4542742E+08    0.1868862E+09
 111     -0.216278E+07   -0.6754324E+08    0.1798649E+09
 112      0.157814E+09   -0.8834924E+08    0.1734681E+09
 113      0.307689E+09   -0.1039673E+09    0.1494965E+09
 114      0.438759E+09   -0.1203842E+09    0.1257126E+09
 115      0.539069E+09   -0.1338996E+09    0.8028425E+08
 116      0.601814E+09   -0.1469100E+09    0.3423765E+08
 117      0.632903E+09   -0.1450731E+09   -0.1541669E+08
 118      0.618473E+09   -0.1421101E+09   -0.6528014E+08
 119      0.560904E+09   -0.1276894E+09   -0.1133554E+09
 120      0.446396E+09   -0.1141749E+09   -0.1612363E+09
 121      0.270257E+09   -0.9169988E+08   -0.1926794E+09
 122      0.338157E+08   -0.6766316E+08   -0.2253828E+09
 123     -0.265632E+09   -0.4369366E+08   -0.2167418E+09
 124     -0.618983E+09   -0.2016896E+08   -0.2088092E+09
 125     -0.101337E+10   -0.8314534E+07   -0.1140831E+09
 126     -0.138673E+10    0.2775794E+07   -0.1611927E+08
 127     -0.868932E+09    0.3417392E+07    0.1267519E+08
 128     -0.710982E+09   -0.3138897E+07    0.8471493E+08
 129     -0.534745E+09   -0.1114080E+08    0.1561750E+09
 130     -0.355812E+09   -0.3277226E+08    0.1831209E+09
 131     -0.174176E+09   -0.5373300E+08    0.2096790E+09
 132      0.384568E+07   -0.7272566E+08    0.2009888E+09
 133      0.172729E+09   -0.9159539E+08    0.1922746E+09
 134      0.330570E+09   -0.9997823E+08    0.1647316E+09
 135      0.471145E+09   -0.1053975E+09    0.1395870E+09
 136      0.586395E+09   -0.1071017E+09    0.9268518E+08
 137      0.651927E+09   -0.1129433E+09    0.4218140E+08
 138      0.683126E+09   -0.1116567E+09   -0.1732442E+08
 139      0.670093E+09   -0.1081701E+09   -0.7497435E+08
 140      0.609053E+09   -0.9682586E+08   -0.1272855E+09
 141      0.487226E+09   -0.8494013E+08   -0.1793648E+09
 142      0.302331E+09   -0.7010117E+08   -0.2141775E+09
 143      0.501199E+08   -0.5536612E+08   -0.2514330E+09
 144     -0.274726E+09   -0.3406055E+08   -0.2408866E+09
 145     -0.666922E+09   -0.1175446E+08   -0.2295305E+09
 146     -0.110843E+10   -0.3523882E+07   -0.1248163E+09
 147     -0.154858E+10    0.3287166E+07   -0.1751277E+08
 148     -0.978979E+09    0.2713840E+07    0.1263276E+08
 149     -0.791472E+09   -0.7772419E+07    0.9395628E+08
 150     -0.589764E+09   -0.1951237E+08    0.1748993E+09
 151     -0.384352E+09   -0.3959771E+08    0.2021753E+09
 152     -0.180452E+09   -0.5905410E+08    0.2286271E+09
 153      0.154525E+08   -0.7385999E+08    0.2152771E+09
 154      0.197221E+09   -0.8816736E+08    0.2021528E+09
 155      0.363299E+09   -0.9192923E+08    0.1675782E+09
 156      0.508876E+09   -0.9473477E+08    0.1344966E+09
 157      0.633220E+09   -0.8866302E+08    0.8817212E+08
 158      0.713780E+09   -0.8293306E+08    0.3926761E+08
 159      0.742803E+09   -0.7857086E+08   -0.2133379E+08
 160      0.727825E+09   -0.7484444E+08   -0.7983301E+08
 161      0.664486E+09   -0.6831424E+08   -0.1342331E+09
 162      0.535142E+09   -0.6136138E+08   -0.1894416E+09
 163      0.339734E+09   -0.4757703E+08   -0.2262784E+09
 164      0.692256E+08   -0.3329905E+08   -0.2645518E+09
 165     -0.287789E+09   -0.2279497E+08   -0.2524816E+09
 166     -0.723420E+09   -0.1219038E+08   -0.2407434E+09
 167     -0.121741E+10   -0.4899346E+07   -0.1311189E+09
 168     -0.173702E+10    0.1832787E+07   -0.1775585E+08
 169     -0.108661E+10    0.3130257E+07    0.1422767E+08
 170     -0.873177E+09   -0.9343720E+07    0.1042675E+09
 171     -0.644442E+09   -0.2360509E+08    0.1938609E+09
 172     -0.412751E+09   -0.4303248E+08    0.2213093E+09
 173     -0.186629E+09   -0.6115557E+08    0.2478218E+09
 174      0.272039E+08   -0.7068763E+08    0.2299897E+09
 175      0.221946E+09   -0.7947499E+08    0.2124583E+09
 176      0.397096E+09   -0.7721249E+08    0.1717598E+09
 177      0.548648E+09   -0.7448462E+08    0.1320626E+09
 178      0.679094E+09   -0.6476825E+08    0.8349794E+08
 179      0.774622E+09   -0.5520958E+08    0.3396344E+08
 180      0.802178E+09   -0.4616334E+08   -0.2629495E+08
 181      0.786395E+09   -0.3744637E+08   -0.8575417E+08
 182      0.719723E+09   -0.3336151E+08   -0.1416060E+09
 183      0.585576E+09   -0.3030777E+08   -0.1992293E+09
 184      0.376540E+09   -0.2692853E+08   -0.2395877E+09
 185      0.871254E+08   -0.2182478E+08   -0.2792810E+09
 186     -0.301972E+09   -0.1288678E+08   -0.2639055E+09
 187     -0.777359E+09   -0.4115983E+07   -0.2513260E+09
 188     -0.132666E+10   -0.9476328E+06   -0.1375043E+09
 189     -0.192461E+10    0.1642957E+07   -0.1813062E+08
 190     -0.122227E+10    0.1966295E+07    0.2002736E+08
 191     -0.971532E+09   -0.1141583E+08    0.1171800E+09
 192     -0.703544E+09   -0.2660700E+08    0.2131385E+09
 193     -0.437362E+09   -0.4236485E+08    0.2352767E+09
 194     -0.184256E+09   -0.5656409E+08    0.2567608E+09
 195      0.495910E+08   -0.5795112E+08    0.2315219E+09
 196      0.257403E+09   -0.5844309E+08    0.2069754E+09
 197      0.440233E+09   -0.4783396E+08    0.1623134E+09
 198      0.596120E+09   -0.3714208E+08    0.1188050E+09
 199      0.727130E+09   -0.2225722E+08    0.6959700E+08
 200      0.828413E+09   -0.7141386E+07    0.2047036E+08
 201      0.856902E+09    0.4663945E+06   -0.3359502E+08
 202      0.842358E+09    0.6592039E+07   -0.8742595E+08
 203      0.773065E+09    0.4842421E+07   -0.1401345E+09
 204      0.637730E+09    0.3092337E+07   -0.1937686E+09
 205      0.417652E+09   -0.2521523E+07   -0.2346013E+09
 206      0.107969E+09   -0.8214180E+07   -0.2768636E+09
 207     -0.315029E+09   -0.6804802E+07   -0.2659898E+09
 208     -0.830347E+09   -0.3564439E+07   -0.2562900E+09
 209     -0.144531E+10   -0.6795546E+06   -0.1392069E+09
 210     -0.211947E+10    0.1004235E+07   -0.1731548E+08
 211     -0.135958E+10    0.2616885E+07    0.2576345E+08
 212     -0.106989E+10   -0.1128209E+08    0.1303851E+09
 213     -0.763255E+09   -0.2752660E+08    0.2331649E+09
 214     -0.462420E+09   -0.3823943E+08    0.2500926E+09
 215     -0.182205E+09   -0.4630168E+08    0.2666189E+09
 216      0.720814E+08   -0.3519784E+08    0.2338780E+09
 217      0.293089E+09   -0.2317000E+08    0.2022429E+09
 218      0.483805E+09   -0.1317770E+06    0.1533215E+09
 219      0.644042E+09    0.2263283E+08    0.1056545E+09
 220      0.776437E+09    0.4356460E+08    0.5600452E+08
 221      0.883348E+09    0.6485558E+08    0.6953760E+07
 222      0.911893E+09    0.7232333E+08   -0.4082975E+08
 223      0.897826E+09    0.7725544E+08   -0.8836919E+08
 224      0.827377E+09    0.6414072E+08   -0.1388194E+09
 225      0.687463E+09    0.5144756E+08   -0.1899165E+09
 226      0.458869E+09    0.3457507E+08   -0.2304778E+09
 227      0.129566E+09    0.1649408E+08   -0.2735913E+09
 228     -0.327357E+09    0.4996233E+07   -0.2681574E+09
 229     -0.887048E+09   -0.4099962E+07   -0.2620408E+09
 230     -0.156431E+10   -0.2278197E+07   -0.1418210E+09
 231     -0.231314E+10   -0.1063713E+07   -0.1815933E+08
 232     -0.153400E+10   -0.1391197E+05    0.3438487E+08
 233     -0.117917E+10   -0.1194336E+08    0.1416184E+09
 234     -0.816092E+09   -0.2643416E+08    0.2456054E+09
 235     -0.470672E+09   -0.2592273E+08    0.2478038E+09
 236     -0.161165E+09   -0.2221677E+08    0.2502923E+09
 237      0.110082E+09    0.6525943E+07    0.2071107E+09
 238      0.338351E+09    0.3636597E+08    0.1660792E+09
 239      0.529701E+09    0.7461891E+08    0.1180369E+09
 240      0.688748E+09    0.1123109E+09    0.7146591E+08
 241      0.818246E+09    0.1403854E+09    0.3021660E+08
 242      0.918179E+09    0.1678709E+09   -0.8878549E+07
 243      0.946075E+09    0.1681824E+09   -0.4070725E+08
 244      0.936644E+09    0.1669741E+09   -0.7362123E+08
 245      0.870420E+09    0.1424612E+09   -0.1145306E+09
 246      0.732183E+09    0.1166141E+09   -0.1569530E+09
 247      0.501028E+09    0.8283573E+08   -0.1985795E+09
 248      0.157021E+09    0.4972279E+08   -0.2417204E+09
 249     -0.323275E+09    0.2580750E+08   -0.2456425E+09
 250     -0.935791E+09    0.3591536E+07   -0.2513914E+09
 251     -0.167722E+10    0.1061513E+07   -0.1397104E+09
 252     -0.251874E+10   -0.2117299E+07   -0.2251237E+08
 253     -0.170869E+10    0.3878040E+06    0.4389004E+08
 254     -0.128969E+10   -0.1152382E+08    0.1537746E+09
 255     -0.870975E+09   -0.2523891E+08    0.2594061E+09
 256     -0.479670E+09   -0.7928729E+07    0.2469673E+09
 257     -0.140800E+09    0.1377535E+08    0.2354358E+09
 258      0.148824E+09    0.6977850E+08    0.1814342E+09
 259      0.384271E+09    0.1260395E+09    0.1304080E+09
 260      0.576353E+09    0.1864186E+09    0.8320248E+08
 261      0.734327E+09    0.2455410E+09    0.3754327E+08
 262      0.862186E+09    0.2803426E+09    0.4521233E+07
 263      0.951654E+09    0.3138738E+09   -0.2426435E+08
 264      0.980487E+09    0.3091038E+09   -0.3998743E+08
 265      0.976449E+09    0.3021690E+09   -0.5853863E+08
 266      0.913802E+09    0.2581600E+09   -0.9023821E+08
 267      0.778954E+09    0.2130504E+09   -0.1236591E+09
 268      0.543882E+09    0.1516867E+09   -0.1668066E+09
 269      0.183276E+09    0.8904616E+08   -0.2118062E+09
 270     -0.321164E+09    0.4691475E+08   -0.2252258E+09
 271     -0.983244E+09    0.7722080E+07   -0.2426186E+09
 272     -0.179209E+10    0.2461403E+07   -0.1381344E+09
 273     -0.272402E+10   -0.2466461E+07   -0.2579040E+08
 274     -0.191845E+10   -0.6642732E+07    0.5894492E+08
 275     -0.139325E+10   -0.9051557E+07    0.1567045E+09
 276     -0.892024E+09   -0.1497783E+08    0.2467210E+09
 277     -0.449128E+09    0.2949682E+08    0.2021163E+09
 278     -0.872654E+08    0.8013869E+08    0.1612592E+09
 279      0.203734E+09    0.1701965E+09    0.9753171E+08
 280      0.431142E+09    0.2602953E+09    0.3907835E+08
 281      0.609088E+09    0.3450255E+09    0.4163300E+07
 282      0.755226E+09    0.4294880E+09   -0.2928478E+08
 283      0.867911E+09    0.4717540E+09   -0.3316581E+08
 284      0.943174E+09    0.5097245E+09   -0.3336567E+08
 285      0.975924E+09    0.4930588E+09   -0.2444669E+08
 286      0.978723E+09    0.4770398E+09   -0.1702043E+08
 287      0.926761E+09    0.4136824E+09   -0.2677347E+08
 288      0.807802E+09    0.3475527E+09   -0.3808795E+08
 289      0.584413E+09    0.2545246E+09   -0.7710380E+08
 290      0.230440E+09    0.1600553E+09   -0.1207048E+09
 291     -0.286122E+09    0.8858970E+08   -0.1596637E+09
 292     -0.989659E+09    0.2229123E+08   -0.2035990E+09
 293     -0.187977E+10    0.7182955E+07   -0.1238380E+09
 294     -0.292742E+10   -0.9203809E+07   -0.3428595E+08
 295     -0.213172E+10   -0.1175779E+07    0.7698072E+08
 296     -0.149951E+10   -0.6530737E+07    0.1616228E+09
 297     -0.920887E+09   -0.6673388E+07    0.2380511E+09
 298     -0.417274E+09    0.8327669E+08    0.1606502E+09
 299     -0.346899E+08    0.1773538E+09    0.8831426E+08
 300      0.261852E+09    0.3192483E+09    0.1419043E+08
 301      0.479747E+09    0.4561523E+09   -0.5353664E+08
 302      0.644085E+09    0.5704609E+09   -0.7604447E+08
 303      0.776407E+09    0.6813247E+09   -0.9630171E+08
 304      0.870611E+09    0.7262528E+09   -0.6947684E+08
 305      0.936133E+09    0.7701153E+09   -0.4130733E+08
 306      0.972058E+09    0.7491908E+09   -0.7643027E+07
 307      0.981036E+09    0.7263220E+09    0.2645900E+08
 308      0.941043E+09    0.6346697E+09    0.3837626E+08
 309      0.837775E+09    0.5402484E+09    0.4897750E+08
 310      0.628227E+09    0.4063942E+09    0.1148568E+08
 311      0.277573E+09    0.2676967E+09   -0.3156136E+08
 312     -0.248685E+09    0.1516635E+09   -0.9636887E+08
 313     -0.100670E+10    0.3553530E+08   -0.1668941E+09
 314     -0.196866E+10    0.1067181E+08   -0.1113324E+09
 315     -0.313869E+10   -0.6007739E+07   -0.4585956E+08
 316     -0.236066E+10   -0.2843670E+08    0.1023286E+09
 317     -0.154986E+10    0.6434848E+07    0.1368600E+09
 318     -0.849429E+09    0.3606842E+08    0.1516465E+09
 319     -0.315708E+09    0.1866137E+09    0.1618220E+08
 320      0.596764E+08    0.3482666E+09   -0.1012640E+09
 321      0.314970E+09    0.5427562E+09   -0.1661051E+09
 322      0.498032E+09    0.7342491E+09   -0.2213044E+09
 323      0.628295E+09    0.8690239E+09   -0.2038762E+09
 324      0.732027E+09    0.9990003E+09   -0.1844840E+09
 325      0.805288E+09    0.1049638E+10   -0.1179997E+09
 326      0.866892E+09    0.1101452E+10   -0.5196473E+08
 327      0.899688E+09    0.1071250E+10    0.2361679E+08
 328      0.917545E+09    0.1041008E+10    0.9989041E+08
 329      0.893072E+09    0.9281533E+09    0.1526003E+09
 330      0.818398E+09    0.8125561E+09    0.2062309E+09
 331      0.647378E+09    0.6259813E+09    0.1928498E+09
 332      0.344901E+09    0.4335452E+09    0.1718226E+09
 333     -0.151940E+09    0.2529939E+09    0.7138324E+08
 334     -0.916370E+09    0.8199506E+08   -0.4881748E+08
 335     -0.197589E+10    0.2848864E+08   -0.6516375E+08
 336     -0.331894E+10   -0.2729137E+08   -0.5943412E+08
 337     -0.261913E+10    0.2681395E+08    0.1523482E+09
 338     -0.160241E+10    0.2130578E+08    0.1192434E+09
 339     -0.812097E+09    0.6616838E+08    0.7615498E+08
 340     -0.193249E+09    0.3515772E+09   -0.1211503E+09
 341      0.159232E+09    0.6085756E+09   -0.3025299E+09
 342      0.372417E+09    0.8731702E+09   -0.3515222E+09
 343      0.516331E+09    0.1116270E+10   -0.3919977E+09
 344      0.609588E+09    0.1267593E+10   -0.3325202E+09
 345      0.685717E+09    0.1417660E+10   -0.2735685E+09
 346      0.739699E+09    0.1476306E+10   -0.1672471E+09
 347      0.795911E+09    0.1536157E+10   -0.6136715E+08
 348      0.825821E+09    0.1503498E+10    0.5689874E+08
 349      0.853718E+09    0.1472263E+10    0.1761421E+09
 350      0.845039E+09    0.1335442E+10    0.2716261E+09
 351      0.800277E+09    0.1196969E+10    0.3699624E+09
 352      0.671182E+09    0.9565763E+09    0.3818403E+09
 353      0.418673E+09    0.6973499E+09    0.3875925E+09
 354     -0.353228E+08    0.4242788E+09    0.2329394E+09
 355     -0.849551E+09    0.1218046E+09    0.5793533E+08
 356     -0.199049E+10    0.4380266E+08   -0.2672723E+08
 357     -0.352591E+10    0.1406127E+08   -0.9344808E+08
 358     -0.281302E+10   -0.1219232E+09    0.1793308E+09
 359     -0.145852E+10    0.7121761E+08   -0.4191355E+07
 360     -0.508474E+09    0.2556489E+09   -0.2427967E+09
 361     -0.316685E+08    0.6507977E+09   -0.4900938E+09
 362      0.220152E+09    0.1056148E+10   -0.6537474E+09
 363      0.351623E+09    0.1345072E+10   -0.6248081E+09
 364      0.443053E+09    0.1626507E+10   -0.6004483E+09
 365      0.498695E+09    0.1782805E+10   -0.4863138E+09
 366      0.554078E+09    0.1940821E+10   -0.3754606E+09
 367      0.590464E+09    0.1998306E+10   -0.2244567E+09
 368      0.635786E+09    0.2059491E+10   -0.7336037E+08
 369      0.661933E+09    0.2024686E+10    0.9366888E+08
 370      0.691015E+09    0.1992660E+10    0.2617039E+09
 371      0.694270E+09    0.1850939E+10    0.4178621E+09
 372      0.675414E+09    0.1710568E+10    0.5783102E+09
 373      0.597713E+09    0.1431073E+10    0.6626990E+09
 374      0.437285E+09    0.1143619E+10    0.7526195E+09
 375      0.105796E+09    0.7291485E+09    0.6240518E+09
 376     -0.535072E+09    0.3166455E+09    0.4218596E+09
 377     -0.176240E+10    0.1018255E+09    0.1302535E+09
 378     -0.360795E+10   -0.1116781E+09   -0.1075746E+09
 379     -0.363954E+10    0.2666155E+09    0.6342794E+09
 380     -0.115444E+10    0.2803883E+09   -0.4638022E+08
 381     -0.147415E+09    0.5430889E+09   -0.7406361E+09
 382      0.125427E+09    0.1299073E+10   -0.9180826E+09
 383      0.280277E+09    0.1799225E+10   -0.1021029E+10
 384      0.318471E+09    0.2059109E+10   -0.9110061E+09
 385      0.363368E+09    0.2325129E+10   -0.8114964E+09
 386      0.381218E+09    0.2454173E+10   -0.6421763E+09
 387      0.418378E+09    0.2592062E+10   -0.4763521E+09
 388      0.437541E+09    0.2641866E+10   -0.2797550E+09
 389      0.471783E+09    0.2696075E+10   -0.8250418E+08
 390      0.494889E+09    0.2668438E+10    0.1340435E+09
 391      0.525978E+09    0.2646213E+10    0.3502282E+09
 392      0.537943E+09    0.2521920E+10    0.5691725E+09
 393      0.547737E+09    0.2403795E+10    0.7925128E+09
 394      0.515452E+09    0.2130991E+10    0.9595742E+09
 395      0.461158E+09    0.1863016E+10    0.1137546E+10
 396      0.246270E+09    0.1346093E+10    0.1073746E+10
 397     -0.158700E+09    0.6080839E+09    0.9367718E+09
 398     -0.138679E+10    0.3081023E+09    0.2156745E+09
 399     -0.430286E+10    0.2196146E+09   -0.4633848E+09
 400     -0.280343E+10   -0.4628519E+09   -0.1485037E+09
 401     -0.430193E+09    0.8303924E+09   -0.9128665E+09
 402     -0.114157E+09    0.2057251E+10   -0.1476263E+10
 403      0.814280E+08    0.2435738E+10   -0.1323424E+10
 404      0.134460E+09    0.2841764E+10   -0.1256163E+10
 405      0.155498E+09    0.2994408E+10   -0.1084476E+10
 406      0.177520E+09    0.3165197E+10   -0.9229349E+09
 407      0.185608E+09    0.3245633E+10   -0.7282303E+09
 408      0.207145E+09    0.3334571E+10   -0.5350079E+09
 409      0.217537E+09    0.3370760E+10   -0.3149097E+09
 410      0.236217E+09    0.3411480E+10   -0.9518154E+08
 411      0.250127E+09    0.3400586E+10    0.1499030E+09
 412      0.269704E+09    0.3393204E+10    0.3960140E+09
 413      0.275141E+09    0.3311070E+10    0.6591239E+09
 414      0.286046E+09    0.3236373E+10    0.9249502E+09
 415      0.271370E+09    0.3039077E+10    0.1173318E+10
 416      0.249133E+09    0.2855954E+10    0.1434610E+10
 417      0.164065E+09    0.2402013E+10    0.1550553E+10
 418     -0.900549E+08    0.1945166E+10    0.1761291E+10
 419     -0.533211E+09    0.7823125E+09    0.1085909E+10
 420     -0.315452E+10   -0.4040875E+09    0.2608673E+09
 421     -0.131620E+10    0.4537871E+10   -0.1051215E+10
 422      0.119908E+09    0.4460769E+10   -0.1729487E+10
 423     -0.876106E+08    0.4334478E+10   -0.2045126E+10
 424      0.189597E+08    0.4209182E+10   -0.1659374E+10
 425     -0.130095E+08    0.4160729E+10   -0.1456190E+10
 426     -0.291563E+07    0.4136550E+10   -0.1232257E+10
 427     -0.362323E+07    0.4128228E+10   -0.1021248E+10
 428     -0.320909E+07    0.4135880E+10   -0.8041451E+09
 429      0.127589E+07    0.4148767E+10   -0.5877637E+09
 430      0.309419E+07    0.4170804E+10   -0.3463211E+09
 431      0.658593E+07    0.4196211E+10   -0.1065307E+09
 432      0.108291E+08    0.4213270E+10    0.1655098E+09
 433      0.175904E+08    0.4234258E+10    0.4406127E+09
 434      0.187569E+08    0.4227029E+10    0.7444995E+09
 435      0.272589E+08    0.4223610E+10    0.1050772E+10
 436      0.315785E+08    0.4176362E+10    0.1371406E+10
 437      0.313289E+08    0.4142537E+10    0.1709124E+10
 438      0.654026E+08    0.4052753E+10    0.1982691E+10
 439     -0.396452E+08    0.4036954E+10    0.2460672E+10
 440      0.176106E+09    0.3884302E+10    0.2008169E+10
 441     -0.136336E+10    0.3660972E+10    0.1266055E+10
