   1      0.539142E+09    0.2151796E+07   -0.3504332E+07
   2      0.532785E+09    0.9357101E+07   -0.3589115E+07
   3      0.463388E+09    0.1782299E+08   -0.3105391E+07
   4      0.367890E+09   -0.2630740E+07   -0.8560906E+06
   5      0.248267E+09   -0.2613342E+08    0.7439219E+06
   6      0.102784E+09   -0.6823569E+08    0.9964021E+06
   7     -0.685223E+08   -0.1092477E+09    0.1747077E+07
   8     -0.268176E+09   -0.1586610E+09    0.3470904E+07
   9     -0.484780E+09   -0.2133746E+09    0.4364547E+07
  10     -0.725165E+09   -0.2282811E+09    0.1858158E+06
  11     -0.704768E+09   -0.2321925E+09   -0.2588551E+07
  12     -0.552397E+09   -0.2102833E+09   -0.6116010E+06
  13     -0.410378E+09   -0.1941186E+09    0.1358640E+06
  14     -0.274031E+09   -0.1683697E+09   -0.5949061E+04
  15     -0.144368E+09   -0.1416556E+09    0.8243753E+05
  16     -0.162236E+08   -0.1093332E+09    0.1028635E+06
  17      0.113518E+09   -0.7663641E+08    0.1042526E+06
  18      0.249145E+09   -0.4846451E+08    0.2148096E+06
  19      0.397680E+09   -0.2006600E+08   -0.4251620E+05
  20      0.560787E+09   -0.7160453E+07    0.6356833E+05
  21      0.778839E+09    0.4440254E+07    0.5923914E+06
  22      0.552223E+09    0.2603754E+07   -0.5638034E+07
  23      0.523256E+09   -0.3593199E+07    0.1725489E+07
  24      0.452945E+09   -0.9560362E+07    0.1036173E+08
  25      0.356783E+09   -0.3207933E+08    0.2245068E+08
  26      0.239183E+09   -0.5544259E+08    0.3377014E+08
  27      0.978760E+08   -0.9459632E+08    0.3920026E+08
  28     -0.695401E+08   -0.1356407E+09    0.4470638E+08
  29     -0.262182E+09   -0.1724897E+09    0.3921450E+08
  30     -0.470825E+09   -0.2081599E+09    0.3222114E+08
  31     -0.699525E+09   -0.2180593E+09    0.8932464E+07
  32     -0.700768E+09   -0.2254230E+09   -0.1130901E+08
  33     -0.546552E+09   -0.2098745E+09   -0.1481889E+08
  34     -0.404611E+09   -0.1954891E+09   -0.2079525E+08
  35     -0.269242E+09   -0.1692925E+09   -0.2587727E+08
  36     -0.141373E+09   -0.1428121E+09   -0.3079560E+08
  37     -0.155478E+08   -0.1105084E+09   -0.3162935E+08
  38      0.111445E+09   -0.7801484E+08   -0.3238155E+08
  39      0.244036E+09   -0.4958219E+08   -0.2741370E+08
  40      0.389691E+09   -0.2135177E+08   -0.2234159E+08
  41      0.550176E+09   -0.8798316E+07   -0.1177668E+08
  42      0.765480E+09    0.3016540E+07   -0.1278867E+07
  43      0.567504E+09    0.2465845E+07   -0.6325605E+07
  44      0.514422E+09   -0.8633795E+07    0.8044474E+07
  45      0.441956E+09   -0.2003205E+08    0.2480217E+08
  46      0.345335E+09   -0.4923864E+08    0.4638104E+08
  47      0.229206E+09   -0.7931601E+08    0.6646121E+08
  48      0.924311E+08   -0.1130944E+09    0.7609747E+08
  49     -0.709630E+08   -0.1456622E+09    0.8577440E+08
  50     -0.256399E+09   -0.1785886E+09    0.7466083E+08
  51     -0.456116E+09   -0.2150720E+09    0.6069287E+08
  52     -0.672284E+09   -0.2262994E+09    0.1727173E+08
  53     -0.697610E+09   -0.2319082E+09   -0.2066434E+08
  54     -0.541180E+09   -0.2156275E+09   -0.2905387E+08
  55     -0.399052E+09   -0.2015942E+09   -0.4158541E+08
  56     -0.264588E+09   -0.1749820E+09   -0.5173452E+08
  57     -0.138526E+09   -0.1478624E+09   -0.6164160E+08
  58     -0.149887E+08   -0.1143693E+09   -0.6330415E+08
  59      0.109249E+09   -0.8054197E+08   -0.6480837E+08
  60      0.238909E+09   -0.5076868E+08   -0.5492464E+08
  61      0.381665E+09   -0.2060703E+08   -0.4474675E+08
  62      0.539856E+09   -0.7233226E+07   -0.2345595E+08
  63      0.752187E+09    0.4667574E+07   -0.2398629E+07
  64      0.555879E+09    0.4128017E+07   -0.4100000E+07
  65      0.488500E+09   -0.8478995E+07    0.2168855E+08
  66      0.410670E+09   -0.2215851E+08    0.4960539E+08
  67      0.320195E+09   -0.5248050E+08    0.7647555E+08
  68      0.209923E+09   -0.8259841E+08    0.1018797E+09
  69      0.831625E+08   -0.1200469E+09    0.1111391E+09
  70     -0.686694E+08   -0.1585557E+09    0.1207250E+09
  71     -0.237561E+09   -0.1880164E+09    0.1026227E+09
  72     -0.418715E+09   -0.2155819E+09    0.8145090E+08
  73     -0.611415E+09   -0.2246320E+09    0.2626528E+08
  74     -0.677890E+09   -0.2339030E+09   -0.2355138E+08
  75     -0.520461E+09   -0.2220419E+09   -0.4127714E+08
  76     -0.380375E+09   -0.2094705E+09   -0.6282421E+08
  77     -0.249562E+09   -0.1820622E+09   -0.7846986E+08
  78     -0.129053E+09   -0.1546353E+09   -0.9402905E+08
  79     -0.125470E+08   -0.1202441E+09   -0.9701033E+08
  80      0.103280E+09   -0.8559886E+08   -0.9981062E+08
  81      0.223702E+09   -0.5452211E+08   -0.8502537E+08
  82      0.357076E+09   -0.2348023E+08   -0.6982746E+08
  83      0.506238E+09   -0.9424926E+07   -0.3639752E+08
  84      0.712925E+09    0.3626195E+07   -0.3246046E+07
  85      0.543081E+09    0.3587808E+07   -0.2932627E+07
  86      0.462014E+09   -0.1057514E+08    0.3442691E+08
  87      0.380465E+09   -0.2519719E+08    0.7315434E+08
  88      0.295215E+09   -0.5702450E+08    0.1059256E+09
  89      0.191733E+09   -0.8994364E+08    0.1379476E+09
  90      0.741068E+08   -0.1289845E+09    0.1477838E+09
  91     -0.654283E+08   -0.1668149E+09    0.1572807E+09
  92     -0.218072E+09   -0.1957000E+09    0.1306805E+09
  93     -0.381941E+09   -0.2260724E+09    0.1019715E+09
  94     -0.550954E+09   -0.2395932E+09    0.3550174E+08
  95     -0.661585E+09   -0.2505539E+09   -0.2624761E+08
  96     -0.498644E+09   -0.2355368E+09   -0.5367684E+08
  97     -0.361600E+09   -0.2210802E+09   -0.8435158E+08
  98     -0.234623E+09   -0.1929374E+09   -0.1053536E+09
  99     -0.119681E+09   -0.1644990E+09   -0.1265167E+09
 100     -0.102058E+08   -0.1282616E+09   -0.1308322E+09
 101      0.972066E+08   -0.9158545E+08   -0.1349032E+09
 102      0.208467E+09   -0.5813385E+08   -0.1152029E+09
 103      0.332394E+09   -0.2426055E+08   -0.9480647E+08
 104      0.472649E+09   -0.8920589E+07   -0.4932408E+08
 105      0.674407E+09    0.4832147E+07   -0.4357199E+07
 106      0.493928E+09    0.4598325E+07   -0.6091298E+06
 107      0.411057E+09   -0.1095849E+08    0.4985831E+08
 108      0.335812E+09   -0.2816379E+08    0.1012460E+09
 109      0.257687E+09   -0.6279088E+08    0.1388914E+09
 110      0.168776E+09   -0.9668851E+08    0.1763482E+09
 111      0.657164E+08   -0.1336006E+09    0.1846137E+09
 112     -0.515965E+08   -0.1706732E+09    0.1921709E+09
 113     -0.184883E+09   -0.2006183E+09    0.1594828E+09
 114     -0.328569E+09   -0.2296467E+09    0.1257935E+09
 115     -0.473100E+09   -0.2461579E+09    0.5139826E+08
 116     -0.597488E+09   -0.2628340E+09   -0.2610215E+08
 117     -0.462620E+09   -0.2473040E+09   -0.6898318E+08
 118     -0.328611E+09   -0.2311710E+09   -0.1070089E+09
 119     -0.207758E+09   -0.2029130E+09   -0.1332846E+09
 120     -0.102061E+09   -0.1743385E+09   -0.1610319E+09
 121     -0.453101E+07   -0.1369171E+09   -0.1676233E+09
 122      0.883142E+08   -0.9908363E+08   -0.1739495E+09
 123      0.183248E+09   -0.6389319E+08   -0.1494323E+09
 124      0.289856E+09   -0.2851128E+08   -0.1242749E+09
 125      0.412973E+09   -0.1134082E+08   -0.6503437E+08
 126      0.602730E+09    0.4437725E+07   -0.6104228E+07
 127      0.443463E+09    0.4015470E+07    0.1784697E+07
 128      0.360379E+09   -0.1136857E+08    0.6505360E+08
 129      0.291338E+09   -0.2724747E+08    0.1288243E+09
 130      0.220295E+09   -0.6270825E+08    0.1721239E+09
 131      0.145619E+09   -0.1000068E+09    0.2156803E+09
 132      0.580049E+08   -0.1414067E+09    0.2216957E+09
 133     -0.383423E+08   -0.1803970E+09    0.2272706E+09
 134     -0.152023E+09   -0.2090447E+09    0.1888063E+09
 135     -0.275182E+09   -0.2392660E+09    0.1500497E+09
 136     -0.396389E+09   -0.2538128E+09    0.6695355E+08
 137     -0.525021E+09   -0.2665715E+09   -0.2670624E+08
 138     -0.428774E+09   -0.2549095E+09   -0.8427462E+08
 139     -0.296027E+09   -0.2431810E+09   -0.1295495E+09
 140     -0.180822E+09   -0.2142050E+09   -0.1613176E+09
 141     -0.844625E+08   -0.1851253E+09   -0.1957919E+09
 142      0.105940E+07   -0.1460968E+09   -0.2046562E+09
 143      0.792891E+08   -0.1065675E+09   -0.2132133E+09
 144      0.157851E+09   -0.6834713E+08   -0.1838970E+09
 145      0.247311E+09   -0.2939460E+08   -0.1537974E+09
 146      0.353335E+09   -0.1105478E+08   -0.8067924E+08
 147      0.531232E+09    0.5345115E+07   -0.7905305E+07
 148      0.352622E+09    0.5038081E+07    0.3262984E+07
 149      0.282900E+09   -0.1125707E+08    0.8110813E+08
 150      0.226975E+09   -0.2955714E+08    0.1598186E+09
 151      0.172383E+09   -0.6760479E+08    0.2081173E+09
 152      0.119480E+09   -0.1043084E+09    0.2559165E+09
 153      0.556559E+08   -0.1414634E+09    0.2590727E+09
 154     -0.182179E+08   -0.1791427E+09    0.2620501E+09
 155     -0.105850E+09   -0.2081811E+09    0.2167715E+09
 156     -0.207213E+09   -0.2358793E+09    0.1712685E+09
 157     -0.305012E+09   -0.2486779E+09    0.8022364E+08
 158     -0.409336E+09   -0.2627603E+09   -0.2105862E+08
 159     -0.375721E+09   -0.2567959E+09   -0.9128781E+08
 160     -0.246403E+09   -0.2489473E+09   -0.1498831E+09
 161     -0.140141E+09   -0.2203423E+09   -0.1890667E+09
 162     -0.565088E+08   -0.1920225E+09   -0.2308852E+09
 163      0.122767E+08   -0.1529749E+09   -0.2432256E+09
 164      0.695024E+08   -0.1133612E+09   -0.2554396E+09
 165      0.123647E+09   -0.7414710E+08   -0.2223379E+09
 166      0.185818E+09   -0.3425233E+08   -0.1885332E+09
 167      0.263875E+09   -0.1348332E+08   -0.9951208E+08
 168      0.415352E+09    0.5335385E+07   -0.1046103E+08
 169      0.263833E+09    0.6383398E+07    0.3794736E+07
 170      0.204765E+09   -0.1280613E+08    0.9782078E+08
 171      0.162891E+09   -0.3453239E+08    0.1924155E+09
 172      0.124812E+09   -0.7292208E+08    0.2439118E+09
 173      0.929460E+08   -0.1103854E+09    0.2954085E+09
 174      0.526917E+08   -0.1480340E+09    0.2964700E+09
 175      0.229162E+07   -0.1837359E+09    0.2967518E+09
 176     -0.590866E+08   -0.2054378E+09    0.2442973E+09
 177     -0.138548E+09   -0.2269005E+09    0.1916125E+09
 178     -0.213051E+09   -0.2417554E+09    0.9489444E+08
 179     -0.294171E+09   -0.2605577E+09   -0.1249196E+08
 180     -0.323335E+09   -0.2589483E+09   -0.9822639E+08
 181     -0.194745E+09   -0.2516843E+09   -0.1714686E+09
 182     -0.989748E+08   -0.2221298E+09   -0.2174706E+09
 183     -0.283861E+08   -0.1947789E+09   -0.2665034E+09
 184      0.234207E+08   -0.1568797E+09   -0.2822732E+09
 185      0.594941E+08   -0.1181465E+09   -0.2981058E+09
 186      0.891144E+08   -0.7725167E+08   -0.2610843E+09
 187      0.124157E+09   -0.3504989E+08   -0.2234070E+09
 188      0.174229E+09   -0.1332518E+08   -0.1184318E+09
 189      0.299556E+09    0.5960265E+07   -0.1310775E+08
 190      0.134553E+09    0.4278159E+07    0.6904659E+07
 191      0.946738E+08   -0.1387652E+08    0.1162375E+09
 192      0.790932E+08   -0.3374581E+08    0.2265469E+09
 193      0.715235E+08   -0.7351641E+08    0.2810902E+09
 194      0.682481E+08   -0.1130107E+09    0.3343845E+09
 195      0.588970E+08   -0.1452693E+09    0.3280185E+09
 196      0.346579E+08   -0.1758729E+09    0.3214163E+09
 197     -0.172780E+07   -0.1962353E+09    0.2642360E+09
 198     -0.561271E+08   -0.2164434E+09    0.2061127E+09
 199     -0.115342E+09   -0.2272047E+09    0.1073918E+09
 200     -0.175549E+09   -0.2416720E+09    0.3508684E+07
 201     -0.225853E+09   -0.2425297E+09   -0.1000818E+09
 202     -0.134442E+09   -0.2371250E+09   -0.1934965E+09
 203     -0.463696E+08   -0.2099003E+09   -0.2412284E+09
 204      0.109229E+08   -0.1861630E+09   -0.2947401E+09
 205      0.433641E+08   -0.1528998E+09   -0.3161744E+09
 206      0.529353E+08   -0.1182193E+09   -0.3376366E+09
 207      0.494937E+08   -0.7916545E+08   -0.2997601E+09
 208      0.448293E+08   -0.3860047E+08   -0.2613470E+09
 209      0.518968E+08   -0.1513328E+08   -0.1396067E+09
 210      0.126756E+09    0.5736212E+07   -0.1677921E+08
 211      0.400717E+07    0.6800150E+07    0.9923157E+07
 212     -0.142568E+08   -0.1405042E+08    0.1344891E+09
 213     -0.653862E+07   -0.3793721E+08    0.2604369E+09
 214      0.171521E+08   -0.7483890E+08    0.3188123E+09
 215      0.437928E+08   -0.1098798E+09    0.3743956E+09
 216      0.656050E+08   -0.1369328E+09    0.3608062E+09
 217      0.660813E+08   -0.1623566E+09    0.3481492E+09
 218      0.555464E+08   -0.1715900E+09    0.2855453E+09
 219      0.268129E+08   -0.1803715E+09    0.2215377E+09
 220     -0.163845E+08   -0.1842806E+09    0.1193147E+09
 221     -0.619678E+08   -0.1894858E+09    0.1675879E+08
 222     -0.120447E+09   -0.1898920E+09   -0.1025213E+09
 223     -0.790259E+08   -0.1906301E+09   -0.2139708E+09
 224      0.632848E+07   -0.1780936E+09   -0.2647872E+09
 225      0.502490E+08   -0.1649008E+09   -0.3236601E+09
 226      0.632415E+08   -0.1391045E+09   -0.3507845E+09
 227      0.459467E+08   -0.1126942E+09   -0.3779847E+09
 228      0.919504E+07   -0.7632581E+08   -0.3391207E+09
 229     -0.351560E+08   -0.3731058E+08   -0.2998225E+09
 230     -0.707799E+08   -0.1380882E+08   -0.1608907E+09
 231     -0.465969E+08    0.6471088E+07   -0.2017112E+08
 232     -0.174488E+09    0.4763680E+07    0.1403319E+08
 233     -0.155873E+09   -0.1671083E+08    0.1552464E+09
 234     -0.105256E+09   -0.4176163E+08    0.2966309E+09
 235     -0.353041E+08   -0.7508879E+08    0.3482409E+09
 236      0.327879E+08   -0.1052683E+09    0.3975054E+09
 237      0.870442E+08   -0.1175133E+09    0.3739207E+09
 238      0.114423E+09   -0.1284753E+09    0.3504843E+09
 239      0.122490E+09   -0.1222597E+09    0.2817925E+09
 240      0.111269E+09   -0.1153260E+09    0.2144232E+09
 241      0.820289E+08   -0.1106526E+09    0.1173930E+09
 242      0.425881E+08   -0.1078498E+09    0.1886344E+08
 243      0.270149E+07   -0.1149858E+09   -0.9565601E+08
 244     -0.314274E+07   -0.1230394E+09   -0.2067936E+09
 245      0.670568E+08   -0.1216618E+09   -0.2670395E+09
 246      0.101138E+09   -0.1196718E+09   -0.3296856E+09
 247      0.964403E+08   -0.1079970E+09   -0.3636049E+09
 248      0.511179E+08   -0.9533608E+08   -0.3993860E+09
 249     -0.259513E+08   -0.6803152E+08   -0.3671044E+09
 250     -0.125365E+09   -0.3758001E+08   -0.3346499E+09
 251     -0.226095E+09   -0.1454305E+08   -0.1811056E+09
 252     -0.282432E+09    0.4977042E+07   -0.2443461E+08
 253     -0.350591E+09    0.6807373E+07    0.1901937E+08
 254     -0.298807E+09   -0.1825243E+08    0.1768074E+09
 255     -0.205331E+09   -0.4709388E+08    0.3346316E+09
 256     -0.884184E+08   -0.7294784E+08    0.3802216E+09
 257      0.202938E+08   -0.9448696E+08    0.4228494E+09
 258      0.108486E+09   -0.8346973E+08    0.3876007E+09
 259      0.165103E+09   -0.6974597E+08    0.3525359E+09
 260      0.190803E+09   -0.4337174E+08    0.2788097E+09
 261      0.196059E+09   -0.1864355E+08    0.2078932E+09
 262      0.181065E+09   -0.3569593E+07    0.1155141E+09
 263      0.152070E+09    0.1089133E+08    0.2167303E+08
 264      0.122834E+09    0.4859481E+06   -0.8821970E+08
 265      0.813606E+08   -0.1339965E+08   -0.2012068E+09
 266      0.127130E+09   -0.2981230E+08   -0.2705600E+09
 267      0.153632E+09   -0.4537472E+08   -0.3356714E+09
 268      0.130555E+09   -0.5544063E+08   -0.3772719E+09
 269      0.558653E+08   -0.6527046E+08   -0.4221990E+09
 270     -0.619355E+08   -0.5205466E+08   -0.3964428E+09
 271     -0.217616E+09   -0.3407535E+08   -0.3708076E+09
 272     -0.382881E+09   -0.1238617E+08   -0.2018608E+09
 273     -0.517964E+09    0.5980014E+07   -0.2862343E+08
 274     -0.592850E+09    0.9416439E+06    0.3099222E+08
 275     -0.468103E+09   -0.2040028E+08    0.1980200E+09
 276     -0.297916E+09   -0.4742747E+08    0.3616921E+09
 277     -0.113746E+09   -0.5291331E+08    0.3820614E+09
 278      0.403084E+08   -0.5166774E+08    0.4005740E+09
 279      0.154528E+09   -0.9605278E+07    0.3486311E+09
 280      0.226616E+09    0.3431818E+08    0.3002748E+09
 281      0.257609E+09    0.8594497E+08    0.2325337E+09
 282      0.269100E+09    0.1369640E+09    0.1665193E+09
 283      0.257711E+09    0.1656260E+09    0.9132219E+08
 284      0.237550E+09    0.1927010E+09    0.1634046E+08
 285      0.210988E+09    0.1761202E+09   -0.6963866E+08
 286      0.182731E+09    0.1551347E+09   -0.1613305E+09
 287      0.188694E+09    0.1113300E+09   -0.2313030E+09
 288      0.209300E+09    0.7028005E+08   -0.2944013E+09
 289      0.179161E+09    0.3160383E+08   -0.3402377E+09
 290      0.863928E+08   -0.8032981E+07   -0.3926979E+09
 291     -0.713824E+08   -0.2042690E+08   -0.3877839E+09
 292     -0.295798E+09   -0.2635491E+08   -0.3850361E+09
 293     -0.559669E+09   -0.1078161E+08   -0.2147997E+09
 294     -0.817325E+09    0.2032955E+06   -0.3655475E+08
 295     -0.836834E+09    0.9616450E+07    0.4483094E+08
 296     -0.639672E+09   -0.2045976E+08    0.2215432E+09
 297     -0.398941E+09   -0.5067748E+08    0.3941861E+09
 298     -0.138419E+09   -0.2033220E+08    0.3876754E+09
 299      0.584772E+08    0.1888404E+08    0.3801165E+09
 300      0.204669E+09    0.1117748E+09    0.3120554E+09
 301      0.289793E+09    0.2013245E+09    0.2477198E+09
 302      0.326375E+09    0.2891276E+09    0.1845270E+09
 303      0.344469E+09    0.3741829E+09    0.1233998E+09
 304      0.334967E+09    0.4122735E+09    0.6698446E+08
 305      0.321905E+09    0.4484888E+09    0.1161696E+08
 306      0.298364E+09    0.4237318E+09   -0.4987385E+08
 307      0.283429E+09    0.3930546E+09   -0.1169352E+09
 308      0.255997E+09    0.3179227E+09   -0.1902401E+09
 309      0.262626E+09    0.2475348E+09   -0.2549989E+09
 310      0.230690E+09    0.1682009E+09   -0.3043302E+09
 311      0.116666E+09    0.8151859E+08   -0.3640237E+09
 312     -0.797133E+08    0.2940375E+08   -0.3823071E+09
 313     -0.381526E+09   -0.1679077E+08   -0.4032235E+09
 314     -0.739581E+09   -0.6657748E+07   -0.2295033E+09
 315     -0.111906E+10    0.5624911E+07   -0.4626939E+08
 316     -0.116421E+10   -0.1698326E+08    0.7008492E+08
 317     -0.804393E+09   -0.1626679E+08    0.2279449E+09
 318     -0.419377E+09   -0.2529232E+08    0.3673494E+09
 319     -0.934144E+08    0.6178749E+08    0.2987316E+09
 320      0.130954E+09    0.1641221E+09    0.2410986E+09
 321      0.264955E+09    0.3178165E+09    0.1712026E+09
 322      0.342887E+09    0.4699987E+09    0.1099378E+09
 323      0.361116E+09    0.5856893E+09    0.7614599E+08
 324      0.372810E+09    0.6986156E+09    0.4406340E+08
 325      0.356562E+09    0.7435390E+09    0.2574948E+08
 326      0.345543E+09    0.7874138E+09    0.6951026E+07
 327      0.325202E+09    0.7570220E+09   -0.1718521E+08
 328      0.323124E+09    0.7253353E+09   -0.4260644E+08
 329      0.307340E+09    0.6206767E+09   -0.8689793E+08
 330      0.302404E+09    0.5139957E+09   -0.1290830E+09
 331      0.277087E+09    0.3765783E+09   -0.1722409E+09
 332      0.181006E+09    0.2368793E+09   -0.2233104E+09
 333     -0.295117E+08    0.1216551E+09   -0.2781220E+09
 334     -0.386657E+09    0.1805295E+08   -0.3487285E+09
 335     -0.891597E+09    0.3246067E+07   -0.2171182E+09
 336     -0.148149E+10   -0.1766989E+08   -0.6310434E+08
 337     -0.152215E+10    0.3846868E+08    0.1192412E+09
 338     -0.972562E+09   -0.4160348E+07    0.2436300E+09
 339     -0.477012E+09   -0.6116567E+07    0.3571935E+09
 340     -0.265084E+08    0.2115808E+09    0.2206088E+09
 341      0.212226E+09    0.4129633E+09    0.9066826E+08
 342      0.331064E+09    0.6496143E+09    0.2345018E+08
 343      0.397574E+09    0.8654519E+09   -0.3334332E+08
 344      0.395768E+09    0.1002480E+10   -0.3477956E+08
 345      0.398897E+09    0.1137650E+10   -0.3734483E+08
 346      0.375361E+09    0.1187430E+10   -0.1671938E+08
 347      0.367275E+09    0.1235704E+10    0.2844721E+07
 348      0.351181E+09    0.1199929E+10    0.1545569E+08
 349      0.358362E+09    0.1167745E+10    0.2967218E+08
 350      0.356481E+09    0.1041157E+10    0.2178903E+08
 351      0.352394E+09    0.9066760E+09    0.9885745E+07
 352      0.327656E+09    0.6983603E+09   -0.3162325E+08
 353      0.250087E+09    0.4798065E+09   -0.7352843E+08
 354      0.395037E+08    0.2790706E+09   -0.1815067E+09
 355     -0.419531E+09    0.5473930E+08   -0.3061299E+09
 356     -0.104765E+10    0.2144395E+08   -0.2121295E+09
 357     -0.187461E+10    0.2816150E+08   -0.9872223E+08
 358     -0.192465E+10   -0.1070007E+09    0.1530722E+09
 359     -0.997533E+09    0.3903682E+08    0.1570573E+09
 360     -0.260022E+09    0.1719561E+09    0.9341653E+08
 361      0.100828E+09    0.5247843E+09   -0.1140240E+09
 362      0.272633E+09    0.8962325E+09   -0.2380859E+09
 363      0.334364E+09    0.1166391E+10   -0.2307284E+09
 364      0.364073E+09    0.1428679E+10   -0.2256470E+09
 365      0.348043E+09    0.1567229E+10   -0.1698457E+09
 366      0.341936E+09    0.1704773E+10   -0.1182766E+09
 367      0.315231E+09    0.1744118E+10   -0.5632984E+08
 368      0.308929E+09    0.1787966E+10    0.4402896E+07
 369      0.298162E+09    0.1746183E+10    0.6004595E+08
 370      0.306236E+09    0.1705144E+10    0.1160448E+09
 371      0.314655E+09    0.1568895E+10    0.1623513E+09
 372      0.329673E+09    0.1432397E+10    0.2108127E+09
 373      0.322154E+09    0.1175792E+10    0.2238474E+09
 374      0.291500E+09    0.9128862E+09    0.2431934E+09
 375      0.148610E+09    0.5623189E+09    0.1463076E+09
 376     -0.215078E+09    0.2239279E+09   -0.2329481E+08
 377     -0.102904E+10    0.6747462E+08   -0.9970631E+08
 378     -0.225291E+10   -0.9570214E+08   -0.1140444E+09
 379     -0.297418E+10    0.2520879E+09    0.6164055E+09
 380     -0.873482E+09    0.2398197E+09    0.1613193E+09
 381      0.312425E+08    0.4709334E+09   -0.3465399E+09
 382      0.228636E+09    0.1210038E+10   -0.5102347E+09
 383      0.335422E+09    0.1702715E+10   -0.5854162E+09
 384      0.327106E+09    0.1952092E+10   -0.4996896E+09
 385      0.323153E+09    0.2203989E+10   -0.4201983E+09
 386      0.292482E+09    0.2304361E+10   -0.3075086E+09
 387      0.279143E+09    0.2413151E+10   -0.1990719E+09
 388      0.251613E+09    0.2430652E+10   -0.9492402E+08
 389      0.246332E+09    0.2450373E+10    0.7301542E+07
 390      0.239357E+09    0.2399696E+10    0.1069921E+09
 391      0.250626E+09    0.2353593E+10    0.2060636E+09
 392      0.265160E+09    0.2229211E+10    0.3053038E+09
 393      0.292439E+09    0.2111121E+10    0.4106622E+09
 394      0.309006E+09    0.1867583E+10    0.4935981E+09
 395      0.338316E+09    0.1629170E+10    0.5832120E+09
 396      0.259100E+09    0.1163838E+10    0.5376382E+09
 397      0.575660E+08    0.4860918E+09    0.4130288E+09
 398     -0.870654E+09    0.2547839E+09   -0.6190496E+08
 399     -0.323400E+10    0.2270250E+09   -0.4731918E+09
 400     -0.248105E+10   -0.4575435E+09   -0.1314654E+09
 401     -0.288563E+09    0.8041844E+09   -0.7148084E+09
 402     -0.844915E+07    0.2024961E+10   -0.1131034E+10
 403      0.145317E+09    0.2440880E+10   -0.9388724E+09
 404      0.172886E+09    0.2868852E+10   -0.8238662E+09
 405      0.169060E+09    0.3002223E+10   -0.6531932E+09
 406      0.162743E+09    0.3150116E+10   -0.4917400E+09
 407      0.146887E+09    0.3181476E+10   -0.3455539E+09
 408      0.139872E+09    0.3219680E+10   -0.2013272E+09
 409      0.126383E+09    0.3201247E+10   -0.7675519E+08
 410      0.124135E+09    0.3186661E+10    0.4656304E+08
 411      0.120003E+09    0.3134866E+10    0.1623566E+09
 412      0.127658E+09    0.3086368E+10    0.2781501E+09
 413      0.135181E+09    0.2994134E+10    0.4044461E+09
 414      0.148536E+09    0.2907603E+10    0.5321090E+09
 415      0.165096E+09    0.2739022E+10    0.6787009E+09
 416      0.181637E+09    0.2582843E+10    0.8357180E+09
 417      0.170131E+09    0.2191753E+10    0.9583421E+09
 418      0.239412E+08    0.1800165E+10    0.1166627E+10
 419     -0.268420E+09    0.7133809E+09    0.7479952E+09
 420     -0.258845E+10   -0.3931239E+09    0.2084332E+09
 421     -0.133684E+10    0.4339275E+10   -0.1047780E+10
 422      0.130614E+09    0.4442097E+10   -0.1564043E+10
 423     -0.689859E+08    0.4491793E+10   -0.1746717E+10
 424      0.375051E+08    0.4391548E+10   -0.1294042E+10
 425      0.252045E+07    0.4375284E+10   -0.1020670E+10
 426      0.112414E+08    0.4306884E+10   -0.7752523E+09
 427      0.526441E+07    0.4254764E+10   -0.5461763E+09
 428      0.584292E+07    0.4183540E+10   -0.3700066E+09
 429      0.547310E+07    0.4116600E+10   -0.1944632E+09
 430      0.537616E+07    0.4047752E+10   -0.5303539E+08
 431      0.661247E+07    0.3981683E+10    0.8806866E+08
 432      0.628679E+07    0.3923341E+10    0.2181188E+09
 433      0.904034E+07    0.3869110E+10    0.3485311E+09
 434      0.106360E+08    0.3828294E+10    0.4987009E+09
 435      0.109994E+08    0.3788749E+10    0.6471916E+09
 436      0.224259E+08    0.3761712E+10    0.8461959E+09
 437      0.180169E+08    0.3749442E+10    0.1061233E+10
 438      0.622029E+08    0.3734005E+10    0.1328477E+10
 439     -0.342292E+08    0.3801277E+10    0.1789568E+10
 440      0.193090E+09    0.3740258E+10    0.1615803E+10
 441     -0.131957E+10    0.3603668E+10    0.1182578E+10
