   1      0.114070E+10    0.1454138E+07    0.3427342E+07
   2      0.932519E+09   -0.1657890E+08    0.2209271E+07
   3      0.670909E+09   -0.3436523E+08    0.6589448E+06
   4      0.352189E+09   -0.6023553E+08    0.7176603E+06
   5      0.768467E+07   -0.8945529E+08    0.1658498E+07
   6     -0.357027E+09   -0.1161017E+09   -0.4804131E+06
   7     -0.730866E+09   -0.1369755E+09   -0.4388888E+07
   8     -0.780299E+09   -0.1405272E+09   -0.3034102E+07
   9     -0.652972E+09   -0.1492088E+09   -0.1911631E+06
  10     -0.526980E+09   -0.1594487E+09   -0.3807116E+04
  11     -0.409136E+09   -0.1675815E+09   -0.1569089E+05
  12     -0.297819E+09   -0.1616514E+09    0.4820786E+05
  13     -0.197242E+09   -0.1553621E+09    0.7328534E+05
  14     -0.102676E+09   -0.1363128E+09    0.1000955E+06
  15     -0.154554E+08   -0.1169243E+09    0.1238073E+06
  16      0.697718E+08   -0.9070873E+08    0.1426334E+06
  17      0.155410E+09   -0.6427150E+08    0.1533400E+06
  18      0.245644E+09   -0.4044000E+08    0.1579367E+06
  19      0.346626E+09   -0.1650051E+08    0.8417369E+05
  20      0.459753E+09   -0.6069115E+07    0.1572545E+06
  21      0.593436E+09    0.3339179E+07    0.3196811E+06
  22      0.111913E+10    0.3920550E+07    0.3191591E+07
  23      0.924263E+09   -0.5779651E+07    0.1256314E+08
  24      0.664364E+09   -0.1727190E+08    0.2166559E+08
  25      0.349335E+09   -0.4235609E+08    0.2436777E+08
  26      0.782213E+07   -0.6605036E+08    0.2762172E+08
  27     -0.353393E+09   -0.9022348E+08    0.2384639E+08
  28     -0.720334E+09   -0.1149364E+09    0.1782470E+08
  29     -0.780602E+09   -0.1344128E+09    0.1464959E+08
  30     -0.648798E+09   -0.1533955E+09    0.1374428E+08
  31     -0.520640E+09   -0.1611914E+09    0.7763371E+07
  32     -0.402054E+09   -0.1689963E+09    0.1294824E+07
  33     -0.290655E+09   -0.1631152E+09   -0.6034284E+07
  34     -0.190728E+09   -0.1567460E+09   -0.1331634E+08
  35     -0.973656E+08   -0.1376763E+09   -0.1875117E+08
  36     -0.119290E+08   -0.1182605E+09   -0.2414775E+08
  37      0.710885E+08   -0.9203353E+08   -0.2557007E+08
  38      0.154149E+09   -0.6560799E+08   -0.2691980E+08
  39      0.241636E+09   -0.4174505E+08   -0.2299277E+08
  40      0.339917E+09   -0.1801320E+08   -0.1893812E+08
  41      0.450626E+09   -0.7219027E+07   -0.9850911E+07
  42      0.582590E+09    0.2819968E+07   -0.8534508E+06
  43      0.109666E+10    0.1926891E+07    0.2761524E+07
  44      0.915723E+09   -0.5087952E+07    0.2201385E+08
  45      0.658327E+09   -0.1175056E+08    0.4120901E+08
  46      0.347037E+09   -0.3414037E+08    0.4765733E+08
  47      0.907382E+07   -0.5847176E+08    0.5370669E+08
  48     -0.350022E+09   -0.8825264E+08    0.4837557E+08
  49     -0.708759E+09   -0.1175256E+09    0.4092220E+08
  50     -0.781456E+09   -0.1391484E+09    0.3279738E+08
  51     -0.644955E+09   -0.1602086E+09    0.2769427E+08
  52     -0.514519E+09   -0.1691364E+09    0.1558445E+08
  53     -0.395112E+09   -0.1777974E+09    0.2603936E+07
  54     -0.283601E+09   -0.1714118E+09   -0.1207139E+08
  55     -0.184314E+09   -0.1647109E+09   -0.2665316E+08
  56     -0.921511E+08   -0.1446674E+09   -0.3753161E+08
  57     -0.849297E+07   -0.1242829E+09   -0.4833307E+08
  58      0.723278E+08   -0.9663723E+08   -0.5117612E+08
  59      0.152846E+09   -0.6873806E+08   -0.5387413E+08
  60      0.237631E+09   -0.4335741E+08   -0.4600986E+08
  61      0.333310E+09   -0.1780753E+08   -0.3789704E+08
  62      0.441685E+09   -0.6539340E+07   -0.1969943E+08
  63      0.572110E+09    0.3597877E+07   -0.1674680E+07
  64      0.106368E+10    0.3228527E+07    0.1016806E+07
  65      0.887591E+09   -0.4104306E+07    0.2869164E+08
  66      0.636813E+09   -0.1200629E+08    0.5699433E+08
  67      0.333819E+09   -0.3654278E+08    0.7125010E+08
  68      0.742495E+07   -0.6208665E+08    0.8474655E+08
  69     -0.343836E+09   -0.9294307E+08    0.7825642E+08
  70     -0.692355E+09   -0.1229184E+09    0.7024190E+08
  71     -0.771081E+09   -0.1468626E+09    0.5658267E+08
  72     -0.628872E+09   -0.1707364E+09    0.4467606E+08
  73     -0.494328E+09   -0.1798853E+09    0.2448384E+08
  74     -0.373076E+09   -0.1887284E+09    0.3654708E+07
  75     -0.261586E+09   -0.1819033E+09   -0.1888440E+08
  76     -0.164313E+09   -0.1747203E+09   -0.4136897E+08
  77     -0.758246E+08   -0.1537528E+09   -0.5815011E+08
  78      0.244688E+07   -0.1324406E+09   -0.7484070E+08
  79      0.765468E+08   -0.1034986E+09   -0.7945085E+08
  80      0.149168E+09   -0.7429711E+08   -0.8386066E+08
  81      0.225434E+09   -0.4747848E+08   -0.7190947E+08
  82      0.312621E+09   -0.2070952E+08   -0.5957848E+08
  83      0.413203E+09   -0.8284226E+07   -0.3104351E+08
  84      0.537892E+09    0.3219184E+07   -0.2742864E+07
  85      0.103274E+10    0.3004411E+07   -0.1469649E+06
  86      0.860162E+09   -0.7185224E+07    0.3635242E+08
  87      0.615073E+09   -0.1830536E+08    0.7397582E+08
  88      0.320316E+09   -0.4369306E+08    0.9425406E+08
  89      0.369399E+07   -0.6854087E+08    0.1143473E+09
  90     -0.337219E+09   -0.1019597E+09    0.1081341E+09
  91     -0.678092E+09   -0.1369621E+09    0.9964959E+08
  92     -0.760028E+09   -0.1630358E+09    0.8013401E+08
  93     -0.612492E+09   -0.1875229E+09    0.6172735E+08
  94     -0.474047E+09   -0.1967405E+09    0.3347384E+08
  95     -0.351004E+09   -0.2058202E+09    0.4758914E+07
  96     -0.239565E+09   -0.1980728E+09   -0.2571926E+08
  97     -0.144329E+09   -0.1900429E+09   -0.5615730E+08
  98     -0.595366E+08   -0.1673965E+09   -0.7886983E+08
  99      0.133248E+08   -0.1444012E+09   -0.1014757E+09
 100      0.806903E+08   -0.1129898E+09   -0.1078480E+09
 101      0.145426E+09   -0.8122071E+08   -0.1139646E+09
 102      0.213202E+09   -0.5157373E+08   -0.9789301E+08
 103      0.291989E+09   -0.2155553E+08   -0.8132964E+08
 104      0.384870E+09   -0.7885325E+07   -0.4238489E+08
 105      0.504016E+09    0.4333182E+07   -0.3716959E+07
 106      0.984604E+09    0.4108942E+07   -0.2051632E+06
 107      0.811253E+09   -0.7688991E+07    0.4829435E+08
 108      0.574500E+09   -0.2041757E+08    0.9844118E+08
 109      0.295721E+09   -0.5360928E+08    0.1252196E+09
 110     -0.762237E+07   -0.8781913E+08    0.1510321E+09
 111     -0.327315E+09   -0.1237121E+09    0.1426608E+09
 112     -0.653989E+09   -0.1581698E+09    0.1311157E+09
 113     -0.736264E+09   -0.1816212E+09    0.1038758E+09
 114     -0.580968E+09   -0.2053527E+09    0.7890615E+08
 115     -0.437427E+09   -0.2142248E+09    0.4207960E+08
 116     -0.312172E+09   -0.2226302E+09    0.4644839E+07
 117     -0.201339E+09   -0.2139336E+09   -0.3431938E+08
 118     -0.109569E+09   -0.2049372E+09   -0.7324918E+08
 119     -0.309744E+08   -0.1809767E+09   -0.1025054E+09
 120      0.329137E+08   -0.1566652E+09   -0.1316817E+09
 121      0.888685E+08   -0.1233861E+09   -0.1405243E+09
 122      0.139902E+09   -0.8970797E+08   -0.1490999E+09
 123      0.192497E+09   -0.5777730E+08   -0.1288680E+09
 124      0.255560E+09   -0.2569212E+08   -0.1080176E+09
 125      0.333394E+09   -0.1024917E+08   -0.5647698E+08
 126      0.440429E+09    0.3938873E+07   -0.5192963E+07
 127      0.937613E+09    0.5045713E+07   -0.1003286E+07
 128      0.762324E+09   -0.9160108E+07    0.5995870E+08
 129      0.534152E+09   -0.2484246E+08    0.1230096E+09
 130      0.270764E+09   -0.6190545E+08    0.1569753E+09
 131     -0.174762E+08   -0.9911482E+08    0.1888110E+09
 132     -0.317963E+09   -0.1382006E+09    0.1769503E+09
 133     -0.629867E+09   -0.1770836E+09    0.1622093E+09
 134     -0.712803E+09   -0.2029734E+09    0.1279581E+09
 135     -0.549421E+09   -0.2277265E+09    0.9624943E+08
 136     -0.400626E+09   -0.2348974E+09    0.5072550E+08
 137     -0.273131E+09   -0.2420980E+09    0.4564682E+07
 138     -0.162912E+09   -0.2320226E+09   -0.4299229E+08
 139     -0.746625E+08   -0.2217338E+09   -0.9049865E+08
 140     -0.233076E+07   -0.1962497E+09   -0.1263521E+09
 141      0.525014E+08   -0.1704213E+09   -0.1621480E+09
 142      0.969749E+08   -0.1347465E+09   -0.1734539E+09
 143      0.134263E+09   -0.9851604E+08   -0.1844806E+09
 144      0.171669E+09   -0.6321919E+08   -0.1600226E+09
 145      0.219081E+09   -0.2714835E+08   -0.1348487E+09
 146      0.281977E+09   -0.9887176E+07   -0.7058200E+08
 147      0.377120E+09    0.5400616E+07   -0.6524096E+07
 148      0.858495E+09    0.5096411E+07    0.8442573E+06
 149      0.684269E+09   -0.1349990E+08    0.7801298E+08
 150      0.472074E+09   -0.3384413E+08    0.1574797E+09
 151      0.232845E+09   -0.7586897E+08    0.1974548E+09
 152     -0.268628E+08   -0.1183236E+09    0.2353179E+09
 153     -0.300338E+09   -0.1613566E+09    0.2177876E+09
 154     -0.585022E+09   -0.2027369E+09    0.1951296E+09
 155     -0.674870E+09   -0.2243378E+09    0.1501169E+09
 156     -0.501457E+09   -0.2458828E+09    0.1098401E+09
 157     -0.346737E+09   -0.2509966E+09    0.5601606E+08
 158     -0.216980E+09   -0.2559553E+09    0.1261702E+07
 159     -0.108208E+09   -0.2445059E+09   -0.5420303E+08
 160     -0.245688E+08   -0.2329711E+09   -0.1096356E+09
 161      0.394553E+08   -0.2069833E+09   -0.1521667E+09
 162      0.823152E+08   -0.1806766E+09   -0.1947519E+09
 163      0.110950E+09   -0.1441497E+09   -0.2096360E+09
 164      0.128416E+09   -0.1069792E+09   -0.2243288E+09
 165      0.142852E+09   -0.6976349E+08   -0.1963544E+09
 166      0.165029E+09   -0.3196964E+08   -0.1675641E+09
 167      0.202400E+09   -0.1271894E+08   -0.8809853E+08
 168      0.274801E+09    0.4778029E+07   -0.8642695E+07
 169      0.778369E+09    0.7217775E+07    0.2499849E+07
 170      0.606945E+09   -0.1303267E+08    0.9602340E+08
 171      0.410171E+09   -0.3568707E+08    0.1920998E+09
 172      0.194873E+09   -0.8623145E+08    0.2389163E+09
 173     -0.367098E+08   -0.1370267E+09    0.2829432E+09
 174     -0.283428E+09   -0.1819454E+09    0.2589271E+09
 175     -0.538738E+09   -0.2249780E+09    0.2275191E+09
 176     -0.637722E+09   -0.2442247E+09    0.1720974E+09
 177     -0.453178E+09   -0.2626144E+09    0.1241498E+09
 178     -0.292212E+09   -0.2633562E+09    0.6160952E+08
 179     -0.160245E+09   -0.2644810E+09   -0.2077437E+07
 180     -0.529905E+08   -0.2515584E+09   -0.6556385E+08
 181      0.259285E+08   -0.2387734E+09   -0.1290429E+09
 182      0.815292E+08   -0.2132867E+09   -0.1783425E+09
 183      0.112237E+09   -0.1875407E+09   -0.2278069E+09
 184      0.124873E+09   -0.1510586E+09   -0.2462757E+09
 185      0.122350E+09   -0.1137168E+09   -0.2646370E+09
 186      0.113737E+09   -0.7428314E+08   -0.2330342E+09
 187      0.110705E+09   -0.3334950E+08   -0.2005492E+09
 188      0.122703E+09   -0.1210088E+08   -0.1056799E+09
 189      0.172636E+09    0.6488320E+07   -0.1059587E+08
 190      0.647197E+09    0.6938411E+07    0.4769842E+07
 191      0.490780E+09   -0.1848707E+08    0.1206542E+09
 192      0.321653E+09   -0.4685957E+08    0.2394234E+09
 193      0.145939E+09   -0.1013643E+09    0.2908292E+09
 194     -0.401410E+08   -0.1560932E+09    0.3388424E+09
 195     -0.247694E+09   -0.2011574E+09    0.3014996E+09
 196     -0.458699E+09   -0.2429865E+09    0.2555322E+09
 197     -0.581064E+09   -0.2555909E+09    0.1858090E+09
 198     -0.387881E+09   -0.2676582E+09    0.1252607E+09
 199     -0.223663E+09   -0.2620169E+09    0.5755075E+08
 200     -0.904028E+08   -0.2573062E+09   -0.1144237E+08
 201      0.144629E+08   -0.2433566E+09   -0.7909730E+08
 202      0.888204E+08   -0.2297789E+09   -0.1469415E+09
 203      0.135540E+09   -0.2069379E+09   -0.2014181E+09
 204      0.153334E+09   -0.1839187E+09   -0.2562918E+09
 205      0.147380E+09   -0.1506250E+09   -0.2798774E+09
 206      0.119753E+09   -0.1163331E+09   -0.3036672E+09
 207      0.797390E+08   -0.7769121E+08   -0.2711695E+09
 208      0.391199E+08   -0.3763333E+08   -0.2377859E+09
 209      0.103744E+08   -0.1495141E+08   -0.1261518E+09
 210      0.201605E+08    0.5307448E+07   -0.1373021E+08
 211      0.518155E+09    0.1061052E+08    0.6150957E+07
 212      0.373534E+09   -0.1821146E+08    0.1460951E+09
 213      0.232434E+09   -0.5231131E+08    0.2885069E+09
 214      0.970987E+08   -0.1085858E+09    0.3425142E+09
 215     -0.451124E+08   -0.1607355E+09    0.3946490E+09
 216     -0.209875E+09   -0.2042320E+09    0.3461380E+09
 217     -0.377804E+09   -0.2502422E+09    0.2869268E+09
 218     -0.526604E+09   -0.2600318E+09    0.2002221E+09
 219     -0.320305E+09   -0.2614969E+09    0.1243290E+09
 220     -0.154099E+09   -0.2423861E+09    0.5275418E+08
 221     -0.197534E+08   -0.2287310E+09   -0.2087806E+08
 222      0.827357E+08   -0.2150442E+09   -0.9286410E+08
 223      0.152421E+09   -0.2015837E+09   -0.1651562E+09
 224      0.190173E+09   -0.1844968E+09   -0.2249767E+09
 225      0.194750E+09   -0.1674915E+09   -0.2854174E+09
 226      0.169964E+09   -0.1410338E+09   -0.3142256E+09
 227      0.116757E+09   -0.1134106E+09   -0.3435264E+09
 228      0.451469E+08   -0.7704679E+08   -0.3099744E+09
 229     -0.332161E+08   -0.3791021E+08   -0.2755549E+09
 230     -0.102428E+09   -0.1375321E+08   -0.1468264E+09
 231     -0.132376E+09    0.7037848E+07   -0.1675673E+08
 232      0.319711E+09    0.6306235E+07    0.1275915E+08
 233      0.207319E+09   -0.2446370E+08    0.1766161E+09
 234      0.123009E+09   -0.5879878E+08    0.3417480E+09
 235      0.476929E+08   -0.1126406E+09    0.3926083E+09
 236     -0.390604E+08   -0.1649044E+09    0.4406595E+09
 237     -0.148064E+09   -0.1988841E+09    0.3796428E+09
 238     -0.273972E+09   -0.2340111E+09    0.3113387E+09
 239     -0.415993E+09   -0.2302179E+09    0.1951110E+09
 240     -0.255445E+09   -0.2179388E+09    0.9282091E+08
 241     -0.852150E+08   -0.1900520E+09    0.3123141E+08
 242      0.509585E+08   -0.1682539E+09   -0.3710547E+08
 243      0.151379E+09   -0.1556675E+09   -0.1054608E+09
 244      0.218842E+09   -0.1435351E+09   -0.1736575E+09
 245      0.250438E+09   -0.1358210E+09   -0.2335852E+09
 246      0.245837E+09   -0.1284225E+09   -0.2945075E+09
 247      0.204348E+09   -0.1143700E+09   -0.3298920E+09
 248      0.124811E+09   -0.9901953E+08   -0.3665996E+09
 249      0.148222E+08   -0.7063917E+08   -0.3389750E+09
 250     -0.116010E+09   -0.3919107E+08   -0.3108562E+09
 251     -0.247894E+09   -0.1564844E+08   -0.1676528E+09
 252     -0.346110E+09    0.4600855E+07   -0.2169317E+08
 253      0.118827E+09    0.1097355E+08    0.2000938E+08
 254      0.415989E+08   -0.2243625E+08    0.2077514E+09
 255      0.102995E+08   -0.6179651E+08    0.3968396E+09
 256     -0.346380E+07   -0.1111335E+09    0.4458106E+09
 257     -0.328215E+08   -0.1545044E+09    0.4901565E+09
 258     -0.864198E+08   -0.1641598E+09    0.4136979E+09
 259     -0.170993E+09   -0.1730791E+09    0.3328350E+09
 260     -0.296091E+09   -0.1500716E+09    0.1887685E+09
 261     -0.198065E+09   -0.1242194E+09    0.6297665E+08
 262     -0.160151E+08   -0.9169027E+08    0.1089329E+08
 263      0.122219E+09   -0.6237076E+08   -0.5336046E+08
 264      0.220884E+09   -0.5209794E+08   -0.1180421E+09
 265      0.286242E+09   -0.4347292E+08   -0.1821376E+09
 266      0.311828E+09   -0.5073017E+08   -0.2424341E+09
 267      0.297745E+09   -0.5912953E+08   -0.3040474E+09
 268      0.239502E+09   -0.6564292E+08   -0.3465585E+09
 269      0.132252E+09   -0.7141957E+08   -0.3910913E+09
 270     -0.163636E+08   -0.5644262E+08   -0.3693612E+09
 271     -0.200922E+09   -0.3664646E+08   -0.3473847E+09
 272     -0.394535E+09   -0.1347466E+08   -0.1890435E+09
 273     -0.560494E+09    0.6363222E+07   -0.2686579E+08
 274     -0.174891E+09    0.4058006E+07    0.3078340E+08
 275     -0.167451E+09   -0.2640303E+08    0.2379531E+09
 276     -0.103265E+09   -0.6364723E+08    0.4421036E+09
 277     -0.323828E+08   -0.8774746E+08    0.4664611E+09
 278      0.910186E+07   -0.1045868E+09    0.4882119E+09
 279      0.243220E+07   -0.8286889E+08    0.3948855E+09
 280     -0.480448E+08   -0.6023998E+08    0.3001246E+09
 281     -0.139038E+09   -0.2146436E+08    0.1533323E+09
 282     -0.135538E+09    0.1844461E+08    0.1921015E+08
 283      0.352455E+08    0.5914074E+08   -0.2659374E+08
 284      0.171723E+09    0.9839397E+08   -0.7728701E+08
 285      0.268679E+09    0.1044643E+09   -0.1225654E+09
 286      0.336123E+09    0.1082969E+09   -0.1685415E+09
 287      0.362454E+09    0.8172815E+08   -0.2172493E+09
 288      0.350386E+09    0.5367955E+08   -0.2675273E+09
 289      0.286515E+09    0.1803495E+08   -0.3145683E+09
 290      0.163424E+09   -0.1691805E+08   -0.3655682E+09
 291     -0.229193E+08   -0.2628768E+08   -0.3636671E+09
 292     -0.273372E+09   -0.2925911E+08   -0.3636830E+09
 293     -0.561582E+09   -0.1223351E+08   -0.2033110E+09
 294     -0.842071E+09    0.2888462E+06   -0.3533235E+08
 295     -0.466730E+09    0.1204887E+08    0.4390472E+08
 296     -0.380847E+09   -0.2270339E+08    0.2701528E+09
 297     -0.224252E+09   -0.5875617E+08    0.4926876E+09
 298     -0.605439E+08   -0.4820567E+08    0.4919339E+09
 299      0.515048E+08   -0.2688571E+08    0.4877344E+09
 300      0.950608E+08    0.4982188E+08    0.3776621E+09
 301      0.809320E+08    0.1219256E+09    0.2697947E+09
 302      0.184988E+08    0.1741384E+09    0.1211984E+09
 303     -0.612640E+08    0.2227909E+09   -0.2893831E+08
 304      0.806239E+08    0.2811671E+09   -0.6989284E+08
 305      0.223650E+09    0.3388675E+09   -0.1009868E+09
 306      0.316727E+09    0.3373357E+09   -0.1264042E+09
 307      0.386855E+09    0.3343780E+09   -0.1539258E+09
 308      0.414478E+09    0.2830793E+09   -0.1909131E+09
 309      0.404879E+09    0.2286895E+09   -0.2295165E+09
 310      0.336788E+09    0.1511537E+09   -0.2828286E+09
 311      0.194432E+09    0.6996762E+08   -0.3411988E+09
 312     -0.283266E+08    0.2220742E+08   -0.3612444E+09
 313     -0.353157E+09   -0.1976527E+08   -0.3840489E+09
 314     -0.731885E+09   -0.7752287E+07   -0.2192199E+09
 315     -0.112584E+10    0.6195303E+07   -0.4539101E+08
 316     -0.868806E+09   -0.1559813E+08    0.7101485E+08
 317     -0.597988E+09   -0.2162466E+08    0.2819719E+09
 318     -0.272402E+09   -0.3787076E+08    0.4740743E+09
 319     -0.197815E+08    0.4196740E+08    0.4115414E+09
 320      0.143013E+09    0.1380846E+09    0.3594127E+09
 321      0.193144E+09    0.2744046E+09    0.2537130E+09
 322      0.191336E+09    0.4093767E+09    0.1570058E+09
 323      0.131657E+09    0.4933400E+09    0.4921860E+08
 324      0.621412E+08    0.5671839E+09   -0.7250155E+08
 325      0.981350E+08    0.6024576E+09   -0.1141501E+09
 326      0.216986E+09    0.6490168E+09   -0.1331361E+09
 327      0.312191E+09    0.6469520E+09   -0.1174071E+09
 328      0.387629E+09    0.6386966E+09   -0.1095167E+09
 329      0.423267E+09    0.5617047E+09   -0.1147409E+09
 330      0.431159E+09    0.4825087E+09   -0.1200554E+09
 331      0.379851E+09    0.3541299E+09   -0.1595287E+09
 332      0.257122E+09    0.2226799E+09   -0.2067645E+09
 333      0.219867E+08    0.1125095E+09   -0.2625635E+09
 334     -0.355637E+09    0.1424804E+08   -0.3332872E+09
 335     -0.877754E+09    0.1486493E+07   -0.2086815E+09
 336     -0.147093E+10   -0.1725600E+08   -0.6235311E+08
 337     -0.130635E+10    0.3763263E+08    0.1227943E+09
 338     -0.818432E+09   -0.3182874E+07    0.3040003E+09
 339     -0.356950E+09   -0.2825997E+07    0.4717307E+09
 340      0.444981E+08    0.2138560E+09    0.3404456E+09
 341      0.239458E+09    0.4151560E+09    0.2188950E+09
 342      0.298790E+09    0.6396920E+09    0.1231803E+09
 343      0.300354E+09    0.8437936E+09    0.3635877E+08
 344      0.241951E+09    0.9467081E+09   -0.2787000E+08
 345      0.185305E+09    0.1032998E+10   -0.1068209E+09
 346      0.127855E+09    0.1041690E+10   -0.1535833E+09
 347      0.193530E+09    0.1072047E+10   -0.1744070E+09
 348      0.302509E+09    0.1065753E+10   -0.1112141E+09
 349      0.385531E+09    0.1051356E+10   -0.6220453E+08
 350      0.431526E+09    0.9524041E+09   -0.3461326E+08
 351      0.458394E+09    0.8520186E+09   -0.5068325E+07
 352      0.427397E+09    0.6684745E+09   -0.2930934E+08
 353      0.326401E+09    0.4675478E+09   -0.6063004E+08
 354      0.917673E+08    0.2691868E+09   -0.1700583E+09
 355     -0.385473E+09    0.5002313E+08   -0.2938041E+09
 356     -0.102782E+10    0.1923336E+08   -0.2055295E+09
 357     -0.184614E+10    0.2829865E+08   -0.9864462E+08
 358     -0.179939E+10   -0.1076417E+09    0.1549688E+09
 359     -0.888918E+09    0.4469299E+08    0.2093899E+09
 360     -0.166394E+09    0.1861080E+09    0.1942483E+09
 361      0.163260E+09    0.5473088E+09   -0.1711297E+07
 362      0.301473E+09    0.9266661E+09   -0.1132260E+09
 363      0.321837E+09    0.1189195E+10   -0.1223855E+09
 364      0.305275E+09    0.1441593E+10   -0.1354781E+09
 365      0.245558E+09    0.1548419E+10   -0.1311981E+09
 366      0.197796E+09    0.1654202E+10   -0.1335934E+09
 367      0.146425E+09    0.1638532E+10   -0.1409163E+09
 368      0.148532E+09    0.1621930E+10   -0.1468435E+09
 369      0.226978E+09    0.1583644E+10   -0.7704224E+08
 370      0.306670E+09    0.1555583E+10   -0.3247711E+07
 371      0.356528E+09    0.1450462E+10    0.7673982E+08
 372      0.400731E+09    0.1342723E+10    0.1575779E+09
 373      0.399074E+09    0.1119538E+10    0.1949110E+09
 374      0.355406E+09    0.8888462E+09    0.2367575E+09
 375      0.193448E+09    0.5493531E+09    0.1470504E+09
 376     -0.182983E+09    0.2202012E+09   -0.1540736E+08
 377     -0.100697E+10    0.6523622E+08   -0.9592402E+08
 378     -0.221287E+10   -0.9515892E+08   -0.1148422E+09
 379     -0.293790E+10    0.2465010E+09    0.6087335E+09
 380     -0.809833E+09    0.2488821E+09    0.2027437E+09
 381      0.100296E+09    0.4948518E+09   -0.2614073E+09
 382      0.280755E+09    0.1246409E+10   -0.4074081E+09
 383      0.367872E+09    0.1751181E+10   -0.4634983E+09
 384      0.330698E+09    0.1995308E+10   -0.3827065E+09
 385      0.303412E+09    0.2243632E+10   -0.3093900E+09
 386      0.241112E+09    0.2318935E+10   -0.2371311E+09
 387      0.199026E+09    0.2399542E+10   -0.1683512E+09
 388      0.153206E+09    0.2369263E+10   -0.1261509E+09
 389      0.125332E+09    0.2330873E+10   -0.9677267E+08
 390      0.152423E+09    0.2234988E+10   -0.3198869E+08
 391      0.221669E+09    0.2164970E+10    0.4927578E+08
 392      0.268901E+09    0.2080271E+10    0.1864909E+09
 393      0.335533E+09    0.1991634E+10    0.3227228E+09
 394      0.360529E+09    0.1774446E+10    0.4323303E+09
 395      0.385896E+09    0.1564163E+10    0.5509796E+09
 396      0.294421E+09    0.1128660E+10    0.5226708E+09
 397      0.859751E+08    0.4800620E+09    0.4150405E+09
 398     -0.845670E+09    0.2531012E+09   -0.5899453E+08
 399     -0.317385E+10    0.2293009E+09   -0.4724955E+09
 400     -0.247221E+10   -0.4537259E+09   -0.1392372E+09
 401     -0.254235E+09    0.8107552E+09   -0.6856394E+09
 402      0.307615E+08    0.2039535E+10   -0.1068281E+10
 403      0.174084E+09    0.2465998E+10   -0.8500170E+09
 404      0.192875E+09    0.2901627E+10   -0.7105276E+09
 405      0.172227E+09    0.3036739E+10   -0.5396273E+09
 406      0.157118E+09    0.3186760E+10   -0.3785670E+09
 407      0.123636E+09    0.3204284E+10   -0.2600680E+09
 408      0.102479E+09    0.3226882E+10   -0.1453194E+09
 409      0.787098E+08    0.3174186E+10   -0.7261928E+08
 410      0.714212E+08    0.3124037E+10   -0.3643643E+07
 411      0.768376E+08    0.3027565E+10    0.6807232E+08
 412      0.107354E+09    0.2929090E+10    0.1452407E+09
 413      0.127854E+09    0.2829263E+10    0.2783296E+09
 414      0.169809E+09    0.2748612E+10    0.4142580E+09
 415      0.188620E+09    0.2615039E+10    0.5890167E+09
 416      0.203726E+09    0.2488459E+10    0.7720862E+09
 417      0.186128E+09    0.2124013E+10    0.9134605E+09
 418      0.366267E+08    0.1760716E+10    0.1138285E+10
 419     -0.256420E+09    0.6967939E+09    0.7323601E+09
 420     -0.254317E+10   -0.3891621E+09    0.2037549E+09
 421     -0.135482E+10    0.4276268E+10   -0.1070484E+10
 422      0.136178E+09    0.4374814E+10   -0.1556964E+10
 423     -0.607888E+08    0.4420910E+10   -0.1708802E+10
 424      0.437401E+08    0.4338481E+10   -0.1221107E+10
 425      0.951805E+07    0.4343290E+10   -0.9180388E+09
 426      0.156179E+08    0.4294431E+10   -0.6669233E+09
 427      0.129054E+08    0.4260070E+10   -0.4312448E+09
 428      0.106092E+08    0.4186853E+10   -0.2709903E+09
 429      0.108230E+08    0.4116892E+10   -0.1140128E+09
 430      0.809007E+07    0.4028158E+10   -0.1607427E+08
 431      0.882926E+07    0.3940918E+10    0.7991534E+08
 432      0.379352E+07    0.3861183E+10    0.1630243E+09
 433      0.215874E+06    0.3784609E+10    0.2471184E+09
 434     -0.215048E+07    0.3730603E+10    0.3701099E+09
 435      0.900091E+07    0.3678356E+10    0.4993854E+09
 436      0.197904E+08    0.3654975E+10    0.7287016E+09
 437      0.164607E+08    0.3644158E+10    0.9688087E+09
 438      0.599303E+08    0.3649323E+10    0.1255151E+10
 439     -0.366543E+08    0.3739910E+10    0.1729705E+10
 440      0.191471E+09    0.3710014E+10    0.1574585E+10
 441     -0.129757E+10    0.3605380E+10    0.1161981E+10
