   1      0.141611E+09    0.8466528E+07    0.2817150E+06
   2      0.107457E+09   -0.1947462E+08    0.1874979E+07
   3      0.960280E+08   -0.5063901E+08    0.3517873E+07
   4      0.918282E+08   -0.1108888E+09    0.3143719E+07
   5      0.968172E+08   -0.1688386E+09    0.2898904E+07
   6      0.876747E+08   -0.2329828E+09    0.3465205E+07
   7      0.710964E+08   -0.2974713E+09    0.3541088E+07
   8      0.514561E+08   -0.3502305E+09    0.3203774E+07
   9      0.536876E+07   -0.4029702E+09    0.2752818E+07
  10     -0.364642E+08   -0.4276475E+09    0.1370054E+07
  11     -0.979960E+08   -0.4507499E+09    0.1083899E+07
  12     -0.156532E+09   -0.4467249E+09    0.1484518E+07
  13     -0.215857E+09   -0.4435634E+09   -0.4396071E+04
  14     -0.243026E+09   -0.3998568E+09   -0.2426053E+07
  15     -0.262124E+09   -0.3559083E+09   -0.2978649E+07
  16     -0.237728E+09   -0.2801069E+09   -0.6263568E+07
  17     -0.183807E+09   -0.1967042E+09   -0.1089643E+08
  18     -0.450945E+08   -0.1147520E+09   -0.5778151E+07
  19      0.143371E+09   -0.3984516E+08   -0.7851168E+06
  20      0.361481E+09   -0.1488206E+08    0.6467528E+04
  21      0.639153E+09    0.9609489E+07    0.1623662E+07
  22      0.109229E+09    0.5987743E+07    0.3523674E+07
  23      0.876206E+08   -0.1599270E+08    0.2397961E+08
  24      0.825261E+08   -0.3975005E+08    0.4401703E+08
  25      0.853732E+08   -0.8861742E+08    0.5043574E+08
  26      0.931544E+08   -0.1373935E+09    0.5746113E+08
  27      0.898603E+08   -0.1908582E+09    0.5563124E+08
  28      0.775081E+08   -0.2435712E+09    0.5330780E+08
  29      0.597831E+08   -0.2851762E+09    0.4429892E+08
  30      0.196317E+08   -0.3263000E+09    0.3471367E+08
  31     -0.231756E+08   -0.3456587E+09    0.2040869E+08
  32     -0.839597E+08   -0.3650787E+09    0.7262193E+07
  33     -0.141857E+09   -0.3561866E+09   -0.7501926E+07
  34     -0.196343E+09   -0.3460482E+09   -0.2400676E+08
  35     -0.230411E+09   -0.3094817E+09   -0.3860697E+08
  36     -0.250371E+09   -0.2723423E+09   -0.5181250E+08
  37     -0.229699E+09   -0.2187530E+09   -0.6016240E+08
  38     -0.178215E+09   -0.1657374E+09   -0.7040181E+08
  39     -0.549391E+08   -0.1081005E+09   -0.6275757E+08
  40      0.121742E+09   -0.4774109E+08   -0.5157491E+08
  41      0.336503E+09   -0.1840147E+08   -0.2542297E+08
  42      0.613521E+09    0.7390927E+07   -0.9826179E+06
  43      0.752999E+08    0.5950182E+07    0.6004311E+07
  44      0.667798E+08   -0.1103842E+08    0.4561169E+08
  45      0.689635E+08   -0.2983509E+08    0.8409394E+08
  46      0.786798E+08   -0.7060252E+08    0.9714497E+08
  47      0.894566E+08   -0.1107734E+09    0.1113976E+09
  48      0.924324E+08   -0.1559211E+09    0.1074156E+09
  49      0.841302E+08   -0.2009872E+09    0.1029158E+09
  50      0.684675E+08   -0.2360054E+09    0.8502747E+08
  51      0.346682E+08   -0.2707154E+09    0.6672137E+08
  52     -0.935760E+07   -0.2873460E+09    0.3955633E+08
  53     -0.692050E+08   -0.3028353E+09    0.1287037E+08
  54     -0.126637E+09   -0.2916743E+09   -0.1714632E+08
  55     -0.176252E+09   -0.2813581E+09   -0.4756323E+08
  56     -0.216822E+09   -0.2506953E+09   -0.7437723E+08
  57     -0.237820E+09   -0.2173441E+09   -0.1011556E+09
  58     -0.221763E+09   -0.1701718E+09   -0.1131142E+09
  59     -0.171811E+09   -0.1246560E+09   -0.1267462E+09
  60     -0.636493E+08   -0.8468362E+08   -0.1176907E+09
  61      0.958525E+08   -0.4222806E+08   -0.1029828E+09
  62      0.310079E+09   -0.1594508E+08   -0.5154161E+08
  63      0.587025E+09    0.7191782E+07   -0.3652111E+07
  64     -0.176187E+07    0.4178540E+07    0.7209347E+07
  65      0.135419E+08   -0.1080487E+08    0.5992621E+08
  66      0.346171E+08   -0.2712593E+08    0.1117310E+09
  67      0.592949E+08   -0.6186162E+08    0.1301224E+09
  68      0.823144E+08   -0.9612571E+08    0.1492136E+09
  69      0.977704E+08   -0.1336423E+09    0.1440011E+09
  70      0.101351E+09   -0.1713054E+09    0.1381403E+09
  71      0.935940E+08   -0.2000617E+09    0.1126433E+09
  72      0.665472E+08   -0.2280286E+09    0.8765768E+08
  73      0.273670E+08   -0.2396747E+09    0.5129073E+08
  74     -0.281258E+08   -0.2515638E+09    0.1445001E+08
  75     -0.846839E+08   -0.2426711E+09   -0.2711939E+08
  76     -0.138578E+09   -0.2320179E+09   -0.6822345E+08
  77     -0.182245E+09   -0.2030807E+09   -0.1015852E+09
  78     -0.211871E+09   -0.1752732E+09   -0.1354553E+09
  79     -0.207846E+09   -0.1375781E+09   -0.1499276E+09
  80     -0.170780E+09   -0.9799310E+08   -0.1645383E+09
  81     -0.799647E+08   -0.6452056E+08   -0.1479014E+09
  82      0.537797E+08   -0.3240403E+08   -0.1311538E+09
  83      0.246287E+09   -0.1386779E+08   -0.7016209E+08
  84      0.501755E+09    0.3972006E+07   -0.8612109E+07
  85     -0.784505E+08    0.3610001E+07    0.9199702E+07
  86     -0.386281E+08   -0.8168576E+07    0.7426754E+08
  87     -0.224799E+06   -0.2036618E+08    0.1387633E+09
  88      0.401576E+08   -0.5048265E+08    0.1635114E+09
  89      0.751861E+08   -0.8244867E+08    0.1884212E+09
  90      0.103151E+09   -0.1172274E+09    0.1807872E+09
  91      0.118889E+09   -0.1497412E+09    0.1727620E+09
  92      0.118823E+09   -0.1736973E+09    0.1403795E+09
  93      0.979842E+08   -0.1981840E+09    0.1082816E+09
  94      0.636516E+08   -0.2073836E+09    0.6262640E+08
  95      0.130255E+08   -0.2153782E+09    0.1619585E+08
  96     -0.426798E+08   -0.2069059E+09   -0.3621208E+08
  97     -0.100966E+09   -0.1996753E+09   -0.8846169E+08
  98     -0.148688E+09   -0.1761654E+09   -0.1290564E+09
  99     -0.187036E+09   -0.1511304E+09   -0.1689530E+09
 100     -0.193151E+09   -0.1175296E+09   -0.1871872E+09
 101     -0.170107E+09   -0.8248871E+08   -0.2066019E+09
 102     -0.997867E+08   -0.4805815E+08   -0.1806999E+09
 103      0.188380E+08   -0.1573529E+08   -0.1571028E+09
 104      0.183389E+09   -0.5847382E+07   -0.8655894E+08
 105      0.414982E+09    0.3773958E+07   -0.1255328E+08
 106     -0.186394E+09    0.3786610E+07    0.9996990E+07
 107     -0.113877E+09   -0.8657434E+07    0.8590387E+08
 108     -0.526330E+08   -0.2260837E+08    0.1611429E+09
 109      0.107188E+08   -0.5055163E+08    0.1897819E+09
 110      0.666191E+08   -0.7722486E+08    0.2182332E+09
 111      0.112374E+09   -0.1050124E+09    0.2086016E+09
 112      0.142867E+09   -0.1335873E+09    0.1993202E+09
 113      0.156717E+09   -0.1562230E+09    0.1617156E+09
 114      0.145439E+09   -0.1781925E+09    0.1238495E+09
 115      0.117612E+09   -0.1853471E+09    0.6941816E+08
 116      0.730853E+08   -0.1919101E+09    0.1458179E+08
 117      0.155773E+08   -0.1830923E+09   -0.4409678E+08
 118     -0.441666E+08   -0.1739782E+09   -0.1030482E+09
 119     -0.102768E+09   -0.1520647E+09   -0.1502078E+09
 120     -0.152746E+09   -0.1293434E+09   -0.1969220E+09
 121     -0.174633E+09   -0.9993675E+08   -0.2154270E+09
 122     -0.170645E+09   -0.7241308E+08   -0.2344862E+09
 123     -0.130696E+09   -0.4724511E+08   -0.2075649E+09
 124     -0.329291E+08   -0.1925872E+08   -0.1800871E+09
 125      0.974650E+08   -0.6579414E+07   -0.9589708E+08
 126      0.296371E+09    0.3902074E+07   -0.1123626E+08
 127     -0.291934E+09    0.3890466E+07    0.1058210E+08
 128     -0.189426E+09   -0.7992736E+07    0.9794340E+08
 129     -0.103711E+09   -0.2087591E+08    0.1841831E+09
 130     -0.187094E+08   -0.4666955E+08    0.2160373E+09
 131      0.587196E+08   -0.7310941E+08    0.2478800E+09
 132      0.121148E+09   -0.1019434E+09    0.2369229E+09
 133      0.166567E+09   -0.1287975E+09    0.2263171E+09
 134      0.194510E+09   -0.1468229E+09    0.1833702E+09
 135      0.193137E+09   -0.1659369E+09    0.1402392E+09
 136      0.172419E+09   -0.1734901E+09    0.7663300E+08
 137      0.132602E+09   -0.1797519E+09    0.1329926E+08
 138      0.731984E+08   -0.1733474E+09   -0.5212012E+08
 139      0.129102E+08   -0.1674646E+09   -0.1184888E+09
 140     -0.569286E+08   -0.1487346E+09   -0.1717087E+09
 141     -0.117946E+09   -0.1295328E+09   -0.2254553E+09
 142     -0.157540E+09   -0.9985038E+08   -0.2449355E+09
 143     -0.174470E+09   -0.6907712E+08   -0.2616650E+09
 144     -0.157517E+09   -0.4476807E+08   -0.2327585E+09
 145     -0.891842E+08   -0.2055534E+08   -0.2040227E+09
 146      0.117570E+08   -0.7543381E+07   -0.1068721E+09
 147      0.181043E+09    0.4099931E+07   -0.1068709E+08
 148     -0.424176E+09    0.2897837E+07    0.1302470E+08
 149     -0.287009E+09   -0.9815865E+07    0.1101489E+09
 150     -0.167079E+09   -0.2376275E+08    0.2062580E+09
 151     -0.543336E+08   -0.5008297E+08    0.2404600E+09
 152      0.499097E+08   -0.7571688E+08    0.2748015E+09
 153      0.133825E+09   -0.9982425E+08    0.2608438E+09
 154      0.199675E+09   -0.1238626E+09    0.2465927E+09
 155      0.241450E+09   -0.1393612E+09    0.1985904E+09
 156      0.253394E+09   -0.1539440E+09    0.1507343E+09
 157      0.241087E+09   -0.1590476E+09    0.8245816E+08
 158      0.203179E+09   -0.1650760E+09    0.1463701E+08
 159      0.145550E+09   -0.1597774E+09   -0.5734787E+08
 160      0.793392E+08   -0.1534573E+09   -0.1293866E+09
 161      0.555082E+06   -0.1376791E+09   -0.1869792E+09
 162     -0.729961E+08   -0.1220801E+09   -0.2457271E+09
 163     -0.136008E+09   -0.9833737E+08   -0.2693097E+09
 164     -0.181157E+09   -0.7286427E+08   -0.2922017E+09
 165     -0.190166E+09   -0.4388532E+08   -0.2582567E+09
 166     -0.161546E+09   -0.1688737E+08   -0.2234767E+09
 167     -0.945419E+08   -0.7182102E+07   -0.1178886E+09
 168      0.386768E+08    0.2565635E+07   -0.1237537E+08
 169     -0.557287E+09    0.4580305E+07    0.1546305E+08
 170     -0.383650E+09   -0.9543129E+07    0.1228033E+09
 171     -0.231267E+09   -0.2574313E+08    0.2291992E+09
 172     -0.897136E+08   -0.5160231E+08    0.2653681E+09
 173      0.401194E+08   -0.7628701E+08    0.3018013E+09
 174      0.146648E+09   -0.9719608E+08    0.2849009E+09
 175      0.232701E+09   -0.1169703E+09    0.2676535E+09
 176      0.288897E+09   -0.1282260E+09    0.2143942E+09
 177      0.313633E+09   -0.1398285E+09    0.1614476E+09
 178      0.309810E+09   -0.1430890E+09    0.8811439E+08
 179      0.273990E+09   -0.1453451E+09    0.1507349E+08
 180      0.218920E+09   -0.1411552E+09   -0.6306706E+08
 181      0.144338E+09   -0.1380850E+09   -0.1406137E+09
 182      0.585949E+08   -0.1263113E+09   -0.2028244E+09
 183     -0.285730E+08   -0.1139781E+09   -0.2666921E+09
 184     -0.114690E+09   -0.9355129E+08   -0.2931873E+09
 185     -0.183489E+09   -0.7378794E+08   -0.3211889E+09
 186     -0.226419E+09   -0.5016976E+08   -0.2848893E+09
 187     -0.232242E+09   -0.2202818E+08   -0.2454811E+09
 188     -0.200440E+09   -0.5896149E+07   -0.1285212E+09
 189     -0.102885E+09    0.6228580E+07   -0.1190572E+08
 190     -0.721297E+09    0.2840005E+07    0.1856491E+08
 191     -0.501993E+09   -0.1130486E+08    0.1365161E+09
 192     -0.305984E+09   -0.2683296E+08    0.2530506E+09
 193     -0.126740E+09   -0.5155835E+08    0.2881700E+09
 194      0.337424E+08   -0.7588856E+08    0.3235513E+09
 195      0.169096E+09   -0.9174100E+08    0.2998501E+09
 196      0.273067E+09   -0.1057645E+09    0.2763130E+09
 197      0.344656E+09   -0.1100080E+09    0.2200516E+09
 198      0.379776E+09   -0.1144985E+09    0.1643544E+09
 199      0.384532E+09   -0.1160131E+09    0.9019614E+08
 200      0.351790E+09   -0.1183941E+09    0.1629337E+08
 201      0.299911E+09   -0.1181770E+09   -0.6323289E+08
 202      0.218203E+09   -0.1177443E+09   -0.1429024E+09
 203      0.125231E+09   -0.1112743E+09   -0.2092014E+09
 204      0.249566E+08   -0.1050558E+09   -0.2766476E+09
 205     -0.833047E+08   -0.8860713E+08   -0.3095261E+09
 206     -0.181085E+09   -0.7050438E+08   -0.3421455E+09
 207     -0.262963E+09   -0.4703808E+08   -0.3075282E+09
 208     -0.316406E+09   -0.2328597E+08   -0.2710438E+09
 209     -0.329650E+09   -0.9419637E+07   -0.1417903E+09
 210     -0.273048E+09    0.3007639E+07   -0.1307790E+08
 211     -0.882212E+09    0.5393312E+07    0.2118485E+08
 212     -0.621169E+09   -0.1144328E+08    0.1506169E+09
 213     -0.380730E+09   -0.3217475E+08    0.2786482E+09
 214     -0.164916E+09   -0.5543426E+08    0.3120555E+09
 215      0.274917E+08   -0.7326024E+08    0.3451531E+09
 216      0.191667E+09   -0.7697879E+08    0.3160220E+09
 217      0.314689E+09   -0.8252616E+08    0.2869895E+09
 218      0.400664E+09   -0.7775722E+08    0.2257967E+09
 219      0.446788E+09   -0.7079196E+08    0.1661656E+09
 220      0.459640E+09   -0.6544804E+08    0.9240255E+08
 221      0.430469E+09   -0.6231837E+08    0.1876848E+08
 222      0.381812E+09   -0.6754394E+08   -0.6300173E+08
 223      0.294643E+09   -0.7247862E+08   -0.1456595E+09
 224      0.190983E+09   -0.7769414E+08   -0.2155296E+09
 225      0.795853E+08   -0.8438748E+08   -0.2863090E+09
 226     -0.508426E+08   -0.8005438E+08   -0.3269399E+09
 227     -0.183280E+09   -0.7346839E+08   -0.3663575E+09
 228     -0.298673E+09   -0.5167396E+08   -0.3314634E+09
 229     -0.403599E+09   -0.2794614E+08   -0.2948376E+09
 230     -0.458105E+09   -0.1047428E+08   -0.1553448E+09
 231     -0.444315E+09    0.4469089E+07   -0.1650662E+08
 232     -0.108428E+10    0.1043928E+07    0.2985163E+08
 233     -0.760315E+09   -0.1635716E+08    0.1669278E+09
 234     -0.459217E+09   -0.3627461E+08    0.3018381E+09
 235     -0.189865E+09   -0.4904350E+08    0.3228443E+09
 236      0.365557E+08   -0.5907583E+08    0.3434954E+09
 237      0.224927E+09   -0.4764074E+08    0.3062181E+09
 238      0.364919E+09   -0.3442219E+08    0.2705915E+09
 239      0.459849E+09   -0.1614512E+08    0.2102781E+09
 240      0.510593E+09    0.9321365E+06    0.1517870E+09
 241      0.525879E+09    0.8637123E+07    0.8598140E+08
 242      0.505620E+09    0.1641043E+08    0.1934125E+08
 243      0.455444E+09    0.9120066E+07   -0.5361050E+08
 244      0.371682E+09   -0.1894469E+07   -0.1261925E+09
 245      0.263510E+09   -0.2070778E+08   -0.1985639E+09
 246      0.142372E+09   -0.3663374E+08   -0.2714976E+09
 247     -0.368414E+07   -0.4580569E+08   -0.3180865E+09
 248     -0.165713E+09   -0.5551721E+08   -0.3674263E+09
 249     -0.325619E+09   -0.4494681E+08   -0.3441325E+09
 250     -0.488274E+09   -0.3039912E+08   -0.3193115E+09
 251     -0.606716E+09   -0.1166378E+08   -0.1715064E+09
 252     -0.668483E+09    0.3629583E+07   -0.2117002E+08
 253     -0.128921E+10    0.3657120E+07    0.3990251E+08
 254     -0.899497E+09   -0.1531477E+08    0.1844376E+09
 255     -0.540928E+09   -0.3693544E+08    0.3258816E+09
 256     -0.214958E+09   -0.3704575E+08    0.3355723E+09
 257      0.448460E+08   -0.3200757E+08    0.3450726E+09
 258      0.259083E+09    0.3949718E+07    0.2977085E+09
 259      0.414523E+09    0.4022919E+08    0.2538747E+09
 260      0.520244E+09    0.7791116E+08    0.1959272E+09
 261      0.575826E+09    0.1145662E+09    0.1387660E+09
 262      0.592776E+09    0.1309639E+09    0.8019481E+08
 263      0.582432E+09    0.1436544E+09    0.2179369E+08
 264      0.529725E+09    0.1257378E+09   -0.4422171E+08
 265      0.447671E+09    0.1110256E+09   -0.1087747E+09
 266      0.339839E+09    0.7553346E+08   -0.1819285E+09
 267      0.204213E+09    0.3414446E+08   -0.2566863E+09
 268      0.428232E+08   -0.3714966E+06   -0.3108309E+09
 269     -0.145724E+09   -0.3263855E+08   -0.3697754E+09
 270     -0.354648E+09   -0.3337804E+08   -0.3586313E+09
 271     -0.571406E+09   -0.2717540E+08   -0.3469173E+09
 272     -0.758815E+09   -0.8405458E+07   -0.1879841E+09
 273     -0.889509E+09    0.5715948E+07   -0.2401057E+08
 274     -0.154886E+10   -0.3902836E+07    0.5489110E+08
 275     -0.104489E+10   -0.1526803E+08    0.1957667E+09
 276     -0.592367E+09   -0.3080700E+08    0.3284964E+09
 277     -0.207768E+09   -0.4578670E+07    0.3078974E+09
 278      0.853235E+08    0.2813710E+08    0.2913600E+09
 279      0.307726E+09    0.9616465E+08    0.2347744E+09
 280      0.463486E+09    0.1652671E+09    0.1836750E+09
 281      0.563402E+09    0.2283940E+09    0.1393663E+09
 282      0.619486E+09    0.2889336E+09    0.9660053E+08
 283      0.630996E+09    0.3125314E+09    0.5957201E+08
 284      0.623834E+09    0.3360912E+09    0.2378070E+08
 285      0.576666E+09    0.3133837E+09   -0.1904429E+08
 286      0.500152E+09    0.2872385E+09   -0.6253889E+08
 287      0.403451E+09    0.2247928E+09   -0.1213421E+09
 288      0.271039E+09    0.1611855E+09   -0.1821594E+09
 289      0.108558E+09    0.9349085E+08   -0.2480300E+09
 290     -0.935360E+08    0.2710186E+08   -0.3181379E+09
 291     -0.343257E+09   -0.1639194E+07   -0.3346929E+09
 292     -0.627859E+09   -0.2370950E+08   -0.3534470E+09
 293     -0.922440E+09   -0.1072362E+08   -0.1980577E+09
 294     -0.116972E+10   -0.2280735E+07   -0.3446787E+08
 295     -0.181058E+10    0.1460576E+07    0.7450212E+08
 296     -0.119408E+10   -0.1432139E+08    0.2098434E+09
 297     -0.650802E+09   -0.2590347E+08    0.3359821E+09
 298     -0.199638E+09    0.4517450E+08    0.2843140E+09
 299      0.125083E+09    0.1223715E+09    0.2386607E+09
 300      0.359794E+09    0.2460551E+09    0.1728680E+09
 301      0.514779E+09    0.3632400E+09    0.1135533E+09
 302      0.608239E+09    0.4545891E+09    0.8238488E+08
 303      0.662802E+09    0.5437297E+09    0.5378292E+08
 304      0.670599E+09    0.5767493E+09    0.3905382E+08
 305      0.664920E+09    0.6082554E+09    0.2410201E+08
 306      0.622459E+09    0.5752527E+09    0.7042798E+07
 307      0.556152E+09    0.5404324E+09   -0.1205135E+08
 308      0.466742E+09    0.4497514E+09   -0.5905064E+08
 309      0.341386E+09    0.3550617E+09   -0.1066575E+09
 310      0.179392E+09    0.2411460E+09   -0.1849100E+09
 311     -0.434879E+08    0.1237407E+09   -0.2672212E+09
 312     -0.329151E+09    0.5368205E+08   -0.3141538E+09
 313     -0.696135E+09   -0.8717430E+07   -0.3639867E+09
 314     -0.108771E+10   -0.2761783E+07   -0.2098922E+09
 315     -0.145768E+10    0.4386134E+07   -0.4691981E+08
 316     -0.212598E+10   -0.2674466E+08    0.1037555E+09
 317     -0.129747E+10   -0.2292328E+07    0.1941484E+09
 318     -0.614292E+09    0.1630263E+08    0.2630236E+09
 319     -0.123318E+09    0.1531650E+09    0.1525322E+09
 320      0.202021E+09    0.3019112E+09    0.6245731E+08
 321      0.404307E+09    0.4804259E+09    0.8011514E+07
 322      0.534546E+09    0.6559911E+09   -0.3693349E+08
 323      0.603053E+09    0.7771282E+09   -0.2977695E+08
 324      0.645158E+09    0.8948580E+09   -0.2163228E+08
 325      0.647911E+09    0.9312630E+09    0.5735290E+07
 326      0.643968E+09    0.9659648E+09    0.3244588E+08
 327      0.604530E+09    0.9209721E+09    0.5270694E+08
 328      0.559389E+09    0.8768510E+09    0.7238394E+08
 329      0.482734E+09    0.7588277E+09    0.5972826E+08
 330      0.388097E+09    0.6380434E+09    0.4643633E+08
 331      0.251225E+09    0.4685411E+09   -0.2032490E+08
 332      0.488200E+08    0.2950510E+09   -0.9395168E+08
 333     -0.239307E+09    0.1539931E+09   -0.1864958E+09
 334     -0.668436E+09    0.2632417E+08   -0.2957392E+09
 335     -0.121193E+10    0.6496243E+07   -0.1919918E+09
 336     -0.180588E+10   -0.1971005E+08   -0.6428411E+08
 337     -0.247781E+10    0.2837475E+08    0.1568060E+09
 338     -0.140483E+10    0.2021221E+08    0.1869822E+09
 339     -0.608506E+09    0.6113946E+08    0.2038329E+09
 340     -0.245717E+08    0.3372001E+09    0.2840807E+08
 341      0.283862E+09    0.5874571E+09   -0.1262154E+09
 342      0.453584E+09    0.8457510E+09   -0.1627142E+09
 343      0.555719E+09    0.1081590E+10   -0.1920238E+09
 344      0.595799E+09    0.1219706E+10   -0.1438709E+09
 345      0.626212E+09    0.1356094E+10   -0.9633700E+08
 346      0.622264E+09    0.1395609E+10   -0.2646312E+08
 347      0.620991E+09    0.1436974E+10    0.4267630E+08
 348      0.586909E+09    0.1385180E+10    0.1014929E+09
 349      0.559460E+09    0.1332810E+10    0.1605729E+09
 350      0.499220E+09    0.1189367E+10    0.1830458E+09
 351      0.435993E+09    0.1044572E+10    0.2058525E+09
 352      0.327749E+09    0.8142036E+09    0.1519451E+09
 353      0.149671E+09    0.5669213E+09    0.9070280E+08
 354     -0.130218E+09    0.3313699E+09   -0.6409903E+08
 355     -0.664243E+09    0.7196056E+08   -0.2369895E+09
 356     -0.134324E+10    0.2578968E+08   -0.1822016E+09
 357     -0.218405E+10    0.2250614E+08   -0.1031149E+09
 358     -0.275712E+10   -0.1244022E+09    0.1796120E+09
 359     -0.131725E+10    0.7901299E+08    0.5210700E+08
 360     -0.349216E+09    0.2764072E+09   -0.1283179E+09
 361      0.109490E+09    0.6781295E+09   -0.3437404E+09
 362      0.322983E+09    0.1087461E+10   -0.4761856E+09
 363      0.416696E+09    0.1370029E+10   -0.4304471E+09
 364      0.478341E+09    0.1644907E+10   -0.3882815E+09
 365      0.494567E+09    0.1784697E+10   -0.2814753E+09
 366      0.514751E+09    0.1926609E+10   -0.1783802E+09
 367      0.508311E+09    0.1963984E+10   -0.6149166E+08
 368      0.508791E+09    0.2003372E+10    0.5461983E+08
 369      0.484856E+09    0.1947396E+10    0.1608598E+09
 370      0.468918E+09    0.1893795E+10    0.2671212E+09
 371      0.429364E+09    0.1738454E+10    0.3423611E+09
 372      0.395301E+09    0.1584346E+10    0.4199680E+09
 373      0.328549E+09    0.1309210E+10    0.4292055E+09
 374      0.224364E+09    0.1025137E+10    0.4421959E+09
 375      0.225075E+08    0.6363614E+09    0.3005908E+09
 376     -0.396824E+09    0.2578996E+09    0.8344716E+08
 377     -0.126898E+10    0.7993049E+08   -0.5242095E+08
 378     -0.253905E+10   -0.1019848E+09   -0.1209979E+09
 379     -0.366342E+10    0.2595351E+09    0.6262860E+09
 380     -0.106661E+10    0.2969581E+09   -0.8347606E+07
 381     -0.397988E+08    0.5876385E+09   -0.6496479E+09
 382      0.236627E+09    0.1358577E+10   -0.7782000E+09
 383      0.363262E+09    0.1865988E+10   -0.8387727E+09
 384      0.364949E+09    0.2118071E+10   -0.7067792E+09
 385      0.391055E+09    0.2379396E+10   -0.5810396E+09
 386      0.387229E+09    0.2494646E+10   -0.4157486E+09
 387      0.399535E+09    0.2618001E+10   -0.2558180E+09
 388      0.391540E+09    0.2646903E+10   -0.9249505E+08
 389      0.394304E+09    0.2679707E+10    0.7054345E+08
 390      0.379951E+09    0.2628655E+10    0.2227386E+09
 391      0.375009E+09    0.2580712E+10    0.3757291E+09
 392      0.354775E+09    0.2435960E+10    0.5063528E+09
 393      0.349227E+09    0.2297828E+10    0.6389558E+09
 394      0.318817E+09    0.2019327E+10    0.7227726E+09
 395      0.301656E+09    0.1747224E+10    0.8140572E+09
 396      0.175344E+09    0.1252399E+10    0.7264739E+09
 397     -0.629672E+08    0.5400823E+09    0.5583176E+09
 398     -0.104958E+10    0.2754540E+09    0.5004995E+07
 399     -0.350869E+10    0.2191616E+09   -0.4803957E+09
 400     -0.282148E+10   -0.4596385E+09   -0.1609468E+09
 401     -0.384712E+09    0.8387066E+09   -0.8879100E+09
 402     -0.628840E+08    0.2072625E+10   -0.1407429E+10
 403      0.137861E+09    0.2465181E+10   -0.1198667E+10
 404      0.180310E+09    0.2885101E+10   -0.1077698E+10
 405      0.178052E+09    0.3037431E+10   -0.8815404E+09
 406      0.190300E+09    0.3209393E+10   -0.6965637E+09
 407      0.191258E+09    0.3293218E+10   -0.5006394E+09
 408      0.200439E+09    0.3383718E+10   -0.3057651E+09
 409      0.197666E+09    0.3406581E+10   -0.1109495E+09
 410      0.201273E+09    0.3432392E+10    0.8351200E+08
 411      0.195657E+09    0.3391213E+10    0.2695718E+09
 412      0.193163E+09    0.3352546E+10    0.4554844E+09
 413      0.185466E+09    0.3241168E+10    0.6262773E+09
 414      0.183273E+09    0.3134207E+10    0.7979547E+09
 415      0.171284E+09    0.2925825E+10    0.9481620E+09
 416      0.166111E+09    0.2732154E+10    0.1107123E+10
 417      0.129321E+09    0.2299508E+10    0.1186330E+10
 418     -0.365054E+08    0.1865739E+10    0.1354721E+10
 419     -0.355890E+09    0.7447112E+09    0.8477283E+09
 420     -0.275053E+10   -0.3960253E+09    0.2190269E+09
 421     -0.132948E+10    0.4513526E+10   -0.1070253E+10
 422      0.121952E+09    0.4399631E+10   -0.1715837E+10
 423     -0.870244E+08    0.4239776E+10   -0.1993658E+10
 424      0.226629E+08    0.4092985E+10   -0.1549686E+10
 425     -0.549746E+07    0.4021324E+10   -0.1285947E+10
 426     -0.246371E+07    0.4044152E+10   -0.1034234E+10
 427     -0.385253E+07    0.4089800E+10   -0.8029197E+09
 428      0.858549E+06    0.4148188E+10   -0.5785082E+09
 429      0.570038E+07    0.4207158E+10   -0.3520133E+09
 430      0.816391E+07    0.4232321E+10   -0.1263425E+09
 431      0.122716E+08    0.4258081E+10    0.9871696E+08
 432      0.150507E+08    0.4232764E+10    0.3177725E+09
 433      0.161351E+08    0.4208451E+10    0.5352673E+09
 434      0.201990E+08    0.4143940E+10    0.7428621E+09
 435      0.209081E+08    0.4082068E+10    0.9514667E+09
 436      0.274814E+08    0.4000870E+10    0.1157450E+10
 437      0.246749E+08    0.3933602E+10    0.1377520E+10
 438      0.652947E+08    0.3864573E+10    0.1600337E+10
 439     -0.338507E+08    0.3880955E+10    0.2022146E+10
 440      0.194192E+09    0.3778026E+10    0.1752466E+10
 441     -0.135447E+10    0.3598704E+10    0.1218404E+10
