   1     -0.632234E+09    0.4004189E+07   -0.3672154E+06
   2     -0.546760E+09   -0.7474508E+07   -0.7597238E+05
   3     -0.437235E+09   -0.2012458E+08    0.1129423E+06
   4     -0.314494E+09   -0.4852015E+08    0.8364397E+05
   5     -0.180187E+09   -0.7642865E+08    0.1527366E+06
   6     -0.416486E+08   -0.1091507E+09    0.2605319E+06
   7      0.978115E+08   -0.1413599E+09    0.4174914E+06
   8      0.234472E+09   -0.1722660E+09    0.7234193E+06
   9      0.367285E+09   -0.1983450E+09    0.1331292E+07
  10      0.494004E+09   -0.2508504E+09    0.9361878E+07
  11      0.596761E+09   -0.3172193E+09    0.1695164E+08
  12      0.628650E+09   -0.3766874E+09    0.8468959E+07
  13      0.607244E+09   -0.4245744E+09   -0.6544553E+05
  14      0.543338E+09   -0.4118318E+09   -0.1208390E+07
  15      0.418510E+09   -0.4015314E+09   -0.1830227E+07
  16      0.239466E+09   -0.3479226E+09   -0.4269150E+07
  17     -0.367899E+07   -0.2896069E+09   -0.7060113E+07
  18     -0.295640E+09   -0.2030224E+09   -0.6777810E+07
  19     -0.601355E+09   -0.1135939E+09   -0.7633840E+07
  20     -0.913505E+09   -0.4698411E+08   -0.6400995E+07
  21     -0.113091E+10    0.1323124E+08   -0.4076840E+07
  22     -0.645703E+09    0.3279208E+07    0.1256792E+07
  23     -0.557279E+09   -0.8717148E+07    0.1176687E+08
  24     -0.444783E+09   -0.2155538E+08    0.2223070E+08
  25     -0.319191E+09   -0.4923928E+08    0.2686982E+08
  26     -0.182439E+09   -0.7673405E+08    0.3141346E+08
  27     -0.418582E+08   -0.1087746E+09    0.3150279E+08
  28      0.987226E+08   -0.1401967E+09    0.3145112E+08
  29      0.235803E+09   -0.1700272E+09    0.3000664E+08
  30      0.365742E+09   -0.1999770E+09    0.2852775E+08
  31      0.487365E+09   -0.2233598E+09    0.3443917E+08
  32      0.591465E+09   -0.2467439E+09    0.4365025E+08
  33      0.644695E+09   -0.2696838E+09    0.3180653E+08
  34      0.630234E+09   -0.2944285E+09    0.1483955E+08
  35      0.563708E+09   -0.2908763E+09   -0.7565120E+07
  36      0.437687E+09   -0.2837568E+09   -0.2807004E+08
  37      0.256426E+09   -0.2425015E+09   -0.4492794E+08
  38      0.860940E+07   -0.2014269E+09   -0.6223887E+08
  39     -0.289548E+09   -0.1398762E+09   -0.6803329E+08
  40     -0.610418E+09   -0.7279384E+08   -0.7578675E+08
  41     -0.943456E+09   -0.2828647E+08   -0.4544574E+08
  42     -0.120910E+10    0.1002412E+08   -0.1238359E+08
  43     -0.659086E+09    0.4010205E+07    0.2519861E+07
  44     -0.567761E+09   -0.7611612E+07    0.2353816E+08
  45     -0.452322E+09   -0.2047757E+08    0.4446468E+08
  46     -0.323934E+09   -0.4866487E+08    0.5372387E+08
  47     -0.184774E+09   -0.7639218E+08    0.6279991E+08
  48     -0.422386E+08   -0.1075086E+09    0.6288590E+08
  49      0.993465E+08   -0.1384375E+09    0.6274662E+08
  50      0.236535E+09   -0.1639267E+09    0.5927317E+08
  51      0.363393E+09   -0.1900103E+09    0.5574289E+08
  52      0.479624E+09   -0.2006568E+09    0.5677749E+08
  53      0.582998E+09   -0.2052441E+09    0.6326170E+08
  54      0.661213E+09   -0.2018240E+09    0.5315749E+08
  55      0.657194E+09   -0.2076722E+09    0.3293762E+08
  56      0.586387E+09   -0.2073379E+09   -0.1251710E+08
  57      0.458495E+09   -0.2021036E+09   -0.5295858E+08
  58      0.274929E+09   -0.1714469E+09   -0.8452837E+08
  59      0.221394E+08   -0.1378366E+09   -0.1173902E+09
  60     -0.282489E+09   -0.9081416E+08   -0.1283838E+09
  61     -0.619650E+09   -0.4311249E+08   -0.1423643E+09
  62     -0.976162E+09   -0.1590292E+08   -0.8302195E+08
  63     -0.129368E+10    0.7945612E+07   -0.1902625E+08
  64     -0.699815E+09    0.3275422E+07    0.4009993E+07
  65     -0.599316E+09   -0.9015357E+07    0.3554959E+08
  66     -0.474570E+09   -0.2227183E+08    0.6694982E+08
  67     -0.337293E+09   -0.4956744E+08    0.8005605E+08
  68     -0.190370E+09   -0.7669533E+08    0.9291863E+08
  69     -0.412914E+08   -0.1059165E+09    0.9139275E+08
  70      0.104857E+09   -0.1348694E+09    0.8978029E+08
  71      0.244970E+09   -0.1564503E+09    0.8030797E+08
  72      0.372808E+09   -0.1777923E+09    0.7098218E+08
  73      0.489144E+09   -0.1842205E+09    0.6007965E+08
  74      0.588229E+09   -0.1896622E+09    0.5151437E+08
  75      0.671624E+09   -0.1788415E+09    0.4082423E+08
  76      0.702590E+09   -0.1682503E+09    0.2484811E+08
  77      0.635392E+09   -0.1541374E+09   -0.2414410E+08
  78      0.503936E+09   -0.1401249E+09   -0.7082480E+08
  79      0.314078E+09   -0.1152637E+09   -0.1087344E+09
  80      0.510506E+08   -0.8976945E+08   -0.1476480E+09
  81     -0.271402E+09   -0.5950398E+08   -0.1577244E+09
  82     -0.643951E+09   -0.2750865E+08   -0.1700266E+09
  83     -0.105332E+10   -0.1036981E+08   -0.9682363E+08
  84     -0.144712E+10    0.4579276E+07   -0.1905367E+08
  85     -0.740395E+09    0.4051199E+07    0.5524050E+07
  86     -0.630813E+09   -0.8113895E+07    0.4759858E+08
  87     -0.496785E+09   -0.2171244E+08    0.8948308E+08
  88     -0.350649E+09   -0.4955556E+08    0.1064212E+09
  89     -0.195926E+09   -0.7684180E+08    0.1230609E+09
  90     -0.402465E+08   -0.1046833E+09    0.1198777E+09
  91      0.110645E+09   -0.1321508E+09    0.1166507E+09
  92      0.254015E+09   -0.1507182E+09    0.1013600E+09
  93      0.383243E+09   -0.1689981E+09    0.8612405E+08
  94      0.499981E+09   -0.1725919E+09    0.6615911E+08
  95      0.596962E+09   -0.1760168E+09    0.4690419E+08
  96      0.680867E+09   -0.1567936E+09    0.2860891E+08
  97      0.742410E+09   -0.1356782E+09    0.1153803E+08
  98      0.683192E+09   -0.1191414E+09   -0.3671805E+08
  99      0.549766E+09   -0.1045111E+09   -0.8963560E+08
 100      0.352370E+09   -0.8172402E+08   -0.1340758E+09
 101      0.795274E+08   -0.5724504E+08   -0.1777539E+09
 102     -0.260617E+09   -0.3524015E+08   -0.1871900E+09
 103     -0.668990E+09   -0.1385342E+08   -0.1978552E+09
 104     -0.112906E+10   -0.5247722E+07   -0.1112779E+09
 105     -0.159623E+10    0.2786083E+07   -0.2041760E+08
 106     -0.809827E+09    0.3270567E+07    0.7579220E+07
 107     -0.683531E+09   -0.9749730E+07    0.6023678E+08
 108     -0.532633E+09   -0.2394567E+08    0.1125976E+09
 109     -0.370582E+09   -0.5074323E+08    0.1319981E+09
 110     -0.201986E+09   -0.7719451E+08    0.1510355E+09
 111     -0.346483E+08   -0.1026481E+09    0.1445237E+09
 112      0.125196E+09   -0.1276444E+09    0.1380020E+09
 113      0.275116E+09   -0.1428362E+09    0.1161058E+09
 114      0.408791E+09   -0.1577698E+09    0.9438501E+08
 115      0.527626E+09   -0.1580715E+09    0.6633431E+08
 116      0.625888E+09   -0.1578462E+09    0.3851705E+08
 117      0.707774E+09   -0.1421012E+09    0.1059569E+08
 118      0.767421E+09   -0.1254417E+09   -0.1386947E+08
 119      0.735215E+09   -0.1007755E+09   -0.5903098E+08
 120      0.603592E+09   -0.7699771E+08   -0.1102344E+09
 121      0.393667E+09   -0.5791146E+08   -0.1533251E+09
 122      0.110243E+09   -0.3833073E+08   -0.1962787E+09
 123     -0.256027E+09   -0.2330280E+08   -0.2009949E+09
 124     -0.706319E+09   -0.8770506E+07   -0.2067543E+09
 125     -0.122067E+10   -0.3565041E+07   -0.1159737E+09
 126     -0.177457E+10    0.1627849E+07   -0.2056649E+08
 127     -0.879081E+09    0.4087295E+07    0.9697290E+07
 128     -0.736212E+09   -0.9076381E+07    0.7298956E+08
 129     -0.568493E+09   -0.2395977E+08    0.1358709E+09
 130     -0.390555E+09   -0.5105212E+08    0.1577513E+09
 131     -0.208036E+09   -0.7725422E+08    0.1792139E+09
 132     -0.289574E+08   -0.1003713E+09    0.1693927E+09
 133      0.139903E+09   -0.1228923E+09    0.1595995E+09
 134      0.296466E+09   -0.1345815E+09    0.1311231E+09
 135      0.434467E+09   -0.1459602E+09    0.1029021E+09
 136      0.555559E+09   -0.1436616E+09    0.6657224E+08
 137      0.654696E+09   -0.1414724E+09    0.3028072E+08
 138      0.735627E+09   -0.1245057E+09   -0.5525849E+07
 139      0.793350E+09   -0.1052210E+09   -0.3811329E+08
 140      0.786734E+09   -0.7941854E+08   -0.8267283E+08
 141      0.655461E+09   -0.5611429E+08   -0.1316328E+09
 142      0.434488E+09   -0.3879813E+08   -0.1730808E+09
 143      0.140791E+09   -0.2057452E+08   -0.2153082E+09
 144     -0.252594E+09   -0.1077757E+08   -0.2153115E+09
 145     -0.742397E+09   -0.7404837E+06   -0.2170101E+09
 146     -0.131144E+10    0.9793629E+06   -0.1209958E+09
 147     -0.195219E+10    0.2154442E+07   -0.1958347E+08
 148     -0.980004E+09    0.3121449E+07    0.1282938E+08
 149     -0.810061E+09   -0.1087352E+08    0.8645077E+08
 150     -0.615826E+09   -0.2635143E+08    0.1593918E+09
 151     -0.413660E+09   -0.5142140E+08    0.1813072E+09
 152     -0.210902E+09   -0.7572314E+08    0.2027762E+09
 153     -0.155234E+08   -0.9468656E+08    0.1877900E+09
 154      0.165319E+09   -0.1129717E+09    0.1729913E+09
 155      0.330186E+09   -0.1199092E+09    0.1381865E+09
 156      0.473623E+09   -0.1265865E+09    0.1037890E+09
 157      0.597454E+09   -0.1213100E+09    0.6155535E+08
 158      0.697724E+09   -0.1160683E+09    0.1958402E+08
 159      0.777319E+09   -0.9927412E+08   -0.2223295E+08
 160      0.832154E+09   -0.8103998E+08   -0.6271913E+08
 161      0.831004E+09   -0.5825905E+08   -0.1047711E+09
 162      0.697941E+09   -0.3711947E+08   -0.1484915E+09
 163      0.473846E+09   -0.2410501E+08   -0.1865896E+09
 164      0.161620E+09   -0.1043118E+08   -0.2254214E+09
 165     -0.256919E+09   -0.3818378E+07   -0.2211409E+09
 166     -0.784137E+09    0.1890590E+07   -0.2189866E+09
 167     -0.141103E+10    0.8748327E+06   -0.1205044E+09
 168     -0.212812E+10    0.4191458E+06   -0.1702552E+08
 169     -0.108078E+10    0.3857858E+07    0.1611251E+08
 170     -0.884001E+09   -0.1036182E+08    0.1001543E+09
 171     -0.663356E+09   -0.2667556E+08    0.1832474E+09
 172     -0.436967E+09   -0.5035865E+08    0.2052468E+09
 173     -0.213878E+09   -0.7251585E+08    0.2267862E+09
 174     -0.204903E+07   -0.8583530E+08    0.2066236E+09
 175      0.190886E+09   -0.9831773E+08    0.1868129E+09
 176      0.364204E+09   -0.9878653E+08    0.1456123E+09
 177      0.513129E+09   -0.9909754E+08    0.1049989E+09
 178      0.639708E+09   -0.9005381E+08    0.5675368E+08
 179      0.741191E+09   -0.8142508E+08    0.8853922E+07
 180      0.819674E+09   -0.6501240E+08   -0.3930484E+08
 181      0.871853E+09   -0.4684633E+08   -0.8736535E+08
 182      0.874746E+09   -0.2678415E+08   -0.1269690E+09
 183      0.740407E+09   -0.7747510E+07   -0.1664588E+09
 184      0.513460E+09   -0.1035435E+07   -0.1999803E+09
 185      0.180502E+09    0.2933068E+07   -0.2342968E+09
 186     -0.260433E+09    0.1919535E+07   -0.2278361E+09
 187     -0.829050E+09    0.3531162E+07   -0.2217631E+09
 188     -0.150992E+10    0.1870589E+07   -0.1202271E+09
 189     -0.230352E+10   -0.2479243E+06   -0.1566300E+08
 190     -0.121671E+10    0.2375526E+07    0.2120055E+08
 191     -0.977337E+09   -0.1197481E+08    0.1137926E+09
 192     -0.717281E+09   -0.2823434E+08    0.2048131E+09
 193     -0.456962E+09   -0.4680423E+08    0.2220477E+09
 194     -0.207944E+09   -0.6379865E+08    0.2389787E+09
 195      0.228380E+08   -0.6825303E+08    0.2112622E+09
 196      0.228035E+09   -0.7178333E+08    0.1843096E+09
 197      0.408420E+09   -0.6353038E+08    0.1385191E+09
 198      0.561349E+09   -0.5521938E+08    0.9363100E+08
 199      0.688935E+09   -0.4157615E+08    0.4416323E+08
 200      0.791191E+09   -0.2838447E+08   -0.4697446E+07
 201      0.868828E+09   -0.1436741E+08   -0.5321052E+08
 202      0.920743E+09    0.2922883E+06   -0.1032695E+09
 203      0.907455E+09    0.1274218E+08   -0.1388124E+09
 204      0.772293E+09    0.2428694E+08   -0.1721002E+09
 205      0.541766E+09    0.2283914E+08   -0.1983596E+09
 206      0.195914E+09    0.2123066E+08   -0.2273497E+09
 207     -0.266638E+09    0.1365880E+08   -0.2211764E+09
 208     -0.876350E+09    0.5444584E+07   -0.2157332E+09
 209     -0.160811E+10    0.2033767E+07   -0.1176706E+09
 210     -0.247173E+10   -0.5565348E+06   -0.1523020E+08
 211     -0.135230E+10    0.2841328E+07    0.2656330E+08
 212     -0.107124E+10   -0.1152498E+08    0.1279286E+09
 213     -0.771811E+09   -0.2826623E+08    0.2271077E+09
 214     -0.477380E+09   -0.4052425E+08    0.2395663E+09
 215     -0.202321E+09   -0.5017888E+08    0.2519486E+09
 216      0.478348E+08   -0.4147015E+08    0.2166073E+09
 217      0.265424E+09   -0.3180756E+08    0.1824168E+09
 218      0.453124E+09   -0.1087711E+08    0.1319198E+09
 219      0.610073E+09    0.9714934E+07    0.8268023E+08
 220      0.738855E+09    0.2981159E+08    0.3177959E+08
 221      0.841447E+09    0.4937572E+08   -0.1815372E+08
 222      0.918346E+09    0.6101440E+08   -0.6682279E+08
 223      0.974136E+09    0.7315714E+08   -0.1195275E+09
 224      0.940314E+09    0.7238829E+08   -0.1513149E+09
 225      0.803006E+09    0.6933108E+08   -0.1775820E+09
 226      0.568755E+09    0.5424030E+08   -0.1978073E+09
 227      0.212517E+09    0.3906517E+08   -0.2226509E+09
 228     -0.275477E+09    0.2312364E+08   -0.2146498E+09
 229     -0.919098E+09    0.7921062E+07   -0.2093042E+09
 230     -0.170824E+10    0.2763360E+07   -0.1154510E+09
 231     -0.263708E+10   -0.1885511E+07   -0.1491341E+08
 232     -0.152668E+10   -0.2310971E+06    0.3565482E+08
 233     -0.117688E+10   -0.1224890E+08    0.1392412E+09
 234     -0.820532E+09   -0.2661853E+08    0.2392171E+09
 235     -0.482308E+09   -0.2632452E+08    0.2377495E+09
 236     -0.178569E+09   -0.2312716E+08    0.2370196E+09
 237      0.881265E+08    0.3789096E+07    0.1916570E+09
 238      0.312935E+09    0.3170950E+08    0.1483791E+09
 239      0.501190E+09    0.6843018E+08    0.9816367E+08
 240      0.656774E+09    0.1047135E+09    0.4970536E+08
 241      0.782114E+09    0.1318804E+09    0.6692227E+07
 242      0.884273E+09    0.1581301E+09   -0.3642391E+08
 243      0.959220E+09    0.1685998E+09   -0.7564084E+08
 244      0.100707E+10    0.1785836E+09   -0.1137360E+09
 245      0.956115E+09    0.1563356E+09   -0.1299304E+09
 246      0.822471E+09    0.1324555E+09   -0.1461887E+09
 247      0.589503E+09    0.9861897E+08   -0.1662704E+09
 248      0.229912E+09    0.6459185E+08   -0.1895962E+09
 249     -0.278469E+09    0.3811705E+08   -0.1898771E+09
 250     -0.949728E+09    0.1294193E+08   -0.1921132E+09
 251     -0.179636E+10    0.4445312E+07   -0.1077779E+09
 252     -0.279271E+10   -0.3846449E+07   -0.1807119E+08
 253     -0.170326E+10   -0.2103084E+06    0.4634072E+08
 254     -0.128315E+10   -0.1141738E+08    0.1516555E+09
 255     -0.871363E+09   -0.2397444E+08    0.2524665E+09
 256     -0.487858E+09   -0.5786366E+07    0.2372383E+09
 257     -0.155540E+09    0.1615112E+08    0.2234358E+09
 258      0.129134E+09    0.7027396E+08    0.1676837E+09
 259      0.360831E+09    0.1245925E+09    0.1148681E+09
 260      0.550124E+09    0.1834344E+09    0.6485664E+08
 261      0.704263E+09    0.2408789E+09    0.1701745E+08
 262      0.826052E+09    0.2787343E+09   -0.1895511E+08
 263      0.929724E+09    0.3168125E+09   -0.5668482E+08
 264      0.100326E+10    0.3174475E+09   -0.8558529E+08
 265      0.103247E+10    0.3143742E+09   -0.1068592E+09
 266      0.972255E+09    0.2679049E+09   -0.1071442E+09
 267      0.843551E+09    0.2200407E+09   -0.1138931E+09
 268      0.611011E+09    0.1606859E+09   -0.1349850E+09
 269      0.244978E+09    0.1013774E+09   -0.1576652E+09
 270     -0.280700E+09    0.5657284E+08   -0.1661623E+09
 271     -0.987126E+09    0.1344693E+08   -0.1760476E+09
 272     -0.188331E+10    0.4475616E+07   -0.1006795E+09
 273     -0.295121E+10   -0.3581621E+07   -0.2124084E+08
 274     -0.191404E+10   -0.6762203E+07    0.6015766E+08
 275     -0.138048E+10   -0.6970053E+07    0.1525433E+09
 276     -0.889766E+09   -0.1029399E+08    0.2372793E+09
 277     -0.456781E+09    0.3496438E+08    0.1919560E+09
 278     -0.101482E+09    0.8573285E+08    0.1508519E+09
 279      0.185536E+09    0.1734090E+09    0.8593819E+08
 280      0.410846E+09    0.2613164E+09    0.2567422E+08
 281      0.586205E+09    0.3444697E+09   -0.1279802E+08
 282      0.729302E+09    0.4259539E+09   -0.4873292E+08
 283      0.841229E+09    0.4727555E+09   -0.6232599E+08
 284      0.937378E+09    0.5207088E+09   -0.7655545E+08
 285      0.996989E+09    0.5038056E+09   -0.6653372E+08
 286      0.101126E+10    0.4797020E+09   -0.5210274E+08
 287      0.963196E+09    0.4073793E+09   -0.3868723E+08
 288      0.849949E+09    0.3371727E+09   -0.2859393E+08
 289      0.631373E+09    0.2470787E+09   -0.4777038E+08
 290      0.274301E+09    0.1552993E+09   -0.7092273E+08
 291     -0.252471E+09    0.8683777E+08   -0.1018296E+09
 292     -0.989270E+09    0.2268487E+08   -0.1375980E+09
 293     -0.194114E+10    0.7944470E+07   -0.8646634E+08
 294     -0.309333E+10   -0.8038214E+07   -0.2756224E+08
 295     -0.212809E+10   -0.1125951E+07    0.7533265E+08
 296     -0.148071E+10   -0.1397046E+07    0.1543627E+09
 297     -0.914936E+09    0.3496598E+07    0.2256558E+09
 298     -0.424502E+09    0.9327853E+08    0.1496395E+09
 299     -0.485292E+08    0.1867688E+09    0.7943094E+08
 300      0.245204E+09    0.3251471E+09    0.4757296E+07
 301      0.463354E+09    0.4583795E+09   -0.6495458E+08
 302      0.624359E+09    0.5727211E+09   -0.9252318E+08
 303      0.755408E+09    0.6872861E+09   -0.1181079E+09
 304      0.856472E+09    0.7354040E+09   -0.1043175E+09
 305      0.941660E+09    0.7749415E+09   -0.8868898E+08
 306      0.985058E+09    0.7341623E+09   -0.4259628E+08
 307      0.995289E+09    0.6975007E+09    0.4013510E+07
 308      0.956551E+09    0.6046547E+09    0.3105699E+08
 309      0.857854E+09    0.5073537E+09    0.5773845E+08
 310      0.655385E+09    0.3774785E+09    0.3873016E+08
 311      0.304214E+09    0.2426023E+09    0.1458313E+08
 312     -0.223471E+09    0.1337950E+09   -0.4084647E+08
 313     -0.995776E+09    0.2631401E+08   -0.1030266E+09
 314     -0.200366E+10    0.7148010E+07   -0.7444259E+08
 315     -0.323583E+10   -0.4915862E+07   -0.3694640E+08
 316     -0.232764E+10   -0.2799067E+08    0.9461980E+08
 317     -0.152834E+10    0.1268530E+08    0.1243236E+09
 318     -0.845388E+09    0.4874975E+08    0.1362940E+09
 319     -0.326894E+09    0.1984973E+09    0.6914407E+07
 320      0.421471E+08    0.3584339E+09   -0.1058490E+09
 321      0.299133E+09    0.5473092E+09   -0.1706002E+09
 322      0.486618E+09    0.7332755E+09   -0.2266363E+09
 323      0.613639E+09    0.8600161E+09   -0.2150120E+09
 324      0.723060E+09    0.9822918E+09   -0.2031292E+09
 325      0.799285E+09    0.1022310E+10   -0.1442888E+09
 326      0.868183E+09    0.1062797E+10   -0.8332005E+08
 327      0.903945E+09    0.1024886E+10   -0.1163053E+07
 328      0.923177E+09    0.9871537E+09    0.8130411E+08
 329      0.897040E+09    0.8732270E+09    0.1458909E+09
 330      0.824899E+09    0.7574652E+09    0.2112761E+09
 331      0.658911E+09    0.5789717E+09    0.2126983E+09
 332      0.359527E+09    0.3953490E+09    0.2065650E+09
 333     -0.136397E+09    0.2282120E+09    0.1143086E+09
 334     -0.901243E+09    0.6959441E+08    0.3906705E+07
 335     -0.198855E+10    0.2234257E+08   -0.3526156E+08
 336     -0.336157E+10   -0.2712692E+08   -0.5514198E+08
 337     -0.254825E+10    0.2905902E+08    0.1392649E+09
 338     -0.157730E+10    0.1685896E+08    0.1024688E+09
 339     -0.811921E+09    0.5396002E+08    0.5859866E+08
 340     -0.210152E+09    0.3262771E+09   -0.1275243E+09
 341      0.137956E+09    0.5709944E+09   -0.3019024E+09
 342      0.356102E+09    0.8296025E+09   -0.3508047E+09
 343      0.509665E+09    0.1067210E+10   -0.3914190E+09
 344      0.599826E+09    0.1217536E+10   -0.3380568E+09
 345      0.687593E+09    0.1366148E+10   -0.2850710E+09
 346      0.740321E+09    0.1417121E+10   -0.1841373E+09
 347      0.794032E+09    0.1469043E+10   -0.8263318E+08
 348      0.824826E+09    0.1430552E+10    0.3873842E+08
 349      0.849723E+09    0.1394306E+10    0.1607157E+09
 350      0.837170E+09    0.1259818E+10    0.2642925E+09
 351      0.793717E+09    0.1123293E+10    0.3701901E+09
 352      0.666694E+09    0.8919930E+09    0.3935436E+09
 353      0.422649E+09    0.6420383E+09    0.4102478E+09
 354     -0.294750E+08    0.3847077E+09    0.2627448E+09
 355     -0.834774E+09    0.1004792E+09    0.9831981E+08
 356     -0.197835E+10    0.3729622E+08   -0.3807149E+07
 357     -0.351841E+10    0.1992696E+08   -0.9158087E+08
 358     -0.271998E+10   -0.1177644E+09    0.1704616E+09
 359     -0.143818E+10    0.5972281E+08   -0.6348739E+07
 360     -0.512715E+09    0.2257319E+09   -0.2387138E+09
 361     -0.510811E+08    0.6040349E+09   -0.4829966E+09
 362      0.201523E+09    0.9961347E+09   -0.6459477E+09
 363      0.337601E+09    0.1282225E+10   -0.6208518E+09
 364      0.439846E+09    0.1560929E+10   -0.5996985E+09
 365      0.495339E+09    0.1716298E+10   -0.4910010E+09
 366      0.557481E+09    0.1873672E+10   -0.3854789E+09
 367      0.594517E+09    0.1928549E+10   -0.2368940E+09
 368      0.635566E+09    0.1985631E+10   -0.8909865E+08
 369      0.659192E+09    0.1945806E+10    0.7934944E+08
 370      0.684770E+09    0.1908906E+10    0.2493195E+09
 371      0.682045E+09    0.1766701E+10    0.4093275E+09
 372      0.665888E+09    0.1626760E+10    0.5730707E+09
 373      0.585042E+09    0.1357543E+10    0.6638414E+09
 374      0.435281E+09    0.1080488E+10    0.7614535E+09
 375      0.106384E+09    0.6818235E+09    0.6373233E+09
 376     -0.520941E+09    0.2876036E+09    0.4386938E+09
 377     -0.174008E+10    0.8943571E+08    0.1381241E+09
 378     -0.358917E+10   -0.1098966E+09   -0.1094393E+09
 379     -0.353523E+10    0.2648891E+09    0.6311126E+09
 380     -0.114212E+10    0.2640988E+09   -0.3015058E+08
 381     -0.155198E+09    0.5096343E+09   -0.7097783E+09
 382      0.107200E+09    0.1254024E+10   -0.8952035E+09
 383      0.264066E+09    0.1746589E+10   -0.1005849E+10
 384      0.309427E+09    0.2010173E+10   -0.9042669E+09
 385      0.362156E+09    0.2279460E+10   -0.8114822E+09
 386      0.385512E+09    0.2409530E+10   -0.6465094E+09
 387      0.424510E+09    0.2547024E+10   -0.4865409E+09
 388      0.443791E+09    0.2588937E+10   -0.2894732E+09
 389      0.475579E+09    0.2635100E+10   -0.9348379E+08
 390      0.488825E+09    0.2598370E+10    0.1226307E+09
 391      0.516202E+09    0.2566932E+10    0.3409195E+09
 392      0.521657E+09    0.2439696E+10    0.5590955E+09
 393      0.532953E+09    0.2319188E+10    0.7816747E+09
 394      0.495085E+09    0.2055105E+10    0.9499198E+09
 395      0.449377E+09    0.1799584E+10    0.1130265E+10
 396      0.241513E+09    0.1302894E+10    0.1071758E+10
 397     -0.141671E+09    0.5807619E+09    0.9354789E+09
 398     -0.135080E+10    0.2960821E+09    0.2062796E+09
 399     -0.429052E+10    0.2242365E+09   -0.4800048E+09
 400     -0.275078E+10   -0.4613883E+09   -0.1420568E+09
 401     -0.424738E+09    0.8242741E+09   -0.8927989E+09
 402     -0.119423E+09    0.2046249E+10   -0.1448651E+10
 403      0.739776E+08    0.2436086E+10   -0.1306366E+10
 404      0.125369E+09    0.2851504E+10   -0.1247757E+10
 405      0.152484E+09    0.3009497E+10   -0.1081236E+10
 406      0.176327E+09    0.3185394E+10   -0.9238432E+09
 407      0.189609E+09    0.3261528E+10   -0.7276862E+09
 408      0.212038E+09    0.3344897E+10   -0.5328999E+09
 409      0.220463E+09    0.3365353E+10   -0.3102559E+09
 410      0.240786E+09    0.3390583E+10   -0.8787212E+08
 411      0.245873E+09    0.3360861E+10    0.1550873E+09
 412      0.262670E+09    0.3336125E+10    0.3985999E+09
 413      0.266195E+09    0.3247968E+10    0.6548336E+09
 414      0.274774E+09    0.3166727E+10    0.9140400E+09
 415      0.259400E+09    0.2977514E+10    0.1154717E+10
 416      0.238629E+09    0.2802579E+10    0.1407535E+10
 417      0.159289E+09    0.2374977E+10    0.1523173E+10
 418     -0.798149E+08    0.1949207E+10    0.1734802E+10
 419     -0.508060E+09    0.7885663E+09    0.1073952E+10
 420     -0.316619E+10   -0.4006991E+09    0.2593569E+09
 421     -0.131349E+10    0.4500004E+10   -0.1043022E+10
 422      0.119838E+09    0.4475733E+10   -0.1709508E+10
 423     -0.910135E+08    0.4403007E+10   -0.2022687E+10
 424      0.194916E+08    0.4312890E+10   -0.1648156E+10
 425     -0.154969E+08    0.4298856E+10   -0.1452725E+10
 426     -0.212983E+07    0.4280669E+10   -0.1230204E+10
 427     -0.432319E+07    0.4276439E+10   -0.1020389E+10
 428     -0.103537E+07    0.4266328E+10   -0.7965369E+09
 429      0.369845E+07    0.4262242E+10   -0.5715335E+09
 430      0.335984E+07    0.4251176E+10   -0.3257059E+09
 431      0.975953E+07    0.4244009E+10   -0.7951737E+08
 432      0.904244E+07    0.4227489E+10    0.1883435E+09
 433      0.141569E+08    0.4214937E+10    0.4551192E+09
 434      0.164982E+08    0.4189505E+10    0.7458388E+09
 435      0.208643E+08    0.4168820E+10    0.1038957E+10
 436      0.274101E+08    0.4130066E+10    0.1342926E+10
 437      0.240652E+08    0.4104597E+10    0.1662933E+10
 438      0.605674E+08    0.4045970E+10    0.1927603E+10
 439     -0.385778E+08    0.4074330E+10    0.2404021E+10
 440      0.185132E+09    0.3937354E+10    0.1993010E+10
 441     -0.138366E+10    0.3716630E+10    0.1283357E+10
