   1     -0.589700E+09   -0.2926093E+06   -0.1683904E+06
   2     -0.424517E+09    0.3794858E+06   -0.2731409E+06
   3     -0.271607E+09    0.3364538E+06   -0.3754005E+06
   4     -0.119768E+09    0.5447463E+07   -0.7945557E+06
   5      0.252005E+08    0.1083287E+08   -0.1409223E+07
   6      0.168833E+09    0.3305252E+08   -0.3647006E+07
   7      0.240640E+09    0.5703314E+08   -0.5104123E+07
   8      0.292132E+09    0.8394393E+08   -0.3905854E+07
   9      0.318414E+09    0.1089597E+09   -0.2902206E+07
  10      0.325111E+09    0.1322234E+09   -0.2820524E+07
  11      0.298675E+09    0.1576849E+09   -0.3562668E+07
  12      0.251314E+09    0.1804977E+09   -0.2336593E+07
  13      0.183794E+09    0.2023756E+09   -0.1451138E+07
  14      0.995042E+08    0.2103936E+09   -0.4724160E+06
  15      0.940103E+07    0.2172299E+09    0.1630825E+07
  16     -0.903511E+08    0.1990003E+09    0.2040718E+07
  17     -0.159092E+09    0.1817287E+09    0.2824999E+07
  18     -0.222958E+09    0.1366261E+09    0.5573076E+07
  19     -0.253638E+09    0.8419029E+08    0.9244153E+07
  20     -0.262743E+09    0.3332893E+08    0.6528868E+07
  21     -0.241468E+09   -0.1063879E+08    0.2167688E+07
  22     -0.588343E+09   -0.2314229E+06    0.4023175E+06
  23     -0.424156E+09   -0.3959665E+05   -0.3510736E+06
  24     -0.269589E+09   -0.5337083E+06   -0.6964995E+06
  25     -0.115257E+09    0.3685461E+07   -0.5199002E+07
  26      0.348489E+08    0.9672958E+07   -0.1188707E+08
  27      0.169157E+09    0.2205502E+08   -0.1508492E+08
  28      0.241215E+09    0.3265979E+08   -0.1588704E+08
  29      0.293450E+09    0.4413248E+08   -0.1663150E+08
  30      0.320246E+09    0.5684069E+08   -0.1821416E+08
  31      0.324794E+09    0.7324059E+08   -0.1850805E+08
  32      0.299236E+09    0.8902409E+08   -0.1901607E+08
  33      0.247914E+09    0.1028346E+09   -0.1630362E+08
  34      0.178312E+09    0.1175288E+09   -0.1309172E+08
  35      0.916754E+08    0.1222477E+09   -0.5033327E+07
  36     -0.292531E+07    0.1267040E+09    0.3947384E+07
  37     -0.990718E+08    0.1146178E+09    0.1432893E+08
  38     -0.172183E+09    0.1011811E+09    0.2511080E+08
  39     -0.230213E+09    0.7247032E+08    0.3375375E+08
  40     -0.254930E+09    0.4159259E+08    0.4403318E+08
  41     -0.246772E+09    0.1742082E+08    0.2877004E+08
  42     -0.187385E+09   -0.3776981E+07    0.1059515E+08
  43     -0.586129E+09    0.1991027E+06    0.1000910E+07
  44     -0.423304E+09   -0.1276308E+07   -0.5627923E+06
  45     -0.267084E+09   -0.3099655E+07   -0.1385380E+07
  46     -0.110350E+09   -0.3893757E+07   -0.9783543E+07
  47      0.474308E+08   -0.4208570E+07   -0.2234765E+08
  48      0.168815E+09   -0.3093174E+07   -0.2640685E+08
  49      0.242084E+09   -0.2251507E+07   -0.2660944E+08
  50      0.294526E+09    0.2094454E+07   -0.2945337E+08
  51      0.322171E+09    0.6133954E+07   -0.3305496E+08
  52      0.323824E+09    0.1189747E+08   -0.3375627E+08
  53      0.299243E+09    0.1891706E+08   -0.3427673E+08
  54      0.243926E+09    0.2718254E+08   -0.2968560E+08
  55      0.171528E+09    0.3513134E+08   -0.2460453E+08
  56      0.829127E+08    0.4271777E+08   -0.9913886E+07
  57     -0.172610E+08    0.5075915E+08    0.5668194E+07
  58     -0.109236E+09    0.4775108E+08    0.2688208E+08
  59     -0.185931E+09    0.4269574E+08    0.4832114E+08
  60     -0.238164E+09    0.2855036E+08    0.6191481E+08
  61     -0.255160E+09    0.1374962E+08    0.7795647E+08
  62     -0.229533E+09    0.4432330E+07    0.4987800E+08
  63     -0.123238E+09   -0.3090748E+07    0.1805164E+08
  64     -0.587777E+09    0.8217439E+06    0.2094429E+07
  65     -0.424370E+09   -0.2823749E+07    0.2915681E+07
  66     -0.263703E+09   -0.6888904E+07    0.3908603E+07
  67     -0.100409E+09   -0.1191555E+08   -0.5106243E+07
  68      0.590057E+08   -0.1653218E+08   -0.1534461E+08
  69      0.167512E+09   -0.2546769E+08   -0.1739984E+08
  70      0.246551E+09   -0.3473655E+08   -0.1827974E+08
  71      0.300150E+09   -0.4107036E+08   -0.2385981E+08
  72      0.326529E+09   -0.4698653E+08   -0.2952060E+08
  73      0.327208E+09   -0.4714160E+08   -0.3323543E+08
  74      0.298561E+09   -0.4727616E+08   -0.3679848E+08
  75      0.240794E+09   -0.4252716E+08   -0.3383369E+08
  76      0.162313E+09   -0.3744320E+08   -0.3096397E+08
  77      0.668957E+08   -0.3129998E+08   -0.1640848E+08
  78     -0.359928E+08   -0.2554890E+08   -0.1725226E+07
  79     -0.133444E+09   -0.1822866E+08    0.2029071E+08
  80     -0.206653E+09   -0.1041510E+08    0.4374352E+08
  81     -0.254370E+09   -0.7502532E+07    0.5926948E+08
  82     -0.250400E+09   -0.5709610E+07    0.7622216E+08
  83     -0.196889E+09   -0.3517656E+07    0.4603581E+08
  84     -0.386178E+08   -0.6779544E+06    0.1283682E+08
  85     -0.589441E+09    0.1773760E+07    0.2964171E+07
  86     -0.425251E+09   -0.3935614E+07    0.6494458E+07
  87     -0.260476E+09   -0.1025423E+08    0.9767869E+07
  88     -0.891207E+08   -0.2263400E+08   -0.5540205E+06
  89      0.662049E+08   -0.3458303E+08   -0.8868463E+07
  90      0.166463E+09   -0.5274112E+08   -0.8084183E+07
  91      0.250743E+09   -0.7099365E+08   -0.9468735E+07
  92      0.305772E+09   -0.8481834E+08   -0.1774611E+08
  93      0.330798E+09   -0.9868584E+08   -0.2609270E+08
  94      0.330654E+09   -0.1044958E+09   -0.3306088E+08
  95      0.297706E+09   -0.1098548E+09   -0.3933993E+08
  96      0.237952E+09   -0.1076132E+09   -0.3856217E+08
  97      0.152964E+09   -0.1056860E+09   -0.3702637E+08
  98      0.507979E+08   -0.9757355E+08   -0.2229550E+08
  99     -0.531671E+08   -0.8894081E+08   -0.8195126E+07
 100     -0.156832E+09   -0.7577347E+08    0.1348845E+08
 101     -0.228402E+09   -0.6283073E+08    0.3749272E+08
 102     -0.270001E+09   -0.4343868E+08    0.5503550E+08
 103     -0.247841E+09   -0.2260603E+08    0.7405240E+08
 104     -0.162267E+09   -0.9469325E+07    0.4307595E+08
 105      0.380110E+08    0.2175024E+07    0.7979816E+07
 106     -0.604483E+09    0.2008722E+07    0.4437206E+07
 107     -0.435659E+09   -0.6116555E+07    0.1447406E+08
 108     -0.262079E+09   -0.1394235E+08    0.2346571E+08
 109     -0.835352E+08   -0.3399001E+08    0.1926055E+08
 110      0.605380E+08   -0.5620210E+08    0.1800620E+08
 111      0.169787E+09   -0.8184198E+08    0.1613977E+08
 112      0.258301E+09   -0.1054129E+09    0.1224006E+08
 113      0.316303E+09   -0.1235094E+09    0.1069037E+07
 114      0.344078E+09   -0.1420805E+09   -0.1038436E+08
 115      0.342287E+09   -0.1525517E+09   -0.2299362E+08
 116      0.305562E+09   -0.1623035E+09   -0.3514120E+08
 117      0.241703E+09   -0.1614865E+09   -0.3902737E+08
 118      0.148106E+09   -0.1612835E+09   -0.4217515E+08
 119      0.429914E+08   -0.1494556E+09   -0.3421502E+08
 120     -0.697047E+08   -0.1370967E+09   -0.2551533E+08
 121     -0.173868E+09   -0.1158735E+09   -0.7462483E+07
 122     -0.250970E+09   -0.9427057E+08    0.1126114E+08
 123     -0.283742E+09   -0.6668721E+08    0.2661724E+08
 124     -0.254856E+09   -0.3737984E+08    0.4214550E+08
 125     -0.135228E+09   -0.1525131E+08    0.2326874E+08
 126      0.612245E+08    0.4512854E+07    0.2172807E+07
 127     -0.618935E+09    0.3202297E+07    0.5873213E+07
 128     -0.445983E+09   -0.6961740E+07    0.2229505E+08
 129     -0.262434E+09   -0.1705085E+08    0.3642219E+08
 130     -0.803775E+08   -0.4389937E+08    0.3965623E+08
 131      0.564400E+08   -0.7252222E+08    0.4628026E+08
 132      0.173959E+09   -0.1049454E+09    0.4051036E+08
 133      0.265115E+09   -0.1360050E+09    0.3408592E+08
 134      0.326902E+09   -0.1603566E+09    0.1987369E+08
 135      0.356981E+09   -0.1843830E+09    0.5000160E+07
 136      0.354609E+09   -0.1971619E+09   -0.1310793E+08
 137      0.313770E+09   -0.2102669E+09   -0.3074411E+08
 138      0.244810E+09   -0.2115716E+09   -0.3938940E+08
 139      0.145062E+09   -0.2123043E+09   -0.4839832E+08
 140      0.353792E+08   -0.1959815E+09   -0.4725314E+08
 141     -0.864222E+08   -0.1786990E+09   -0.4445706E+08
 142     -0.191331E+09   -0.1483201E+09   -0.2930411E+08
 143     -0.270517E+09   -0.1190128E+09   -0.1436735E+08
 144     -0.298701E+09   -0.8592006E+08    0.2187443E+06
 145     -0.258169E+09   -0.4832156E+08    0.1087078E+08
 146     -0.110312E+09   -0.1770006E+08    0.2735198E+07
 147      0.839620E+08    0.8429939E+07   -0.2478250E+07
 148     -0.658081E+09    0.3755100E+07    0.7917243E+07
 149     -0.474690E+09   -0.1062441E+08    0.3595400E+08
 150     -0.274674E+09   -0.2614866E+08    0.6218183E+08
 151     -0.942139E+08   -0.5906329E+08    0.7159912E+08
 152      0.550206E+08   -0.9169063E+08    0.8294052E+08
 153      0.182436E+09   -0.1263408E+09    0.7463113E+08
 154      0.278926E+09   -0.1605487E+09    0.6603585E+08
 155      0.346267E+09   -0.1864974E+09    0.4589958E+08
 156      0.380041E+09   -0.2116660E+09    0.2558044E+08
 157      0.377494E+09   -0.2267595E+09    0.2183556E+07
 158      0.335264E+09   -0.2426135E+09   -0.2074195E+08
 159      0.261533E+09   -0.2438714E+09   -0.3856550E+08
 160      0.159058E+09   -0.2446985E+09   -0.5607583E+08
 161      0.426694E+08   -0.2292060E+09   -0.6378178E+08
 162     -0.865988E+08   -0.2136374E+09   -0.7113564E+08
 163     -0.199300E+09   -0.1795329E+09   -0.6399890E+08
 164     -0.281918E+09   -0.1443797E+09   -0.5512700E+08
 165     -0.311457E+09   -0.9906582E+08   -0.4305686E+08
 166     -0.252534E+09   -0.5079045E+08   -0.3852102E+08
 167     -0.128773E+09   -0.1996150E+08   -0.2522513E+08
 168      0.475899E+08    0.6845863E+07   -0.6755708E+07
 169     -0.697365E+09    0.5231022E+07    0.9734285E+07
 170     -0.503443E+09   -0.1118129E+08    0.4985046E+08
 171     -0.288608E+09   -0.2969696E+08    0.8933677E+08
 172     -0.107367E+09   -0.6890270E+08    0.1040821E+09
 173      0.533382E+08   -0.1067758E+09    0.1192757E+09
 174      0.190541E+09   -0.1424273E+09    0.1085629E+09
 175      0.293524E+09   -0.1770046E+09    0.9747468E+08
 176      0.365813E+09   -0.2041079E+09    0.7220957E+08
 177      0.403484E+09   -0.2322686E+09    0.4747246E+08
 178      0.400142E+09   -0.2497192E+09    0.1808670E+08
 179      0.358123E+09   -0.2658772E+09   -0.1172294E+08
 180      0.279444E+09   -0.2651975E+09   -0.3852698E+08
 181      0.171399E+09   -0.2654267E+09   -0.6356086E+08
 182      0.510836E+08   -0.2492257E+09   -0.8013731E+08
 183     -0.866569E+08   -0.2313144E+09   -0.9818131E+08
 184     -0.206415E+09   -0.1949263E+09   -0.9868715E+08
 185     -0.297858E+09   -0.1618296E+09   -0.9421656E+08
 186     -0.322017E+09   -0.1137509E+09   -0.8753898E+08
 187     -0.248851E+09   -0.5588609E+08   -0.9040727E+08
 188     -0.148107E+09   -0.1876034E+08   -0.5275048E+08
 189      0.101843E+08    0.1061040E+08   -0.1032110E+08
 190     -0.777869E+09    0.4549621E+07    0.1365674E+08
 191     -0.558635E+09   -0.1530300E+08    0.6894956E+08
 192     -0.327302E+09   -0.3692614E+08    0.1240185E+09
 193     -0.126081E+09   -0.7535903E+08    0.1413705E+09
 194      0.516182E+08   -0.1128336E+09    0.1583011E+09
 195      0.203936E+09   -0.1489643E+09    0.1436071E+09
 196      0.317163E+09   -0.1846108E+09    0.1289383E+09
 197      0.395790E+09   -0.2102385E+09    0.9782019E+08
 198      0.436578E+09   -0.2349553E+09    0.6757827E+08
 199      0.435855E+09   -0.2470696E+09    0.3190304E+08
 200      0.393077E+09   -0.2599656E+09   -0.3095773E+07
 201      0.313016E+09   -0.2638480E+09   -0.3582306E+08
 202      0.202505E+09   -0.2675165E+09   -0.6915322E+08
 203      0.778045E+08   -0.2518324E+09   -0.9581843E+08
 204     -0.649480E+08   -0.2365924E+09   -0.1231058E+09
 205     -0.197024E+09   -0.2025268E+09   -0.1333224E+09
 206     -0.304761E+09   -0.1661028E+09   -0.1406535E+09
 207     -0.314283E+09   -0.1110208E+09   -0.1415056E+09
 208     -0.276373E+09   -0.5374916E+08   -0.1475558E+09
 209     -0.216577E+09   -0.2103623E+08   -0.8215060E+08
 210     -0.101126E+09    0.7678219E+07   -0.1365448E+08
 211     -0.859137E+09    0.6455462E+07    0.1770944E+08
 212     -0.613862E+09   -0.1577432E+08    0.8848430E+08
 213     -0.366511E+09   -0.4124203E+08    0.1591273E+09
 214     -0.145350E+09   -0.8173065E+08    0.1788801E+09
 215      0.495121E+08   -0.1190517E+09    0.1977961E+09
 216      0.216645E+09   -0.1480886E+09    0.1797802E+09
 217      0.341326E+09   -0.1765525E+09    0.1618186E+09
 218      0.426680E+09   -0.1935293E+09    0.1238467E+09
 219      0.470393E+09   -0.2106181E+09    0.8745303E+08
 220      0.473382E+09   -0.2222803E+09    0.4599820E+08
 221      0.427106E+09   -0.2341869E+09    0.5966447E+07
 222      0.347360E+09   -0.2357766E+09   -0.3349781E+08
 223      0.236455E+09   -0.2381788E+09   -0.7533659E+08
 224      0.104012E+09   -0.2299424E+09   -0.1117251E+09
 225     -0.428051E+08   -0.2216058E+09   -0.1469145E+09
 226     -0.187511E+09   -0.1953125E+09   -0.1676869E+09
 227     -0.308698E+09   -0.1660430E+09   -0.1915985E+09
 228     -0.307822E+09   -0.1082209E+09   -0.1973725E+09
 229     -0.305909E+09   -0.4876290E+08   -0.2023149E+09
 230     -0.285989E+09   -0.1767101E+08   -0.1110081E+09
 231     -0.212568E+09    0.9456077E+07   -0.1731172E+08
 232     -0.990542E+09    0.4668939E+07    0.2365669E+08
 233     -0.702532E+09   -0.1854306E+08    0.1108830E+09
 234     -0.419121E+09   -0.4490984E+08    0.1969473E+09
 235     -0.162996E+09   -0.8004178E+08    0.2111923E+09
 236      0.556536E+08   -0.1127533E+09    0.2250729E+09
 237      0.240290E+09   -0.1303073E+09    0.1976763E+09
 238      0.375767E+09   -0.1457360E+09    0.1714358E+09
 239      0.466043E+09   -0.1506156E+09    0.1310425E+09
 240      0.511272E+09   -0.1555935E+09    0.9197159E+08
 241      0.513146E+09   -0.1601305E+09    0.5297834E+08
 242      0.468956E+09   -0.1666981E+09    0.1468685E+08
 243      0.390372E+09   -0.1741868E+09   -0.2705229E+08
 244      0.283468E+09   -0.1819720E+09   -0.6927506E+08
 245      0.148149E+09   -0.1809024E+09   -0.1130974E+09
 246     -0.214568E+07   -0.1789836E+09   -0.1563305E+09
 247     -0.157897E+09   -0.1583313E+09   -0.1878229E+09
 248     -0.264588E+09   -0.1365801E+09   -0.2278492E+09
 249     -0.301545E+09   -0.9479833E+08   -0.2410976E+09
 250     -0.354756E+09   -0.4966337E+08   -0.2493875E+09
 251     -0.401035E+09   -0.1948707E+08   -0.1374332E+09
 252     -0.401367E+09    0.6447494E+07   -0.2232007E+08
 253     -0.112013E+10    0.6272937E+07    0.3018089E+08
 254     -0.792904E+09   -0.1955394E+08    0.1339355E+09
 255     -0.473302E+09   -0.4842875E+08    0.2357768E+09
 256     -0.181897E+09   -0.7449264E+08    0.2454969E+09
 257      0.607238E+08   -0.9606126E+08    0.2549536E+09
 258      0.265768E+09   -0.9216797E+08    0.2171611E+09
 259      0.410070E+09   -0.8751209E+08    0.1819987E+09
 260      0.506655E+09   -0.7293613E+08    0.1387640E+09
 261      0.553926E+09   -0.5975425E+08    0.9651884E+08
 262      0.552819E+09   -0.5520445E+08    0.5931869E+08
 263      0.513415E+09   -0.5044898E+08    0.2304807E+08
 264      0.434398E+09   -0.6296656E+08   -0.1897814E+08
 265      0.332110E+09   -0.7856637E+08   -0.6194968E+08
 266      0.194463E+09   -0.9677965E+08   -0.1147390E+09
 267      0.397038E+08   -0.1153239E+09   -0.1674423E+09
 268     -0.129656E+09   -0.1123955E+09   -0.2109804E+09
 269     -0.219495E+09   -0.1066281E+09   -0.2646551E+09
 270     -0.296643E+09   -0.7723309E+08   -0.2845548E+09
 271     -0.405572E+09   -0.4440836E+08   -0.2978750E+09
 272     -0.517276E+09   -0.1605425E+08   -0.1645086E+09
 273     -0.590356E+09    0.8367802E+07   -0.2739655E+08
 274     -0.131474E+10   -0.2561085E+06    0.4444950E+08
 275     -0.908807E+09   -0.2165828E+08    0.1549985E+09
 276     -0.518619E+09   -0.4821651E+08    0.2604535E+09
 277     -0.178555E+09   -0.5158865E+08    0.2464128E+09
 278      0.940726E+08   -0.4791572E+08    0.2334256E+09
 279      0.306178E+09   -0.1117966E+08    0.1856828E+09
 280      0.451137E+09    0.2621384E+08    0.1427387E+09
 281      0.541612E+09    0.6286564E+08    0.1067352E+09
 282      0.584342E+09    0.9794590E+08    0.7332962E+08
 283      0.577767E+09    0.1093572E+09    0.4999837E+08
 284      0.541243E+09    0.1193140E+09    0.2729868E+08
 285      0.465863E+09    0.1031853E+09   -0.7457926E+06
 286      0.373435E+09    0.8629839E+08   -0.2914902E+08
 287      0.245545E+09    0.4691808E+08   -0.7644275E+08
 288      0.100307E+09    0.5083809E+07   -0.1255544E+09
 289     -0.710469E+08   -0.2474921E+08   -0.1865801E+09
 290     -0.149853E+09   -0.5031608E+08   -0.2562955E+09
 291     -0.270587E+09   -0.4515607E+08   -0.2901203E+09
 292     -0.450742E+09   -0.3615630E+08   -0.3225261E+09
 293     -0.663322E+09   -0.1489515E+08   -0.1831744E+09
 294     -0.859848E+09    0.1741980E+07   -0.3583995E+08
 295     -0.151274E+10    0.7898789E+07    0.6061289E+08
 296     -0.102724E+10   -0.1964738E+08    0.1782626E+09
 297     -0.572980E+09   -0.4551823E+08    0.2907943E+09
 298     -0.173418E+09   -0.1054441E+08    0.2514640E+09
 299      0.126614E+09    0.3145369E+08    0.2140020E+09
 300      0.349007E+09    0.1174614E+09    0.1558351E+09
 301      0.495188E+09    0.1993990E+09    0.1027956E+09
 302      0.577991E+09    0.2687560E+09    0.7456216E+08
 303      0.615554E+09    0.3346281E+09    0.4963695E+08
 304      0.603908E+09    0.3566358E+09    0.4148766E+08
 305      0.569826E+09    0.3777441E+09    0.3277191E+08
 306      0.498241E+09    0.3511051E+09    0.1774257E+08
 307      0.412933E+09    0.3217633E+09    0.4534277E+07
 308      0.298564E+09    0.2568702E+09   -0.3748550E+08
 309      0.161145E+09    0.1901127E+09   -0.8208910E+08
 310     -0.606100E+07    0.1173194E+09   -0.1612829E+09
 311     -0.835407E+08    0.4330641E+08   -0.2487546E+09
 312     -0.243998E+09    0.7357933E+07   -0.2992613E+09
 313     -0.503451E+09   -0.2477735E+08   -0.3512218E+09
 314     -0.812594E+09   -0.9399156E+07   -0.2034969E+09
 315     -0.113211E+10    0.7657434E+07   -0.4598960E+08
 316     -0.178440E+10   -0.2052691E+08    0.8786273E+08
 317     -0.113148E+10   -0.1378361E+08    0.1794217E+09
 318     -0.550601E+09   -0.1468027E+08    0.2522478E+09
 319     -0.108135E+09    0.8100114E+08    0.1577306E+09
 320      0.196828E+09    0.1889877E+09    0.7927161E+08
 321      0.392806E+09    0.3321551E+09    0.2529703E+08
 322      0.516934E+09    0.4735913E+09   -0.1940353E+08
 323      0.575862E+09    0.5719053E+09   -0.1561157E+08
 324      0.600453E+09    0.6671640E+09   -0.1019674E+08
 325      0.582644E+09    0.6969779E+09    0.1548624E+08
 326      0.551908E+09    0.7259694E+09    0.4033063E+08
 327      0.486191E+09    0.6884194E+09    0.5702952E+08
 328      0.412788E+09    0.6508931E+09    0.7444826E+08
 329      0.323049E+09    0.5566075E+09    0.5652099E+08
 330      0.212106E+09    0.4598302E+09    0.3638316E+08
 331      0.754788E+08    0.3329788E+09   -0.3893719E+08
 332      0.112932E+08    0.2045726E+09   -0.1222311E+09
 333     -0.165090E+09    0.1021464E+09   -0.2069034E+09
 334     -0.483430E+09    0.1077620E+08   -0.3059064E+09
 335     -0.942860E+09    0.5678593E+06   -0.1955160E+09
 336     -0.147824E+10   -0.1606200E+08   -0.6245004E+08
 337     -0.208947E+10    0.3518466E+08    0.1412820E+09
 338     -0.123922E+10    0.8783103E+06    0.1899794E+09
 339     -0.562697E+09    0.1210457E+08    0.2282306E+09
 340     -0.219185E+08    0.2462869E+09    0.7333955E+08
 341      0.273151E+09    0.4585159E+09   -0.6723282E+08
 342      0.442887E+09    0.6855086E+09   -0.1104231E+09
 343      0.540284E+09    0.8907264E+09   -0.1453913E+09
 344      0.573520E+09    0.1010459E+10   -0.1077874E+09
 345      0.584274E+09    0.1127200E+10   -0.7021353E+08
 346      0.560198E+09    0.1157314E+10   -0.1071428E+08
 347      0.531239E+09    0.1188950E+10    0.4866978E+08
 348      0.472298E+09    0.1140339E+10    0.9833691E+08
 349      0.413071E+09    0.1091612E+10    0.1475215E+09
 350      0.346197E+09    0.9689780E+09    0.1555108E+09
 351      0.267760E+09    0.8454600E+09    0.1610011E+09
 352      0.159797E+09    0.6581320E+09    0.9008762E+08
 353      0.113085E+09    0.4557672E+09    0.1568994E+08
 354     -0.669492E+08    0.2635959E+09   -0.1205400E+09
 355     -0.490798E+09    0.4942418E+08   -0.2715992E+09
 356     -0.107726E+10    0.1991935E+08   -0.1946599E+09
 357     -0.185520E+10    0.2956120E+08   -0.9757065E+08
 358     -0.240784E+10   -0.1155901E+09    0.1727157E+09
 359     -0.118708E+10    0.5263136E+08    0.8759654E+08
 360     -0.317751E+09    0.2101816E+09   -0.5676098E+08
 361      0.103300E+09    0.5737372E+09   -0.2666735E+09
 362      0.314356E+09    0.9509810E+09   -0.3919174E+09
 363      0.415692E+09    0.1213221E+10   -0.3554620E+09
 364      0.475747E+09    0.1467585E+10   -0.3229267E+09
 365      0.483344E+09    0.1590624E+10   -0.2272434E+09
 366      0.486554E+09    0.1715031E+10   -0.1344256E+09
 367      0.460286E+09    0.1736833E+10   -0.3053206E+08
 368      0.434094E+09    0.1759899E+10    0.7314977E+08
 369      0.388321E+09    0.1699261E+10    0.1610351E+09
 370      0.347714E+09    0.1641614E+10    0.2477808E+09
 371      0.299370E+09    0.1503901E+10    0.2978021E+09
 372      0.258037E+09    0.1367088E+10    0.3484852E+09
 373      0.189781E+09    0.1129531E+10    0.3286446E+09
 374      0.178529E+09    0.8864715E+09    0.3169154E+09
 375      0.665521E+08    0.5479927E+09    0.1974803E+09
 376     -0.265736E+09    0.2196249E+09    0.4873685E+07
 377     -0.104413E+10    0.6596505E+08   -0.8522488E+08
 378     -0.222487E+10   -0.9393465E+08   -0.1119789E+09
 379     -0.336933E+10    0.2621597E+09    0.6351355E+09
 380     -0.978123E+09    0.2669452E+09    0.6910309E+08
 381     -0.107569E+08    0.5201574E+09   -0.5215100E+09
 382      0.225293E+09    0.1269270E+10   -0.6651435E+09
 383      0.356784E+09    0.1764030E+10   -0.7298140E+09
 384      0.376955E+09    0.2008349E+10   -0.6115859E+09
 385      0.403539E+09    0.2258235E+10   -0.5004142E+09
 386      0.387233E+09    0.2351771E+10   -0.3462565E+09
 387      0.383889E+09    0.2451428E+10   -0.1959421E+09
 388      0.356683E+09    0.2451426E+10   -0.4765934E+08
 389      0.333250E+09    0.2455370E+10    0.1004821E+09
 390      0.301873E+09    0.2388089E+10    0.2254903E+09
 391      0.278553E+09    0.2325817E+10    0.3484526E+09
 392      0.246071E+09    0.2186587E+10    0.4446425E+09
 393      0.240374E+09    0.2052714E+10    0.5420711E+09
 394      0.211685E+09    0.1806348E+10    0.5834102E+09
 395      0.242691E+09    0.1567829E+10    0.6372846E+09
 396      0.199078E+09    0.1127598E+10    0.5749552E+09
 397      0.272363E+08    0.4768872E+09    0.4318082E+09
 398     -0.872536E+09    0.2542037E+09   -0.4849869E+08
 399     -0.318699E+10    0.2316429E+09   -0.4622899E+09
 400     -0.268037E+10   -0.4639171E+09   -0.1457047E+09
 401     -0.342934E+09    0.8330376E+09   -0.8140695E+09
 402     -0.418279E+08    0.2073585E+10   -0.1287668E+10
 403      0.134516E+09    0.2476674E+10   -0.1088031E+10
 404      0.177273E+09    0.2903483E+10   -0.9724125E+09
 405      0.189592E+09    0.3050597E+10   -0.7745824E+09
 406      0.201656E+09    0.3213436E+10   -0.5846589E+09
 407      0.194496E+09    0.3253775E+10   -0.3888792E+09
 408      0.193618E+09    0.3300607E+10   -0.1949464E+09
 409      0.181362E+09    0.3273827E+10   -0.1790605E+08
 410      0.168699E+09    0.3250489E+10    0.1579923E+09
 411      0.155645E+09    0.3174783E+10    0.3052079E+09
 412      0.143614E+09    0.3100292E+10    0.4519807E+09
 413      0.126127E+09    0.2981423E+10    0.5704368E+09
 414      0.126266E+09    0.2870881E+10    0.6888204E+09
 415      0.116851E+09    0.2683770E+10    0.7878706E+09
 416      0.128275E+09    0.2508200E+10    0.8944116E+09
 417      0.138723E+09    0.2126674E+10    0.9829419E+09
 418      0.101239E+08    0.1748386E+10    0.1161023E+10
 419     -0.268497E+09    0.6903561E+09    0.7420522E+09
 420     -0.255034E+10   -0.3901858E+09    0.2065021E+09
 421     -0.133387E+10    0.4489533E+10   -0.1056237E+10
 422      0.121328E+09    0.4473396E+10   -0.1649155E+10
 423     -0.826055E+08    0.4411793E+10   -0.1884131E+10
 424      0.237961E+08    0.4333820E+10   -0.1438483E+10
 425     -0.681507E+07    0.4335159E+10   -0.1177420E+10
 426      0.426299E+07    0.4321883E+10   -0.9089684E+09
 427      0.341581E+07    0.4323148E+10   -0.6531348E+09
 428      0.571483E+07    0.4290101E+10   -0.4190310E+09
 429      0.776744E+07    0.4260288E+10   -0.1864193E+09
 430      0.986243E+07    0.4193846E+10    0.1770842E+08
 431      0.911721E+07    0.4129608E+10    0.2192823E+09
 432      0.126993E+08    0.4044757E+10    0.3874587E+09
 433      0.125032E+08    0.3960481E+10    0.5571231E+09
 434      0.116713E+08    0.3873337E+10    0.6925136E+09
 435      0.154339E+08    0.3793305E+10    0.8284559E+09
 436      0.234285E+08    0.3735575E+10    0.9761245E+09
 437      0.120358E+08    0.3688591E+10    0.1128917E+10
 438      0.614875E+08    0.3669834E+10    0.1345274E+10
 439     -0.318821E+08    0.3734431E+10    0.1763114E+10
 440      0.196324E+09    0.3692419E+10    0.1593431E+10
 441     -0.130002E+10    0.3576314E+10    0.1169550E+10
