   1      0.719865E+09   -0.3062325E+07    0.1550725E+07
   2      0.659057E+09    0.2246876E+07   -0.8767412E+06
   3      0.547425E+09    0.1004455E+08   -0.3850519E+07
   4      0.390935E+09    0.2262592E+08   -0.3053722E+07
   5      0.203075E+09    0.3266650E+08   -0.2357831E+07
   6     -0.146042E+08    0.3437752E+08   -0.3167570E+07
   7     -0.247748E+09    0.3903810E+08   -0.3459412E+07
   8     -0.481983E+09    0.1570488E+08   -0.7458006E+06
   9     -0.700776E+09   -0.1996568E+08    0.6526011E+07
  10     -0.781309E+09   -0.8990465E+08    0.6707892E+07
  11     -0.597077E+09   -0.1469797E+09    0.1500643E+07
  12     -0.437320E+09   -0.1486201E+09    0.4059774E+06
  13     -0.301172E+09   -0.1529351E+09    0.2577454E+06
  14     -0.176125E+09   -0.1368115E+09    0.1960262E+06
  15     -0.636918E+08   -0.1205908E+09    0.1536845E+06
  16      0.443568E+08   -0.9418765E+08    0.1541144E+06
  17      0.150582E+09   -0.6752625E+08    0.6388120E+05
  18      0.260516E+09   -0.4233551E+08    0.1233832E+06
  19      0.381508E+09   -0.1663443E+08   -0.2352086E+06
  20      0.515550E+09   -0.5032447E+07    0.2103031E+06
  21      0.673836E+09    0.4860878E+07    0.1180317E+07
  22      0.725346E+09    0.4302992E+06   -0.1421016E+07
  23      0.661320E+09    0.3218143E+07   -0.3648212E+07
  24      0.546275E+09    0.5927284E+07   -0.5480765E+07
  25      0.388636E+09    0.4808199E+07   -0.2691041E+07
  26      0.199681E+09    0.4556794E+07   -0.4758840E+06
  27     -0.197551E+08   -0.2638449E+07    0.4717097E+07
  28     -0.257155E+09   -0.8541940E+07    0.8707405E+07
  29     -0.500242E+09   -0.3359203E+08    0.2678077E+08
  30     -0.737863E+09   -0.6620101E+08    0.5599443E+08
  31     -0.752852E+09   -0.1085908E+09    0.4471814E+08
  32     -0.579235E+09   -0.1453107E+09    0.2097150E+08
  33     -0.424530E+09   -0.1502320E+09    0.5171581E+07
  34     -0.290957E+09   -0.1544895E+09   -0.7787190E+07
  35     -0.168475E+09   -0.1381435E+09   -0.1536517E+08
  36     -0.585650E+08   -0.1218762E+09   -0.2311137E+08
  37      0.466980E+08   -0.9546997E+08   -0.2552062E+08
  38      0.149927E+09   -0.6903738E+08   -0.2791658E+08
  39      0.256824E+09   -0.4375535E+08   -0.2426427E+08
  40      0.374290E+09   -0.1871130E+08   -0.2031500E+08
  41      0.505124E+09   -0.7752401E+07   -0.1015707E+08
  42      0.664800E+09    0.2499169E+07   -0.2785140E+06
  43      0.734207E+09    0.1123185E+07   -0.5096418E+07
  44      0.664002E+09    0.5551038E+06   -0.6667819E+07
  45      0.545267E+09   -0.1178173E+06   -0.7072616E+07
  46      0.387228E+09   -0.5790059E+07   -0.2769262E+07
  47      0.195900E+09   -0.1025033E+08    0.5556856E+06
  48     -0.250909E+08   -0.2577644E+08    0.1292190E+08
  49     -0.266116E+09   -0.4325535E+08    0.2268663E+08
  50     -0.520410E+09   -0.7813383E+08    0.5507252E+08
  51     -0.785727E+09   -0.1147047E+09    0.1041749E+09
  52     -0.720821E+09   -0.1398465E+09    0.8162397E+08
  53     -0.559999E+09   -0.1626003E+09    0.4032530E+08
  54     -0.411135E+09   -0.1636375E+09    0.1000742E+08
  55     -0.280533E+09   -0.1641987E+09   -0.1564893E+08
  56     -0.160749E+09   -0.1465371E+09   -0.3081571E+08
  57     -0.534415E+08   -0.1284784E+09   -0.4627147E+08
  58      0.490207E+08   -0.1005973E+09   -0.5106504E+08
  59      0.149286E+09   -0.7233539E+08   -0.5581570E+08
  60      0.253137E+09   -0.4627805E+08   -0.4835717E+08
  61      0.367291E+09   -0.1987406E+08   -0.4057454E+08
  62      0.494563E+09   -0.6628548E+07   -0.2054883E+08
  63      0.657098E+09    0.4993464E+07   -0.8130923E+06
  64      0.746240E+09    0.1204695E+07   -0.4329870E+07
  65      0.660269E+09   -0.4904640E+07   -0.1057605E+07
  66      0.538770E+09   -0.1076208E+08    0.2903697E+07
  67      0.380267E+09   -0.2561097E+08    0.1178226E+08
  68      0.184103E+09   -0.4093244E+08    0.1939690E+08
  69     -0.428655E+08   -0.6481471E+08    0.3687127E+08
  70     -0.291316E+09   -0.8938057E+08    0.5640786E+08
  71     -0.560736E+09   -0.1268971E+09    0.9183521E+08
  72     -0.801265E+09   -0.1645015E+09    0.1282503E+09
  73     -0.670387E+09   -0.1728166E+09    0.8936179E+08
  74     -0.518069E+09   -0.1808185E+09    0.4519716E+08
  75     -0.376048E+09   -0.1788868E+09    0.7677069E+07
  76     -0.251483E+09   -0.1760711E+09   -0.2717793E+08
  77     -0.138305E+09   -0.1567587E+09   -0.4972907E+08
  78     -0.382778E+08   -0.1369981E+09   -0.7238803E+08
  79      0.559277E+08   -0.1076847E+09   -0.7957745E+08
  80      0.147149E+09   -0.7821026E+08   -0.8665300E+08
  81      0.241320E+09   -0.5024626E+08   -0.7509543E+08
  82      0.346133E+09   -0.2256536E+08   -0.6316265E+08
  83      0.463933E+09   -0.9672262E+07   -0.3295260E+08
  84      0.622033E+09    0.2513008E+07   -0.3027937E+07
  85      0.755615E+09    0.3401074E+07   -0.3363276E+07
  86      0.657142E+09   -0.5043535E+07    0.4846291E+07
  87      0.532676E+09   -0.1423215E+08    0.1347758E+08
  88      0.372736E+09   -0.3821538E+08    0.2733669E+08
  89      0.173132E+09   -0.6222060E+08    0.3969496E+08
  90     -0.610920E+08   -0.9386803E+08    0.6076385E+08
  91     -0.319325E+09   -0.1251650E+09    0.8778529E+08
  92     -0.601240E+09   -0.1558638E+09    0.1275869E+09
  93     -0.800153E+09   -0.1874615E+09    0.1535445E+09
  94     -0.624849E+09   -0.1970277E+09    0.9759829E+08
  95     -0.477672E+09   -0.2055849E+09    0.4961328E+08
  96     -0.341391E+09   -0.1997843E+09    0.5004410E+07
  97     -0.222584E+09   -0.1936885E+09   -0.3898636E+08
  98     -0.115932E+09   -0.1718821E+09   -0.6884696E+08
  99     -0.231998E+08   -0.1495121E+09   -0.9867216E+08
 100      0.627497E+08   -0.1175124E+09   -0.1082393E+09
 101      0.144860E+09   -0.8500076E+08   -0.1176069E+09
 102      0.229514E+09   -0.5463445E+08   -0.1019686E+09
 103      0.324701E+09   -0.2366927E+08   -0.8587087E+08
 104      0.434002E+09   -0.8057801E+07   -0.4531209E+08
 105      0.585911E+09    0.5647941E+07   -0.5085947E+07
 106      0.740790E+09    0.3187197E+07   -0.2497812E+07
 107      0.639104E+09   -0.8396911E+07    0.1639804E+08
 108      0.514124E+09   -0.2035489E+08    0.3538892E+08
 109      0.352637E+09   -0.4863379E+08    0.5599421E+08
 110      0.153536E+09   -0.7787976E+08    0.7621280E+08
 111     -0.823927E+08   -0.1157116E+09    0.9754232E+08
 112     -0.348304E+09   -0.1538723E+09    0.1233216E+09
 113     -0.640171E+09   -0.1825693E+09    0.1544777E+09
 114     -0.740544E+09   -0.2097626E+09    0.1715887E+09
 115     -0.570449E+09   -0.2184062E+09    0.1058401E+09
 116     -0.422324E+09   -0.2270991E+09    0.4907154E+08
 117     -0.289614E+09   -0.2187356E+09   -0.3370166E+07
 118     -0.177359E+09   -0.2102044E+09   -0.5560410E+08
 119     -0.795988E+08   -0.1863008E+09   -0.9250988E+08
 120      0.192097E+07   -0.1619420E+09   -0.1293479E+09
 121      0.744951E+08   -0.1278277E+09   -0.1417063E+09
 122      0.141240E+09   -0.9334477E+08   -0.1538311E+09
 123      0.209159E+09   -0.6018999E+08   -0.1339716E+09
 124      0.287464E+09   -0.2696913E+08   -0.1137613E+09
 125      0.380836E+09   -0.1109037E+08   -0.6021507E+08
 126      0.514841E+09    0.3621875E+07   -0.6731241E+07
 127      0.725801E+09    0.4766924E+07   -0.1398712E+07
 128      0.621066E+09   -0.9180131E+07    0.2792441E+08
 129      0.495966E+09   -0.2449914E+08    0.5698836E+08
 130      0.331987E+09   -0.6030335E+08    0.8430308E+08
 131      0.132615E+09   -0.9583952E+08    0.1125196E+09
 132     -0.103076E+09   -0.1383227E+09    0.1345592E+09
 133     -0.373603E+09   -0.1813455E+09    0.1584542E+09
 134     -0.678679E+09   -0.2083305E+09    0.1810213E+09
 135     -0.686739E+09   -0.2340427E+09    0.1906211E+09
 136     -0.514303E+09   -0.2414400E+09    0.1150704E+09
 137     -0.366733E+09   -0.2486722E+09    0.4903141E+08
 138     -0.237912E+09   -0.2383360E+09   -0.1167222E+08
 139     -0.132136E+09   -0.2279435E+09   -0.7243727E+08
 140     -0.432882E+08   -0.2020292E+09   -0.1164063E+09
 141      0.269853E+08   -0.1756946E+09   -0.1603146E+09
 142      0.861421E+08   -0.1390047E+09   -0.1754578E+09
 143      0.137479E+09   -0.1016554E+09   -0.1903192E+09
 144      0.188691E+09   -0.6525925E+08   -0.1662600E+09
 145      0.250191E+09   -0.2791366E+08   -0.1416391E+09
 146      0.327704E+09   -0.9713408E+07   -0.7499125E+08
 147      0.444048E+09    0.6205921E+07   -0.8481922E+07
 148      0.677965E+09    0.5308910E+07   -0.8764117E+06
 149      0.576498E+09   -0.1159752E+08    0.4462503E+08
 150      0.456695E+09   -0.3039689E+08    0.9066453E+08
 151      0.299501E+09   -0.7183745E+08    0.1239076E+09
 152      0.106338E+09   -0.1125325E+09    0.1564848E+09
 153     -0.122982E+09   -0.1543901E+09    0.1765711E+09
 154     -0.385664E+09   -0.1974751E+09    0.2002476E+09
 155     -0.693611E+09   -0.2284301E+09    0.2087299E+09
 156     -0.613452E+09   -0.2563509E+09    0.2030995E+09
 157     -0.440959E+09   -0.2590888E+09    0.1193867E+09
 158     -0.294676E+09   -0.2629220E+09    0.4524409E+08
 159     -0.169993E+09   -0.2511275E+09   -0.2329681E+08
 160     -0.713124E+08   -0.2392363E+09   -0.9202684E+08
 161      0.685010E+07   -0.2125920E+09   -0.1429238E+09
 162      0.628888E+08   -0.1855763E+09   -0.1938590E+09
 163      0.104107E+09   -0.1479391E+09   -0.2127325E+09
 164      0.133680E+09   -0.1096576E+09   -0.2314234E+09
 165      0.160155E+09   -0.7126294E+08   -0.2037190E+09
 166      0.194665E+09   -0.3228512E+08   -0.1753912E+09
 167      0.245210E+09   -0.1283106E+08   -0.9278616E+08
 168      0.333776E+09    0.4842565E+07   -0.1004717E+08
 169      0.630556E+09    0.5703480E+07    0.6980769E+05
 170      0.531530E+09   -0.1329504E+08    0.6140652E+08
 171      0.416630E+09   -0.3366722E+08    0.1238223E+09
 172      0.267268E+09   -0.7783962E+08    0.1637901E+09
 173      0.827481E+08   -0.1213907E+09    0.2002836E+09
 174     -0.143646E+09   -0.1705664E+09    0.2193393E+09
 175     -0.400347E+09   -0.2261965E+09    0.2475837E+09
 176     -0.707540E+09   -0.2592451E+09    0.2378409E+09
 177     -0.539181E+09   -0.2796109E+09    0.2115571E+09
 178     -0.367389E+09   -0.2712347E+09    0.1224871E+09
 179     -0.222140E+09   -0.2697559E+09    0.4157067E+08
 180     -0.101656E+09   -0.2575576E+09   -0.3509039E+08
 181     -0.101655E+08   -0.2445670E+09   -0.1118061E+09
 182      0.572237E+08   -0.2184013E+09   -0.1697676E+09
 183      0.988808E+08   -0.1918952E+09   -0.2278381E+09
 184      0.122008E+09   -0.1543048E+09   -0.2504576E+09
 185      0.129690E+09   -0.1158219E+09   -0.2729634E+09
 186      0.131289E+09   -0.7539519E+08   -0.2415369E+09
 187      0.138952E+09   -0.3343704E+08   -0.2092753E+09
 188      0.162390E+09   -0.1193471E+08   -0.1106092E+09
 189      0.224226E+09    0.6799776E+07   -0.1172667E+08
 190      0.539932E+09    0.6363063E+07    0.2004752E+07
 191      0.451295E+09   -0.1484122E+08    0.8236605E+08
 192      0.352545E+09   -0.3852509E+08    0.1634723E+09
 193      0.223285E+09   -0.8625401E+08    0.2088368E+09
 194      0.574605E+08   -0.1334249E+09    0.2519633E+09
 195     -0.160318E+09   -0.1832479E+09    0.2678422E+09
 196     -0.415020E+09   -0.2335893E+09    0.2931084E+09
 197     -0.662095E+09   -0.2541629E+09    0.2577902E+09
 198     -0.461297E+09   -0.2702844E+09    0.2080254E+09
 199     -0.283312E+09   -0.2643432E+09    0.1187003E+09
 200     -0.137077E+09   -0.2610464E+09    0.3396606E+08
 201     -0.204399E+08   -0.2478730E+09   -0.4812593E+08
 202      0.641133E+08   -0.2347670E+09   -0.1299056E+09
 203      0.120171E+09   -0.2112382E+09   -0.1934407E+09
 204      0.146460E+09   -0.1875447E+09   -0.2572799E+09
 205      0.148694E+09   -0.1532106E+09   -0.2850352E+09
 206      0.129108E+09   -0.1179045E+09   -0.3130018E+09
 207      0.972726E+08   -0.7846688E+08   -0.2804578E+09
 208      0.652069E+08   -0.3761967E+08   -0.2470718E+09
 209      0.456903E+08   -0.1486528E+08   -0.1311843E+09
 210      0.655932E+08    0.5438199E+07   -0.1450302E+08
 211      0.449734E+09    0.6764875E+07    0.4234243E+07
 212      0.370641E+09   -0.1687566E+08    0.1036257E+09
 213      0.288438E+09   -0.4268375E+08    0.2030366E+09
 214      0.179132E+09   -0.8816547E+08    0.2536319E+09
 215      0.264989E+08   -0.1340167E+09    0.3052948E+09
 216     -0.175549E+09   -0.1764695E+09    0.3165088E+09
 217     -0.429465E+09   -0.2174525E+09    0.3346082E+09
 218     -0.613275E+09   -0.2332195E+09    0.2784670E+09
 219     -0.385124E+09   -0.2463657E+09    0.2093544E+09
 220     -0.199164E+09   -0.2381124E+09    0.1163430E+09
 221     -0.515472E+08   -0.2315181E+09    0.2635713E+08
 222      0.615295E+08   -0.2184361E+09   -0.6111326E+08
 223      0.139111E+09   -0.2060270E+09   -0.1482083E+09
 224      0.183772E+09   -0.1881101E+09   -0.2175153E+09
 225      0.194398E+09   -0.1703713E+09   -0.2873216E+09
 226      0.175476E+09   -0.1429250E+09   -0.3203333E+09
 227      0.128167E+09   -0.1143692E+09   -0.3538488E+09
 228      0.626237E+08   -0.7741072E+08   -0.3200498E+09
 229     -0.920145E+07   -0.3771222E+08   -0.2853657E+09
 230     -0.715553E+08   -0.1361276E+08   -0.1519500E+09
 231     -0.929131E+08    0.7121282E+07   -0.1725450E+08
 232      0.302135E+09    0.6001165E+07    0.8679462E+07
 233      0.251450E+09   -0.1812528E+08    0.1274791E+09
 234      0.203041E+09   -0.4565923E+08    0.2463879E+09
 235      0.129395E+09   -0.9333843E+08    0.2969884E+09
 236      0.147880E+07   -0.1388765E+09    0.3456184E+09
 237     -0.173721E+09   -0.1665384E+09    0.3440494E+09
 238     -0.418456E+09   -0.1935484E+09    0.3508319E+09
 239     -0.529816E+09   -0.1959105E+09    0.2821294E+09
 240     -0.296004E+09   -0.1963672E+09    0.2017093E+09
 241     -0.107534E+09   -0.1830780E+09    0.1055490E+09
 242      0.390255E+08   -0.1706867E+09    0.1324166E+08
 243      0.146869E+09   -0.1585805E+09   -0.7206589E+08
 244      0.218682E+09   -0.1476698E+09   -0.1571285E+09
 245      0.253805E+09   -0.1388504E+09   -0.2268362E+09
 246      0.252231E+09   -0.1305569E+09   -0.2974653E+09
 247      0.213918E+09   -0.1155675E+09   -0.3367994E+09
 248      0.137952E+09   -0.9938004E+08   -0.3774945E+09
 249      0.318956E+08   -0.7069257E+08   -0.3493816E+09
 250     -0.946569E+08   -0.3896067E+08   -0.3207543E+09
 251     -0.221923E+09   -0.1552642E+08   -0.1727620E+09
 252     -0.312386E+09    0.4639217E+07   -0.2209480E+08
 253      0.156759E+09    0.1001488E+08    0.1102552E+08
 254      0.131897E+09   -0.1695050E+08    0.1511411E+09
 255      0.115344E+09   -0.4864954E+08    0.2919437E+09
 256      0.778316E+08   -0.9023321E+08    0.3420907E+09
 257     -0.190506E+08   -0.1269221E+09    0.3867311E+09
 258     -0.174295E+09   -0.1377374E+09    0.3732670E+09
 259     -0.404356E+09   -0.1479767E+09    0.3695240E+09
 260     -0.447455E+09   -0.1325307E+09    0.2864233E+09
 261     -0.204497E+09   -0.1154909E+09    0.1935655E+09
 262     -0.142558E+08   -0.9056166E+08    0.9490729E+08
 263      0.130944E+09   -0.6732720E+08    0.3535017E+06
 264      0.233412E+09   -0.5690542E+08   -0.8289940E+08
 265      0.299454E+09   -0.4813651E+08   -0.1659684E+09
 266      0.325105E+09   -0.5361548E+08   -0.2363607E+09
 267      0.310975E+09   -0.6045768E+08   -0.3080406E+09
 268      0.253185E+09   -0.6602237E+08   -0.3542485E+09
 269      0.147178E+09   -0.7096842E+08   -0.4025489E+09
 270      0.305378E+06   -0.5602419E+08   -0.3800941E+09
 271     -0.182168E+09   -0.3623376E+08   -0.3574532E+09
 272     -0.373530E+09   -0.1320334E+08   -0.1941461E+09
 273     -0.532370E+09    0.6493895E+07   -0.2702527E+08
 274     -0.563339E+08    0.3336376E+07    0.2072525E+08
 275     -0.284734E+08   -0.2520421E+08    0.1786747E+09
 276      0.243670E+08   -0.5955159E+08    0.3340124E+09
 277      0.435346E+08   -0.8616121E+08    0.3643298E+09
 278     -0.644320E+07   -0.1082911E+09    0.3919156E+09
 279     -0.146732E+09   -0.9240330E+08    0.3580379E+09
 280     -0.364453E+09   -0.7235703E+08    0.3350806E+09
 281     -0.348195E+09   -0.2789243E+08    0.2478597E+09
 282     -0.108956E+09    0.1601690E+08    0.1503823E+09
 283      0.710718E+08    0.5325505E+08    0.6162827E+08
 284      0.208072E+09    0.8911403E+08   -0.2233306E+08
 285      0.301736E+09    0.9685278E+08   -0.8883972E+08
 286      0.364137E+09    0.1026920E+09   -0.1550842E+09
 287      0.385591E+09    0.7876814E+08   -0.2133391E+09
 288      0.369770E+09    0.5309323E+08   -0.2731974E+09
 289      0.303363E+09    0.1843058E+08   -0.3231087E+09
 290      0.179323E+09   -0.1568437E+08   -0.3770639E+09
 291     -0.710543E+07   -0.2538996E+08   -0.3741163E+09
 292     -0.257087E+09   -0.2872748E+08   -0.3732289E+09
 293     -0.545291E+09   -0.1210830E+08   -0.2082495E+09
 294     -0.820108E+09    0.1297613E+06   -0.3562751E+08
 295     -0.270910E+09    0.1455534E+08    0.3237838E+08
 296     -0.189654E+09   -0.2269494E+08    0.2078466E+09
 297     -0.748398E+08   -0.6206285E+08    0.3812029E+09
 298      0.997809E+07   -0.6848382E+08    0.3916252E+09
 299      0.807900E+06   -0.6567763E+08    0.3989362E+09
 300     -0.113789E+09    0.4891519E+06    0.3433105E+09
 301     -0.325075E+09    0.6306699E+08    0.2999301E+09
 302     -0.247617E+09    0.1383093E+09    0.2087431E+09
 303     -0.121999E+08    0.2138227E+09    0.1062721E+09
 304      0.157259E+09    0.2685563E+09    0.2779926E+08
 305      0.285814E+09    0.3207444E+09   -0.4516947E+08
 306      0.370589E+09    0.3252372E+09   -0.9435296E+08
 307      0.429670E+09    0.3277595E+09   -0.1432098E+09
 308      0.447542E+09    0.2801161E+09   -0.1891984E+09
 309      0.430470E+09    0.2292283E+09   -0.2368570E+09
 310      0.356824E+09    0.1527318E+09   -0.2921968E+09
 311      0.211315E+09    0.7249966E+08   -0.3526905E+09
 312     -0.133095E+08    0.2372435E+08   -0.3713119E+09
 313     -0.339348E+09   -0.1939600E+08   -0.3929800E+09
 314     -0.720301E+09   -0.7722171E+07   -0.2240930E+09
 315     -0.111018E+10    0.6098433E+07   -0.4603919E+08
 316     -0.590834E+09   -0.9708385E+07    0.5444970E+08
 317     -0.370761E+09   -0.2751532E+08    0.2309440E+09
 318     -0.117910E+09   -0.5752592E+08    0.3920261E+09
 319      0.390267E+08   -0.1530031E+08    0.3452239E+09
 320      0.663567E+08    0.4226829E+08    0.3050939E+09
 321     -0.499724E+08    0.1573552E+09    0.2355056E+09
 322     -0.282741E+09    0.2728753E+09    0.1840857E+09
 323     -0.151935E+09    0.3847178E+09    0.1045048E+09
 324      0.587851E+08    0.4961599E+09    0.1318558E+08
 325      0.203520E+09    0.5647152E+09   -0.3553128E+08
 326      0.315202E+09    0.6312304E+09   -0.7894754E+08
 327      0.387422E+09    0.6314743E+09   -0.9242684E+08
 328      0.443857E+09    0.6304090E+09   -0.1054369E+09
 329      0.464067E+09    0.5584672E+09   -0.1174814E+09
 330      0.460425E+09    0.4838550E+09   -0.1300740E+09
 331      0.400792E+09    0.3566754E+09   -0.1699863E+09
 332      0.273264E+09    0.2262860E+09   -0.2178175E+09
 333      0.352304E+08    0.1149914E+09   -0.2715046E+09
 334     -0.344118E+09    0.1545857E+08   -0.3405158E+09
 335     -0.868371E+09    0.1725815E+07   -0.2130513E+09
 336     -0.146531E+10   -0.1769174E+08   -0.6358957E+08
 337     -0.938212E+09    0.4790160E+08    0.1002105E+09
 338     -0.553794E+09   -0.1985063E+08    0.2634361E+09
 339     -0.198481E+09   -0.5243612E+08    0.4196997E+09
 340      0.897731E+08    0.9876803E+08    0.3092681E+09
 341      0.139535E+09    0.2365420E+09    0.2000165E+09
 342      0.200247E+08    0.4277530E+09    0.1217422E+09
 343     -0.245583E+09    0.6003909E+09    0.6207532E+08
 344     -0.546572E+08    0.7456440E+09   -0.4510806E+07
 345      0.128930E+09    0.8914418E+09   -0.8274388E+08
 346      0.248306E+09    0.9711945E+09   -0.1004043E+09
 347      0.342734E+09    0.1049135E+10   -0.1130613E+09
 348      0.402272E+09    0.1045582E+10   -0.8960389E+08
 349      0.456432E+09    0.1042064E+10   -0.6559172E+08
 350      0.479660E+09    0.9492867E+09   -0.4191034E+08
 351      0.491564E+09    0.8545418E+09   -0.1758727E+08
 352      0.449301E+09    0.6723376E+09   -0.4085773E+08
 353      0.341673E+09    0.4726145E+09   -0.7128057E+08
 354      0.103117E+09    0.2729694E+09   -0.1778890E+09
 355     -0.376239E+09    0.5263161E+08   -0.2993343E+09
 356     -0.102017E+10    0.2053250E+08   -0.2092672E+09
 357     -0.185180E+10    0.2835878E+08   -0.1002117E+09
 358     -0.139259E+10   -0.9048940E+08    0.1334144E+09
 359     -0.652456E+09    0.1034316E+08    0.2171534E+09
 360     -0.292165E+08    0.9142270E+08    0.2347001E+09
 361      0.203983E+09    0.3582572E+09    0.4914738E+08
 362      0.216390E+09    0.6486572E+09   -0.5822579E+08
 363      0.555106E+08    0.8662465E+09   -0.8423420E+08
 364     -0.205546E+09    0.1078964E+10   -0.1175774E+09
 365     -0.815989E+07    0.1239847E+10   -0.1610604E+09
 366      0.134610E+09    0.1402250E+10   -0.2024061E+09
 367      0.221846E+09    0.1481379E+10   -0.1763140E+09
 368      0.293026E+09    0.1560122E+10   -0.1477410E+09
 369      0.337728E+09    0.1553163E+10   -0.8057502E+08
 370      0.383927E+09    0.1547688E+10   -0.1316383E+08
 371      0.408011E+09    0.1445988E+10    0.6274050E+08
 372      0.432752E+09    0.1345256E+10    0.1410422E+09
 373      0.417908E+09    0.1123664E+10    0.1819076E+09
 374      0.367719E+09    0.8942780E+09    0.2269694E+09
 375      0.202027E+09    0.5536289E+09    0.1402534E+09
 376     -0.176118E+09    0.2235830E+09   -0.1931650E+08
 377     -0.999976E+09    0.6683710E+08   -0.9796651E+08
 378     -0.222505E+10   -0.9522503E+08   -0.1148779E+09
 379     -0.249134E+10    0.2681224E+09    0.5964799E+09
 380     -0.611887E+09    0.1976401E+09    0.2724132E+09
 381      0.224799E+09    0.3599784E+09   -0.1148177E+09
 382      0.327113E+09    0.9987964E+09   -0.2720760E+09
 383      0.308209E+09    0.1394252E+10   -0.3417111E+09
 384      0.707263E+08    0.1575035E+10   -0.3126882E+09
 385     -0.170164E+09    0.1771263E+10   -0.3026877E+09
 386      0.300748E+08    0.1907036E+10   -0.3209812E+09
 387      0.134339E+09    0.2048882E+10   -0.3242949E+09
 388      0.190279E+09    0.2115416E+10   -0.2530402E+09
 389      0.238507E+09    0.2181116E+10   -0.1820707E+09
 390      0.268480E+09    0.2172787E+10   -0.7078719E+08
 391      0.306128E+09    0.2167719E+10    0.4032597E+08
 392      0.329841E+09    0.2078504E+10    0.1705126E+09
 393      0.366885E+09    0.1995384E+10    0.3034874E+09
 394      0.376098E+09    0.1779373E+10    0.4192657E+09
 395      0.395120E+09    0.1569332E+10    0.5432831E+09
 396      0.300500E+09    0.1132198E+10    0.5174438E+09
 397      0.906088E+08    0.4828511E+09    0.4123812E+09
 398     -0.839844E+09    0.2549239E+09   -0.5927883E+08
 399     -0.319116E+10    0.2297380E+09   -0.4700501E+09
 400     -0.221945E+10   -0.4508422E+09   -0.1234071E+09
 401     -0.154178E+09    0.7426793E+09   -0.5586170E+09
 402      0.108094E+09    0.1908671E+10   -0.8396020E+09
 403      0.209621E+09    0.2232544E+10   -0.6050614E+09
 404      0.175381E+09    0.2541860E+10   -0.4376948E+09
 405      0.273134E+08    0.2572816E+10   -0.3795741E+09
 406     -0.103827E+09    0.2642520E+10   -0.3733887E+09
 407      0.139215E+08    0.2720382E+10   -0.3981954E+09
 408      0.663270E+08    0.2801007E+10   -0.3842263E+09
 409      0.953746E+08    0.2837168E+10   -0.2866208E+09
 410      0.119620E+09    0.2872468E+10   -0.1936286E+09
 411      0.135050E+09    0.2865113E+10   -0.6130812E+08
 412      0.154534E+09    0.2860406E+10    0.7027919E+08
 413      0.167513E+09    0.2805948E+10    0.2311174E+09
 414      0.187683E+09    0.2756687E+10    0.3931934E+09
 415      0.196954E+09    0.2616839E+10    0.5746802E+09
 416      0.208560E+09    0.2490300E+10    0.7650210E+09
 417      0.189715E+09    0.2125217E+10    0.9088064E+09
 418      0.394669E+08    0.1761437E+10    0.1136847E+10
 419     -0.253181E+09    0.6971531E+09    0.7330018E+09
 420     -0.255252E+10   -0.3890221E+09    0.2067095E+09
 421     -0.130728E+10    0.4286204E+10   -0.1027605E+10
 422      0.145205E+09    0.4444007E+10   -0.1372372E+10
 423     -0.400766E+08    0.4550681E+10   -0.1396746E+10
 424      0.603414E+08    0.4330566E+10   -0.8588113E+09
 425      0.243311E+08    0.4164727E+10   -0.4792030E+09
 426     -0.663318E+07    0.3856796E+10   -0.4066711E+09
 427     -0.299573E+08    0.3627645E+10   -0.4280669E+09
 428      0.122642E+07    0.3642612E+10   -0.4643874E+09
 429      0.211932E+07    0.3633078E+10   -0.4362727E+09
 430      0.432203E+07    0.3623813E+10   -0.3154756E+09
 431      0.503082E+07    0.3616744E+10   -0.2033245E+09
 432      0.609405E+07    0.3612300E+10   -0.5206372E+08
 433      0.760370E+07    0.3609231E+10    0.9799062E+08
 434      0.100301E+08    0.3608740E+10    0.2858250E+09
 435      0.123209E+08    0.3610888E+10    0.4743282E+09
 436      0.207557E+08    0.3616074E+10    0.7113768E+09
 437      0.169733E+08    0.3632854E+10    0.9610856E+09
 438      0.607834E+08    0.3645309E+10    0.1250715E+10
 439     -0.357454E+08    0.3740097E+10    0.1730128E+10
 440      0.192307E+09    0.3706539E+10    0.1577160E+10
 441     -0.129941E+10    0.3600820E+10    0.1166783E+10
