   1     -0.408025E+09    0.1141152E+08    0.2714586E+07
   2     -0.374106E+09   -0.3316666E+08    0.5873671E+07
   3     -0.285619E+09   -0.8166647E+08    0.8289516E+07
   4     -0.184517E+09   -0.1643296E+09    0.6473907E+07
   5     -0.687375E+08   -0.2449511E+09    0.5048797E+07
   6      0.395817E+08   -0.3299426E+09    0.4099232E+07
   7      0.145952E+09   -0.4141176E+09    0.3570612E+07
   8      0.235403E+09   -0.4793800E+09    0.2488051E+07
   9      0.303756E+09   -0.5440381E+09    0.1589109E+07
  10      0.354267E+09   -0.5759583E+09    0.6167474E+06
  11      0.370121E+09   -0.6073243E+09   -0.9269947E+06
  12      0.358911E+09   -0.5930256E+09   -0.2442557E+07
  13      0.311285E+09   -0.5778899E+09   -0.2914633E+07
  14      0.236063E+09   -0.5246382E+09   -0.3339244E+07
  15      0.127050E+09   -0.4695698E+09   -0.4724683E+07
  16     -0.171747E+07   -0.3831265E+09   -0.4406682E+07
  17     -0.135655E+09   -0.2966769E+09   -0.3817077E+07
  18     -0.274805E+09   -0.2043993E+09   -0.4241948E+07
  19     -0.365756E+09   -0.1086103E+09   -0.4883950E+07
  20     -0.416179E+09   -0.4545643E+08   -0.5003036E+07
  21     -0.258163E+09    0.1233535E+08   -0.4949802E+07
  22     -0.459164E+09    0.6869142E+07    0.7145781E+07
  23     -0.396688E+09   -0.1929225E+08    0.3219895E+08
  24     -0.303303E+09   -0.4715666E+08    0.5643869E+08
  25     -0.194476E+09   -0.1082072E+09    0.6566095E+08
  26     -0.727702E+08   -0.1694408E+09    0.7563742E+08
  27      0.424908E+08   -0.2393844E+09    0.7293166E+08
  28      0.153041E+09   -0.3084809E+09    0.7012116E+08
  29      0.246708E+09   -0.3656763E+09    0.5864738E+08
  30      0.319350E+09   -0.4223267E+09    0.4689545E+08
  31      0.371375E+09   -0.4515800E+09    0.2932990E+08
  32      0.389679E+09   -0.4804226E+09    0.1190131E+08
  33      0.379500E+09   -0.4753280E+09   -0.8699555E+07
  34      0.331103E+09   -0.4690720E+09   -0.2936742E+08
  35      0.253276E+09   -0.4248078E+09   -0.4688992E+08
  36      0.142183E+09   -0.3803671E+09   -0.6466122E+08
  37      0.903464E+07   -0.3090500E+09   -0.7532784E+08
  38     -0.134998E+09   -0.2357949E+09   -0.8511003E+08
  39     -0.277575E+09   -0.1572984E+09   -0.8076633E+08
  40     -0.384128E+09   -0.7649631E+08   -0.7860074E+08
  41     -0.445705E+09   -0.3051737E+08   -0.4671427E+08
  42     -0.340371E+09    0.1072264E+08   -0.1306100E+08
  43     -0.515253E+09    0.5712796E+07    0.8946158E+07
  44     -0.420780E+09   -0.4031562E+07    0.5568546E+08
  45     -0.322484E+09   -0.1386900E+08    0.1012641E+09
  46     -0.205367E+09   -0.5379124E+08    0.1236193E+09
  47     -0.773284E+08   -0.9633707E+08    0.1482582E+09
  48      0.478975E+08   -0.1607156E+09    0.1442912E+09
  49      0.162523E+09   -0.2232964E+09    0.1383394E+09
  50      0.259307E+09   -0.2745243E+09    0.1149484E+09
  51      0.335682E+09   -0.3254559E+09    0.9168964E+08
  52      0.389290E+09   -0.3547642E+09    0.5804811E+08
  53      0.410152E+09   -0.3834701E+09    0.2476561E+08
  54      0.401277E+09   -0.3812568E+09   -0.1507522E+08
  55      0.351847E+09   -0.3787187E+09   -0.5546547E+08
  56      0.270467E+09   -0.3469090E+09   -0.8984265E+08
  57      0.157632E+09   -0.3136004E+09   -0.1242221E+09
  58      0.202509E+08   -0.2536183E+09   -0.1459446E+09
  59     -0.134651E+09   -0.1920333E+09   -0.1669800E+09
  60     -0.280604E+09   -0.1219843E+09   -0.1576483E+09
  61     -0.401204E+09   -0.4943340E+08   -0.1525069E+09
  62     -0.478070E+09   -0.1557844E+08   -0.8680961E+08
  63     -0.425770E+09    0.1307891E+08   -0.1685454E+08
  64     -0.594560E+09    0.3404260E+07    0.6141544E+07
  65     -0.478991E+09   -0.7173344E+07    0.6304485E+08
  66     -0.365062E+09   -0.1889138E+08    0.1190843E+09
  67     -0.236166E+09   -0.4451325E+08    0.1479374E+09
  68     -0.969152E+08   -0.6705423E+08    0.1781700E+09
  69      0.454808E+08   -0.1010149E+09    0.1833598E+09
  70      0.175319E+09   -0.1399631E+09    0.1881621E+09
  71      0.288157E+09   -0.1900014E+09    0.1609710E+09
  72      0.376567E+09   -0.2375944E+09    0.1320508E+09
  73      0.434604E+09   -0.2662589E+09    0.8609960E+08
  74      0.460268E+09   -0.2941073E+09    0.4131199E+08
  75      0.454925E+09   -0.2986886E+09   -0.1104988E+08
  76      0.405623E+09   -0.3036296E+09   -0.6390798E+08
  77      0.320329E+09   -0.2793373E+09   -0.1139141E+09
  78      0.199699E+09   -0.2531807E+09   -0.1640361E+09
  79      0.504153E+08   -0.2034739E+09   -0.1939373E+09
  80     -0.122991E+09   -0.1527839E+09   -0.2245924E+09
  81     -0.295044E+09   -0.9824291E+08   -0.2111957E+09
  82     -0.447250E+09   -0.4393059E+08   -0.1987128E+09
  83     -0.570521E+09   -0.1827996E+08   -0.1093483E+09
  84     -0.581678E+09    0.5507129E+07   -0.1739760E+08
  85     -0.667982E+09    0.3101410E+07    0.6107350E+07
  86     -0.536096E+09   -0.6570523E+07    0.7324079E+08
  87     -0.406373E+09   -0.1733717E+08    0.1400411E+09
  88     -0.266091E+09   -0.4034606E+08    0.1728806E+09
  89     -0.116093E+09   -0.6404974E+08    0.2052728E+09
  90      0.382739E+08   -0.8420020E+08    0.2169914E+09
  91      0.183924E+09   -0.9799295E+08    0.2316219E+09
  92      0.316818E+09   -0.1252377E+09    0.2082582E+09
  93      0.422573E+09   -0.1619341E+09    0.1784337E+09
  94      0.481096E+09   -0.1961551E+09    0.1157415E+09
  95      0.509697E+09   -0.2251178E+09    0.5741133E+08
  96      0.507699E+09   -0.2320912E+09   -0.6751562E+07
  97      0.459654E+09   -0.2392594E+09   -0.7250246E+08
  98      0.371298E+09   -0.2228509E+09   -0.1385244E+09
  99      0.241670E+09   -0.2052960E+09   -0.2041542E+09
 100      0.799220E+08   -0.1676422E+09   -0.2420206E+09
 101     -0.111936E+09   -0.1294197E+09   -0.2808640E+09
 102     -0.309255E+09   -0.8384327E+08   -0.2640379E+09
 103     -0.498356E+09   -0.3486845E+08   -0.2457357E+09
 104     -0.660042E+09   -0.1040641E+08   -0.1329162E+09
 105     -0.737245E+09    0.9388090E+07   -0.1941353E+08
 106     -0.762543E+09    0.2468074E+07    0.8270215E+07
 107     -0.611427E+09   -0.7677582E+07    0.8303417E+08
 108     -0.460797E+09   -0.1870788E+08    0.1574167E+09
 109     -0.300849E+09   -0.3914637E+08    0.1916456E+09
 110     -0.135154E+09   -0.5952285E+08    0.2255402E+09
 111      0.297717E+08   -0.7706690E+08    0.2305200E+09
 112      0.186943E+09   -0.9269016E+08    0.2366543E+09
 113      0.334469E+09   -0.1003200E+09    0.2194777E+09
 114      0.465634E+09   -0.1094505E+09    0.2023391E+09
 115      0.545215E+09   -0.1358036E+09    0.1419258E+09
 116      0.581979E+09   -0.1630144E+09    0.7921714E+08
 117      0.582918E+09   -0.1731672E+09    0.2875130E+07
 118      0.537973E+09   -0.1814691E+09   -0.7280307E+08
 119      0.447301E+09   -0.1718089E+09   -0.1475332E+09
 120      0.304378E+09   -0.1624598E+09   -0.2223041E+09
 121      0.126750E+09   -0.1350836E+09   -0.2689923E+09
 122     -0.933176E+08   -0.1054615E+09   -0.3167943E+09
 123     -0.328500E+09   -0.6913043E+08   -0.2985499E+09
 124     -0.570053E+09   -0.3273258E+08   -0.2804675E+09
 125     -0.790414E+09   -0.1259425E+08   -0.1511234E+09
 126     -0.940823E+09    0.5466829E+07   -0.1891642E+08
 127     -0.857758E+09    0.3015337E+07    0.1017728E+08
 128     -0.686105E+09   -0.7028192E+07    0.9292915E+08
 129     -0.514854E+09   -0.1846525E+08    0.1752644E+09
 130     -0.335645E+09   -0.3828646E+08    0.2112657E+09
 131     -0.153966E+09   -0.5761234E+08    0.2468334E+09
 132      0.239075E+08   -0.7178353E+08    0.2472175E+09
 133      0.192054E+09   -0.8559701E+08    0.2472255E+09
 134      0.350325E+09   -0.8669692E+08    0.2279597E+09
 135      0.497938E+09   -0.8137174E+08    0.2152017E+09
 136      0.608810E+09   -0.8135118E+08    0.1660158E+09
 137      0.659219E+09   -0.9290584E+08    0.1061163E+09
 138      0.659434E+09   -0.1150021E+09    0.1441135E+08
 139      0.616084E+09   -0.1307432E+09   -0.7266701E+08
 140      0.523059E+09   -0.1286491E+09   -0.1562807E+09
 141      0.367072E+09   -0.1263208E+09   -0.2406865E+09
 142      0.173784E+09   -0.1087930E+09   -0.2960111E+09
 143     -0.730579E+08   -0.9078767E+08   -0.3534689E+09
 144     -0.349547E+09   -0.6072760E+08   -0.3338156E+09
 145     -0.638154E+09   -0.2968386E+08   -0.3135693E+09
 146     -0.921585E+09   -0.1229838E+08   -0.1697432E+09
 147     -0.114249E+10    0.3266994E+07   -0.2231948E+08
 148     -0.976310E+09    0.2306420E+07    0.1269576E+08
 149     -0.776781E+09   -0.8341903E+07    0.1030291E+09
 150     -0.576944E+09   -0.2026506E+08    0.1928149E+09
 151     -0.371556E+09   -0.3805384E+08    0.2275801E+09
 152     -0.167942E+09   -0.5513901E+08    0.2617920E+09
 153      0.277358E+08   -0.6512069E+08    0.2566230E+09
 154      0.208908E+09   -0.7439310E+08    0.2516344E+09
 155      0.375398E+09   -0.7249339E+08    0.2244543E+09
 156      0.523580E+09   -0.6911477E+08    0.2000263E+09
 157      0.650405E+09   -0.6133088E+08    0.1593270E+09
 158      0.735195E+09   -0.5547700E+08    0.1151892E+09
 159      0.750315E+09   -0.6449497E+08    0.2598766E+08
 160      0.708301E+09   -0.7379000E+08   -0.6305533E+08
 161      0.611949E+09   -0.7829754E+08   -0.1518642E+09
 162      0.449302E+09   -0.8262961E+08   -0.2415343E+09
 163      0.236186E+09   -0.7371262E+08   -0.3047371E+09
 164     -0.410102E+08   -0.6365882E+08   -0.3686646E+09
 165     -0.367244E+09   -0.4439865E+08   -0.3535535E+09
 166     -0.718663E+09   -0.2231029E+08   -0.3378981E+09
 167     -0.107645E+10   -0.7159820E+07   -0.1827003E+09
 168     -0.139723E+10    0.4809721E+07   -0.2407797E+08
 169     -0.109394E+10    0.2885251E+07    0.1531395E+08
 170     -0.867674E+09   -0.8312900E+07    0.1134415E+09
 171     -0.639120E+09   -0.2133950E+08    0.2108061E+09
 172     -0.407548E+09   -0.3753280E+08    0.2443681E+09
 173     -0.182056E+09   -0.5233513E+08    0.2773395E+09
 174      0.313689E+08   -0.5663248E+08    0.2665800E+09
 175      0.225858E+09   -0.6003892E+08    0.2561193E+09
 176      0.401765E+09   -0.5214388E+08    0.2233172E+09
 177      0.554835E+09   -0.4359577E+08    0.1912440E+09
 178      0.689647E+09   -0.2719210E+08    0.1526385E+09
 179      0.803054E+09   -0.1071359E+08    0.1187823E+09
 180      0.844119E+09   -0.1429237E+08    0.3577386E+08
 181      0.800745E+09   -0.2081410E+08   -0.5394777E+08
 182      0.700826E+09   -0.3082913E+08   -0.1484220E+09
 183      0.532415E+09   -0.3891701E+08   -0.2433352E+09
 184      0.299015E+09   -0.4115360E+08   -0.3140066E+09
 185     -0.107894E+08   -0.4303066E+08   -0.3845437E+09
 186     -0.383490E+09   -0.3099735E+08   -0.3734649E+09
 187     -0.800691E+09   -0.1773910E+08   -0.3624698E+09
 188     -0.123178E+10   -0.7044370E+07   -0.1955376E+09
 189     -0.165022E+10    0.2197635E+07   -0.2450718E+08
 190     -0.123855E+10    0.1377638E+07    0.2048897E+08
 191     -0.972574E+09   -0.1009635E+08    0.1241900E+09
 192     -0.703814E+09   -0.2321166E+08    0.2265905E+09
 193     -0.437655E+09   -0.3456971E+08    0.2541356E+09
 194     -0.185546E+09   -0.4450276E+08    0.2811623E+09
 195      0.472863E+08   -0.4008757E+08    0.2623994E+09
 196      0.254123E+09   -0.3477850E+08    0.2443939E+09
 197      0.436814E+09   -0.1759746E+08    0.2076213E+09
 198      0.593975E+09   -0.5876151E+06    0.1718855E+09
 199      0.727945E+09    0.2082925E+08    0.1314775E+09
 200      0.841316E+09    0.4572085E+08    0.9556657E+08
 201      0.915229E+09    0.5357207E+08    0.3327686E+08
 202      0.892250E+09    0.5381388E+08   -0.3651124E+08
 203      0.794258E+09    0.3322747E+08   -0.1316508E+09
 204      0.623506E+09    0.1538872E+08   -0.2256491E+09
 205      0.373290E+09    0.1006472E+07   -0.3000204E+09
 206      0.338526E+08   -0.1318845E+08   -0.3760217E+09
 207     -0.387368E+09   -0.1472865E+08   -0.3734726E+09
 208     -0.876858E+09   -0.1333442E+08   -0.3715862E+09
 209     -0.140302E+10   -0.4715352E+07   -0.2026100E+09
 210     -0.193613E+10    0.1619110E+07   -0.2754193E+08
 211     -0.138393E+10    0.1853864E+07    0.2620162E+08
 212     -0.107741E+10   -0.9953285E+07    0.1354611E+09
 213     -0.769261E+09   -0.2393453E+08    0.2429599E+09
 214     -0.468348E+09   -0.2961014E+08    0.2646352E+09
 215     -0.189521E+09   -0.3279154E+08    0.2858626E+09
 216      0.631785E+08   -0.1521145E+08    0.2589730E+09
 217      0.282508E+09    0.3443549E+07    0.2332919E+09
 218      0.472453E+09    0.3348552E+08    0.1922388E+09
 219      0.633564E+09    0.6333526E+08    0.1525804E+09
 220      0.769052E+09    0.9004120E+08    0.1115485E+09
 221      0.884293E+09    0.1171274E+09    0.7327342E+08
 222      0.979717E+09    0.1248188E+09    0.2989459E+08
 223      0.986169E+09    0.1298362E+09   -0.2021183E+08
 224      0.889044E+09    0.1053669E+09   -0.1146459E+09
 225      0.715242E+09    0.7921330E+08   -0.2069511E+09
 226      0.447902E+09    0.4859409E+08   -0.2869053E+09
 227      0.799302E+08    0.1984532E+08   -0.3692622E+09
 228     -0.392440E+09    0.7824187E+07   -0.3745638E+09
 229     -0.951928E+09   -0.2691762E+07   -0.3817440E+09
 230     -0.157512E+10   -0.7999488E+06   -0.2098393E+09
 231     -0.222213E+10    0.1414386E+06   -0.2981950E+08
 232     -0.155993E+10   -0.4912522E+06    0.3425905E+08
 233     -0.118984E+10   -0.1016331E+08    0.1444223E+09
 234     -0.825635E+09   -0.2236000E+08    0.2515323E+09
 235     -0.480224E+09   -0.1694097E+08    0.2573566E+09
 236     -0.172706E+09   -0.8295069E+07    0.2633002E+09
 237      0.959201E+08    0.2751329E+08    0.2251963E+09
 238      0.321113E+09    0.6446705E+08    0.1893132E+09
 239      0.510157E+09    0.1105024E+09    0.1493504E+09
 240      0.668667E+09    0.1560923E+09    0.1112673E+09
 241      0.799955E+09    0.1890298E+09    0.8086641E+08
 242      0.913566E+09    0.2211458E+09    0.5293631E+08
 243      0.100491E+10    0.2270433E+09    0.2456207E+08
 244      0.105097E+10    0.2320990E+09   -0.7666986E+07
 245      0.966253E+09    0.2022319E+09   -0.8311584E+08
 246      0.800893E+09    0.1696308E+09   -0.1593974E+09
 247      0.529105E+09    0.1201288E+09   -0.2399272E+09
 248      0.141771E+09    0.7038282E+08   -0.3231066E+09
 249     -0.374141E+09    0.3557492E+08   -0.3437359E+09
 250     -0.100624E+10    0.4637248E+07   -0.3673078E+09
 251     -0.174106E+10    0.1259128E+07   -0.2058846E+09
 252     -0.253095E+10   -0.3459477E+07   -0.3499512E+08
 253     -0.173516E+10   -0.1330029E+06    0.4296436E+08
 254     -0.130370E+10   -0.1025090E+08    0.1542548E+09
 255     -0.884021E+09   -0.2221488E+08    0.2615811E+09
 256     -0.492899E+09   -0.9389018E+05    0.2515854E+09
 257     -0.156707E+09    0.2652283E+08    0.2421893E+09
 258      0.129288E+09    0.9018015E+08    0.1925040E+09
 259      0.360229E+09    0.1542228E+09    0.1459131E+09
 260      0.548635E+09    0.2232104E+09    0.1069510E+09
 261      0.704225E+09    0.2908470E+09    0.7030168E+08
 262      0.831070E+09    0.3339644E+09    0.5074224E+08
 263      0.942822E+09    0.3754275E+09    0.3301321E+08
 264      0.103383E+10    0.3823340E+09    0.1893450E+08
 265      0.111291E+10    0.3888692E+09    0.5356925E+07
 266      0.104356E+10    0.3415687E+09   -0.5130613E+08
 267      0.887266E+09    0.2917643E+09   -0.1133523E+09
 268      0.611131E+09    0.2169680E+09   -0.1937739E+09
 269      0.202343E+09    0.1391058E+09   -0.2765339E+09
 270     -0.354700E+09    0.7747607E+08   -0.3135673E+09
 271     -0.106446E+10    0.1969810E+08   -0.3543710E+09
 272     -0.190759E+10    0.6839350E+07   -0.2028805E+09
 273     -0.284368E+10   -0.5019054E+07   -0.4084021E+08
 274     -0.193979E+10   -0.7148443E+07    0.5837047E+08
 275     -0.140802E+10   -0.8512474E+07    0.1560901E+09
 276     -0.905292E+09   -0.1346436E+08    0.2462490E+09
 277     -0.462885E+09    0.3551991E+08    0.2021452E+09
 278     -0.104633E+09    0.9079083E+08    0.1614814E+09
 279      0.181041E+09    0.1889470E+09    0.1005517E+09
 280      0.401351E+09    0.2874338E+09    0.4498523E+08
 281      0.572512E+09    0.3816325E+09    0.1868507E+08
 282      0.713390E+09    0.4741554E+09   -0.4930787E+07
 283      0.826723E+09    0.5282393E+09    0.3522485E+06
 284      0.932904E+09    0.5811601E+09    0.6776822E+07
 285      0.102245E+10    0.5796748E+09    0.2041774E+08
 286      0.111019E+10    0.5776914E+09    0.3666681E+08
 287      0.107758E+10    0.5166101E+09    0.1143123E+08
 288      0.942893E+09    0.4512741E+09   -0.1960522E+08
 289      0.682127E+09    0.3426749E+09   -0.8892039E+08
 290      0.280301E+09    0.2331707E+09   -0.1635545E+09
 291     -0.297084E+09    0.1380469E+09   -0.2237736E+09
 292     -0.107117E+10    0.4578182E+08   -0.2912306E+09
 293     -0.203099E+10    0.1629710E+08   -0.1770068E+09
 294     -0.314739E+10   -0.1232586E+08   -0.4798893E+08
 295     -0.214721E+10   -0.1438758E+07    0.7701193E+08
 296     -0.151496E+10   -0.7326216E+07    0.1600701E+09
 297     -0.934795E+09   -0.8126906E+07    0.2349994E+09
 298     -0.431597E+09    0.8577611E+08    0.1560862E+09
 299     -0.533504E+08    0.1839493E+09    0.8197882E+08
 300      0.236004E+09    0.3342139E+09    0.9046593E+07
 301      0.443895E+09    0.4795857E+09   -0.5731324E+08
 302      0.597315E+09    0.6052282E+09   -0.7044556E+08
 303      0.722668E+09    0.7276870E+09   -0.8093688E+08
 304      0.822161E+09    0.7938840E+09   -0.5015300E+08
 305      0.922865E+09    0.8589443E+09   -0.1849199E+08
 306      0.101118E+10    0.8532340E+09    0.2446607E+08
 307      0.110819E+10    0.8474394E+09    0.7004652E+08
 308      0.111279E+10    0.7656275E+09    0.7474066E+08
 309      0.999515E+09    0.6800181E+09    0.7552147E+08
 310      0.756951E+09    0.5258598E+09    0.1657546E+08
 311      0.359271E+09    0.3613288E+09   -0.5000311E+08
 312     -0.239709E+09    0.2096253E+09   -0.1362615E+09
 313     -0.108487E+10    0.5996483E+08   -0.2312430E+09
 314     -0.215678E+10    0.1883435E+08   -0.1533920E+09
 315     -0.345520E+10   -0.1227390E+08   -0.5971034E+08
 316     -0.238002E+10   -0.2903409E+08    0.1052942E+09
 317     -0.156234E+10    0.3777869E+07    0.1372394E+09
 318     -0.858453E+09    0.3101859E+08    0.1485771E+09
 319     -0.325882E+09    0.1851377E+09    0.7888361E+07
 320      0.426933E+08    0.3508193E+09   -0.1135881E+09
 321      0.289889E+09    0.5530334E+09   -0.1790611E+09
 322      0.460243E+09    0.7512444E+09   -0.2348736E+09
 323      0.576799E+09    0.9021412E+09   -0.2142757E+09
 324      0.675452E+09    0.1050854E+10   -0.1926567E+09
 325      0.753672E+09    0.1126162E+10   -0.1222847E+09
 326      0.842477E+09    0.1201548E+10   -0.5116207E+08
 327      0.927209E+09    0.1192407E+10    0.3592021E+08
 328      0.103387E+10    0.1184659E+10    0.1238473E+09
 329      0.106347E+10    0.1081307E+10    0.1801136E+09
 330      0.980741E+09    0.9734084E+09    0.2369420E+09
 331      0.782297E+09    0.7677280E+09    0.2188748E+09
 332      0.444509E+09    0.5537897E+09    0.1914316E+09
 333     -0.122272E+09    0.3330219E+09    0.6962015E+08
 334     -0.977985E+09    0.1205037E+09   -0.7524843E+08
 335     -0.217042E+10    0.4332271E+08   -0.8732065E+08
 336     -0.369608E+10   -0.3325039E+08   -0.7252732E+08
 337     -0.264520E+10    0.2668456E+08    0.1584455E+09
 338     -0.161268E+10    0.2023241E+08    0.1222502E+09
 339     -0.814221E+09    0.6403731E+08    0.7400135E+08
 340     -0.198259E+09    0.3516643E+09   -0.1332450E+09
 341      0.144243E+09    0.6108823E+09   -0.3218431E+09
 342      0.348342E+09    0.8838683E+09   -0.3737383E+09
 343      0.477490E+09    0.1135638E+10   -0.4176560E+09
 344      0.555123E+09    0.1303831E+10   -0.3614544E+09
 345      0.626330E+09    0.1470803E+10   -0.3061321E+09
 346      0.682478E+09    0.1551298E+10   -0.1948927E+09
 347      0.759909E+09    0.1634361E+10   -0.8306401E+08
 348      0.841583E+09    0.1625352E+10    0.4931422E+08
 349      0.960051E+09    0.1618838E+10    0.1810832E+09
 350      0.101369E+10    0.1499692E+10    0.2908673E+09
 351      0.963013E+09    0.1376519E+10    0.4060312E+09
 352      0.810414E+09    0.1116603E+10    0.4296387E+09
 353      0.535557E+09    0.8357450E+09    0.4450084E+09
 354      0.171012E+08    0.5191829E+09    0.2709479E+09
 355     -0.894039E+09    0.1691188E+09    0.7188451E+08
 356     -0.219048E+10    0.6042414E+08   -0.2853995E+08
 357     -0.396617E+10    0.5492772E+07   -0.1060379E+09
 358     -0.285516E+10   -0.1241999E+09    0.1866412E+09
 359     -0.146127E+10    0.7322801E+08   -0.4290194E+07
 360     -0.502751E+09    0.2632712E+09   -0.2502738E+09
 361     -0.307541E+08    0.6633128E+09   -0.5040313E+09
 362      0.211212E+09    0.1071452E+10   -0.6729231E+09
 363      0.332291E+09    0.1360642E+10   -0.6487860E+09
 364      0.411693E+09    0.1642333E+10   -0.6296036E+09
 365      0.453286E+09    0.1804779E+10   -0.5238425E+09
 366      0.498526E+09    0.1969686E+10   -0.4215885E+09
 367      0.534290E+09    0.2047696E+10   -0.2726630E+09
 368      0.591849E+09    0.2130494E+10   -0.1231630E+09
 369      0.662907E+09    0.2126250E+10    0.5731580E+08
 370      0.783636E+09    0.2126501E+10    0.2367528E+09
 371      0.832850E+09    0.2002851E+10    0.4203413E+09
 372      0.805117E+09    0.1878086E+10    0.6129545E+09
 373      0.712747E+09    0.1586453E+10    0.7238107E+09
 374      0.545933E+09    0.1286009E+10    0.8378827E+09
 375      0.168266E+09    0.8326759E+09    0.7010223E+09
 376     -0.552937E+09    0.3769064E+09    0.4871784E+09
 377     -0.192788E+10    0.1256609E+09    0.1588962E+09
 378     -0.403309E+10   -0.1196860E+09   -0.1140179E+09
 379     -0.369818E+10    0.2662709E+09    0.6402926E+09
 380     -0.114596E+10    0.2884055E+09   -0.5424165E+08
 381     -0.136286E+09    0.5607916E+09   -0.7575607E+09
 382      0.131502E+09    0.1312546E+10   -0.9350437E+09
 383      0.277215E+09    0.1805723E+10   -0.1039327E+10
 384      0.304459E+09    0.2053733E+10   -0.9358559E+09
 385      0.338924E+09    0.2308569E+10   -0.8426212E+09
 386      0.345811E+09    0.2431843E+10   -0.6874895E+09
 387      0.366950E+09    0.2563049E+10   -0.5368081E+09
 388      0.383294E+09    0.2625322E+10   -0.3517042E+09
 389      0.419805E+09    0.2697312E+10   -0.1674369E+09
 390      0.476461E+09    0.2706683E+10    0.6497476E+08
 391      0.607645E+09    0.2721484E+10    0.2964255E+09
 392      0.643635E+09    0.2627724E+10    0.5609211E+09
 393      0.643106E+09    0.2532879E+10    0.8349646E+09
 394      0.608079E+09    0.2260083E+10    0.1037696E+10
 395      0.563497E+09    0.1999337E+10    0.1250480E+10
 396      0.320138E+09    0.1457077E+10    0.1191216E+10
 397     -0.145449E+09    0.6812687E+09    0.1055552E+10
 398     -0.151361E+10    0.3361351E+09    0.2737315E+09
 399     -0.472375E+10    0.2110543E+09   -0.4670901E+09
 400     -0.283736E+10   -0.4582795E+09   -0.1523453E+09
 401     -0.422616E+09    0.8360513E+09   -0.9201646E+09
 402     -0.108548E+09    0.2060995E+10   -0.1480834E+10
 403      0.851691E+08    0.2417540E+10   -0.1323444E+10
 404      0.133813E+09    0.2803600E+10   -0.1253361E+10
 405      0.149257E+09    0.2932943E+10   -0.1088416E+10
 406      0.164842E+09    0.3080700E+10   -0.9335944E+09
 407      0.168596E+09    0.3141764E+10   -0.7561657E+09
 408      0.179699E+09    0.3209824E+10   -0.5812930E+09
 409      0.187823E+09    0.3242845E+10   -0.3873417E+09
 410      0.206464E+09    0.3279502E+10   -0.1970202E+09
 411      0.232221E+09    0.3309975E+10    0.4112071E+08
 412      0.314523E+09    0.3350070E+10    0.2892705E+09
 413      0.325593E+09    0.3309777E+10    0.6085034E+09
 414      0.335018E+09    0.3276480E+10    0.9252071E+09
 415      0.321307E+09    0.3119642E+10    0.1217575E+10
 416      0.308164E+09    0.2976768E+10    0.1526016E+10
 417      0.207354E+09    0.2520329E+10    0.1676443E+10
 418     -0.743709E+08    0.2053121E+10    0.1928523E+10
 419     -0.595434E+09    0.8326153E+09    0.1190747E+10
 420     -0.339995E+10   -0.4073156E+09    0.2904667E+09
 421     -0.132248E+10    0.4547587E+10   -0.1059726E+10
 422      0.123861E+09    0.4423198E+10   -0.1733648E+10
 423     -0.860190E+08    0.4253476E+10   -0.2037196E+10
 424      0.206644E+08    0.4104796E+10   -0.1643550E+10
 425     -0.109849E+08    0.4031017E+10   -0.1434141E+10
 426     -0.159811E+07    0.3979879E+10   -0.1216767E+10
 427     -0.387580E+07    0.3943355E+10   -0.1012752E+10
 428     -0.260747E+07    0.3918804E+10   -0.8156502E+09
 429     -0.150525E+07    0.3898916E+10   -0.6203301E+09
 430     -0.120617E+07    0.3885391E+10   -0.4183157E+09
 431      0.632064E+06    0.3872434E+10   -0.2213432E+09
 432     -0.945289E+06    0.3870131E+10    0.1695437E+08
 433      0.237307E+08    0.3882514E+10    0.2773422E+09
 434      0.181305E+08    0.4031670E+10    0.6465844E+09
 435      0.326575E+08    0.4180254E+10    0.1002132E+10
 436      0.397251E+08    0.4229576E+10    0.1379634E+10
 437      0.467362E+08    0.4290094E+10    0.1780527E+10
 438      0.775482E+08    0.4209951E+10    0.2117416E+10
 439     -0.243322E+08    0.4202867E+10    0.2676535E+10
 440      0.175854E+09    0.3976693E+10    0.2163939E+10
 441     -0.141583E+10    0.3680098E+10    0.1336930E+10
