   1      0.154108E+10    0.4861838E+07   -0.1330095E+07
   2      0.121485E+10   -0.6542218E+07   -0.1965442E+06
   3      0.595301E+09   -0.2272909E+08    0.1635360E+07
   4     -0.350909E+09   -0.4449065E+08    0.3231599E+06
   5     -0.672672E+09   -0.5847287E+08   -0.1431096E+07
   6     -0.596398E+09   -0.7069864E+08   -0.6088130E+06
   7     -0.517310E+09   -0.8751707E+08   -0.1324676E+06
   8     -0.432929E+09   -0.1069363E+09   -0.1199043E+06
   9     -0.348609E+09   -0.1256299E+09   -0.3652388E+05
  10     -0.266608E+09   -0.1358204E+09   -0.1103118E+04
  11     -0.192473E+09   -0.1455427E+09    0.3634153E+05
  12     -0.124271E+09   -0.1422790E+09    0.6331876E+05
  13     -0.661891E+08   -0.1386011E+09    0.9091326E+05
  14     -0.138953E+08   -0.1227487E+09    0.1225203E+06
  15      0.311158E+08   -0.1065359E+09    0.1534241E+06
  16      0.738562E+08   -0.8368563E+08    0.2115910E+06
  17      0.116243E+09   -0.6046433E+08    0.2176873E+06
  18      0.162257E+09   -0.4026474E+08    0.5136571E+06
  19      0.215610E+09   -0.2012006E+08   -0.4070819E+05
  20      0.277276E+09   -0.7692075E+07   -0.3113082E+06
  21      0.429707E+09    0.3764266E+07    0.3439817E+06
  22      0.153055E+10    0.3615401E+07   -0.1252824E+06
  23      0.120177E+10   -0.8692991E+07    0.1212408E+08
  24      0.586518E+09   -0.2437515E+08    0.2554410E+08
  25     -0.335706E+09   -0.4370798E+08    0.1646250E+08
  26     -0.682658E+09   -0.5776253E+08    0.8755694E+07
  27     -0.601008E+09   -0.7204491E+08    0.1610966E+08
  28     -0.517991E+09   -0.8962248E+08    0.2064473E+08
  29     -0.430569E+09   -0.1088060E+09    0.1804517E+08
  30     -0.344134E+09   -0.1274480E+09    0.1556726E+08
  31     -0.260666E+09   -0.1375047E+09    0.9495209E+07
  32     -0.185799E+09   -0.1471049E+09    0.3439861E+07
  33     -0.117471E+09   -0.1437379E+09   -0.3474232E+07
  34     -0.599293E+08   -0.1399614E+09   -0.1037164E+08
  35     -0.872826E+07   -0.1240229E+09   -0.1564176E+08
  36      0.346183E+08   -0.1077425E+09   -0.2087490E+08
  37      0.752478E+08   -0.8470372E+08   -0.2236265E+08
  38      0.115238E+09   -0.6155869E+08   -0.2373590E+08
  39      0.158562E+09   -0.4018255E+08   -0.2017570E+08
  40      0.210543E+09   -0.1915572E+08   -0.1712887E+08
  41      0.271670E+09   -0.8574501E+07   -0.1063030E+08
  42      0.409139E+09    0.1618516E+07   -0.3618944E+07
  43      0.151901E+10    0.2600210E+07    0.2241229E+07
  44      0.118865E+10   -0.9421906E+07    0.2468816E+08
  45      0.577609E+09   -0.2274085E+08    0.4786785E+08
  46     -0.318801E+09   -0.3920549E+08    0.3175858E+08
  47     -0.693485E+09   -0.5443526E+08    0.1951036E+08
  48     -0.606039E+09   -0.7448884E+08    0.3291650E+08
  49     -0.518959E+09   -0.9553546E+08    0.4131253E+08
  50     -0.428381E+09   -0.1156764E+09    0.3618574E+08
  51     -0.339793E+09   -0.1355255E+09    0.3117104E+08
  52     -0.254827E+09   -0.1458025E+09    0.1901071E+08
  53     -0.179220E+09   -0.1556552E+09    0.6879751E+07
  54     -0.110759E+09   -0.1518608E+09   -0.6963216E+07
  55     -0.537646E+08   -0.1476679E+09   -0.2077338E+08
  56     -0.365557E+07   -0.1307033E+09   -0.3132997E+08
  57      0.380059E+08   -0.1133871E+09   -0.4181357E+08
  58      0.765517E+08   -0.8872138E+08   -0.4483162E+08
  59      0.114075E+09   -0.6374791E+08   -0.4762090E+08
  60      0.154940E+09   -0.4046684E+08   -0.4077500E+08
  61      0.205305E+09   -0.1664895E+08   -0.3445337E+08
  62      0.267140E+09   -0.5461998E+07   -0.2076548E+08
  63      0.386288E+09    0.4240934E+07   -0.6561167E+07
  64      0.147902E+10    0.3432804E+07    0.3262982E+07
  65      0.115512E+10   -0.6310498E+07    0.3505678E+08
  66      0.562523E+09   -0.1789724E+08    0.6673311E+08
  67     -0.292641E+09   -0.3983707E+08    0.5091417E+08
  68     -0.715416E+09   -0.5980134E+08    0.4034545E+08
  69     -0.616359E+09   -0.8184336E+08    0.5542306E+08
  70     -0.519122E+09   -0.1050650E+09    0.6497534E+08
  71     -0.420216E+09   -0.1259951E+09    0.5630316E+08
  72     -0.325571E+09   -0.1465943E+09    0.4760972E+08
  73     -0.236405E+09   -0.1567694E+09    0.2871888E+08
  74     -0.158683E+09   -0.1665458E+09    0.9852894E+07
  75     -0.899029E+08   -0.1621601E+09   -0.1142620E+08
  76     -0.345211E+08   -0.1573925E+09   -0.3266286E+08
  77      0.123250E+08   -0.1393944E+09   -0.4904189E+08
  78      0.490182E+08   -0.1210533E+09   -0.6532318E+08
  79      0.812972E+08   -0.9483496E+08   -0.7043075E+08
  80      0.111447E+09   -0.6836705E+08   -0.7529368E+08
  81      0.144585E+09   -0.4316348E+08   -0.6510007E+08
  82      0.187624E+09   -0.1783311E+08   -0.5529970E+08
  83      0.244292E+09   -0.6809323E+07   -0.3062019E+08
  84      0.340375E+09    0.3215614E+07   -0.5449673E+07
  85      0.144201E+10    0.4307028E+07    0.2320116E+07
  86      0.112146E+10   -0.6472078E+07    0.4485200E+08
  87      0.548383E+09   -0.1980851E+08    0.8745137E+08
  88     -0.267916E+09   -0.4518331E+08    0.7081021E+08
  89     -0.736692E+09   -0.6776906E+08    0.6020735E+08
  90     -0.626589E+09   -0.9256480E+08    0.7786487E+08
  91     -0.519242E+09   -0.1186922E+09    0.8895299E+08
  92     -0.412047E+09   -0.1410568E+09    0.7655842E+08
  93     -0.311364E+09   -0.1629969E+09    0.6412803E+08
  94     -0.217995E+09   -0.1732222E+09    0.3846954E+08
  95     -0.138155E+09   -0.1830737E+09    0.1282815E+08
  96     -0.690520E+08   -0.1778389E+09   -0.1592924E+08
  97     -0.152920E+08   -0.1722412E+09   -0.4463542E+08
  98      0.282825E+08   -0.1525811E+09   -0.6686684E+08
  99      0.600065E+08   -0.1325479E+09   -0.8897746E+08
 100      0.860207E+08   -0.1038441E+09   -0.9617649E+08
 101      0.108891E+09   -0.7472565E+08   -0.1030929E+09
 102      0.134247E+09   -0.4680287E+08   -0.8952750E+08
 103      0.170230E+09   -0.1837631E+08   -0.7590540E+08
 104      0.220572E+09   -0.6257871E+07   -0.4041463E+08
 105      0.297772E+09    0.4295787E+07   -0.4792993E+07
 106      0.138160E+10    0.3089908E+07    0.4018471E+07
 107      0.106504E+10   -0.1009154E+08    0.5771868E+08
 108      0.519087E+09   -0.2458565E+08    0.1120413E+09
 109     -0.240474E+09   -0.5174505E+08    0.9705124E+08
 110     -0.765483E+09   -0.7839204E+08    0.8797540E+08
 111     -0.637864E+09   -0.1066557E+09    0.1055630E+09
 112     -0.515192E+09   -0.1351011E+09    0.1160277E+09
 113     -0.395387E+09   -0.1577639E+09    0.9858157E+08
 114     -0.285274E+09   -0.1801035E+09    0.8113090E+08
 115     -0.185459E+09   -0.1898769E+09    0.4789355E+08
 116     -0.102343E+09   -0.1992885E+09    0.1467707E+08
 117     -0.329063E+08   -0.1931437E+09   -0.2211082E+08
 118      0.182281E+08   -0.1866681E+09   -0.5884324E+08
 119      0.564145E+08   -0.1657261E+09   -0.8757981E+08
 120      0.799635E+08   -0.1444104E+09   -0.1162219E+09
 121      0.954073E+08   -0.1138920E+09   -0.1261648E+09
 122      0.105458E+09   -0.8292995E+08   -0.1358498E+09
 123      0.116626E+09   -0.5306341E+08   -0.1184966E+09
 124      0.137507E+09   -0.2304120E+08   -0.1007497E+09
 125      0.172859E+09   -0.9011394E+07   -0.5296776E+08
 126      0.236136E+09    0.3791737E+07   -0.5197306E+07
 127      0.131852E+10    0.5852952E+07    0.5422556E+07
 128      0.100999E+10   -0.8381966E+07    0.7083678E+08
 129      0.489186E+09   -0.2575538E+08    0.1371966E+09
 130     -0.211215E+09   -0.6160514E+08    0.1227664E+09
 131     -0.800435E+09   -0.9482075E+08    0.1156484E+09
 132     -0.648428E+09   -0.1243441E+09    0.1340065E+09
 133     -0.510942E+09   -0.1542205E+09    0.1432636E+09
 134     -0.378663E+09   -0.1770676E+09    0.1206923E+09
 135     -0.259122E+09   -0.1997030E+09    0.9828337E+08
 136     -0.152800E+09   -0.2088212E+09    0.5740368E+08
 137     -0.663797E+08   -0.2175725E+09    0.1654702E+08
 138      0.340190E+07   -0.2103597E+09   -0.2835395E+08
 139      0.518798E+08   -0.2028863E+09   -0.7319229E+08
 140      0.846298E+08   -0.1805796E+09   -0.1084832E+09
 141      0.999404E+08   -0.1578992E+09   -0.1437011E+09
 142      0.104730E+09   -0.1251494E+09   -0.1563702E+09
 143      0.101943E+09   -0.9181892E+08   -0.1687805E+09
 144      0.987910E+08   -0.5881272E+08   -0.1475661E+09
 145      0.104788E+09   -0.2514370E+08   -0.1256909E+09
 146      0.125209E+09   -0.9160204E+07   -0.6566472E+08
 147      0.174935E+09    0.4994087E+07   -0.5750355E+07
 148      0.122595E+10    0.5153366E+07    0.4572523E+07
 149      0.925336E+09   -0.1072674E+08    0.8678775E+08
 150      0.440598E+09   -0.2799984E+08    0.1711501E+09
 151     -0.190512E+09   -0.7085934E+08    0.1640831E+09
 152     -0.812452E+09   -0.1145831E+09    0.1551178E+09
 153     -0.657157E+09   -0.1442983E+09    0.1619133E+09
 154     -0.500455E+09   -0.1722748E+09    0.1690870E+09
 155     -0.351201E+09   -0.1937856E+09    0.1421513E+09
 156     -0.219219E+09   -0.2153532E+09    0.1136569E+09
 157     -0.104888E+09   -0.2229288E+09    0.6480483E+08
 158     -0.144826E+08   -0.2301572E+09    0.1614437E+08
 159      0.553537E+08   -0.2219646E+09   -0.3648088E+08
 160      0.100428E+09   -0.2136184E+09   -0.8904826E+08
 161      0.125986E+09   -0.1909587E+09   -0.1310551E+09
 162      0.130370E+09   -0.1679618E+09   -0.1730957E+09
 163      0.120377E+09   -0.1344866E+09   -0.1895345E+09
 164      0.988209E+08   -0.1003642E+09   -0.2057996E+09
 165      0.737123E+08   -0.6555995E+08   -0.1814548E+09
 166      0.553397E+08   -0.3021169E+08   -0.1563056E+09
 167      0.509000E+08   -0.1203457E+08   -0.8211556E+08
 168      0.791851E+08    0.4468234E+07   -0.7884785E+07
 169      0.113505E+10    0.5239500E+07    0.5744676E+07
 170      0.840562E+09   -0.1341478E+08    0.1029937E+09
 171      0.392922E+09   -0.3321990E+08    0.2042812E+09
 172     -0.173352E+09   -0.8628272E+08    0.2081638E+09
 173     -0.816113E+09   -0.1403448E+09    0.1953583E+09
 174     -0.667356E+09   -0.1641248E+09    0.1873276E+09
 175     -0.490480E+09   -0.1872551E+09    0.1948404E+09
 176     -0.323795E+09   -0.2081311E+09    0.1641451E+09
 177     -0.179053E+09   -0.2278089E+09    0.1293879E+09
 178     -0.565727E+08   -0.2325830E+09    0.7239914E+08
 179      0.378727E+08   -0.2372803E+09    0.1578089E+08
 180      0.107759E+09   -0.2281410E+09   -0.4470094E+08
 181      0.149362E+09   -0.2190512E+09   -0.1051276E+09
 182      0.167627E+09   -0.1970370E+09   -0.1539513E+09
 183      0.160915E+09   -0.1747725E+09   -0.2029099E+09
 184      0.135974E+09   -0.1414506E+09   -0.2231378E+09
 185      0.954806E+08   -0.1072940E+09   -0.2432728E+09
 186      0.483374E+08   -0.7033394E+08   -0.2157172E+09
 187      0.563973E+07   -0.3192848E+08   -0.1872807E+09
 188     -0.233935E+08   -0.1164110E+08   -0.9864860E+08
 189     -0.168225E+08    0.6104054E+07   -0.9766840E+07
 190      0.100022E+10    0.7093072E+07    0.6792748E+07
 191      0.720628E+09   -0.1451475E+08    0.1243251E+09
 192      0.318169E+09   -0.3981431E+08    0.2484878E+09
 193     -0.178025E+09   -0.9005474E+08    0.2577629E+09
 194     -0.735444E+09   -0.1383223E+09    0.2387121E+09
 195     -0.678773E+09   -0.1694893E+09    0.2148322E+09
 196     -0.470166E+09   -0.1992075E+09    0.2165774E+09
 197     -0.282404E+09   -0.2136738E+09    0.1792066E+09
 198     -0.124483E+09   -0.2279249E+09    0.1365360E+09
 199      0.543043E+07   -0.2284362E+09    0.7353915E+08
 200      0.103487E+09   -0.2290833E+09    0.1110411E+08
 201      0.172707E+09   -0.2193761E+09   -0.5414256E+08
 202      0.210905E+09   -0.2099474E+09   -0.1193760E+09
 203      0.221410E+09   -0.1906264E+09   -0.1735260E+09
 204      0.202875E+09   -0.1711749E+09   -0.2280575E+09
 205      0.160511E+09   -0.1410608E+09   -0.2535738E+09
 206      0.961739E+08   -0.1099890E+09   -0.2793179E+09
 207      0.189429E+08   -0.7382248E+08   -0.2513580E+09
 208     -0.599551E+08   -0.3625924E+08   -0.2225335E+09
 209     -0.128344E+09   -0.1447224E+08   -0.1181674E+09
 210     -0.160525E+09    0.4969277E+07   -0.1298282E+08
 211      0.868523E+09    0.7993713E+07    0.5774501E+07
 212      0.599503E+09   -0.1362740E+08    0.1450261E+09
 213      0.241685E+09   -0.3845832E+08    0.2926985E+09
 214     -0.181188E+09   -0.8872081E+08    0.3051474E+09
 215     -0.653320E+09   -0.1394289E+09    0.2824371E+09
 216     -0.693084E+09   -0.1743912E+09    0.2464724E+09
 217     -0.449528E+09   -0.2044785E+09    0.2410221E+09
 218     -0.240143E+09   -0.2083589E+09    0.1951395E+09
 219     -0.690448E+08   -0.2130126E+09    0.1439099E+09
 220      0.682687E+08   -0.2067491E+09    0.7483642E+08
 221      0.169958E+09   -0.2011142E+09    0.6447446E+07
 222      0.238490E+09   -0.1913525E+09   -0.6370785E+08
 223      0.273204E+09   -0.1822107E+09   -0.1338884E+09
 224      0.275847E+09   -0.1685080E+09   -0.1935494E+09
 225      0.245189E+09   -0.1549731E+09   -0.2538303E+09
 226      0.185156E+09   -0.1316493E+09   -0.2847522E+09
 227      0.964905E+08   -0.1072263E+09   -0.3162018E+09
 228     -0.110086E+08   -0.7336863E+08   -0.2876802E+09
 229     -0.126278E+09   -0.3679133E+08   -0.2583366E+09
 230     -0.233771E+09   -0.1347252E+08   -0.1379152E+09
 231     -0.304362E+09    0.6606434E+07   -0.1612271E+08
 232      0.681352E+09    0.5855173E+07    0.1138658E+08
 233      0.435235E+09   -0.2150131E+08    0.1711523E+09
 234      0.143816E+09   -0.5220943E+08    0.3377706E+09
 235     -0.188072E+09   -0.9975400E+08    0.3500129E+09
 236     -0.547874E+09   -0.1483406E+09    0.3303383E+09
 237     -0.672035E+09   -0.1743494E+09    0.2705476E+09
 238     -0.406737E+09   -0.1935686E+09    0.2388453E+09
 239     -0.184204E+09   -0.1811817E+09    0.1865774E+09
 240     -0.440906E+07   -0.1705198E+09    0.1297928E+09
 241      0.135953E+09   -0.1559048E+09    0.6198855E+08
 242      0.239353E+09   -0.1421877E+09   -0.5207894E+07
 243      0.306140E+09   -0.1332095E+09   -0.7220764E+08
 244      0.339082E+09   -0.1251612E+09   -0.1392332E+09
 245      0.336206E+09   -0.1204808E+09   -0.1990893E+09
 246      0.297299E+09   -0.1162400E+09   -0.2599727E+09
 247      0.221754E+09   -0.1051619E+09   -0.2974786E+09
 248      0.108281E+09   -0.9286170E+08   -0.3363811E+09
 249     -0.358872E+08   -0.6696561E+08   -0.3142032E+09
 250     -0.201675E+09   -0.3804083E+08   -0.2915966E+09
 251     -0.369830E+09   -0.1531275E+08   -0.1578172E+09
 252     -0.506667E+09    0.4221541E+07   -0.2127382E+08
 253      0.491482E+09    0.9922089E+07    0.1741488E+08
 254      0.271915E+09   -0.1973739E+08    0.1985325E+09
 255      0.458390E+08   -0.5225424E+08    0.3846354E+09
 256     -0.197062E+09   -0.1023570E+09    0.3987469E+09
 257     -0.445799E+09   -0.1598952E+09    0.3858373E+09
 258     -0.650087E+09   -0.1756367E+09    0.2949091E+09
 259     -0.361709E+09   -0.1699609E+09    0.2304152E+09
 260     -0.127272E+09   -0.1239693E+09    0.1764708E+09
 261      0.612049E+08   -0.8922644E+08    0.1159779E+09
 262      0.204646E+09   -0.6440286E+08    0.4902141E+08
 263      0.309694E+09   -0.3969147E+08   -0.1691016E+08
 264      0.374797E+09   -0.3265793E+08   -0.8073418E+08
 265      0.406035E+09   -0.2696324E+08   -0.1445704E+09
 266      0.397772E+09   -0.3658972E+08   -0.2048956E+09
 267      0.350280E+09   -0.4748176E+08   -0.2665943E+09
 268      0.259169E+09   -0.5672526E+08   -0.3112284E+09
 269      0.119468E+09   -0.6536154E+08   -0.3579927E+09
 270     -0.615938E+08   -0.5286973E+08   -0.3421377E+09
 271     -0.279271E+09   -0.3563124E+08   -0.3260976E+09
 272     -0.507004E+09   -0.1334124E+08   -0.1782978E+09
 273     -0.709820E+09    0.5800354E+07   -0.2671767E+08
 274      0.217716E+09    0.4793969E+07    0.2548628E+08
 275      0.673727E+08   -0.2338277E+08    0.2269814E+09
 276     -0.586815E+08   -0.5790845E+08    0.4301806E+09
 277     -0.195876E+09   -0.9226753E+08    0.4299966E+09
 278     -0.347959E+09   -0.1257023E+09    0.4112368E+09
 279     -0.521340E+09   -0.1079223E+09    0.2748049E+09
 280     -0.319249E+09   -0.7743850E+08    0.1644908E+09
 281     -0.724602E+08   -0.1463993E+08    0.1216022E+09
 282      0.118097E+09    0.4210128E+08    0.6710052E+08
 283      0.257892E+09    0.7960246E+08    0.1390552E+08
 284      0.361012E+09    0.1159865E+09   -0.3753428E+08
 285      0.423155E+09    0.1198714E+09   -0.8388535E+08
 286      0.455898E+09    0.1222626E+09   -0.1300633E+09
 287      0.448229E+09    0.9431194E+08   -0.1783545E+09
 288      0.403435E+09    0.6471760E+08   -0.2282826E+09
 289      0.307946E+09    0.2669385E+08   -0.2770056E+09
 290      0.154314E+09   -0.1074157E+08   -0.3298517E+09
 291     -0.622070E+08   -0.2263098E+08   -0.3340571E+09
 292     -0.343046E+09   -0.2812638E+08   -0.3403405E+09
 293     -0.662820E+09   -0.1186693E+08   -0.1916104E+09
 294     -0.976135E+09   -0.2840439E+05   -0.3532438E+08
 295     -0.543961E+08    0.1333541E+08    0.3549879E+08
 296     -0.139548E+09   -0.2402528E+08    0.2572933E+09
 297     -0.175707E+09   -0.6249083E+08    0.4814222E+09
 298     -0.194006E+09   -0.6362132E+08    0.4643284E+09
 299     -0.256496E+09   -0.5846607E+08    0.4320551E+09
 300     -0.377131E+09    0.7576836E+07    0.2546013E+09
 301     -0.288147E+09    0.7435994E+08    0.1035718E+09
 302     -0.155491E+08    0.1619342E+09    0.6771423E+08
 303      0.175276E+09    0.2463776E+09    0.1654413E+08
 304      0.311259E+09    0.2979451E+09   -0.2176134E+08
 305      0.412502E+09    0.3474247E+09   -0.5818120E+08
 306      0.471823E+09    0.3471040E+09   -0.8662143E+08
 307      0.506497E+09    0.3453120E+09   -0.1146200E+09
 308      0.500122E+09    0.2938105E+09   -0.1507725E+09
 309      0.458485E+09    0.2390969E+09   -0.1885683E+09
 310      0.360016E+09    0.1595927E+09   -0.2431033E+09
 311      0.188988E+09    0.7622423E+08   -0.3028998E+09
 312     -0.616529E+08    0.2590288E+08   -0.3292767E+09
 313     -0.414257E+09   -0.1887350E+08   -0.3584997E+09
 314     -0.821896E+09   -0.7991549E+07   -0.2065682E+09
 315     -0.124467E+10    0.5261880E+07   -0.4587834E+08
 316     -0.433342E+09   -0.1040167E+08    0.5862885E+08
 317     -0.364540E+09   -0.2433983E+08    0.2774433E+09
 318     -0.226877E+09   -0.5044543E+08    0.4817701E+09
 319     -0.132246E+09    0.5937334E+07    0.4043362E+09
 320     -0.122558E+09    0.7971152E+08    0.3272500E+09
 321     -0.191714E+09    0.1928076E+09    0.1508992E+09
 322     -0.210832E+09    0.3030559E+09   -0.1053956E+08
 323      0.148056E+08    0.4194555E+09   -0.4299081E+08
 324      0.195836E+09    0.5354678E+09   -0.7406793E+08
 325      0.320579E+09    0.5964446E+09   -0.7983224E+08
 326      0.414294E+09    0.6563084E+09   -0.8662100E+08
 327      0.468489E+09    0.6513978E+09   -0.8046186E+08
 328      0.506132E+09    0.6454621E+09   -0.7346837E+08
 329      0.506999E+09    0.5701560E+09   -0.7616232E+08
 330      0.483241E+09    0.4921582E+09   -0.7931563E+08
 331      0.403116E+09    0.3623999E+09   -0.1187365E+09
 332      0.254311E+09    0.2293850E+09   -0.1662448E+09
 333     -0.550182E+07    0.1164418E+09   -0.2282737E+09
 334     -0.407392E+09    0.1541999E+08   -0.3054951E+09
 335     -0.954476E+09    0.1836445E+07   -0.1951031E+09
 336     -0.157072E+10   -0.1764086E+08   -0.6323590E+08
 337     -0.841979E+09    0.4113384E+08    0.1064144E+09
 338     -0.592663E+09   -0.1489513E+08    0.3065681E+09
 339     -0.312793E+09   -0.3231360E+08    0.4977696E+09
 340     -0.485662E+08    0.1463882E+09    0.3551484E+09
 341      0.234464E+08    0.3110131E+09    0.2120171E+09
 342     -0.856923E+07    0.5024796E+09    0.4169704E+08
 343     -0.108199E+09    0.6697874E+09   -0.1337767E+09
 344      0.383123E+08    0.8017195E+09   -0.1603427E+09
 345      0.215362E+09    0.9354544E+09   -0.1662758E+09
 346      0.328176E+09    0.1002816E+10   -0.1389845E+09
 347      0.414072E+09    0.1070297E+10   -0.1152768E+09
 348      0.463338E+09    0.1061944E+10   -0.7338887E+08
 349      0.504271E+09    0.1053651E+10   -0.3045654E+08
 350      0.513016E+09    0.9584287E+09    0.2091446E+07
 351      0.509218E+09    0.8610608E+09    0.3542705E+08
 352      0.450782E+09    0.6767839E+09    0.1236962E+08
 353      0.326125E+09    0.4746629E+09   -0.1800790E+08
 354      0.700843E+08    0.2735817E+09   -0.1335919E+09
 355     -0.427878E+09    0.5147838E+08   -0.2638798E+09
 356     -0.109138E+10    0.1948726E+08   -0.1908883E+09
 357     -0.192635E+10    0.2793664E+08   -0.9984129E+08
 358     -0.135489E+10   -0.9464870E+08    0.1408131E+09
 359     -0.706269E+09    0.2352763E+08    0.2425035E+09
 360     -0.128547E+09    0.1252274E+09    0.2738470E+09
 361      0.941069E+08    0.4328518E+09    0.5799523E+08
 362      0.148667E+09    0.7648919E+09   -0.7923316E+08
 363      0.910463E+08    0.9928291E+09   -0.1684532E+09
 364      0.562664E+07    0.1204975E+10   -0.2772370E+09
 365      0.157059E+08    0.1317729E+10   -0.2812281E+09
 366      0.174001E+09    0.1441490E+10   -0.2665883E+09
 367      0.270566E+09    0.1509027E+10   -0.2030788E+09
 368      0.342306E+09    0.1575378E+10   -0.1442296E+09
 369      0.381916E+09    0.1564830E+10   -0.6120880E+08
 370      0.419050E+09    0.1555698E+10    0.2306467E+08
 371      0.432578E+09    0.1452677E+10    0.1075981E+09
 372      0.445621E+09    0.1350460E+10    0.1945675E+09
 373      0.418635E+09    0.1127545E+10    0.2357894E+09
 374      0.355668E+09    0.8967782E+09    0.2811037E+09
 375      0.176930E+09    0.5541493E+09    0.1855040E+09
 376     -0.215107E+09    0.2220120E+09    0.1661449E+08
 377     -0.105637E+10    0.6553570E+08   -0.8045752E+08
 378     -0.226892E+10   -0.9631692E+08   -0.1164837E+09
 379     -0.251174E+10    0.2532162E+09    0.5968760E+09
 380     -0.679865E+09    0.2122953E+09    0.2760825E+09
 381      0.142397E+09    0.4067899E+09   -0.1193104E+09
 382      0.241023E+09    0.1100290E+10   -0.3044587E+09
 383      0.279748E+09    0.1557689E+10   -0.3948019E+09
 384      0.179820E+09    0.1750797E+10   -0.3970136E+09
 385      0.102311E+09    0.1931418E+10   -0.4189472E+09
 386     -0.791021E+07    0.1987181E+10   -0.4050057E+09
 387      0.115823E+09    0.2073386E+10   -0.3724698E+09
 388      0.208662E+09    0.2132119E+10   -0.2676399E+09
 389      0.266336E+09    0.2186820E+10   -0.1734424E+09
 390      0.296173E+09    0.2178378E+10   -0.4886970E+08
 391      0.328740E+09    0.2172021E+10    0.7726313E+08
 392      0.345659E+09    0.2082774E+10    0.2158234E+09
 393      0.374937E+09    0.1999588E+10    0.3571473E+09
 394      0.375943E+09    0.1783368E+10    0.4734141E+09
 395      0.386378E+09    0.1572983E+10    0.5979389E+09
 396      0.283121E+09    0.1134419E+10    0.5634960E+09
 397      0.638865E+08    0.4812285E+09    0.4496941E+09
 398     -0.880616E+09    0.2537301E+09   -0.4296698E+08
 399     -0.320494E+10    0.2314308E+09   -0.4776586E+09
 400     -0.223877E+10   -0.4493795E+09   -0.1197753E+09
 401     -0.188915E+09    0.7604702E+09   -0.5774849E+09
 402      0.667753E+08    0.1944878E+10   -0.8913922E+09
 403      0.162036E+09    0.2328567E+10   -0.6987259E+09
 404      0.155511E+09    0.2712550E+10   -0.5796411E+09
 405      0.100010E+09    0.2776146E+10   -0.4842177E+09
 406      0.562008E+08    0.2846327E+10   -0.4048169E+09
 407     -0.916262E+07    0.2823810E+10   -0.3992044E+09
 408      0.386265E+08    0.2820346E+10   -0.3915332E+09
 409      0.103487E+09    0.2844141E+10   -0.2919461E+09
 410      0.132735E+09    0.2870628E+10   -0.1882221E+09
 411      0.148926E+09    0.2865963E+10   -0.4064082E+08
 412      0.165724E+09    0.2861397E+10    0.1051255E+09
 413      0.175120E+09    0.2808070E+10    0.2743730E+09
 414      0.191207E+09    0.2759862E+10    0.4446772E+09
 415      0.196091E+09    0.2621080E+10    0.6266212E+09
 416      0.203128E+09    0.2495785E+10    0.8174183E+09
 417      0.179627E+09    0.2130885E+10    0.9530814E+09
 418      0.239755E+08    0.1768359E+10    0.1172219E+10
 419     -0.275653E+09    0.6995116E+09    0.7493912E+09
 420     -0.255680E+10   -0.3928929E+09    0.2007429E+09
 421     -0.132539E+10    0.4210885E+10   -0.1038774E+10
 422      0.143813E+09    0.4391210E+10   -0.1425774E+10
 423     -0.426399E+08    0.4510164E+10   -0.1497466E+10
 424      0.548258E+08    0.4339173E+10   -0.1018168E+10
 425      0.187124E+08    0.4257942E+10   -0.7185766E+09
 426      0.197319E+08    0.4076813E+10   -0.5389307E+09
 427      0.103690E+08    0.3911768E+10   -0.3775436E+09
 428     -0.685401E+07    0.3752231E+10   -0.3794771E+09
 429     -0.228756E+08    0.3610388E+10   -0.4000150E+09
 430      0.250483E+07    0.3614705E+10   -0.3126683E+09
 431      0.364617E+07    0.3612116E+10   -0.2012903E+09
 432      0.605468E+07    0.3608607E+10   -0.3269121E+08
 433      0.733672E+07    0.3607516E+10    0.1306680E+09
 434      0.944880E+07    0.3608926E+10    0.3269105E+09
 435      0.113637E+08    0.3613087E+10    0.5234550E+09
 436      0.192371E+08    0.3620748E+10    0.7607526E+09
 437      0.149687E+08    0.3639912E+10    0.1010609E+10
 438      0.579640E+08    0.3656270E+10    0.1291936E+10
 439     -0.396104E+08    0.3751436E+10    0.1761322E+10
 440      0.187602E+09    0.3731732E+10    0.1588012E+10
 441     -0.129470E+10    0.3643405E+10    0.1154503E+10
