   1      0.386116E+09   -0.2187002E+07   -0.8575925E+06
   2      0.375686E+09    0.8352575E+07   -0.2130652E+07
   3      0.342955E+09    0.2018025E+08   -0.3072821E+07
   4      0.287538E+09    0.3371467E+08   -0.3461337E+07
   5      0.209008E+09    0.4642968E+08   -0.3949862E+07
   6      0.115420E+09    0.5107670E+08   -0.3077587E+07
   7      0.353370E+07    0.5517445E+08   -0.2428989E+07
   8     -0.121167E+09    0.4970220E+08   -0.2299911E+07
   9     -0.260735E+09    0.4484760E+08   -0.2156536E+07
  10     -0.392696E+09    0.3088723E+08   -0.1487393E+07
  11     -0.507754E+09    0.1809901E+08    0.6646695E+05
  12     -0.606386E+09   -0.3023125E+08    0.8182168E+07
  13     -0.549975E+09   -0.8760016E+08    0.1138286E+08
  14     -0.363318E+09   -0.1017488E+09    0.3254111E+07
  15     -0.207561E+09   -0.1050065E+09   -0.7340108E+04
  16     -0.611750E+08   -0.8239509E+08    0.5245485E+06
  17      0.784784E+08   -0.6199904E+08    0.2309424E+06
  18      0.219920E+09   -0.3915639E+08    0.1973832E+06
  19      0.369678E+09   -0.1639633E+08    0.6658705E+05
  20      0.530879E+09   -0.5849253E+07    0.2266346E+06
  21      0.754487E+09    0.3401208E+07    0.4700956E+06
  22      0.397022E+09   -0.4748854E+06   -0.2507174E+07
  23      0.378410E+09    0.2729709E+07   -0.5666036E+07
  24      0.341957E+09    0.6712239E+07   -0.8174706E+07
  25      0.284933E+09    0.8860186E+07   -0.5016123E+07
  26      0.205548E+09    0.1034856E+08   -0.2366731E+07
  27      0.111638E+09    0.5886359E+07    0.1643582E+07
  28     -0.969385E+06    0.1526702E+07    0.5675485E+07
  29     -0.125839E+09   -0.1118018E+08    0.1039510E+08
  30     -0.264321E+09   -0.2450395E+08    0.1468511E+08
  31     -0.396412E+09   -0.4543317E+08    0.1849067E+08
  32     -0.516020E+09   -0.6738475E+08    0.2532945E+08
  33     -0.611626E+09   -0.8892712E+08    0.3006143E+08
  34     -0.517137E+09   -0.1103097E+09    0.2512371E+08
  35     -0.347204E+09   -0.1092671E+09    0.8016585E+06
  36     -0.197951E+09   -0.1056751E+09   -0.1571328E+08
  37     -0.565216E+08   -0.8443046E+08   -0.1958656E+08
  38      0.793093E+08   -0.6340780E+08   -0.2428204E+08
  39      0.217208E+09   -0.4065736E+08   -0.2155731E+08
  40      0.363516E+09   -0.1820642E+08   -0.1874997E+08
  41      0.521835E+09   -0.7307954E+07   -0.9768053E+07
  42      0.743993E+09    0.2681210E+07   -0.9890465E+06
  43      0.410106E+09    0.3178490E+06   -0.3888499E+07
  44      0.382271E+09   -0.7406262E+06   -0.9035916E+07
  45      0.341963E+09   -0.8229438E+06   -0.1350881E+08
  46      0.281966E+09   -0.7766369E+07   -0.6104962E+07
  47      0.202314E+09   -0.1690248E+08    0.6069719E+06
  48      0.107999E+09   -0.3305282E+08    0.7036488E+07
  49     -0.615410E+07   -0.4778329E+08    0.1403688E+08
  50     -0.131601E+09   -0.6571307E+08    0.2343617E+08
  51     -0.268263E+09   -0.8302404E+08    0.3126266E+08
  52     -0.401388E+09   -0.1033776E+09    0.3933726E+08
  53     -0.524671E+09   -0.1300808E+09    0.5318402E+08
  54     -0.619663E+09   -0.1427902E+09    0.4984650E+08
  55     -0.481726E+09   -0.1464196E+09    0.3391741E+08
  56     -0.329706E+09   -0.1291366E+09   -0.2746300E+07
  57     -0.187672E+09   -0.1154752E+09   -0.3102056E+08
  58     -0.516337E+08   -0.9215827E+08   -0.3958154E+08
  59      0.802993E+08   -0.6783196E+08   -0.4863448E+08
  60      0.214579E+09   -0.4332215E+08   -0.4310119E+08
  61      0.357584E+09   -0.1869159E+08   -0.3751361E+08
  62      0.512903E+09   -0.6844733E+07   -0.1965150E+08
  63      0.734223E+09    0.3697778E+07   -0.2045069E+07
  64      0.421751E+09    0.1880319E+07   -0.3753330E+07
  65      0.382941E+09   -0.3521900E+07   -0.3493305E+07
  66      0.335202E+09   -0.9718228E+07   -0.2076802E+07
  67      0.271597E+09   -0.2483436E+08    0.8868091E+07
  68      0.193234E+09   -0.3845101E+08    0.1872317E+08
  69      0.985220E+08   -0.5848490E+08    0.2842830E+08
  70     -0.157401E+08   -0.8056396E+08    0.3843343E+08
  71     -0.139532E+09   -0.1038631E+09    0.4566262E+08
  72     -0.273184E+09   -0.1260652E+09    0.5155683E+08
  73     -0.409434E+09   -0.1441368E+09    0.5810462E+08
  74     -0.539475E+09   -0.1642069E+09    0.7267388E+08
  75     -0.587985E+09   -0.1679346E+09    0.4941122E+08
  76     -0.439062E+09   -0.1676401E+09    0.1441303E+08
  77     -0.296537E+09   -0.1472373E+09   -0.2192658E+08
  78     -0.165137E+09   -0.1285177E+09   -0.5386481E+08
  79     -0.397868E+08   -0.1019041E+09   -0.6579227E+08
  80      0.817375E+08   -0.7464150E+08   -0.7756330E+08
  81      0.205455E+09   -0.4809925E+08   -0.6858124E+08
  82      0.338741E+09   -0.2162538E+08   -0.5939694E+08
  83      0.484940E+09   -0.8809723E+07   -0.3144845E+08
  84      0.698668E+09    0.3041784E+07   -0.3804306E+07
  85      0.432545E+09    0.2987917E+07   -0.3730177E+07
  86      0.383393E+09   -0.6411631E+07    0.2245144E+07
  87      0.327277E+09   -0.1612361E+08    0.9795395E+07
  88      0.262456E+09   -0.3878644E+08    0.2372274E+08
  89      0.183812E+09   -0.6307365E+08    0.3644682E+08
  90      0.882391E+08   -0.9099559E+08    0.4895038E+08
  91     -0.253111E+08   -0.1160324E+09    0.6119854E+08
  92     -0.146855E+09   -0.1397819E+09    0.6756297E+08
  93     -0.278280E+09   -0.1659423E+09    0.7274360E+08
  94     -0.416757E+09   -0.1824963E+09    0.7549143E+08
  95     -0.557385E+09   -0.1984733E+09    0.8849520E+08
  96     -0.551278E+09   -0.1946743E+09    0.5079053E+08
  97     -0.399730E+09   -0.1892933E+09    0.1088219E+06
  98     -0.265019E+09   -0.1670809E+09   -0.4023701E+08
  99     -0.143357E+09   -0.1451370E+09   -0.7742759E+08
 100     -0.282103E+08   -0.1143216E+09   -0.9225014E+08
 101      0.829696E+08   -0.8306058E+08   -0.1066911E+09
 102      0.196305E+09   -0.5310351E+08   -0.9423530E+08
 103      0.319725E+09   -0.2269617E+08   -0.8138775E+08
 104      0.457401E+09   -0.8300259E+07   -0.4321045E+08
 105      0.662827E+09    0.4511821E+07   -0.5434517E+07
 106      0.421221E+09    0.3359127E+07   -0.2344746E+07
 107      0.367552E+09   -0.8630402E+07    0.1435934E+08
 108      0.307959E+09   -0.2138798E+08    0.3173049E+08
 109      0.244431E+09   -0.4902384E+08    0.5119288E+08
 110      0.167537E+09   -0.7675447E+08    0.7067349E+08
 111      0.772834E+08   -0.1110851E+09    0.8181138E+08
 112     -0.305576E+08   -0.1456636E+09    0.9189933E+08
 113     -0.149516E+09   -0.1722195E+09    0.9365050E+08
 114     -0.275869E+09   -0.1981334E+09    0.9539652E+08
 115     -0.411702E+09   -0.2133739E+09    0.8987994E+08
 116     -0.555332E+09   -0.2284974E+09    0.9079259E+08
 117     -0.487504E+09   -0.2195881E+09    0.4146258E+08
 118     -0.347587E+09   -0.2099514E+09   -0.1751092E+08
 119     -0.222079E+09   -0.1853873E+09   -0.6430807E+08
 120     -0.112331E+09   -0.1607398E+09   -0.1081487E+09
 121     -0.114853E+08   -0.1269328E+09   -0.1255157E+09
 122      0.834117E+08   -0.9268111E+08   -0.1426007E+09
 123      0.179304E+09   -0.5986483E+08   -0.1260824E+09
 124      0.285248E+09   -0.2682441E+08   -0.1091736E+09
 125      0.406431E+09   -0.1067048E+08   -0.5796242E+08
 126      0.594919E+09    0.4120064E+07   -0.6989962E+07
 127      0.409307E+09    0.4991045E+07   -0.2045621E+07
 128      0.351559E+09   -0.7160284E+07    0.2562978E+08
 129      0.289958E+09   -0.2069233E+08    0.5357037E+08
 130      0.225326E+09   -0.5633592E+08    0.7888180E+08
 131      0.151327E+09   -0.9209826E+08    0.1043845E+09
 132      0.667908E+08   -0.1298557E+09    0.1150209E+09
 133     -0.355888E+08   -0.1668922E+09    0.1248647E+09
 134     -0.151463E+09   -0.1994668E+09    0.1207872E+09
 135     -0.273935E+09   -0.2320461E+09    0.1178948E+09
 136     -0.406113E+09   -0.2469283E+09    0.1047655E+09
 137     -0.550984E+09   -0.2605214E+09    0.9327145E+08
 138     -0.425536E+09   -0.2452106E+09    0.3136520E+08
 139     -0.294510E+09   -0.2305490E+09   -0.3593290E+08
 140     -0.178941E+09   -0.2040025E+09   -0.8858116E+08
 141     -0.814000E+08   -0.1769360E+09   -0.1389664E+09
 142      0.504047E+07   -0.1399899E+09   -0.1590133E+09
 143      0.836770E+08   -0.1024186E+09   -0.1787709E+09
 144      0.162127E+09   -0.6566939E+08   -0.1581582E+09
 145      0.250830E+09   -0.2815729E+08   -0.1370101E+09
 146      0.355340E+09   -0.1034742E+08   -0.7266647E+08
 147      0.527585E+09    0.5458669E+07   -0.8556407E+07
 148      0.370140E+09    0.4920097E+07   -0.1800991E+07
 149      0.308238E+09   -0.1180631E+08    0.4144967E+08
 150      0.252783E+09   -0.3016976E+08    0.8571163E+08
 151      0.194750E+09   -0.6945265E+08    0.1169094E+09
 152      0.132557E+09   -0.1083255E+09    0.1471853E+09
 153      0.592311E+08   -0.1495871E+09    0.1548824E+09
 154     -0.321212E+08   -0.1901798E+09    0.1617488E+09
 155     -0.141056E+09   -0.2194177E+09    0.1509108E+09
 156     -0.256404E+09   -0.2489449E+09    0.1416975E+09
 157     -0.384420E+09   -0.2627167E+09    0.1178782E+09
 158     -0.494636E+09   -0.2754110E+09    0.9036360E+08
 159     -0.351631E+09   -0.2599926E+09    0.1582656E+08
 160     -0.227388E+09   -0.2446777E+09   -0.5789108E+08
 161     -0.122750E+09   -0.2169035E+09   -0.1161057E+09
 162     -0.400724E+08   -0.1888927E+09   -0.1732922E+09
 163      0.277294E+08   -0.1505292E+09   -0.1970487E+09
 164      0.838130E+08   -0.1114477E+09   -0.2205601E+09
 165      0.136832E+09   -0.7259711E+08   -0.1961555E+09
 166      0.197911E+09   -0.3317468E+08   -0.1710746E+09
 167      0.275226E+09   -0.1314684E+08   -0.9090661E+08
 168      0.419050E+09    0.5043058E+07   -0.1079881E+08
 169      0.331935E+09    0.6396843E+07   -0.8708491E+06
 170      0.264492E+09   -0.1288179E+08    0.5804118E+08
 171      0.214337E+09   -0.3471645E+08    0.1183136E+09
 172      0.164781E+09   -0.7744906E+08    0.1545233E+09
 173      0.113465E+09   -0.1189267E+09    0.1896475E+09
 174      0.516980E+08   -0.1600305E+09    0.1947776E+09
 175     -0.273454E+08   -0.2005810E+09    0.1981061E+09
 176     -0.131933E+09   -0.2292031E+09    0.1803831E+09
 177     -0.237134E+09   -0.2577522E+09    0.1656688E+09
 178     -0.362699E+09   -0.2689496E+09    0.1315404E+09
 179     -0.433781E+09   -0.2789318E+09    0.8852280E+08
 180     -0.278389E+09   -0.2651826E+09    0.1238033E+07
 181     -0.160289E+09   -0.2519955E+09   -0.7986828E+08
 182     -0.663932E+08   -0.2245414E+09   -0.1439410E+09
 183      0.130782E+07   -0.1969902E+09   -0.2080337E+09
 184      0.503145E+08   -0.1582260E+09   -0.2355145E+09
 185      0.836942E+08   -0.1185576E+09   -0.2627961E+09
 186      0.111132E+09   -0.7706295E+08   -0.2344464E+09
 187      0.144821E+09   -0.3407000E+08   -0.2054144E+09
 188      0.195050E+09   -0.1227417E+08   -0.1092117E+09
 189      0.310345E+09    0.6765411E+07   -0.1276455E+08
 190      0.247054E+09    0.5238040E+07    0.2733122E+07
 191      0.187815E+09   -0.1601277E+08    0.7912245E+08
 192      0.154348E+09   -0.3899133E+08    0.1562900E+09
 193      0.125911E+09   -0.8280429E+08    0.1965479E+09
 194      0.938699E+08   -0.1266097E+09    0.2355315E+09
 195      0.527638E+08   -0.1683864E+09    0.2347377E+09
 196     -0.121270E+08   -0.2096725E+09    0.2337683E+09
 197     -0.103481E+09   -0.2353262E+09    0.2050543E+09
 198     -0.203323E+09   -0.2590163E+09    0.1792558E+09
 199     -0.322163E+09   -0.2625404E+09    0.1369087E+09
 200     -0.338681E+09   -0.2669830E+09    0.8475698E+08
 201     -0.191585E+09   -0.2553762E+09   -0.9972407E+07
 202     -0.797231E+08   -0.2436087E+09   -0.9844177E+08
 203      0.277026E+07   -0.2189114E+09   -0.1684754E+09
 204      0.545098E+08   -0.1942787E+09   -0.2388189E+09
 205      0.818026E+08   -0.1583508E+09   -0.2715891E+09
 206      0.869530E+08   -0.1214702E+09   -0.3044910E+09
 207      0.799210E+08   -0.8043506E+08   -0.2749061E+09
 208      0.732652E+08   -0.3795580E+08   -0.2444324E+09
 209      0.800855E+08   -0.1483594E+08   -0.1301345E+09
 210      0.151703E+09    0.5727094E+07   -0.1521524E+08
 211      0.161414E+09    0.7980360E+07    0.5725347E+07
 212      0.111640E+09   -0.1535910E+08    0.1000722E+09
 213      0.947376E+08   -0.4262961E+08    0.1949196E+09
 214      0.858087E+08   -0.9098079E+08    0.2393093E+09
 215      0.734922E+08   -0.1360616E+09    0.2822492E+09
 216      0.535416E+08   -0.1738383E+09    0.2763627E+09
 217      0.190240E+07   -0.2109014E+09    0.2707168E+09
 218     -0.723846E+08   -0.2278569E+09    0.2303760E+09
 219     -0.171042E+09   -0.2456991E+09    0.1935993E+09
 220     -0.280263E+09   -0.2451838E+09    0.1419098E+09
 221     -0.245909E+09   -0.2423916E+09    0.7994763E+08
 222     -0.103171E+09   -0.2283913E+09   -0.2156632E+08
 223      0.180235E+07   -0.2164818E+09   -0.1170167E+09
 224      0.726656E+08   -0.1976355E+09   -0.1933496E+09
 225      0.108088E+09   -0.1787860E+09   -0.2701897E+09
 226      0.113409E+09   -0.1493644E+09   -0.3083758E+09
 227      0.898281E+08   -0.1188313E+09   -0.3470133E+09
 228      0.481627E+08   -0.7994912E+08   -0.3160476E+09
 229      0.765823E+06   -0.3821017E+08   -0.2840384E+09
 230     -0.355462E+08   -0.1353971E+08   -0.1511967E+09
 231     -0.626727E+07    0.7563173E+07   -0.1734359E+08
 232      0.185907E+08    0.6175429E+07    0.9902168E+07
 233     -0.381563E+07   -0.2011405E+08    0.1252389E+09
 234      0.147445E+08   -0.5011097E+08    0.2410631E+09
 235      0.451153E+08   -0.9634137E+08    0.2819621E+09
 236      0.652089E+08   -0.1403267E+09    0.3198161E+09
 237      0.693139E+08   -0.1649178E+09    0.3016272E+09
 238      0.344060E+08   -0.1873780E+09    0.2848562E+09
 239     -0.238712E+08   -0.1930920E+09    0.2375310E+09
 240     -0.117678E+09   -0.1984897E+09    0.1922766E+09
 241     -0.224712E+09   -0.1893741E+09    0.1345670E+09
 242     -0.145113E+09   -0.1810489E+09    0.6887508E+08
 243     -0.841803E+07   -0.1704284E+09   -0.3157058E+08
 244      0.899147E+08   -0.1604310E+09   -0.1261878E+09
 245      0.150318E+09   -0.1501959E+09   -0.2037501E+09
 246      0.172495E+09   -0.1406042E+09   -0.2822081E+09
 247      0.157161E+09   -0.1233145E+09   -0.3269960E+09
 248      0.103557E+09   -0.1048212E+09   -0.3730763E+09
 249      0.199213E+08   -0.7397980E+08   -0.3474760E+09
 250     -0.836176E+08   -0.4012199E+08   -0.3212163E+09
 251     -0.186662E+09   -0.1592501E+08   -0.1727781E+09
 252     -0.224289E+09    0.4920944E+07   -0.2192174E+08
 253     -0.122008E+09    0.9104987E+07    0.1407723E+08
 254     -0.120396E+09   -0.1901784E+08    0.1506382E+09
 255     -0.679245E+08   -0.5138069E+08    0.2878131E+09
 256      0.373960E+07   -0.9223409E+08    0.3263073E+09
 257      0.574395E+08   -0.1287162E+09    0.3599537E+09
 258      0.855075E+08   -0.1387371E+09    0.3283500E+09
 259      0.682839E+08   -0.1461004E+09    0.2992447E+09
 260      0.241408E+08   -0.1304944E+09    0.2449827E+09
 261     -0.574559E+08   -0.1181940E+09    0.1910694E+09
 262     -0.171438E+09   -0.1025305E+09    0.1278464E+09
 263     -0.416979E+08   -0.8433712E+08    0.5880177E+08
 264      0.877269E+08   -0.7236426E+08   -0.4144896E+08
 265      0.179336E+09   -0.6330348E+08   -0.1355214E+09
 266      0.229300E+09   -0.6714772E+08   -0.2143766E+09
 267      0.237843E+09   -0.7226465E+08   -0.2946482E+09
 268      0.201762E+09   -0.7513228E+08   -0.3465856E+09
 269      0.116720E+09   -0.7735510E+08   -0.4005306E+09
 270     -0.920452E+07   -0.5991416E+08   -0.3802594E+09
 271     -0.170050E+09   -0.3762987E+08   -0.3596069E+09
 272     -0.338996E+09   -0.1365503E+08   -0.1949470E+09
 273     -0.442904E+09    0.6871657E+07   -0.2676883E+08
 274     -0.338340E+09    0.3146222E+07    0.2563535E+08
 275     -0.275355E+09   -0.2572028E+08    0.1784720E+09
 276     -0.151324E+09   -0.6065996E+08    0.3282071E+09
 277     -0.182184E+08   -0.8421089E+08    0.3457701E+09
 278      0.812348E+08   -0.1016971E+09    0.3606636E+09
 279      0.128073E+09   -0.8249007E+08    0.3118967E+09
 280      0.124472E+09   -0.6068808E+08    0.2661328E+09
 281      0.758889E+08   -0.2365395E+08    0.2120150E+09
 282     -0.214966E+07    0.1025268E+08    0.1641804E+09
 283     -0.107934E+09    0.3628928E+08    0.1028336E+09
 284      0.457026E+08    0.6644317E+08    0.3270603E+08
 285      0.166548E+09    0.7847071E+08   -0.4852955E+08
 286      0.254236E+09    0.8572229E+08   -0.1252918E+09
 287      0.299039E+09    0.6341687E+08   -0.1931054E+09
 288      0.304387E+09    0.3978547E+08   -0.2623095E+09
 289      0.257884E+09    0.8118194E+07   -0.3182427E+09
 290      0.152824E+09   -0.2296669E+08   -0.3780915E+09
 291     -0.147517E+08   -0.2991573E+08   -0.3769168E+09
 292     -0.245253E+09   -0.3049776E+08   -0.3776175E+09
 293     -0.513050E+09   -0.1273712E+08   -0.2102443E+09
 294     -0.733159E+09    0.5297073E+06   -0.3545231E+08
 295     -0.557167E+09    0.1290669E+08    0.3940723E+08
 296     -0.431742E+09   -0.2501935E+08    0.2088281E+09
 297     -0.242802E+09   -0.6380860E+08    0.3744231E+09
 298     -0.395989E+08   -0.6046445E+08    0.3698371E+09
 299      0.101566E+09   -0.4945113E+08    0.3635821E+09
 300      0.175233E+09    0.1847696E+08    0.2956695E+09
 301      0.180800E+09    0.8497820E+08    0.2317230E+09
 302      0.130966E+09    0.1533858E+09    0.1790298E+09
 303      0.464946E+08    0.2171137E+09    0.1359564E+09
 304     -0.384986E+08    0.2592461E+09    0.7699513E+08
 305      0.130608E+09    0.3030148E+09    0.6934622E+07
 306      0.244947E+09    0.3071572E+09   -0.5490739E+08
 307      0.329651E+09    0.3087602E+09   -0.1139453E+09
 308      0.370186E+09    0.2633689E+09   -0.1706202E+09
 309      0.372859E+09    0.2146159E+09   -0.2284371E+09
 310      0.317309E+09    0.1414904E+09   -0.2901080E+09
 311      0.188788E+09    0.6459772E+08   -0.3567664E+09
 312     -0.191185E+08    0.1889808E+08   -0.3767648E+09
 313     -0.327842E+09   -0.2106672E+08   -0.3996183E+09
 314     -0.690246E+09   -0.8231247E+07   -0.2272475E+09
 315     -0.102610E+10    0.6558756E+07   -0.4586056E+08
 316     -0.878687E+09   -0.1194542E+08    0.6297320E+08
 317     -0.601722E+09   -0.2392393E+08    0.2271423E+09
 318     -0.268021E+09   -0.4731948E+08    0.3731753E+09
 319      0.493012E+06    0.8408477E+07    0.3109833E+09
 320      0.173850E+09    0.8016181E+08    0.2586881E+09
 321      0.241732E+09    0.2012172E+09    0.1847475E+09
 322      0.233009E+09    0.3213207E+09    0.1192200E+09
 323      0.163615E+09    0.4191949E+09    0.8882470E+08
 324      0.599284E+08    0.5135001E+09    0.6591467E+08
 325      0.151842E+08    0.5640179E+09    0.2814736E+08
 326      0.169311E+09    0.6163917E+09   -0.1920009E+08
 327      0.274853E+09    0.6142419E+09   -0.4976017E+08
 328      0.356673E+09    0.6106908E+09   -0.7674236E+08
 329      0.398018E+09    0.5411559E+09   -0.1005521E+09
 330      0.411882E+09    0.4686506E+09   -0.1245095E+09
 331      0.367878E+09    0.3449110E+09   -0.1709514E+09
 332      0.254788E+09    0.2178743E+09   -0.2251749E+09
 333      0.307832E+08    0.1097854E+09   -0.2799538E+09
 334     -0.333986E+09    0.1360020E+08   -0.3499237E+09
 335     -0.842823E+09    0.1256064E+07   -0.2174895E+09
 336     -0.138812E+10   -0.1698284E+08   -0.6300185E+08
 337     -0.122939E+10    0.4255299E+08    0.1110609E+09
 338     -0.775014E+09   -0.1427673E+08    0.2544864E+09
 339     -0.330625E+09   -0.3194810E+08    0.3882620E+09
 340      0.625923E+08    0.1459036E+09    0.2632771E+09
 341      0.256514E+09    0.3079805E+09    0.1424166E+09
 342      0.313818E+09    0.5044075E+09    0.6821183E+08
 343      0.291201E+09    0.6783123E+09    0.1732401E+07
 344      0.192855E+09    0.7953463E+09   -0.6825522E+07
 345      0.753132E+08    0.9130370E+09   -0.7771751E+07
 346      0.639213E+08    0.9723660E+09   -0.2127413E+08
 347      0.207576E+09    0.1033382E+10   -0.4479116E+08
 348      0.303467E+09    0.1027745E+10   -0.4328251E+08
 349      0.382415E+09    0.1021914E+10   -0.3730530E+08
 350      0.425076E+09    0.9319731E+09   -0.2650780E+08
 351      0.452190E+09    0.8395529E+09   -0.1478880E+08
 352      0.423042E+09    0.6606859E+09   -0.4478952E+08
 353      0.327338E+09    0.4642122E+09   -0.8186575E+08
 354      0.100044E+09    0.2676316E+09   -0.1893176E+09
 355     -0.367337E+09    0.5055508E+08   -0.3115101E+09
 356     -0.999558E+09    0.1976703E+08   -0.2149840E+09
 357     -0.178060E+10    0.2864073E+08   -0.9907409E+08
 358     -0.166141E+10   -0.9863970E+08    0.1445309E+09
 359     -0.836062E+09    0.2520469E+08    0.1877109E+09
 360     -0.140541E+09    0.1332973E+09    0.1633983E+09
 361      0.179440E+09    0.4393949E+09   -0.2919427E+08
 362      0.317246E+09    0.7663465E+09   -0.1403795E+09
 363      0.326665E+09    0.9912499E+09   -0.1416981E+09
 364      0.283182E+09    0.1206239E+10   -0.1470030E+09
 365      0.170372E+09    0.1316924E+10   -0.1184313E+09
 366      0.343183E+08    0.1430699E+10   -0.8690506E+08
 367      0.644752E+08    0.1485160E+10   -0.7457740E+08
 368      0.184361E+09    0.1543836E+10   -0.7169485E+08
 369      0.260895E+09    0.1536485E+10   -0.3128504E+08
 370      0.327444E+09    0.1529494E+10    0.1406162E+08
 371      0.366935E+09    0.1430416E+10    0.7661579E+08
 372      0.403463E+09    0.1331813E+10    0.1415788E+09
 373      0.398637E+09    0.1112923E+10    0.1757853E+09
 374      0.357483E+09    0.8861094E+09    0.2141729E+09
 375      0.200194E+09    0.5478564E+09    0.1267706E+09
 376     -0.169332E+09    0.2202318E+09   -0.3345984E+08
 377     -0.985161E+09    0.6545497E+08   -0.1053066E+09
 378     -0.216747E+10   -0.9462226E+08   -0.1146389E+09
 379     -0.273808E+10    0.2624402E+09    0.6082084E+09
 380     -0.753111E+09    0.2218179E+09    0.2172696E+09
 381      0.127406E+09    0.4206121E+09   -0.2317769E+09
 382      0.300024E+09    0.1112767E+10   -0.3827377E+09
 383      0.381737E+09    0.1561917E+10   -0.4422646E+09
 384      0.331840E+09    0.1755350E+10   -0.3677590E+09
 385      0.266372E+09    0.1948258E+10   -0.3014062E+09
 386      0.142881E+09    0.2004792E+10   -0.2345056E+09
 387     -0.299839E+08    0.2071154E+10   -0.1636796E+09
 388      0.629752E+08    0.2113003E+10   -0.1270117E+09
 389      0.156875E+09    0.2163154E+10   -0.9987309E+08
 390      0.213907E+09    0.2158458E+10   -0.1891542E+08
 391      0.267291E+09    0.2153503E+10    0.6651140E+08
 392      0.302252E+09    0.2066362E+10    0.1829431E+09
 393      0.347644E+09    0.1984953E+10    0.3019727E+09
 394      0.363808E+09    0.1770612E+10    0.4112070E+09
 395      0.389013E+09    0.1562148E+10    0.5285721E+09
 396      0.299954E+09    0.1126560E+10    0.5022035E+09
 397      0.956687E+08    0.4795066E+09    0.3959179E+09
 398     -0.830866E+09    0.2534913E+09   -0.6829332E+08
 399     -0.314834E+10    0.2294997E+09   -0.4691251E+09
 400     -0.235253E+10   -0.4596900E+09   -0.1269281E+09
 401     -0.228556E+09    0.7752752E+09   -0.6410013E+09
 402      0.468685E+08    0.1976837E+10   -0.9955950E+09
 403      0.187983E+09    0.2358289E+10   -0.7727747E+09
 404      0.202422E+09    0.2745341E+10   -0.6227435E+09
 405      0.177026E+09    0.2805786E+10   -0.4506204E+09
 406      0.137249E+09    0.2873125E+10   -0.2851221E+09
 407      0.699671E+08    0.2834274E+10   -0.2094813E+09
 408     -0.449030E+08    0.2812315E+10   -0.1577261E+09
 409      0.319218E+08    0.2835304E+10   -0.1467798E+09
 410      0.776323E+08    0.2862466E+10   -0.1140424E+09
 411      0.107977E+09    0.2858181E+10   -0.8208838E+07
 412      0.135263E+09    0.2853267E+10    0.9633135E+08
 413      0.154009E+09    0.2799662E+10    0.2436783E+09
 414      0.178404E+09    0.2750885E+10    0.3918206E+09
 415      0.191277E+09    0.2611349E+10    0.5670010E+09
 416      0.206109E+09    0.2484956E+10    0.7509229E+09
 417      0.190155E+09    0.2120119E+10    0.8941456E+09
 418      0.432076E+08    0.1756065E+10    0.1121100E+10
 419     -0.247984E+09    0.6944382E+09    0.7227159E+09
 420     -0.253129E+10   -0.3882567E+09    0.2050240E+09
 421     -0.132100E+10    0.4338844E+10   -0.1033340E+10
 422      0.134813E+09    0.4466569E+10   -0.1474266E+10
 423     -0.581209E+08    0.4539836E+10   -0.1590191E+10
 424      0.485620E+08    0.4394548E+10   -0.1086343E+10
 425      0.130021E+08    0.4336678E+10   -0.7578243E+09
 426      0.196703E+08    0.4168925E+10   -0.4981423E+09
 427      0.101034E+08    0.4011720E+10   -0.2460251E+09
 428      0.117482E+07    0.3808140E+10   -0.1665851E+09
 429     -0.378532E+08    0.3623590E+10   -0.1454472E+09
 430      0.280988E+07    0.3625784E+10   -0.1632884E+09
 431      0.227224E+07    0.3621411E+10   -0.1252537E+09
 432      0.597136E+07    0.3614864E+10    0.2646448E+07
 433      0.756062E+07    0.3611079E+10    0.1242015E+09
 434      0.104174E+08    0.3609579E+10    0.2987927E+09
 435      0.128712E+08    0.3610702E+10    0.4733239E+09
 436      0.216072E+08    0.3614650E+10    0.7043593E+09
 437      0.180664E+08    0.3630182E+10    0.9479286E+09
 438      0.622170E+08    0.3640695E+10    0.1237296E+10
 439     -0.337484E+08    0.3733885E+10    0.1716182E+10
 440      0.194129E+09    0.3695747E+10    0.1568566E+10
 441     -0.129950E+10    0.3585112E+10    0.1166039E+10
