   1      0.387259E+09    0.3830154E+07   -0.1216492E+07
   2      0.368975E+09   -0.2465939E+07   -0.1103855E+07
   3      0.333956E+09   -0.9251104E+07   -0.1047115E+07
   4      0.288221E+09   -0.3644080E+08   -0.2710824E+06
   5      0.227351E+09   -0.6519064E+08    0.5803787E+06
   6      0.156150E+09   -0.9998625E+08   -0.1885808E+06
   7      0.556849E+08   -0.1330149E+09   -0.8394140E+06
   8     -0.627435E+08   -0.1597407E+09   -0.6787093E+05
   9     -0.212823E+09   -0.1869118E+09   -0.1627460E+05
  10     -0.370518E+09   -0.1972008E+09   -0.3085946E+06
  11     -0.542569E+09   -0.2076659E+09    0.1059459E+07
  12     -0.703236E+09   -0.2029724E+09    0.1321332E+07
  13     -0.574988E+09   -0.1962160E+09    0.2760170E+06
  14     -0.409492E+09   -0.1694772E+09    0.1782530E+06
  15     -0.253281E+09   -0.1435624E+09    0.2273500E+06
  16     -0.989332E+08   -0.1112699E+09    0.1725360E+06
  17      0.566852E+08   -0.7859348E+08    0.1661835E+06
  18      0.218139E+09   -0.5065720E+08    0.3354642E+06
  19      0.391671E+09   -0.2261167E+08   -0.4917306E+05
  20      0.578893E+09   -0.8444600E+07   -0.9248274E+05
  21      0.825078E+09    0.4486262E+07    0.4912643E+06
  22      0.380830E+09    0.3151907E+07   -0.9817243E+06
  23      0.358189E+09   -0.7435331E+07    0.9173695E+07
  24      0.324848E+09   -0.1870671E+08    0.1987521E+08
  25      0.281513E+09   -0.4626779E+08    0.2686836E+08
  26      0.225706E+09   -0.7375726E+08    0.3293381E+08
  27      0.156027E+09   -0.1066684E+09    0.3250262E+08
  28      0.586357E+08   -0.1403506E+09    0.3254688E+08
  29     -0.566978E+08   -0.1683862E+09    0.2662787E+08
  30     -0.203581E+09   -0.1956498E+09    0.2011887E+08
  31     -0.360679E+09   -0.2063851E+09    0.9992276E+07
  32     -0.533864E+09   -0.2161409E+09    0.5686985E+06
  33     -0.693794E+09   -0.2054889E+09   -0.8512147E+07
  34     -0.566108E+09   -0.1953113E+09   -0.1836073E+08
  35     -0.403647E+09   -0.1705460E+09   -0.2479504E+08
  36     -0.249863E+09   -0.1449941E+09   -0.3080712E+08
  37     -0.982059E+08   -0.1124036E+09   -0.3161185E+08
  38      0.545840E+08   -0.7988872E+08   -0.3242027E+08
  39      0.212940E+09   -0.5132997E+08   -0.2739544E+08
  40      0.384128E+09   -0.2305908E+08   -0.2259435E+08
  41      0.569329E+09   -0.9802478E+07   -0.1274099E+08
  42      0.806838E+09    0.2784545E+07   -0.2657640E+07
  43      0.376127E+09    0.4686964E+07   -0.1290463E+07
  44      0.347422E+09   -0.7171479E+07    0.1952157E+08
  45      0.316119E+09   -0.2038211E+08    0.4112458E+08
  46      0.274843E+09   -0.5089328E+08    0.5386096E+08
  47      0.224641E+09   -0.8132998E+08    0.6535887E+08
  48      0.155494E+09   -0.1179751E+09    0.6533078E+08
  49      0.611389E+08   -0.1543374E+09    0.6587118E+08
  50     -0.501997E+08   -0.1821494E+09    0.5305619E+08
  51     -0.194958E+09   -0.2093166E+09    0.4011326E+08
  52     -0.350791E+09   -0.2214432E+09    0.2060656E+08
  53     -0.525639E+09   -0.2341027E+09    0.3770449E+06
  54     -0.685117E+09   -0.2222283E+09   -0.1869792E+08
  55     -0.556688E+09   -0.2080587E+09   -0.3774437E+08
  56     -0.397619E+09   -0.1784487E+09   -0.4992550E+08
  57     -0.246465E+09   -0.1501367E+09   -0.6171458E+08
  58     -0.975364E+08   -0.1163421E+09   -0.6334205E+08
  59      0.523515E+08   -0.8201363E+08   -0.6495095E+08
  60      0.207756E+09   -0.5187281E+08   -0.5503991E+08
  61      0.376480E+09   -0.2128294E+08   -0.4528404E+08
  62      0.560379E+09   -0.7489401E+07   -0.2520926E+08
  63      0.787606E+09    0.4786188E+07   -0.4975520E+07
  64      0.342492E+09    0.3357579E+07    0.7209806E+06
  65      0.314506E+09   -0.1039123E+08    0.3331585E+08
  66      0.288733E+09   -0.2486921E+08    0.6672844E+08
  67      0.257296E+09   -0.5719098E+08    0.8536628E+08
  68      0.215135E+09   -0.9018842E+08    0.1036646E+09
  69      0.157119E+09   -0.1285977E+09    0.1023762E+09
  70      0.721723E+08   -0.1659907E+09    0.1000918E+09
  71     -0.311354E+08   -0.1944156E+09    0.8105274E+08
  72     -0.169590E+09   -0.2235586E+09    0.6212558E+08
  73     -0.321026E+09   -0.2353706E+09    0.3184279E+08
  74     -0.489875E+09   -0.2462864E+09    0.6912060E+05
  75     -0.653955E+09   -0.2322173E+09   -0.3293553E+08
  76     -0.535587E+09   -0.2169845E+09   -0.6373051E+08
  77     -0.381627E+09   -0.1868947E+09   -0.7894512E+08
  78     -0.236740E+09   -0.1574207E+09   -0.9519406E+08
  79     -0.952687E+08   -0.1221730E+09   -0.9797087E+08
  80      0.461245E+08   -0.8662008E+08   -0.1005804E+09
  81      0.192454E+09   -0.5503073E+08   -0.8570592E+08
  82      0.352150E+09   -0.2339256E+08   -0.7085705E+08
  83      0.528278E+09   -0.9270607E+07   -0.3815031E+08
  84      0.740037E+09    0.3795824E+07   -0.5303402E+07
  85      0.306478E+09    0.5352429E+07    0.2834608E+07
  86      0.282447E+09   -0.1005441E+08    0.4729733E+08
  87      0.260617E+09   -0.2708219E+08    0.9263205E+08
  88      0.240008E+09   -0.6304791E+08    0.1172983E+09
  89      0.204893E+09   -0.9815651E+08    0.1413412E+09
  90      0.159440E+09   -0.1356216E+09    0.1388748E+09
  91      0.843266E+08   -0.1743761E+09    0.1352852E+09
  92     -0.128481E+08   -0.2069903E+09    0.1096238E+09
  93     -0.142552E+09   -0.2372787E+09    0.8358879E+08
  94     -0.292336E+09   -0.2477705E+09    0.4256513E+08
  95     -0.452282E+09   -0.2595275E+09   -0.3657374E+06
  96     -0.622538E+09   -0.2462291E+09   -0.4701851E+08
  97     -0.515135E+09   -0.2305702E+09   -0.8936243E+08
  98     -0.365946E+09   -0.1982956E+09   -0.1080841E+09
  99     -0.227230E+09   -0.1671485E+09   -0.1289855E+09
 100     -0.931410E+08   -0.1298416E+09   -0.1327805E+09
 101      0.398189E+08   -0.9201213E+08   -0.1363471E+09
 102      0.177089E+09   -0.5801167E+08   -0.1164622E+09
 103      0.327961E+09   -0.2350106E+08   -0.9631392E+08
 104      0.495758E+09   -0.8406882E+07   -0.5105368E+08
 105      0.694297E+09    0.5032082E+07   -0.5852670E+07
 106      0.234854E+09    0.4711971E+07    0.3645202E+07
 107      0.223239E+09   -0.1101252E+08    0.6314815E+08
 108      0.215753E+09   -0.2814527E+08    0.1228784E+09
 109      0.210038E+09   -0.6464776E+08    0.1527402E+09
 110      0.193712E+09   -0.1008895E+09    0.1818252E+09
 111      0.162679E+09   -0.1417076E+09    0.1780493E+09
 112      0.104941E+09   -0.1820893E+09    0.1741936E+09
 113      0.194723E+08   -0.2140566E+09    0.1410792E+09
 114     -0.967406E+08   -0.2469584E+09    0.1079387E+09
 115     -0.239198E+09   -0.2598940E+09    0.5386918E+08
 116     -0.392607E+09   -0.2709389E+09   -0.1575576E+07
 117     -0.562028E+09   -0.2563602E+09   -0.6098747E+08
 118     -0.484875E+09   -0.2407942E+09   -0.1165512E+09
 119     -0.340951E+09   -0.2080719E+09   -0.1392875E+09
 120     -0.211048E+09   -0.1763636E+09   -0.1651953E+09
 121     -0.885545E+08   -0.1379331E+09   -0.1708105E+09
 122      0.301019E+08   -0.9892154E+08   -0.1761276E+09
 123      0.151338E+09   -0.6333392E+08   -0.1511633E+09
 124      0.285106E+09   -0.2758014E+08   -0.1256808E+09
 125      0.435959E+09   -0.1093446E+08   -0.6631837E+08
 126      0.619399E+09    0.4388446E+07   -0.7060281E+07
 127      0.164716E+09    0.4720166E+07    0.5210928E+07
 128      0.163544E+09   -0.1154692E+08    0.7864766E+08
 129      0.171999E+09   -0.2887575E+08    0.1519873E+09
 130      0.179664E+09   -0.6687098E+08    0.1879984E+09
 131      0.182655E+09   -0.1058147E+09    0.2237890E+09
 132      0.165899E+09   -0.1490106E+09    0.2181941E+09
 133      0.124832E+09   -0.1911074E+09    0.2123282E+09
 134      0.523914E+08   -0.2213752E+09    0.1722152E+09
 135     -0.526498E+08   -0.2501477E+09    0.1323074E+09
 136     -0.183744E+09   -0.2614002E+09    0.6554404E+08
 137     -0.335574E+09   -0.2743689E+09   -0.2263839E+07
 138     -0.500205E+09   -0.2622059E+09   -0.7503451E+08
 139     -0.455200E+09   -0.2480434E+09   -0.1436716E+09
 140     -0.316192E+09   -0.2167173E+09   -0.1705511E+09
 141     -0.195055E+09   -0.1857677E+09   -0.2016602E+09
 142     -0.841553E+08   -0.1459345E+09   -0.2090671E+09
 143      0.201688E+08   -0.1055805E+09   -0.2161264E+09
 144      0.125336E+09   -0.6730592E+08   -0.1860060E+09
 145      0.242062E+09   -0.2827583E+08   -0.1550936E+09
 146      0.376358E+09   -0.1030075E+08   -0.8159871E+08
 147      0.544394E+09    0.5660172E+07   -0.8301650E+07
 148      0.535200E+08    0.5357205E+07    0.7448290E+07
 149      0.744134E+08   -0.1333501E+08    0.9660446E+08
 150      0.106643E+09   -0.3424453E+08    0.1860724E+09
 151      0.139033E+09   -0.7557811E+08    0.2266881E+09
 152      0.167146E+09   -0.1153902E+09    0.2665026E+09
 153      0.174532E+09   -0.1547765E+09    0.2578040E+09
 154      0.154183E+09   -0.1942680E+09    0.2488839E+09
 155      0.100138E+09   -0.2237388E+09    0.2008204E+09
 156      0.119362E+08   -0.2528706E+09    0.1521133E+09
 157     -0.107573E+09   -0.2632880E+09    0.7628888E+08
 158     -0.253233E+09   -0.2734083E+09   -0.1210625E+07
 159     -0.411916E+09   -0.2618024E+09   -0.8661484E+08
 160     -0.412086E+09   -0.2493156E+09   -0.1658915E+09
 161     -0.279727E+09   -0.2198311E+09   -0.1991839E+09
 162     -0.169949E+09   -0.1906410E+09   -0.2371566E+09
 163     -0.748378E+08   -0.1514539E+09   -0.2479244E+09
 164      0.898044E+07   -0.1116007E+09   -0.2584718E+09
 165      0.899626E+08   -0.7235238E+08   -0.2244385E+09
 166      0.179508E+09   -0.3242932E+08   -0.1894840E+09
 167      0.285740E+09   -0.1261396E+08   -0.9965961E+08
 168      0.430794E+09    0.5290257E+07   -0.9852175E+07
 169     -0.569526E+08    0.6060119E+07    0.9018292E+07
 170     -0.150454E+08   -0.1267014E+08    0.1147119E+09
 171      0.407831E+08   -0.3310091E+08    0.2204280E+09
 172      0.985071E+08   -0.7255662E+08    0.2656808E+09
 173      0.151950E+09   -0.1123459E+09    0.3100000E+09
 174      0.182973E+09   -0.1533650E+09    0.2981667E+09
 175      0.184002E+09   -0.1932158E+09    0.2865324E+09
 176      0.148599E+09   -0.2186696E+09    0.2298720E+09
 177      0.780316E+08   -0.2430218E+09    0.1730416E+09
 178     -0.319945E+08   -0.2533816E+09    0.8717236E+08
 179     -0.167844E+09   -0.2635059E+09   -0.1897249E+07
 180     -0.324417E+09   -0.2528567E+09   -0.9889748E+08
 181     -0.368945E+09   -0.2428599E+09   -0.1880060E+09
 182     -0.242735E+09   -0.2174373E+09   -0.2278671E+09
 183     -0.144634E+09   -0.1913279E+09   -0.2730607E+09
 184     -0.655907E+08   -0.1537307E+09   -0.2872270E+09
 185     -0.245623E+07   -0.1155432E+09   -0.3012778E+09
 186      0.542380E+08   -0.7503162E+08   -0.2632711E+09
 187      0.116681E+09   -0.3302579E+08   -0.2241266E+09
 188      0.194713E+09   -0.1196757E+08   -0.1176682E+09
 189      0.318074E+09    0.6415223E+07   -0.1117483E+08
 190     -0.213462E+09    0.4566503E+07    0.1321481E+08
 191     -0.137154E+09   -0.1599720E+08    0.1344643E+09
 192     -0.423085E+08   -0.3882289E+08    0.2551580E+09
 193      0.508919E+08   -0.7726768E+08    0.3017052E+09
 194      0.138852E+09   -0.1142644E+09    0.3475412E+09
 195      0.199586E+09   -0.1453080E+09    0.3298642E+09
 196      0.224463E+09   -0.1750782E+09    0.3125283E+09
 197      0.211367E+09   -0.1948253E+09    0.2502961E+09
 198      0.156588E+09   -0.2152813E+09    0.1883264E+09
 199      0.607195E+08   -0.2240754E+09    0.9639263E+08
 200     -0.652865E+08   -0.2335658E+09    0.2265564E+07
 201     -0.215777E+09   -0.2302638E+09   -0.1032555E+09
 202     -0.308682E+09   -0.2249169E+09   -0.2026891E+09
 203     -0.193028E+09   -0.2021741E+09   -0.2493504E+09
 204     -0.108065E+09   -0.1804545E+09   -0.3004466E+09
 205     -0.476030E+08   -0.1481402E+09   -0.3197630E+09
 206     -0.102894E+08   -0.1148475E+09   -0.3395416E+09
 207      0.137458E+08   -0.7684755E+08   -0.3010069E+09
 208      0.359721E+08   -0.3734683E+08   -0.2613378E+09
 209      0.698742E+08   -0.1469282E+08   -0.1381771E+09
 210      0.155022E+09    0.5445102E+07   -0.1438264E+08
 211     -0.369931E+09    0.7301069E+07    0.1691960E+08
 212     -0.259290E+09   -0.1490928E+08    0.1550129E+09
 213     -0.125849E+09   -0.4096665E+08    0.2922395E+09
 214      0.287522E+07   -0.7823836E+08    0.3388535E+09
 215      0.125239E+09   -0.1116286E+09    0.3845843E+09
 216      0.216244E+09   -0.1333168E+09    0.3617956E+09
 217      0.265239E+09   -0.1553832E+09    0.3395959E+09
 218      0.274308E+09   -0.1643809E+09    0.2711318E+09
 219      0.236092E+09   -0.1713429E+09    0.2028622E+09
 220      0.154370E+09   -0.1740820E+09    0.1056596E+09
 221      0.370120E+08   -0.1779300E+09    0.7348477E+07
 222     -0.104511E+09   -0.1807062E+09   -0.1064426E+09
 223     -0.248765E+09   -0.1851542E+09   -0.2174254E+09
 224     -0.142874E+09   -0.1704866E+09   -0.2725873E+09
 225     -0.713583E+08   -0.1551983E+09   -0.3287954E+09
 226     -0.297366E+08   -0.1325636E+09   -0.3529699E+09
 227     -0.186052E+08   -0.1086634E+09   -0.3785474E+09
 228     -0.274676E+08   -0.7418331E+08   -0.3392513E+09
 229     -0.453496E+08   -0.3706018E+08   -0.2989653E+09
 230     -0.553688E+08   -0.1356228E+08   -0.1589468E+09
 231     -0.843152E+07    0.6630597E+07   -0.1759315E+08
 232     -0.582396E+09    0.3008233E+07    0.2401318E+08
 233     -0.411780E+09   -0.1803509E+08    0.1754008E+09
 234     -0.220112E+09   -0.4193555E+08    0.3249780E+09
 235     -0.380527E+08   -0.6857908E+08    0.3633939E+09
 236      0.123468E+09   -0.9270263E+08    0.4010333E+09
 237      0.245322E+09   -0.9915700E+08    0.3689731E+09
 238      0.317422E+09   -0.1036533E+09    0.3383503E+09
 239      0.344291E+09   -0.9786567E+08    0.2678585E+09
 240      0.321105E+09   -0.9298192E+08    0.1981760E+09
 241      0.248048E+09   -0.9041950E+08    0.1052628E+09
 242      0.143326E+09   -0.8867625E+08    0.1164953E+08
 243      0.683981E+07   -0.9684273E+08   -0.9704608E+08
 244     -0.146218E+09   -0.1055713E+09   -0.2096745E+09
 245     -0.890969E+08   -0.1066619E+09   -0.2732344E+09
 246     -0.238005E+08   -0.1078926E+09   -0.3310258E+09
 247      0.210502E+07   -0.9984698E+08   -0.3622869E+09
 248     -0.137678E+08   -0.9063882E+08   -0.3969897E+09
 249     -0.625622E+08   -0.6544408E+08   -0.3650847E+09
 250     -0.135464E+09   -0.3709631E+08   -0.3325172E+09
 251     -0.211485E+09   -0.1460263E+08   -0.1790182E+09
 252     -0.236590E+09    0.4462758E+07   -0.2273001E+08
 253     -0.795997E+09    0.5472408E+07    0.3215459E+08
 254     -0.564333E+09   -0.1635587E+08    0.1963975E+09
 255     -0.317621E+09   -0.4140343E+08    0.3586257E+09
 256     -0.796603E+08   -0.5646465E+08    0.3897486E+09
 257      0.120427E+09   -0.6686905E+08    0.4200942E+09
 258      0.275734E+09   -0.4729162E+08    0.3773582E+09
 259      0.370574E+09   -0.2565229E+08    0.3359772E+09
 260      0.415199E+09    0.3303221E+07    0.2649439E+09
 261      0.406860E+09    0.2934178E+08    0.1957426E+09
 262      0.343254E+09    0.3702078E+08    0.1053567E+09
 263      0.250555E+09    0.4453742E+08    0.1560592E+08
 264      0.117588E+09    0.3221933E+08   -0.8878271E+08
 265     -0.374255E+08    0.1785563E+08   -0.2024700E+09
 266     -0.351236E+08   -0.6192044E+07   -0.2727083E+09
 267      0.240429E+08   -0.3048291E+08   -0.3330838E+09
 268      0.346119E+08   -0.4572730E+08   -0.3724350E+09
 269     -0.959694E+07   -0.6034665E+08   -0.4167370E+09
 270     -0.984573E+08   -0.4957568E+08   -0.3922642E+09
 271     -0.227863E+09   -0.3401814E+08   -0.3673553E+09
 272     -0.368670E+09   -0.1230962E+08   -0.1995456E+09
 273     -0.465412E+09    0.5938939E+07   -0.2778218E+08
 274     -0.107067E+10   -0.1336622E+07    0.4464495E+08
 275     -0.734032E+09   -0.1727176E+08    0.2117616E+09
 276     -0.398030E+09   -0.3816509E+08    0.3724142E+09
 277     -0.924982E+08   -0.2664683E+08    0.3759132E+09
 278      0.146291E+09   -0.7807753E+07    0.3815089E+09
 279      0.322709E+09    0.4556649E+08    0.3287060E+09
 280      0.429417E+09    0.9905744E+08    0.2797723E+09
 281      0.474471E+09    0.1493890E+09    0.2189724E+09
 282      0.474354E+09    0.1992966E+09    0.1604333E+09
 283      0.416769E+09    0.2194956E+09    0.9027290E+08
 284      0.330882E+09    0.2370228E+09    0.2080537E+08
 285      0.207697E+09    0.2145041E+09   -0.6581034E+08
 286      0.686193E+08    0.1904850E+09   -0.1606465E+09
 287      0.168367E+08    0.1401506E+09   -0.2241837E+09
 288      0.800298E+08    0.8963364E+08   -0.2802398E+09
 289      0.849124E+08    0.4284306E+08   -0.3287417E+09
 290      0.233665E+08   -0.3264774E+07   -0.3834096E+09
 291     -0.105533E+09   -0.1780019E+08   -0.3811028E+09
 292     -0.303949E+09   -0.2602189E+08   -0.3807326E+09
 293     -0.543364E+09   -0.1062927E+08   -0.2123868E+09
 294     -0.763014E+09    0.4352155E+05   -0.3607690E+08
 295     -0.134570E+10    0.4123782E+07    0.6091478E+08
 296     -0.907522E+09   -0.1597415E+08    0.2296502E+09
 297     -0.484734E+09   -0.3235163E+08    0.3906315E+09
 298     -0.104660E+09    0.2143729E+08    0.3664299E+09
 299      0.172461E+09    0.8021628E+08    0.3449863E+09
 300      0.372519E+09    0.1880063E+09    0.2809932E+09
 301      0.490143E+09    0.2921452E+09    0.2235099E+09
 302      0.536103E+09    0.3759308E+09    0.1727051E+09
 303      0.543651E+09    0.4567431E+09    0.1233992E+09
 304      0.489914E+09    0.4813510E+09    0.7508546E+08
 305      0.411930E+09    0.5030168E+09    0.2732238E+08
 306      0.299377E+09    0.4660506E+09   -0.4139217E+08
 307      0.173143E+09    0.4271483E+09   -0.1177809E+09
 308      0.681811E+08    0.3474042E+09   -0.1748798E+09
 309      0.139904E+09    0.2674412E+09   -0.2257115E+09
 310      0.138804E+09    0.1780639E+09   -0.2852726E+09
 311      0.562604E+08    0.8451738E+08   -0.3511919E+09
 312     -0.111448E+09    0.3124257E+08   -0.3730982E+09
 313     -0.387260E+09   -0.1647726E+08   -0.3978877E+09
 314     -0.721093E+09   -0.6513856E+07   -0.2268605E+09
 315     -0.106310E+10    0.5308668E+07   -0.4633160E+08
 316     -0.168331E+10   -0.2258320E+08    0.8805929E+08
 317     -0.105056E+10   -0.6560226E+07    0.2212064E+09
 318     -0.483182E+09    0.2057426E+07    0.3336949E+09
 319     -0.527258E+08    0.1188026E+09    0.2517293E+09
 320      0.242334E+09    0.2492142E+09    0.1858289E+09
 321      0.418733E+09    0.4134631E+09    0.1294354E+09
 322      0.521066E+09    0.5748814E+09    0.8346080E+08
 323      0.553489E+09    0.6857589E+09    0.6970222E+08
 324      0.555490E+09    0.7931650E+09    0.5680322E+08
 325      0.501441E+09    0.8224309E+09    0.4965389E+08
 326      0.435390E+09    0.8519526E+09    0.4100039E+08
 327      0.332983E+09    0.8007221E+09    0.1194715E+08
 328      0.226617E+09    0.7435289E+09   -0.2212519E+08
 329      0.108276E+09    0.6288981E+09   -0.6551291E+08
 330      0.177844E+09    0.5204267E+09   -0.1009751E+09
 331      0.193605E+09    0.3823885E+09   -0.1480519E+09
 332      0.128411E+09    0.2380085E+09   -0.2067720E+09
 333     -0.554253E+08    0.1218212E+09   -0.2681645E+09
 334     -0.388924E+09    0.1807143E+08   -0.3440027E+09
 335     -0.869727E+09    0.3623313E+07   -0.2145529E+09
 336     -0.142705E+10   -0.1721053E+08   -0.6276068E+08
 337     -0.205536E+10    0.2988579E+08    0.1407636E+09
 338     -0.119634E+10    0.7764020E+07    0.2221941E+09
 339     -0.517315E+09    0.3320886E+08    0.2913891E+09
 340      0.218959E+08    0.2908167E+09    0.1454519E+09
 341      0.316905E+09    0.5247732E+09    0.1435118E+08
 342      0.470771E+09    0.7701066E+09   -0.2704379E+08
 343      0.553543E+09    0.9939290E+09   -0.6028511E+08
 344      0.570188E+09    0.1124423E+10   -0.3557658E+08
 345      0.564520E+09    0.1252941E+10   -0.1074448E+08
 346      0.511580E+09    0.1280491E+10    0.2408341E+08
 347      0.456637E+09    0.1305635E+10    0.5660317E+08
 348      0.363726E+09    0.1240746E+10    0.6654642E+08
 349      0.275531E+09    0.1177946E+10    0.7481526E+08
 350      0.153357E+09    0.1038198E+10    0.4831064E+08
 351      0.213362E+09    0.8989323E+09    0.2998306E+08
 352      0.251691E+09    0.6979522E+09   -0.3478809E+07
 353      0.206853E+09    0.4800963E+09   -0.5020583E+08
 354      0.199672E+08    0.2774736E+09   -0.1692332E+09
 355     -0.417503E+09    0.5411661E+08   -0.3014946E+09
 356     -0.102248E+10    0.2152017E+08   -0.2094740E+09
 357     -0.182113E+10    0.2788683E+08   -0.9775009E+08
 358     -0.241319E+10   -0.1171725E+09    0.1705509E+09
 359     -0.116012E+10    0.6297963E+08    0.1062615E+09
 360     -0.286681E+09    0.2345127E+09   -0.1817760E+08
 361      0.138173E+09    0.6204101E+09   -0.2165732E+09
 362      0.350004E+09    0.1018527E+10   -0.3301656E+09
 363      0.439431E+09    0.1296142E+10   -0.2885008E+09
 364      0.489405E+09    0.1566135E+10   -0.2507862E+09
 365      0.488228E+09    0.1695181E+10   -0.1619932E+09
 366      0.478698E+09    0.1824237E+10   -0.7618044E+08
 367      0.431037E+09    0.1840888E+10    0.8616154E+07
 368      0.386961E+09    0.1859701E+10    0.9261030E+08
 369      0.315072E+09    0.1782273E+10    0.1456122E+09
 370      0.241132E+09    0.1705250E+10    0.1955646E+09
 371      0.152495E+09    0.1547882E+10    0.2074369E+09
 372      0.178030E+09    0.1394039E+10    0.2286153E+09
 373      0.250242E+09    0.1148930E+10    0.2431617E+09
 374      0.258250E+09    0.8977666E+09    0.2574886E+09
 375      0.136337E+09    0.5550108E+09    0.1530973E+09
 376     -0.209042E+09    0.2223752E+09   -0.2207991E+08
 377     -0.100261E+10    0.6717658E+08   -0.9827087E+08
 378     -0.220054E+10   -0.9420773E+08   -0.1121438E+09
 379     -0.341163E+10    0.2512135E+09    0.6237639E+09
 380     -0.965569E+09    0.2715152E+09    0.7066343E+08
 381      0.518184E+07    0.5408427E+09   -0.5086149E+09
 382      0.249382E+09    0.1305236E+10   -0.6377252E+09
 383      0.383363E+09    0.1815213E+10   -0.6880805E+09
 384      0.395859E+09    0.2070788E+10   -0.5604245E+09
 385      0.417145E+09    0.2332351E+10   -0.4405453E+09
 386      0.399373E+09    0.2431797E+10   -0.2869820E+09
 387      0.390478E+09    0.2537372E+10   -0.1379912E+09
 388      0.346794E+09    0.2531834E+10   -0.4145585E+07
 389      0.315980E+09    0.2529946E+10    0.1283535E+09
 390      0.262565E+09    0.2442581E+10    0.2266156E+09
 391      0.206530E+09    0.2354459E+10    0.3210031E+09
 392      0.144517E+09    0.2190489E+10    0.3691605E+09
 393      0.127117E+09    0.2036421E+10    0.4302199E+09
 394      0.239568E+09    0.1796050E+10    0.5058750E+09
 395      0.312178E+09    0.1565232E+10    0.5840238E+09
 396      0.253225E+09    0.1128593E+10    0.5350388E+09
 397      0.671695E+08    0.4790123E+09    0.4080879E+09
 398     -0.843937E+09    0.2537080E+09   -0.5978419E+08
 399     -0.317253E+10    0.2290694E+09   -0.4631481E+09
 400     -0.270878E+10   -0.4538980E+09   -0.1528886E+09
 401     -0.331599E+09    0.8366247E+09   -0.8144613E+09
 402     -0.345704E+08    0.2070901E+10   -0.1282851E+10
 403      0.148351E+09    0.2478883E+10   -0.1071534E+10
 404      0.190471E+09    0.2911474E+10   -0.9443144E+09
 405      0.200189E+09    0.3070449E+10   -0.7372055E+09
 406      0.209185E+09    0.3245741E+10   -0.5391311E+09
 407      0.201786E+09    0.3295686E+10   -0.3392779E+09
 408      0.200974E+09    0.3351298E+10   -0.1404305E+09
 409      0.177442E+09    0.3317350E+10    0.3154092E+08
 410      0.165819E+09    0.3284887E+10    0.2023068E+09
 411      0.135024E+09    0.3183429E+10    0.3295050E+09
 412      0.108890E+09    0.3083948E+10    0.4547769E+09
 413      0.770737E+08    0.2934151E+10    0.5231625E+09
 414      0.491132E+08    0.2791009E+10    0.5834021E+09
 415      0.127323E+09    0.2628040E+10    0.6847739E+09
 416      0.167438E+09    0.2483341E+10    0.8089983E+09
 417      0.167819E+09    0.2119110E+10    0.9309507E+09
 418      0.305885E+08    0.1751385E+10    0.1135412E+10
 419     -0.254250E+09    0.6921047E+09    0.7304578E+09
 420     -0.254263E+10   -0.3878038E+09    0.2075094E+09
 421     -0.135086E+10    0.4412508E+10   -0.1076660E+10
 422      0.129370E+09    0.4385867E+10   -0.1661368E+10
 423     -0.830229E+08    0.4316357E+10   -0.1890040E+10
 424      0.279328E+08    0.4250974E+10   -0.1435643E+10
 425     -0.566020E+07    0.4263779E+10   -0.1164869E+10
 426      0.706479E+07    0.4271737E+10   -0.8873552E+09
 427      0.523643E+07    0.4293221E+10   -0.6234660E+09
 428      0.857794E+07    0.4278319E+10   -0.3804564E+09
 429      0.139033E+08    0.4265724E+10   -0.1355443E+09
 430      0.119874E+08    0.4198301E+10    0.7279781E+08
 431      0.177149E+08    0.4132956E+10    0.2814575E+09
 432      0.122666E+08    0.4017076E+10    0.4354363E+09
 433      0.138556E+08    0.3904113E+10    0.5882761E+09
 434      0.128690E+08    0.3772060E+10    0.6753043E+09
 435     -0.139216E+08    0.3636307E+10    0.7309039E+09
 436      0.180770E+08    0.3618010E+10    0.8449638E+09
 437      0.167233E+08    0.3623419E+10    0.1008698E+10
 438      0.634660E+08    0.3636986E+10    0.1279094E+10
 439     -0.314526E+08    0.3728255E+10    0.1734293E+10
 440      0.195562E+09    0.3685174E+10    0.1579218E+10
 441     -0.129932E+10    0.3568769E+10    0.1169857E+10
