   1     -0.654509E+09    0.3586268E+07   -0.3361231E+06
   2     -0.561451E+09   -0.6769619E+07   -0.9632601E+05
   3     -0.446785E+09   -0.1825173E+08    0.5235188E+05
   4     -0.320247E+09   -0.4349745E+08    0.3772568E+04
   5     -0.183843E+09   -0.6837482E+08    0.4290669E+05
   6     -0.441365E+08   -0.9587533E+08    0.8160281E+05
   7      0.945897E+08   -0.1229593E+09    0.1129123E+06
   8      0.229502E+09   -0.1447826E+09    0.2365304E+06
   9      0.355772E+09   -0.1655373E+09    0.9006102E+05
  10      0.473772E+09   -0.1795148E+09    0.1112120E+07
  11      0.581008E+09   -0.1941742E+09    0.3503351E+07
  12      0.671443E+09   -0.2146585E+09    0.5439286E+07
  13      0.650543E+09   -0.2370833E+09    0.4845007E+07
  14      0.580972E+09   -0.2322835E+09    0.1552929E+07
  15      0.454457E+09   -0.2238280E+09   -0.5119193E+06
  16      0.270556E+09   -0.1922084E+09   -0.1017597E+07
  17      0.270538E+08   -0.1616536E+09   -0.8064799E+06
  18     -0.274077E+09   -0.1204788E+09   -0.2025314E+07
  19     -0.613149E+09   -0.7548494E+08   -0.4650173E+07
  20     -0.980407E+09   -0.3278447E+08   -0.5206270E+07
  21     -0.128637E+10    0.6130684E+07   -0.4868445E+07
  22     -0.666610E+09    0.2954872E+07    0.1202672E+07
  23     -0.570938E+09   -0.7922460E+07    0.1065014E+08
  24     -0.453435E+09   -0.1962440E+08    0.2008774E+08
  25     -0.324075E+09   -0.4433078E+08    0.2386990E+08
  26     -0.185078E+09   -0.6894249E+08    0.2756257E+08
  27     -0.430931E+08   -0.9603521E+08    0.2639851E+08
  28      0.974162E+08   -0.1227928E+09    0.2518313E+08
  29      0.233614E+09   -0.1439881E+09    0.2093264E+08
  30      0.360384E+09   -0.1648958E+09    0.1652773E+08
  31      0.478076E+09   -0.1760532E+09    0.1214715E+08
  32      0.582522E+09   -0.1864991E+09    0.8965554E+07
  33      0.673247E+09   -0.1865297E+09    0.7038730E+07
  34      0.663608E+09   -0.1877404E+09    0.2572608E+07
  35      0.592032E+09   -0.1771798E+09   -0.1007974E+08
  36      0.462859E+09   -0.1653156E+09   -0.2089775E+08
  37      0.277950E+09   -0.1386730E+09   -0.2773004E+08
  38      0.306045E+08   -0.1111671E+09   -0.3455217E+08
  39     -0.271289E+09   -0.7573171E+08   -0.3657031E+08
  40     -0.616928E+09   -0.3851632E+08   -0.4102554E+08
  41     -0.993710E+09   -0.1518531E+08   -0.2657794E+08
  42     -0.134096E+10    0.5392898E+07   -0.9785426E+07
  43     -0.678534E+09    0.3663501E+07    0.2402891E+07
  44     -0.580337E+09   -0.7041324E+07    0.2131222E+08
  45     -0.460035E+09   -0.1894165E+08    0.4020039E+08
  46     -0.327894E+09   -0.4457392E+08    0.4776007E+08
  47     -0.186323E+09   -0.6979574E+08    0.5514430E+08
  48     -0.420793E+08   -0.9701660E+08    0.5279938E+08
  49      0.100181E+09   -0.1238634E+09    0.5036273E+08
  50      0.237641E+09   -0.1443047E+09    0.4174431E+08
  51      0.364800E+09   -0.1644526E+09    0.3308864E+08
  52      0.482057E+09   -0.1730372E+09    0.2308813E+08
  53      0.583754E+09   -0.1815850E+09    0.1385888E+08
  54      0.674008E+09   -0.1745285E+09    0.7159386E+07
  55      0.676839E+09   -0.1664668E+09   -0.1307720E+07
  56      0.604519E+09   -0.1491447E+09   -0.2206697E+08
  57      0.471071E+09   -0.1324435E+09   -0.4092115E+08
  58      0.286593E+09   -0.1068306E+09   -0.5431723E+08
  59      0.346700E+08   -0.7993105E+08   -0.6862838E+08
  60     -0.267674E+09   -0.4909099E+08   -0.7121043E+08
  61     -0.620436E+09   -0.1742408E+08   -0.7647474E+08
  62     -0.100802E+10   -0.5332734E+07   -0.4613978E+08
  63     -0.140001E+10    0.4873804E+07   -0.1250775E+08
  64     -0.715578E+09    0.3061179E+07    0.3884531E+07
  65     -0.609093E+09   -0.8505926E+07    0.3259904E+08
  66     -0.479854E+09   -0.2101386E+08    0.6124705E+08
  67     -0.338982E+09   -0.4637801E+08    0.7215483E+08
  68     -0.189449E+09   -0.7157424E+08    0.8281305E+08
  69     -0.382620E+08   -0.9807983E+08    0.7856304E+08
  70      0.109473E+09   -0.1242423E+09    0.7422264E+08
  71      0.251050E+09   -0.1431706E+09    0.6030103E+08
  72      0.380654E+09   -0.1618626E+09    0.4639862E+08
  73      0.498966E+09   -0.1679041E+09    0.2881825E+08
  74      0.600474E+09   -0.1737638E+09    0.1175536E+08
  75      0.688442E+09   -0.1638984E+09   -0.4387477E+07
  76      0.699153E+09   -0.1525368E+09   -0.2144085E+08
  77      0.626580E+09   -0.1306104E+09   -0.4281005E+08
  78      0.491356E+09   -0.1095878E+09   -0.6401310E+08
  79      0.302282E+09   -0.8441640E+08   -0.7913274E+08
  80      0.453316E+08   -0.5869339E+08   -0.9462460E+08
  81     -0.268648E+09   -0.3678380E+08   -0.9339367E+08
  82     -0.636857E+09   -0.1483617E+08   -0.9325525E+08
  83     -0.104946E+10   -0.5622667E+07   -0.5276754E+08
  84     -0.148611E+10    0.2932306E+07   -0.9770246E+07
  85     -0.752472E+09    0.3835634E+07    0.5414917E+07
  86     -0.637762E+09   -0.7891547E+07    0.4393736E+08
  87     -0.499648E+09   -0.2099994E+08    0.8235406E+08
  88     -0.350079E+09   -0.4752887E+08    0.9662811E+08
  89     -0.192567E+09   -0.7350183E+08    0.1105712E+09
  90     -0.344300E+08   -0.9972474E+08    0.1043968E+09
  91      0.118829E+09   -0.1255107E+09    0.9814227E+08
  92      0.264577E+09   -0.1430236E+09    0.7886775E+08
  93      0.396760E+09   -0.1602444E+09    0.5966008E+08
  94      0.516314E+09   -0.1644444E+09    0.3462475E+08
  95      0.617532E+09   -0.1683218E+09    0.9932560E+07
  96      0.704034E+09   -0.1561763E+09   -0.1477066E+08
  97      0.721963E+09   -0.1438095E+09   -0.3972274E+08
  98      0.646990E+09   -0.1229453E+09   -0.6359456E+08
  99      0.512944E+09   -0.1013415E+09   -0.8837093E+08
 100      0.316141E+09   -0.7713474E+08   -0.1042077E+09
 101      0.561403E+08   -0.5310529E+08   -0.1202957E+09
 102     -0.270807E+09   -0.3130160E+08   -0.1154421E+09
 103     -0.653319E+09   -0.9072573E+07   -0.1106341E+09
 104     -0.108982E+10   -0.2593809E+07   -0.6064562E+08
 105     -0.156899E+10    0.2894725E+07   -0.8590069E+07
 106     -0.817361E+09    0.3210335E+07    0.7522587E+07
 107     -0.686664E+09   -0.9614531E+07    0.5638438E+08
 108     -0.532292E+09   -0.2361077E+08    0.1050081E+09
 109     -0.367130E+09   -0.4977446E+08    0.1215740E+09
 110     -0.195836E+09   -0.7554832E+08    0.1377625E+09
 111     -0.259592E+08   -0.1003247E+09    0.1284447E+09
 112      0.136455E+09   -0.1246272E+09    0.1190855E+09
 113      0.289031E+09   -0.1398795E+09    0.9385999E+08
 114      0.425837E+09   -0.1548530E+09    0.6879849E+08
 115      0.548012E+09   -0.1569556E+09    0.3663872E+08
 116      0.650401E+09   -0.1588530E+09    0.4392536E+07
 117      0.736100E+09   -0.1461634E+09   -0.2770808E+08
 118      0.748988E+09   -0.1323141E+09   -0.5845786E+08
 119      0.672994E+09   -0.1119365E+09   -0.8338777E+08
 120      0.536588E+09   -0.9281672E+08   -0.1094259E+09
 121      0.332122E+09   -0.7146959E+08   -0.1257791E+09
 122      0.638178E+08   -0.4901357E+08   -0.1428415E+09
 123     -0.279398E+09   -0.2892151E+08   -0.1345301E+09
 124     -0.685256E+09   -0.8729417E+07   -0.1254575E+09
 125     -0.114918E+10   -0.2433857E+07   -0.6590089E+08
 126     -0.165572E+10    0.3027705E+07   -0.5370600E+07
 127     -0.881839E+09    0.4128536E+07    0.9606799E+07
 128     -0.735655E+09   -0.9119574E+07    0.6894804E+08
 129     -0.564883E+09   -0.2409867E+08    0.1278743E+09
 130     -0.384248E+09   -0.5108605E+08    0.1467115E+09
 131     -0.199111E+09   -0.7713759E+08    0.1651656E+09
 132     -0.174628E+08   -0.1002970E+09    0.1526924E+09
 133      0.154180E+09   -0.1228484E+09    0.1402223E+09
 134      0.313654E+09   -0.1352790E+09    0.1090135E+09
 135      0.455086E+09   -0.1473860E+09    0.7807945E+08
 136      0.579949E+09   -0.1473271E+09    0.3889988E+08
 137      0.683670E+09   -0.1471273E+09   -0.4879068E+06
 138      0.769042E+09   -0.1346919E+09   -0.4062753E+08
 139      0.775454E+09   -0.1213867E+09   -0.7875848E+08
 140      0.698813E+09   -0.1020079E+09   -0.1037754E+09
 141      0.558755E+09   -0.8330438E+08   -0.1301832E+09
 142      0.348704E+09   -0.6495777E+08   -0.1473709E+09
 143      0.700746E+08   -0.4644128E+08   -0.1648714E+09
 144     -0.287541E+09   -0.3069073E+08   -0.1531085E+09
 145     -0.718428E+09   -0.1445674E+08   -0.1403278E+09
 146     -0.120896E+10   -0.5842172E+07   -0.7195025E+08
 147     -0.173906E+10    0.2100724E+07   -0.3266783E+07
 148     -0.979100E+09    0.3012683E+07    0.1313302E+08
 149     -0.805413E+09   -0.1127905E+08    0.8271989E+08
 150     -0.608828E+09   -0.2700036E+08    0.1516212E+09
 151     -0.404454E+09   -0.5233564E+08    0.1706050E+09
 152     -0.199417E+09   -0.7693208E+08    0.1891855E+09
 153     -0.163830E+07   -0.9655719E+08    0.1718075E+09
 154      0.181901E+09   -0.1155101E+09    0.1545931E+09
 155      0.349691E+09   -0.1237164E+09    0.1174163E+09
 156      0.496482E+09   -0.1315852E+09    0.8059201E+08
 157      0.623958E+09   -0.1283644E+09    0.3610492E+08
 158      0.728764E+09   -0.1248192E+09   -0.8672257E+07
 159      0.812537E+09   -0.1139122E+09   -0.5126870E+08
 160      0.805158E+09   -0.1034203E+09   -0.9112245E+08
 161      0.726538E+09   -0.9071673E+08   -0.1170536E+09
 162      0.582465E+09   -0.7792821E+08   -0.1449063E+09
 163      0.367770E+09   -0.6180478E+08   -0.1630221E+09
 164      0.735303E+08   -0.4505854E+08   -0.1815702E+09
 165     -0.300624E+09   -0.2935757E+08   -0.1678237E+09
 166     -0.759867E+09   -0.1354820E+08   -0.1536962E+09
 167     -0.128333E+10   -0.5392031E+07   -0.8007678E+08
 168     -0.183782E+10    0.2128445E+07   -0.5225087E+07
 169     -0.107654E+10    0.4166402E+07    0.1671405E+08
 170     -0.875194E+09   -0.1059750E+08    0.9676231E+08
 171     -0.652978E+09   -0.2752270E+08    0.1757617E+09
 172     -0.424879E+09   -0.5190448E+08    0.1948448E+09
 173     -0.199833E+09   -0.7471112E+08    0.2136355E+09
 174      0.142258E+08   -0.8927418E+08    0.1913221E+09
 175      0.209817E+09   -0.1029931E+09    0.1693352E+09
 176      0.386038E+09   -0.1051924E+09    0.1260728E+09
 177      0.538355E+09   -0.1076116E+09    0.8341156E+08
 178      0.668474E+09   -0.9956198E+08    0.3274642E+08
 179      0.774397E+09   -0.8883381E+08   -0.1913138E+08
 180      0.856442E+09   -0.7744012E+08   -0.6231184E+08
 181      0.834574E+09   -0.7054124E+08   -0.1013294E+09
 182      0.754760E+09   -0.6904280E+08   -0.1291318E+09
 183      0.605951E+09   -0.6571137E+08   -0.1592443E+09
 184      0.386304E+09   -0.5739329E+08   -0.1788425E+09
 185      0.776112E+08   -0.4828846E+08   -0.1998451E+09
 186     -0.315255E+09   -0.3189879E+08   -0.1840510E+09
 187     -0.800534E+09   -0.1498755E+08   -0.1674967E+09
 188     -0.135717E+10   -0.5627259E+07   -0.8777510E+08
 189     -0.193733E+10    0.2698427E+07   -0.6183021E+07
 190     -0.121121E+10    0.2324811E+07    0.2198654E+08
 191     -0.964529E+09   -0.1241303E+08    0.1108760E+09
 192     -0.703789E+09   -0.2901927E+08    0.1981064E+09
 193     -0.442491E+09   -0.4870933E+08    0.2127634E+09
 194     -0.191872E+09   -0.6684095E+08    0.2272852E+09
 195      0.409128E+08   -0.7308072E+08    0.1977709E+09
 196      0.248712E+09   -0.7842980E+08    0.1689979E+09
 197      0.432061E+09   -0.7260871E+08    0.1213794E+09
 198      0.588524E+09   -0.6661073E+08    0.7472528E+08
 199      0.720151E+09   -0.5627646E+08    0.2284400E+08
 200      0.827255E+09   -0.4550666E+08   -0.3098306E+08
 201      0.888292E+09   -0.4081253E+08   -0.6606506E+08
 202      0.864750E+09   -0.3837461E+08   -0.9684826E+08
 203      0.785645E+09   -0.4216102E+08   -0.1257666E+09
 204      0.636475E+09   -0.4538112E+08   -0.1571419E+09
 205      0.409490E+09   -0.4330443E+08   -0.1809964E+09
 206      0.895985E+08   -0.4108650E+08   -0.2058065E+09
 207     -0.328602E+09   -0.3203166E+08   -0.1947645E+09
 208     -0.842664E+09   -0.2050926E+08   -0.1836303E+09
 209     -0.144420E+10   -0.8215596E+07   -0.9779129E+08
 210     -0.206445E+10    0.2109249E+07   -0.9340290E+07
 211     -0.134618E+10    0.3120299E+07    0.2777295E+08
 212     -0.105432E+10   -0.1185154E+08    0.1255371E+09
 213     -0.755206E+09   -0.2917671E+08    0.2210355E+09
 214     -0.460517E+09   -0.4265877E+08    0.2313256E+09
 215     -0.184252E+09   -0.5364542E+08    0.2417284E+09
 216      0.677168E+08   -0.4735353E+08    0.2049375E+09
 217      0.287877E+09   -0.4001654E+08    0.1692955E+09
 218      0.478632E+09   -0.2245712E+08    0.1173347E+09
 219      0.639139E+09   -0.4847153E+07    0.6647455E+08
 220      0.773392E+09    0.1142669E+08    0.1311059E+08
 221      0.882425E+09    0.2674935E+08   -0.4127950E+08
 222      0.918286E+09    0.2251732E+08   -0.6901593E+08
 223      0.895717E+09    0.1688068E+08   -0.9368100E+08
 224      0.816895E+09    0.4391907E+07   -0.1236104E+09
 225      0.667918E+09   -0.8347845E+07   -0.1557098E+09
 226      0.433008E+09   -0.1995383E+08   -0.1838476E+09
 227      0.998896E+08   -0.3083892E+08   -0.2123999E+09
 228     -0.341205E+09   -0.2561407E+08   -0.2060592E+09
 229     -0.885524E+09   -0.1753690E+08   -0.2008201E+09
 230     -0.153251E+10   -0.6231384E+07   -0.1080628E+09
 231     -0.219144E+10    0.2789844E+07   -0.1206569E+08
 232     -0.152061E+10   -0.1222192E+06    0.3641243E+08
 233     -0.115657E+10   -0.1218383E+08    0.1370132E+09
 234     -0.802420E+09   -0.2659331E+08    0.2342162E+09
 235     -0.464080E+09   -0.2828154E+08    0.2314081E+09
 236     -0.159293E+09   -0.2706446E+08    0.2292734E+09
 237      0.109032E+09   -0.3012894E+07    0.1828504E+09
 238      0.336222E+09    0.2209407E+08    0.1385805E+09
 239      0.527621E+09    0.5498133E+08    0.8749332E+08
 240      0.687438E+09    0.8809463E+08    0.3675495E+08
 241      0.815698E+09    0.1083817E+09   -0.4478804E+07
 242      0.907620E+09    0.1260488E+09   -0.4148958E+08
 243      0.934005E+09    0.1132461E+09   -0.5626078E+08
 244      0.919290E+09    0.1001092E+09   -0.7276830E+08
 245      0.844590E+09    0.7420679E+08   -0.9893626E+08
 246      0.700173E+09    0.4744475E+08   -0.1261317E+09
 247      0.466735E+09    0.2118419E+08   -0.1590177E+09
 248      0.123841E+09   -0.4333392E+07   -0.1945111E+09
 249     -0.336197E+09   -0.1148897E+08   -0.2006203E+09
 250     -0.922959E+09   -0.1618671E+08   -0.2075174E+09
 251     -0.162651E+10   -0.7668793E+07   -0.1155376E+09
 252     -0.235840E+10   -0.7613447E+06   -0.1913801E+08
 253     -0.169778E+10    0.6002749E+06    0.4584222E+08
 254     -0.125932E+10   -0.1019333E+08    0.1494644E+09
 255     -0.851660E+09   -0.2270426E+08    0.2488987E+09
 256     -0.468331E+09   -0.7409649E+07    0.2329044E+09
 257     -0.135032E+09    0.1194314E+08    0.2181989E+09
 258      0.151034E+09    0.6292431E+08    0.1616386E+09
 259      0.385340E+09    0.1138347E+09    0.1081153E+09
 260      0.578365E+09    0.1693257E+09    0.5645595E+08
 261      0.738773E+09    0.2272379E+09    0.3996991E+07
 262      0.856634E+09    0.2504174E+09   -0.2047835E+08
 263      0.928382E+09    0.2644869E+09   -0.3733956E+08
 264      0.952043E+09    0.2417313E+09   -0.4254112E+08
 265      0.944011E+09    0.2225176E+09   -0.5149583E+08
 266      0.873553E+09    0.1811717E+09   -0.7406747E+08
 267      0.733253E+09    0.1383109E+09   -0.9760611E+08
 268      0.501186E+09    0.8790529E+08   -0.1351923E+09
 269      0.149313E+09    0.3526732E+08   -0.1767686E+09
 270     -0.332757E+09    0.5922625E+07   -0.1956229E+09
 271     -0.963067E+09   -0.1732839E+08   -0.2159724E+09
 272     -0.172122E+10   -0.6839891E+07   -0.1245176E+09
 273     -0.252782E+10    0.1370613E+07   -0.2682367E+08
 274     -0.189603E+10   -0.5809823E+07    0.5665841E+08
 275     -0.135915E+10   -0.5509670E+07    0.1497505E+09
 276     -0.870029E+09   -0.8637005E+07    0.2358197E+09
 277     -0.436758E+09    0.3332454E+08    0.1906133E+09
 278     -0.804120E+08    0.8110548E+08    0.1489062E+09
 279      0.208024E+09    0.1653198E+09    0.8340384E+08
 280      0.434717E+09    0.2510819E+09    0.2236674E+08
 281      0.612028E+09    0.3263303E+09   -0.1275090E+08
 282      0.756064E+09    0.3972128E+09   -0.4501642E+08
 283      0.850641E+09    0.4172321E+09   -0.3962406E+08
 284      0.915368E+09    0.4371375E+09   -0.3210697E+08
 285      0.943468E+09    0.4159672E+09   -0.1962969E+08
 286      0.941132E+09    0.3938886E+09   -0.7497662E+07
 287      0.882335E+09    0.3315384E+09   -0.1258820E+08
 288      0.758291E+09    0.2667785E+09   -0.1936082E+08
 289      0.540726E+09    0.1855487E+09   -0.5736920E+08
 290      0.198851E+09    0.1038262E+09   -0.9994846E+08
 291     -0.291051E+09    0.4889777E+08   -0.1449077E+09
 292     -0.963344E+09   -0.2202229E+06   -0.1965877E+09
 293     -0.180257E+10   -0.1940423E+07   -0.1228401E+09
 294     -0.273855E+10   -0.6299225E+07   -0.3796059E+08
 295     -0.209246E+10   -0.2194735E+07    0.7030509E+08
 296     -0.146198E+10   -0.2212745E+07    0.1500930E+09
 297     -0.896982E+09    0.4056742E+07    0.2242080E+09
 298     -0.403837E+09    0.9170216E+08    0.1510798E+09
 299     -0.266217E+08    0.1824236E+09    0.8049731E+08
 300      0.268379E+09    0.3151975E+09    0.6106925E+07
 301      0.485223E+09    0.4425539E+09   -0.6218467E+08
 302      0.644995E+09    0.5323601E+09   -0.7780374E+08
 303      0.768707E+09    0.6176937E+09   -0.8865769E+08
 304      0.845479E+09    0.6542694E+09   -0.5890909E+08
 305      0.905606E+09    0.6909658E+09   -0.3012025E+08
 306      0.935695E+09    0.6663939E+09    0.3318294E+07
 307      0.939175E+09    0.6411749E+09    0.3744556E+08
 308      0.892283E+09    0.5562094E+09    0.5011487E+08
 309      0.785464E+09    0.4679448E+09    0.6107295E+08
 310      0.583928E+09    0.3421197E+09    0.2064959E+08
 311      0.246802E+09    0.2094982E+09   -0.2447072E+08
 312     -0.246189E+09    0.1091480E+09   -0.9815220E+08
 313     -0.971336E+09    0.1340565E+08   -0.1809788E+09
 314     -0.188827E+10    0.3278561E+07   -0.1225804E+09
 315     -0.295295E+10   -0.1648262E+07   -0.5131438E+08
 316     -0.229418E+10   -0.2684476E+08    0.9509509E+08
 317     -0.151083E+10    0.4065382E+07    0.1272015E+09
 318     -0.832724E+09    0.2966865E+08    0.1417948E+09
 319     -0.307528E+09    0.1709380E+09    0.1429990E+08
 320      0.647082E+08    0.3231510E+09   -0.9790161E+08
 321      0.319565E+09    0.5016839E+09   -0.1605120E+09
 322      0.498874E+09    0.6758911E+09   -0.2124786E+09
 323      0.624716E+09    0.7998417E+09   -0.1919825E+09
 324      0.722270E+09    0.9217787E+09   -0.1703697E+09
 325      0.783237E+09    0.9715012E+09   -0.1057466E+09
 326      0.837633E+09    0.1021588E+10   -0.4136107E+08
 327      0.865065E+09    0.9936866E+09    0.3308962E+08
 328      0.877047E+09    0.9647753E+09    0.1086488E+09
 329      0.845962E+09    0.8544823E+09    0.1597815E+09
 330      0.772599E+09    0.7420221E+09    0.2108957E+09
 331      0.607534E+09    0.5666495E+09    0.1919093E+09
 332      0.323720E+09    0.3874571E+09    0.1649314E+09
 333     -0.141030E+09    0.2211414E+09    0.5587512E+08
 334     -0.873321E+09    0.6192070E+08   -0.7572730E+08
 335     -0.190232E+10    0.1795102E+08   -0.8659675E+08
 336     -0.318560E+10   -0.2755091E+08   -0.7160273E+08
 337     -0.252506E+10    0.3074227E+08    0.1439822E+09
 338     -0.156202E+10    0.1455054E+08    0.1144436E+09
 339     -0.802150E+09    0.4649171E+08    0.7568975E+08
 340     -0.191464E+09    0.3147748E+09   -0.1127021E+09
 341      0.159914E+09    0.5570956E+09   -0.2864506E+09
 342      0.374340E+09    0.8143441E+09   -0.3320383E+09
 343      0.513066E+09    0.1050654E+10   -0.3688096E+09
 344      0.604502E+09    0.1199767E+10   -0.3117653E+09
 345      0.677438E+09    0.1346221E+10   -0.2556635E+09
 346      0.719529E+09    0.1404292E+10   -0.1533677E+09
 347      0.768374E+09    0.1464908E+10   -0.5194847E+08
 348      0.791830E+09    0.1434795E+10    0.6469010E+08
 349      0.813428E+09    0.1405504E+10    0.1833848E+09
 350      0.799533E+09    0.1277428E+10    0.2742956E+09
 351      0.762076E+09    0.1148802E+10    0.3663124E+09
 352      0.635821E+09    0.9197880E+09    0.3699613E+09
 353      0.408745E+09    0.6692487E+09    0.3673606E+09
 354     -0.164947E+08    0.4045929E+09    0.2042061E+09
 355     -0.800751E+09    0.1140610E+09    0.1786596E+08
 356     -0.192068E+10    0.4270141E+08   -0.5817608E+08
 357     -0.345542E+10    0.1795928E+08   -0.1119863E+09
 358     -0.272122E+10   -0.1196544E+09    0.1749848E+09
 359     -0.142803E+10    0.6140222E+08    0.3155941E+07
 360     -0.501802E+09    0.2323371E+09   -0.2254467E+09
 361     -0.336714E+08    0.6151136E+09   -0.4698702E+09
 362      0.219298E+09    0.1009934E+10   -0.6307672E+09
 363      0.352609E+09    0.1295803E+10   -0.6019249E+09
 364      0.440764E+09    0.1574265E+10   -0.5772794E+09
 365      0.497266E+09    0.1730231E+10   -0.4656501E+09
 366      0.547810E+09    0.1887530E+10   -0.3565865E+09
 367      0.576312E+09    0.1944608E+10   -0.2104223E+09
 368      0.613654E+09    0.2005066E+10   -0.6503086E+08
 369      0.630564E+09    0.1973432E+10    0.9820341E+08
 370      0.656251E+09    0.1945043E+10    0.2625333E+09
 371      0.656927E+09    0.1812867E+10    0.4106753E+09
 372      0.645455E+09    0.1682459E+10    0.5631780E+09
 373      0.568767E+09    0.1412238E+10    0.6412237E+09
 374      0.435788E+09    0.1134421E+10    0.7247609E+09
 375      0.129984E+09    0.7248886E+09    0.5905904E+09
 376     -0.481445E+09    0.3169887E+09    0.3781060E+09
 377     -0.170466E+10    0.1023213E+09    0.9915609E+08
 378     -0.361387E+10   -0.1113948E+09   -0.1214699E+09
 379     -0.355935E+10    0.2650658E+09    0.6357858E+09
 380     -0.113506E+10    0.2710806E+09   -0.2581927E+08
 381     -0.143181E+09    0.5248550E+09   -0.7060615E+09
 382      0.121317E+09    0.1276510E+10   -0.8866349E+09
 383      0.280177E+09    0.1774482E+10   -0.9914505E+09
 384      0.319859E+09    0.2034817E+10   -0.8844263E+09
 385      0.362494E+09    0.2300583E+10   -0.7871032E+09
 386      0.383250E+09    0.2429617E+10   -0.6210456E+09
 387      0.412752E+09    0.2567489E+10   -0.4572335E+09
 388      0.429735E+09    0.2614700E+10   -0.2655824E+09
 389      0.455158E+09    0.2665266E+10   -0.7508940E+08
 390      0.465864E+09    0.2638867E+10    0.1341159E+09
 391      0.496125E+09    0.2619104E+10    0.3434155E+09
 392      0.509164E+09    0.2504788E+10    0.5515726E+09
 393      0.520146E+09    0.2395841E+10    0.7668301E+09
 394      0.493437E+09    0.2137121E+10    0.9282126E+09
 395      0.464318E+09    0.1887240E+10    0.1099749E+10
 396      0.276536E+09    0.1373205E+10    0.1039146E+10
 397     -0.967543E+08    0.6277919E+09    0.8998217E+09
 398     -0.133567E+10    0.3129138E+09    0.1831148E+09
 399     -0.440687E+10    0.2163521E+09   -0.4886219E+09
 400     -0.276705E+10   -0.4619675E+09   -0.1442001E+09
 401     -0.420486E+09    0.8302874E+09   -0.8941784E+09
 402     -0.111629E+09    0.2058376E+10   -0.1447266E+10
 403      0.798856E+08    0.2445114E+10   -0.1297536E+10
 404      0.135179E+09    0.2858208E+10   -0.1231618E+10
 405      0.156912E+09    0.3014058E+10   -0.1059364E+10
 406      0.177544E+09    0.3187834E+10   -0.8973644E+09
 407      0.187808E+09    0.3264019E+10   -0.7027638E+09
 408      0.203789E+09    0.3347981E+10   -0.5093893E+09
 409      0.214246E+09    0.3377357E+10   -0.2938765E+09
 410      0.228506E+09    0.3410414E+10   -0.7862256E+08
 411      0.234064E+09    0.3394570E+10    0.1531238E+09
 412      0.252739E+09    0.3384406E+10    0.3853611E+09
 413      0.260555E+09    0.3310111E+10    0.6343476E+09
 414      0.266225E+09    0.3242881E+10    0.8857786E+09
 415      0.260911E+09    0.3064405E+10    0.1123986E+10
 416      0.247089E+09    0.2900704E+10    0.1375066E+10
 417      0.181838E+09    0.2461949E+10    0.1505456E+10
 418     -0.562057E+08    0.2019363E+10    0.1737467E+10
 419     -0.497086E+09    0.8205690E+09    0.1084635E+10
 420     -0.325255E+10   -0.4028187E+09    0.2720600E+09
 421     -0.131989E+10    0.4515676E+10   -0.1049355E+10
 422      0.120409E+09    0.4470984E+10   -0.1714810E+10
 423     -0.879686E+08    0.4377026E+10   -0.2021866E+10
 424      0.189285E+08    0.4270625E+10   -0.1638361E+10
 425     -0.129501E+08    0.4242288E+10   -0.1435536E+10
 426     -0.237837E+07    0.4221392E+10   -0.1207690E+10
 427     -0.323652E+07    0.4214580E+10   -0.9936608E+09
 428     -0.162503E+07    0.4213249E+10   -0.7731994E+09
 429      0.685565E+06    0.4217817E+10   -0.5544247E+09
 430      0.394115E+07    0.4221282E+10   -0.3178953E+09
 431      0.717954E+07    0.4228121E+10   -0.8048679E+08
 432      0.836040E+07    0.4229184E+10    0.1725632E+09
 433      0.142159E+08    0.4234043E+10    0.4266032E+09
 434      0.176329E+08    0.4225752E+10    0.7124697E+09
 435      0.190744E+08    0.4222643E+10    0.9969661E+09
 436      0.314997E+08    0.4196594E+10    0.1303495E+10
 437      0.262408E+08    0.4185031E+10    0.1627671E+10
 438      0.693183E+08    0.4126486E+10    0.1923520E+10
 439     -0.356666E+08    0.4154599E+10    0.2442279E+10
 440      0.189938E+09    0.3986458E+10    0.2039502E+10
 441     -0.142728E+10    0.3732519E+10    0.1327231E+10
