   1     -0.459344E+09    0.6846415E+07   -0.5393776E+06
   2     -0.396721E+09   -0.1246995E+08    0.2827386E+06
   3     -0.292574E+09   -0.3053973E+08    0.5231954E+06
   4     -0.164466E+09   -0.9114550E+08    0.4505214E+07
   5     -0.146537E+08   -0.1577613E+09    0.1024413E+08
   6      0.109830E+09   -0.2579679E+09    0.8241663E+07
   7      0.206390E+09   -0.3545823E+09    0.5126905E+07
   8      0.286595E+09   -0.4354190E+09    0.4047595E+07
   9      0.341630E+09   -0.5149510E+09    0.3173451E+07
  10      0.371669E+09   -0.5690547E+09    0.3025458E+07
  11      0.360725E+09   -0.6244325E+09    0.2517190E+07
  12      0.320747E+09   -0.6359819E+09    0.5423755E+06
  13      0.237396E+09   -0.6458303E+09   -0.1210501E+07
  14      0.133234E+09   -0.6045044E+09   -0.2284825E+07
  15     -0.133909E+07   -0.5617947E+09   -0.4221051E+07
  16     -0.135804E+09   -0.4703608E+09   -0.5123639E+07
  17     -0.259812E+09   -0.3775819E+09   -0.5427387E+07
  18     -0.336203E+09   -0.2612507E+09   -0.6729124E+07
  19     -0.332992E+09   -0.1383623E+09   -0.8421324E+07
  20     -0.216584E+09   -0.5561788E+08   -0.6324243E+07
  21      0.110197E+09    0.1799123E+08   -0.3726777E+07
  22     -0.482093E+09    0.5433506E+07    0.1676100E+07
  23     -0.414099E+09   -0.1399299E+08    0.1931971E+08
  24     -0.307624E+09   -0.3444521E+08    0.3620085E+08
  25     -0.179968E+09   -0.8159552E+08    0.5123090E+08
  26     -0.323343E+08   -0.1274013E+09    0.6914779E+08
  27      0.103192E+09   -0.1960389E+09    0.7766680E+08
  28      0.211891E+09   -0.2678663E+09    0.8277445E+08
  29      0.296851E+09   -0.3384070E+09    0.7148743E+08
  30      0.354302E+09   -0.4065177E+09    0.6135243E+08
  31      0.386333E+09   -0.4499428E+09    0.4641392E+08
  32      0.379892E+09   -0.4932845E+09    0.3134367E+08
  33      0.343137E+09   -0.5027903E+09    0.9065037E+07
  34      0.260388E+09   -0.5116453E+09   -0.1313961E+08
  35      0.156509E+09   -0.4780437E+09   -0.3644090E+08
  36      0.222270E+08   -0.4433974E+09   -0.6058983E+08
  37     -0.118259E+09   -0.3693182E+09   -0.7901256E+08
  38     -0.248043E+09   -0.2929041E+09   -0.9755390E+08
  39     -0.335271E+09   -0.1984680E+09   -0.9885275E+08
  40     -0.350166E+09   -0.1002495E+09   -0.1020471E+09
  41     -0.258275E+09   -0.4005276E+08   -0.6018166E+08
  42      0.122354E+08    0.1338041E+08   -0.1552578E+08
  43     -0.505829E+09    0.5760404E+07    0.3412357E+07
  44     -0.432020E+09   -0.1063979E+08    0.3830716E+08
  45     -0.323451E+09   -0.2899232E+08    0.7229821E+08
  46     -0.196411E+09   -0.6888479E+08    0.9716106E+08
  47     -0.520512E+08   -0.1059966E+09    0.1252453E+09
  48      0.945271E+08   -0.1528395E+09    0.1456325E+09
  49      0.220464E+09   -0.2027550E+09    0.1616534E+09
  50      0.309833E+09   -0.2608288E+09    0.1394512E+09
  51      0.367259E+09   -0.3174317E+09    0.1193213E+09
  52      0.401525E+09   -0.3570194E+09    0.9007351E+08
  53      0.400703E+09   -0.3958009E+09    0.5979450E+08
  54      0.366620E+09   -0.4024950E+09    0.1723769E+08
  55      0.284065E+09   -0.4094584E+09   -0.2475019E+08
  56      0.181157E+09   -0.3816145E+09   -0.7063098E+08
  57      0.460926E+08   -0.3525444E+09   -0.1166935E+09
  58     -0.994286E+08   -0.2905639E+09   -0.1525762E+09
  59     -0.235660E+09   -0.2253784E+09   -0.1901678E+09
  60     -0.334257E+09   -0.1456070E+09   -0.1907623E+09
  61     -0.366942E+09   -0.6342105E+08   -0.1947792E+09
  62     -0.303182E+09   -0.2186063E+08   -0.1120361E+09
  63     -0.920690E+08    0.1370125E+08   -0.2395818E+08
  64     -0.568846E+09    0.4060687E+07    0.4964780E+07
  65     -0.480195E+09   -0.1087894E+08    0.5299110E+08
  66     -0.361261E+09   -0.2703509E+08    0.1002558E+09
  67     -0.226170E+09   -0.6034760E+08    0.1284361E+09
  68     -0.782515E+08   -0.9329858E+08    0.1575087E+09
  69      0.725221E+08   -0.1261064E+09    0.1765613E+09
  70      0.217065E+09   -0.1568171E+09    0.1972859E+09
  71      0.329499E+09   -0.1985855E+09    0.1824589E+09
  72      0.402351E+09   -0.2440405E+09    0.1636574E+09
  73      0.442982E+09   -0.2761925E+09    0.1205046E+09
  74      0.451283E+09   -0.3058483E+09    0.7920448E+08
  75      0.422667E+09   -0.3135261E+09    0.2421834E+08
  76      0.345905E+09   -0.3210358E+09   -0.3169250E+08
  77      0.243794E+09   -0.2981694E+09   -0.9337333E+08
  78      0.102600E+09   -0.2739661E+09   -0.1550393E+09
  79     -0.512648E+08   -0.2233382E+09   -0.2019536E+09
  80     -0.205895E+09   -0.1717125E+09   -0.2510167E+09
  81     -0.338309E+09   -0.1123754E+09   -0.2487850E+09
  82     -0.415349E+09   -0.5180072E+08   -0.2477925E+09
  83     -0.417723E+09   -0.2056052E+08   -0.1385904E+09
  84     -0.295033E+09    0.7493096E+07   -0.2514884E+08
  85     -0.631348E+09    0.4316373E+07    0.6606222E+07
  86     -0.528173E+09   -0.8436298E+07    0.6756118E+08
  87     -0.398561E+09   -0.2289403E+08    0.1277906E+09
  88     -0.255166E+09   -0.5210194E+08    0.1603208E+09
  89     -0.102273E+09   -0.8118298E+08    0.1927076E+09
  90      0.526272E+08   -0.1065851E+09    0.2080405E+09
  91      0.207369E+09   -0.1266740E+09    0.2283487E+09
  92      0.344967E+09   -0.1471835E+09    0.2246478E+09
  93      0.443194E+09   -0.1750078E+09    0.2115778E+09
  94      0.486315E+09   -0.2067111E+09    0.1519919E+09
  95      0.499681E+09   -0.2350651E+09    0.9882695E+08
  96      0.479012E+09   -0.2419471E+09    0.3125253E+08
  97      0.408865E+09   -0.2476782E+09   -0.3958190E+08
  98      0.305380E+09   -0.2322750E+09   -0.1158164E+09
  99      0.160446E+09   -0.2178800E+09   -0.1927186E+09
 100     -0.450746E+07   -0.1790992E+09   -0.2518735E+09
 101     -0.176537E+09   -0.1368293E+09   -0.3120193E+09
 102     -0.343241E+09   -0.8749911E+08   -0.3065660E+09
 103     -0.466360E+09   -0.3668348E+08   -0.3013816E+09
 104     -0.530357E+09   -0.1154287E+08   -0.1660845E+09
 105     -0.493119E+09    0.9329603E+07   -0.2712164E+08
 106     -0.724218E+09    0.3117928E+07    0.8392016E+07
 107     -0.599307E+09   -0.9131663E+07    0.7931810E+08
 108     -0.450419E+09   -0.2258557E+08    0.1495150E+09
 109     -0.290256E+09   -0.4735412E+08    0.1835961E+09
 110     -0.123620E+09   -0.7175864E+08    0.2176675E+09
 111      0.422881E+08   -0.9291483E+08    0.2271167E+09
 112      0.200754E+09   -0.1129769E+09    0.2379707E+09
 113      0.348522E+09   -0.1197285E+09    0.2319804E+09
 114      0.476422E+09   -0.1258910E+09    0.2263760E+09
 115      0.544793E+09   -0.1451455E+09    0.1726787E+09
 116      0.568463E+09   -0.1660478E+09    0.1162138E+09
 117      0.556489E+09   -0.1742129E+09    0.3864248E+08
 118      0.494792E+09   -0.1822021E+09   -0.3847972E+08
 119      0.390851E+09   -0.1746739E+09   -0.1239812E+09
 120      0.243285E+09   -0.1655505E+09   -0.2105870E+09
 121      0.637042E+08   -0.1382775E+09   -0.2788491E+09
 122     -0.141175E+09   -0.1101148E+09   -0.3477105E+09
 123     -0.350287E+09   -0.7362840E+08   -0.3415263E+09
 124     -0.539153E+09   -0.3589117E+08   -0.3371159E+09
 125     -0.686212E+09   -0.1406372E+08   -0.1851027E+09
 126     -0.749540E+09    0.5180005E+07   -0.2830335E+08
 127     -0.816308E+09    0.3402050E+07    0.1040623E+08
 128     -0.670186E+09   -0.8082929E+07    0.9126662E+08
 129     -0.502068E+09   -0.2115088E+08    0.1713891E+09
 130     -0.325207E+09   -0.4379348E+08    0.2071841E+09
 131     -0.144933E+09   -0.6584796E+08    0.2427715E+09
 132      0.320202E+08   -0.8213175E+08    0.2473759E+09
 133      0.198076E+09   -0.9779034E+08    0.2516366E+09
 134      0.353569E+09   -0.9895423E+08    0.2390891E+09
 135      0.498777E+09   -0.9460417E+08    0.2338734E+09
 136      0.602248E+09   -0.9162935E+08    0.1914756E+09
 137      0.643168E+09   -0.9876539E+08    0.1374360E+09
 138      0.633373E+09   -0.1159554E+09    0.4778442E+08
 139      0.579613E+09   -0.1271538E+09   -0.3699402E+08
 140      0.477618E+09   -0.1220156E+09   -0.1328724E+09
 141      0.324405E+09   -0.1167579E+09   -0.2304826E+09
 142      0.132389E+09   -0.9905214E+08   -0.3056439E+09
 143     -0.107164E+09   -0.8170343E+08   -0.3819212E+09
 144     -0.357284E+09   -0.5547147E+08   -0.3765713E+09
 145     -0.610719E+09   -0.2610520E+08   -0.3729326E+09
 146     -0.841847E+09   -0.8373306E+07   -0.2045321E+09
 147     -0.100509E+10    0.6004477E+07   -0.3055495E+08
 148     -0.937024E+09    0.2425748E+07    0.1354840E+08
 149     -0.759109E+09   -0.9277075E+07    0.1023655E+09
 150     -0.563063E+09   -0.2230634E+08    0.1902224E+09
 151     -0.361255E+09   -0.4146935E+08    0.2248374E+09
 152     -0.160602E+09   -0.6002217E+08    0.2592614E+09
 153      0.323445E+08   -0.7079007E+08    0.2573938E+09
 154      0.210370E+09   -0.8086891E+08    0.2557854E+09
 155      0.373241E+09   -0.7738509E+08    0.2347971E+09
 156      0.517032E+09   -0.7165223E+08    0.2169707E+09
 157      0.638253E+09   -0.6117065E+08    0.1822916E+09
 158      0.715089E+09   -0.5350043E+08    0.1440184E+09
 159      0.721271E+09   -0.6121295E+08    0.5689014E+08
 160      0.676424E+09   -0.6883549E+08   -0.3043441E+08
 161      0.578091E+09   -0.7239586E+08   -0.1300034E+09
 162      0.422378E+09   -0.7579519E+08   -0.2310857E+09
 163      0.212275E+09   -0.6951475E+08   -0.3121665E+09
 164     -0.563144E+08   -0.6176286E+08   -0.3952054E+09
 165     -0.360384E+09   -0.4217914E+08   -0.3949531E+09
 166     -0.689775E+09   -0.2131570E+08   -0.3950836E+09
 167     -0.102336E+10   -0.8078140E+07   -0.2167221E+09
 168     -0.131074E+10    0.3161166E+07   -0.3216880E+08
 169     -0.105769E+10    0.2745730E+07    0.1698880E+08
 170     -0.847756E+09   -0.8833625E+07    0.1137740E+09
 171     -0.624118E+09   -0.2221096E+08    0.2094189E+09
 172     -0.397490E+09   -0.3916151E+08    0.2429426E+09
 173     -0.176490E+09   -0.5484976E+08    0.2762134E+09
 174      0.326870E+08   -0.5922176E+08    0.2679777E+09
 175      0.222416E+09   -0.6259611E+08    0.2600980E+09
 176      0.393534E+09   -0.5278236E+08    0.2320327E+09
 177      0.541047E+09   -0.4211140E+08    0.2047330E+09
 178      0.671423E+09   -0.2181705E+08    0.1731886E+09
 179      0.778798E+09   -0.2151632E+07    0.1469732E+09
 180      0.814009E+09   -0.4502836E+07    0.6496946E+08
 181      0.773847E+09   -0.7995096E+07   -0.2432010E+08
 182      0.677612E+09   -0.1838094E+08   -0.1270974E+09
 183      0.521693E+09   -0.2959598E+08   -0.2307937E+09
 184      0.291753E+09   -0.3469558E+08   -0.3194623E+09
 185     -0.440338E+07   -0.3807411E+08   -0.4103218E+09
 186     -0.364091E+09   -0.2862663E+08   -0.4141122E+09
 187     -0.769209E+09   -0.1589911E+08   -0.4180477E+09
 188     -0.120516E+10   -0.3954184E+07   -0.2289106E+09
 189     -0.161313E+10    0.4597839E+07   -0.3305412E+08
 190     -0.120781E+10    0.1694396E+07    0.2168686E+08
 191     -0.950819E+09   -0.9785928E+07    0.1244970E+09
 192     -0.688369E+09   -0.2306691E+08    0.2256999E+09
 193     -0.427744E+09   -0.3499283E+08    0.2530871E+09
 194     -0.180891E+09   -0.4543892E+08    0.2802416E+09
 195      0.468270E+08   -0.4064226E+08    0.2632684E+09
 196      0.248047E+09   -0.3491343E+08    0.2470667E+09
 197      0.424962E+09   -0.1544835E+08    0.2139519E+09
 198      0.575624E+09    0.3806208E+07    0.1818480E+09
 199      0.703230E+09    0.2999944E+08    0.1473191E+09
 200      0.810387E+09    0.6121882E+08    0.1179694E+09
 201      0.880762E+09    0.7174054E+08    0.6123294E+08
 202      0.867628E+09    0.7189530E+08   -0.3908695E+07
 203      0.778078E+09    0.4593521E+08   -0.1064244E+09
 204      0.624784E+09    0.2403609E+08   -0.2074706E+09
 205      0.386312E+09    0.4848154E+07   -0.3014024E+09
 206      0.608397E+08   -0.1400301E+08   -0.3985915E+09
 207     -0.352445E+09   -0.1662799E+08   -0.4123897E+09
 208     -0.845596E+09   -0.1711798E+08   -0.4276335E+09
 209     -0.139746E+10   -0.7759383E+07   -0.2372067E+09
 210     -0.196216E+10   -0.2356701E+05   -0.3828221E+08
 211     -0.135759E+10    0.1796316E+07    0.2667822E+08
 212     -0.105410E+10   -0.9650299E+07    0.1356567E+09
 213     -0.753241E+09   -0.2334345E+08    0.2426728E+09
 214     -0.458516E+09   -0.2956323E+08    0.2640406E+09
 215     -0.185743E+09   -0.3326349E+08    0.2851624E+09
 216      0.609511E+08   -0.1521308E+08    0.2593269E+09
 217      0.273733E+09    0.3910751E+07    0.2346753E+09
 218      0.456933E+09    0.3624047E+08    0.1961878E+09
 219      0.610518E+09    0.6852524E+08    0.1591264E+09
 220      0.738476E+09    0.9958782E+08    0.1227076E+09
 221      0.846380E+09    0.1309725E+09    0.8945720E+08
 222      0.938179E+09    0.1419270E+09    0.5648468E+08
 223      0.966825E+09    0.1506204E+09    0.1599477E+08
 224      0.880384E+09    0.1237241E+09   -0.8569142E+08
 225      0.727928E+09    0.9474481E+08   -0.1846139E+09
 226      0.481927E+09    0.5988685E+08   -0.2839326E+09
 227      0.125876E+09    0.2539231E+08   -0.3873419E+09
 228     -0.340603E+09    0.8749063E+07   -0.4117927E+09
 229     -0.922871E+09   -0.2367968E+07   -0.4385754E+09
 230     -0.158938E+10    0.2046127E+07   -0.2456809E+09
 231     -0.231506E+10    0.2973352E+07   -0.4232648E+08
 232     -0.153523E+10   -0.3011813E+06    0.3439038E+08
 233     -0.116643E+10   -0.1004127E+08    0.1445562E+09
 234     -0.809135E+09   -0.2238476E+08    0.2515390E+09
 235     -0.470128E+09   -0.1725919E+08    0.2570421E+09
 236     -0.168934E+09   -0.8950606E+07    0.2628159E+09
 237      0.933682E+08    0.2712530E+08    0.2251198E+09
 238      0.311583E+09    0.6438858E+08    0.1895921E+09
 239      0.493228E+09    0.1125360E+09    0.1510512E+09
 240      0.643147E+09    0.1604052E+09    0.1143145E+09
 241      0.765586E+09    0.1975615E+09    0.8777834E+08
 242      0.869510E+09    0.2339963E+09    0.6326133E+08
 243      0.953031E+09    0.2484223E+09    0.4387690E+08
 244      0.101485E+10    0.2623441E+09    0.2596425E+08
 245      0.963930E+09    0.2265967E+09   -0.4891022E+08
 246      0.825376E+09    0.1870939E+09   -0.1304200E+09
 247      0.583275E+09    0.1314183E+09   -0.2313647E+09
 248      0.210576E+09    0.7638630E+08   -0.3356038E+09
 249     -0.300906E+09    0.3885059E+08   -0.3776820E+09
 250     -0.972004E+09    0.4628766E+07   -0.4243739E+09
 251     -0.177658E+10    0.9207077E+06   -0.2419179E+09
 252     -0.269295E+10   -0.3857928E+07   -0.4591749E+08
 253     -0.171195E+10   -0.3676025E+06    0.4304116E+08
 254     -0.128009E+10   -0.1061458E+08    0.1544184E+09
 255     -0.866986E+09   -0.2259450E+08    0.2617783E+09
 256     -0.482530E+09   -0.1010866E+07    0.2514976E+09
 257     -0.152901E+09    0.2487278E+08    0.2419153E+09
 258      0.126431E+09    0.8829329E+08    0.1919783E+09
 259      0.349962E+09    0.1520684E+09    0.1450550E+09
 260      0.530267E+09    0.2226996E+09    0.1063262E+09
 261      0.676195E+09    0.2919662E+09    0.6980378E+08
 262      0.792527E+09    0.3400817E+09    0.5312140E+08
 263      0.892877E+09    0.3876395E+09    0.3705335E+08
 264      0.973015E+09    0.3964554E+09    0.3251096E+08
 265      0.105187E+10    0.4047538E+09    0.3751446E+08
 266      0.105025E+10    0.3611355E+09   -0.1259855E+08
 267      0.924163E+09    0.3124886E+09   -0.7694869E+08
 268      0.685699E+09    0.2286663E+09   -0.1791765E+09
 269      0.294612E+09    0.1427508E+09   -0.2843510E+09
 270     -0.261357E+09    0.7666872E+08   -0.3445889E+09
 271     -0.102315E+10    0.1624779E+08   -0.4111733E+09
 272     -0.196563E+10    0.6083686E+07   -0.2397546E+09
 273     -0.307109E+10   -0.4299366E+07   -0.5257518E+08
 274     -0.192018E+10   -0.6928141E+07    0.5864203E+08
 275     -0.138424E+10   -0.8718301E+07    0.1566494E+09
 276     -0.888470E+09   -0.1415895E+08    0.2471536E+09
 277     -0.452396E+09    0.3373526E+08    0.2030529E+09
 278     -0.100311E+09    0.8785418E+08    0.1624595E+09
 279      0.179068E+09    0.1849977E+09    0.1008295E+09
 280      0.392286E+09    0.2824607E+09    0.4446742E+08
 281      0.555359E+09    0.3774694E+09    0.1700733E+08
 282      0.685981E+09    0.4708860E+09   -0.7955307E+07
 283      0.787378E+09    0.5294645E+09   -0.2097107E+07
 284      0.879066E+09    0.5865601E+09    0.4558280E+07
 285      0.953125E+09    0.5946935E+09    0.2662559E+08
 286      0.102750E+10    0.6061182E+09    0.5427094E+08
 287      0.107030E+10    0.5524053E+09    0.4551162E+08
 288      0.989849E+09    0.4884253E+09    0.2707301E+08
 289      0.776869E+09    0.3656876E+09   -0.6346655E+08
 290      0.400598E+09    0.2429741E+09   -0.1595628E+09
 291     -0.176367E+09    0.1400487E+09   -0.2486168E+09
 292     -0.101355E+10    0.4209952E+08   -0.3482335E+09
 293     -0.211130E+10    0.1471994E+08   -0.2151501E+09
 294     -0.344639E+10   -0.1275445E+08   -0.6151665E+08
 295     -0.213148E+10   -0.1306754E+07    0.7723599E+08
 296     -0.149083E+10   -0.7478624E+07    0.1609836E+09
 297     -0.918153E+09   -0.8604814E+07    0.2367702E+09
 298     -0.420969E+09    0.8332822E+08    0.1580832E+09
 299     -0.484587E+08    0.1795095E+09    0.8427080E+08
 300      0.234984E+09    0.3277249E+09    0.1016979E+08
 301      0.436153E+09    0.4709453E+09   -0.5746257E+08
 302      0.581526E+09    0.5959597E+09   -0.7323305E+08
 303      0.696013E+09    0.7176813E+09   -0.8664839E+08
 304      0.782113E+09    0.7873371E+09   -0.5755417E+08
 305      0.864817E+09    0.8563895E+09   -0.2754863E+08
 306      0.933174E+09    0.8601901E+09    0.2120262E+08
 307      0.101046E+10    0.8649182E+09    0.7249349E+08
 308      0.108445E+10    0.7895552E+09    0.1062694E+09
 309      0.105711E+10    0.7082332E+09    0.1342146E+09
 310      0.872793E+09    0.5514417E+09    0.5306156E+08
 311      0.510065E+09    0.3859964E+09   -0.3534672E+08
 312     -0.885896E+08    0.2274510E+09   -0.1553187E+09
 313     -0.100989E+10    0.6874212E+08   -0.2884760E+09
 314     -0.226208E+10    0.2237508E+08   -0.1927982E+09
 315     -0.382577E+10   -0.1266751E+08   -0.7440670E+08
 316     -0.236822E+10   -0.2851519E+08    0.1048861E+09
 317     -0.153964E+10    0.3682785E+07    0.1386404E+09
 318     -0.843019E+09    0.3018284E+08    0.1521100E+09
 319     -0.315729E+09    0.1817429E+09    0.1223838E+08
 320      0.480376E+08    0.3449214E+09   -0.1084281E+09
 321      0.290331E+09    0.5440159E+09   -0.1750238E+09
 322      0.455201E+09    0.7390482E+09   -0.2320182E+09
 323      0.564838E+09    0.8875539E+09   -0.2149719E+09
 324      0.653739E+09    0.1033666E+10   -0.1971816E+09
 325      0.718487E+09    0.1110496E+10   -0.1317453E+09
 326      0.787305E+09    0.1187864E+10   -0.6631886E+08
 327      0.846625E+09    0.1188047E+10    0.2283802E+08
 328      0.924034E+09    0.1189600E+10    0.1150680E+09
 329      0.998862E+09    0.1099092E+10    0.1993258E+09
 330      0.104338E+10    0.1006933E+10    0.2807632E+09
 331      0.910208E+09    0.8100097E+09    0.2495295E+09
 332      0.617461E+09    0.6016185E+09    0.2102656E+09
 333      0.551335E+08    0.3655799E+09    0.6412848E+08
 334     -0.880735E+09    0.1347326E+09   -0.1109666E+09
 335     -0.228580E+10    0.4572961E+08   -0.1182876E+09
 336     -0.414281E+10   -0.3927688E+08   -0.9232597E+08
 337     -0.263706E+10    0.2694071E+08    0.1574952E+09
 338     -0.159152E+10    0.1994594E+08    0.1241693E+09
 339     -0.799949E+09    0.6311775E+08    0.7924102E+08
 340     -0.188618E+09    0.3477143E+09   -0.1264813E+09
 341      0.150090E+09    0.6039497E+09   -0.3136735E+09
 342      0.350290E+09    0.8729285E+09   -0.3666511E+09
 343      0.475263E+09    0.1120661E+10   -0.4116204E+09
 344      0.547220E+09    0.1284393E+10   -0.3598673E+09
 345      0.609907E+09    0.1446372E+10   -0.3091999E+09
 346      0.652872E+09    0.1524769E+10   -0.2066424E+09
 347      0.707499E+09    0.1605237E+10   -0.1049617E+09
 348      0.757284E+09    0.1605417E+10    0.2558989E+08
 349      0.833196E+09    0.1608482E+10    0.1595179E+09
 350      0.914529E+09    0.1517072E+10    0.2954273E+09
 351      0.103108E+10    0.1427085E+10    0.4336588E+09
 352      0.949600E+09    0.1184981E+10    0.4562586E+09
 353      0.732308E+09    0.9192937E+09    0.4711119E+09
 354      0.222660E+09    0.5851350E+09    0.2804202E+09
 355     -0.774732E+09    0.2096080E+09    0.5769091E+08
 356     -0.231540E+10    0.7590617E+08   -0.5155917E+08
 357     -0.449710E+10    0.2087249E+07   -0.1317115E+09
 358     -0.284948E+10   -0.1234884E+09    0.1850522E+09
 359     -0.144425E+10    0.7293887E+08   -0.1741954E+07
 360     -0.491559E+09    0.2618566E+09   -0.2429454E+09
 361     -0.226604E+08    0.6586494E+09   -0.4944387E+09
 362      0.216558E+09    0.1063747E+10   -0.6613599E+09
 363      0.334914E+09    0.1348736E+10   -0.6375515E+09
 364      0.411622E+09    0.1626194E+10   -0.6186020E+09
 365      0.449399E+09    0.1782644E+10   -0.5163370E+09
 366      0.489072E+09    0.1941162E+10   -0.4174424E+09
 367      0.515068E+09    0.2012131E+10   -0.2781905E+09
 368      0.554259E+09    0.2086573E+10   -0.1402793E+09
 369      0.591274E+09    0.2087699E+10    0.2619609E+08
 370      0.652425E+09    0.2095186E+10    0.1936328E+09
 371      0.723509E+09    0.2009418E+10    0.3861501E+09
 372      0.852043E+09    0.1928669E+10    0.5900914E+09
 373      0.837827E+09    0.1674655E+10    0.7201576E+09
 374      0.722339E+09    0.1408241E+10    0.8542447E+09
 375      0.360638E+09    0.9313921E+09    0.7349556E+09
 376     -0.419506E+09    0.4396605E+09    0.5293836E+09
 377     -0.201976E+10    0.1458897E+09    0.1671239E+09
 378     -0.460998E+10   -0.1327554E+09   -0.1378231E+09
 379     -0.369350E+10    0.2663329E+09    0.6363792E+09
 380     -0.113398E+10    0.2879493E+09   -0.5095869E+08
 381     -0.127697E+09    0.5589737E+09   -0.7474730E+09
 382      0.138055E+09    0.1307404E+10   -0.9225991E+09
 383      0.282013E+09    0.1798205E+10   -0.1024393E+10
 384      0.307622E+09    0.2042674E+10   -0.9204054E+09
 385      0.340809E+09    0.2294072E+10   -0.8265430E+09
 386      0.345670E+09    0.2411210E+10   -0.6736229E+09
 387      0.364389E+09    0.2536287E+10   -0.5247777E+09
 388      0.374652E+09    0.2587156E+10   -0.3492170E+09
 389      0.399076E+09    0.2642753E+10   -0.1752383E+09
 390      0.423408E+09    0.2645034E+10    0.2615472E+08
 391      0.468734E+09    0.2652955E+10    0.2253577E+09
 392      0.526011E+09    0.2602466E+10    0.4749572E+09
 393      0.653334E+09    0.2563538E+10    0.7460824E+09
 394      0.718028E+09    0.2352629E+10    0.1001132E+10
 395      0.705921E+09    0.2151847E+10    0.1265741E+10
 396      0.497634E+09    0.1600701E+10    0.1261376E+10
 397      0.351673E+07    0.7970613E+09    0.1171035E+10
 398     -0.154830E+10    0.3832303E+09    0.3153003E+09
 399     -0.540175E+10    0.2018466E+09   -0.5089828E+09
 400     -0.283350E+10   -0.4573501E+09   -0.1539383E+09
 401     -0.416894E+09    0.8335207E+09   -0.9157218E+09
 402     -0.103243E+09    0.2056028E+10   -0.1470815E+10
 403      0.889248E+08    0.2412298E+10   -0.1310254E+10
 404      0.136640E+09    0.2797343E+10   -0.1237177E+10
 405      0.151246E+09    0.2924741E+10   -0.1070990E+10
 406      0.166214E+09    0.3070673E+10   -0.9148264E+09
 407      0.169086E+09    0.3127669E+10   -0.7378192E+09
 408      0.179162E+09    0.3192033E+10   -0.5630084E+09
 409      0.184992E+09    0.3214655E+10   -0.3736790E+09
 410      0.197838E+09    0.3241361E+10   -0.1853552E+09
 411      0.210599E+09    0.3241428E+10    0.2672931E+08
 412      0.232970E+09    0.3244310E+10    0.2367693E+09
 413      0.262172E+09    0.3225850E+10    0.4975375E+09
 414      0.317691E+09    0.3231511E+10    0.7682036E+09
 415      0.379660E+09    0.3150500E+10    0.1115161E+10
 416      0.369393E+09    0.3072703E+10    0.1477634E+10
 417      0.303752E+09    0.2657007E+10    0.1711913E+10
 418      0.685229E+07    0.2231404E+10    0.2067830E+10
 419     -0.587918E+09    0.9287953E+09    0.1307827E+10
 420     -0.384362E+10   -0.3981080E+09    0.3466488E+09
 421     -0.132105E+10    0.4535015E+10   -0.1061027E+10
 422      0.124058E+09    0.4415264E+10   -0.1729214E+10
 423     -0.843840E+08    0.4249413E+10   -0.2027848E+10
 424      0.216925E+08    0.4100184E+10   -0.1629898E+10
 425     -0.101516E+08    0.4027073E+10   -0.1416895E+10
 426     -0.746895E+06    0.3976322E+10   -0.1197628E+10
 427     -0.303100E+07    0.3940221E+10   -0.9916074E+09
 428     -0.156843E+07    0.3915962E+10   -0.7933955E+09
 429     -0.366365E+06    0.3896529E+10   -0.5966006E+09
 430      0.881409E+06    0.3883176E+10   -0.3948410E+09
 431      0.232276E+07    0.3872999E+10   -0.1936783E+09
 432      0.387708E+07    0.3866688E+10    0.2836882E+08
 433      0.497266E+07    0.3863792E+10    0.2490687E+09
 434      0.806575E+07    0.3863821E+10    0.5193649E+09
 435      0.839466E+06    0.3833020E+10    0.7839525E+09
 436      0.475946E+08    0.3943848E+10    0.1208653E+10
 437      0.397309E+08    0.4151399E+10    0.1660890E+10
 438      0.934166E+08    0.4284798E+10    0.2108799E+10
 439     -0.807867E+07    0.4467392E+10    0.2829408E+10
 440      0.204396E+09    0.4184984E+10    0.2355534E+10
 441     -0.155922E+10    0.3807763E+10    0.1509027E+10
