   1      0.182557E+09    0.1669924E+08    0.2505469E+07
   2      0.442718E+08   -0.4628524E+08    0.6659422E+07
   3     -0.475535E+07   -0.1159806E+09    0.1029447E+08
   4     -0.152586E+08   -0.2345690E+09    0.9485829E+07
   5      0.201241E+07   -0.3487232E+09    0.8916471E+07
   6      0.304284E+08   -0.4598826E+09    0.8054555E+07
   7      0.522505E+08   -0.5699358E+09    0.7203758E+07
   8      0.776435E+08   -0.6555720E+09    0.6225804E+07
   9      0.782458E+08   -0.7413003E+09    0.5182518E+07
  10      0.752931E+08   -0.7840680E+09    0.3243428E+07
  11      0.445629E+08   -0.8259586E+09    0.1120441E+07
  12      0.738510E+07   -0.8109412E+09   -0.1652150E+07
  13     -0.557390E+08   -0.7952598E+09   -0.2656314E+07
  14     -0.110960E+09   -0.7316486E+09   -0.3558139E+07
  15     -0.173406E+09   -0.6678774E+09   -0.5462746E+07
  16     -0.206029E+09   -0.5502715E+09   -0.9214762E+07
  17     -0.225037E+09   -0.4261190E+09   -0.1658202E+08
  18     -0.163097E+09   -0.2667280E+09   -0.1650882E+08
  19     -0.213852E+08   -0.1059804E+09   -0.1105178E+08
  20      0.219709E+09   -0.3741248E+08   -0.2533530E+07
  21      0.592881E+09    0.2287871E+08    0.3982011E+07
  22      0.109025E+09    0.1071100E+08    0.1036683E+08
  23      0.822379E+07   -0.3049570E+08    0.4850197E+08
  24     -0.243573E+08   -0.7585241E+08    0.8460762E+08
  25     -0.230351E+08   -0.1599687E+09    0.9066599E+08
  26      0.216125E+07   -0.2419288E+09    0.9814743E+08
  27      0.351833E+08   -0.3280483E+09    0.9244901E+08
  28      0.648920E+08   -0.4136901E+09    0.8664447E+08
  29      0.920874E+08   -0.4796725E+09    0.7115262E+08
  30      0.981517E+08   -0.5446321E+09    0.5589841E+08
  31      0.957329E+08   -0.5764912E+09    0.3467673E+08
  32      0.695394E+08   -0.6081275E+09    0.1317014E+08
  33      0.313340E+08   -0.5992414E+09   -0.1140026E+08
  34     -0.332278E+08   -0.5896416E+09   -0.3508423E+08
  35     -0.881890E+08   -0.5351862E+09   -0.5733014E+08
  36     -0.152973E+09   -0.4794031E+09   -0.7999577E+08
  37     -0.191636E+09   -0.3932482E+09   -0.9552813E+08
  38     -0.208377E+09   -0.3070336E+09   -0.1142377E+09
  39     -0.168255E+09   -0.2126590E+09   -0.1126965E+09
  40     -0.462142E+08   -0.1127583E+09   -0.1088530E+09
  41      0.170027E+09   -0.4601831E+08   -0.5990297E+08
  42      0.512923E+09    0.1348624E+08   -0.9998678E+07
  43      0.286247E+08    0.9023966E+07    0.1643668E+08
  44     -0.305532E+08   -0.1547880E+08    0.8856620E+08
  45     -0.447653E+08   -0.4285259E+08    0.1572831E+09
  46     -0.308370E+08   -0.1052966E+09    0.1709877E+09
  47      0.275471E+07   -0.1672398E+09    0.1870603E+09
  48      0.406996E+08   -0.2312611E+09    0.1758308E+09
  49      0.784763E+08   -0.2936355E+09    0.1650580E+09
  50      0.108092E+09   -0.3435696E+09    0.1357194E+09
  51      0.119012E+09   -0.3938923E+09    0.1065946E+09
  52      0.117791E+09   -0.4176988E+09    0.6578243E+08
  53      0.959056E+08   -0.4400963E+09    0.2484154E+08
  54      0.565860E+08   -0.4324725E+09   -0.2058181E+08
  55     -0.876399E+07   -0.4251526E+09   -0.6647375E+08
  56     -0.637387E+08   -0.3849195E+09   -0.1105404E+09
  57     -0.130729E+09   -0.3427796E+09   -0.1550102E+09
  58     -0.177015E+09   -0.2723485E+09   -0.1815514E+09
  59     -0.190883E+09   -0.2018467E+09   -0.2093895E+09
  60     -0.172454E+09   -0.1330484E+09   -0.2060647E+09
  61     -0.715528E+08   -0.6153026E+08   -0.2048985E+09
  62      0.116242E+09   -0.2289264E+08   -0.1162458E+09
  63      0.422893E+09    0.1112028E+08   -0.2321420E+08
  64     -0.115887E+09    0.5136927E+07    0.1561078E+08
  65     -0.119862E+09   -0.1156325E+08    0.1035033E+09
  66     -0.948973E+08   -0.2962876E+08    0.1884379E+09
  67     -0.549720E+08   -0.6998955E+08    0.2098684E+09
  68     -0.235106E+06   -0.1104063E+09    0.2330222E+09
  69      0.541953E+08   -0.1557490E+09    0.2192578E+09
  70      0.104123E+09   -0.2002866E+09    0.2061881E+09
  71      0.144682E+09   -0.2358327E+09    0.1705900E+09
  72      0.165716E+09   -0.2712520E+09    0.1345450E+09
  73      0.171038E+09   -0.2887633E+09    0.8229428E+08
  74      0.152533E+09   -0.3061379E+09    0.3067537E+08
  75      0.115709E+09   -0.2992752E+09   -0.2718074E+08
  76      0.533493E+08   -0.2912059E+09   -0.8622979E+08
  77     -0.904788E+07   -0.2599186E+09   -0.1406297E+09
  78     -0.824707E+08   -0.2291566E+09   -0.1949367E+09
  79     -0.143762E+09   -0.1829072E+09   -0.2283672E+09
  80     -0.178142E+09   -0.1339131E+09   -0.2619611E+09
  81     -0.182811E+09   -0.8424222E+08   -0.2503872E+09
  82     -0.123507E+09   -0.3581667E+08   -0.2423631E+09
  83      0.303316E+07   -0.1410086E+08   -0.1361060E+09
  84      0.222549E+09    0.6003251E+07   -0.2520064E+08
  85     -0.254892E+09    0.3698165E+07    0.1609844E+08
  86     -0.207901E+09   -0.6035450E+07    0.1195504E+09
  87     -0.144734E+09   -0.1716604E+08    0.2205407E+09
  88     -0.793260E+08   -0.4478663E+08    0.2487076E+09
  89     -0.307939E+07   -0.7112322E+08    0.2779081E+09
  90      0.672113E+08   -0.1026117E+09    0.2634367E+09
  91      0.130471E+09   -0.1355848E+09    0.2489104E+09
  92      0.180045E+09   -0.1610018E+09    0.2055898E+09
  93      0.213399E+09   -0.1849796E+09    0.1620791E+09
  94      0.223510E+09   -0.1951954E+09    0.9884769E+08
  95      0.209120E+09   -0.2055372E+09    0.3697902E+08
  96      0.174915E+09   -0.1998066E+09   -0.3447997E+08
  97      0.115117E+09   -0.1923634E+09   -0.1078820E+09
  98      0.437734E+08   -0.1692820E+09   -0.1708719E+09
  99     -0.357052E+08   -0.1472636E+09   -0.2332821E+09
 100     -0.109162E+09   -0.1130087E+09   -0.2749388E+09
 101     -0.166883E+09   -0.7678046E+08   -0.3164274E+09
 102     -0.195112E+09   -0.4524875E+08   -0.2961334E+09
 103     -0.175847E+09   -0.1516502E+08   -0.2794509E+09
 104     -0.107634E+09   -0.5390475E+07   -0.1555870E+09
 105      0.275658E+08    0.3744035E+07   -0.2703919E+08
 106     -0.416087E+09    0.1839111E+07    0.1632670E+08
 107     -0.317603E+09   -0.4919435E+07    0.1255727E+09
 108     -0.213788E+09   -0.1201432E+08    0.2330362E+09
 109     -0.112235E+09   -0.2906737E+08    0.2645916E+09
 110     -0.107259E+08   -0.4672736E+08    0.2967314E+09
 111      0.809014E+08   -0.6593628E+08    0.2819869E+09
 112      0.164404E+09   -0.8450770E+08    0.2673769E+09
 113      0.227073E+09   -0.9896047E+08    0.2196740E+09
 114      0.273713E+09   -0.1130671E+09    0.1721259E+09
 115      0.291262E+09   -0.1191216E+09    0.1048400E+09
 116      0.281699E+09   -0.1249341E+09    0.3817161E+08
 117      0.252974E+09   -0.1213361E+09   -0.3797370E+08
 118      0.193152E+09   -0.1188031E+09   -0.1153108E+09
 119      0.111743E+09   -0.1056904E+09   -0.1846209E+09
 120      0.248652E+08   -0.8971052E+08   -0.2546968E+09
 121     -0.672555E+08   -0.6616876E+08   -0.2961179E+09
 122     -0.155224E+09   -0.4423748E+08   -0.3376004E+09
 123     -0.220364E+09   -0.2500412E+08   -0.3140362E+09
 124     -0.250225E+09   -0.5130914E+07   -0.2915219E+09
 125     -0.243517E+09   -0.6809117E+06   -0.1588938E+09
 126     -0.188251E+09    0.2910149E+07   -0.2315261E+08
 127     -0.576554E+09    0.1680125E+07    0.1702165E+08
 128     -0.425894E+09   -0.3304310E+07    0.1324184E+09
 129     -0.282417E+09   -0.8911661E+07    0.2459705E+09
 130     -0.144650E+09   -0.1882088E+08    0.2806027E+09
 131     -0.194554E+08   -0.2840958E+08    0.3164110E+09
 132      0.948731E+08   -0.3983200E+08    0.3007283E+09
 133      0.196627E+09   -0.5114864E+08    0.2848974E+09
 134      0.274984E+09   -0.5690910E+08    0.2335748E+09
 135      0.332044E+09   -0.6282270E+08    0.1829066E+09
 136      0.359255E+09   -0.6602676E+08    0.1113596E+09
 137      0.353025E+09   -0.6846890E+08    0.3942241E+08
 138      0.330448E+09   -0.6614117E+08   -0.4102699E+08
 139      0.269415E+09   -0.6420448E+08   -0.1217515E+09
 140      0.181593E+09   -0.5470376E+08   -0.1990162E+09
 141      0.848440E+08   -0.4473431E+08   -0.2769918E+09
 142     -0.275073E+08   -0.3328583E+08   -0.3172704E+09
 143     -0.142886E+09   -0.2072439E+08   -0.3591692E+09
 144     -0.245193E+09   -0.9945397E+07   -0.3325450E+09
 145     -0.325293E+09   -0.5964141E+06   -0.3045511E+09
 146     -0.378991E+09    0.3007567E+06   -0.1628386E+09
 147     -0.398093E+09    0.1321298E+07   -0.1943586E+08
 148     -0.742007E+09    0.6964530E+06    0.1713314E+08
 149     -0.544122E+09   -0.2104682E+07    0.1348975E+09
 150     -0.356425E+09   -0.5056642E+07    0.2509549E+09
 151     -0.181695E+09   -0.1196381E+08    0.2863675E+09
 152     -0.286979E+08   -0.1936742E+08    0.3223764E+09
 153      0.112619E+09   -0.2305917E+08    0.3039009E+09
 154      0.232185E+09   -0.2561170E+08    0.2854478E+09
 155      0.326766E+09   -0.2569985E+08    0.2337240E+09
 156      0.393148E+09   -0.2613487E+08    0.1828495E+09
 157      0.432326E+09   -0.2522512E+08    0.1108480E+09
 158      0.432719E+09   -0.2440236E+08    0.3799397E+08
 159      0.411081E+09   -0.2144660E+08   -0.4296800E+08
 160      0.351145E+09   -0.1820340E+08   -0.1239784E+09
 161      0.260768E+09   -0.1591373E+08   -0.2012923E+09
 162      0.146930E+09   -0.1391280E+08   -0.2788490E+09
 163      0.134261E+08   -0.9720675E+07   -0.3206503E+09
 164     -0.130178E+09   -0.5102904E+07   -0.3636917E+09
 165     -0.275606E+09   -0.2073435E+07   -0.3351136E+09
 166     -0.409191E+09    0.7102105E+06   -0.3055978E+09
 167     -0.523754E+09    0.5534465E+06   -0.1631019E+09
 168     -0.606369E+09    0.3960186E+06   -0.1865503E+08
 169     -0.904784E+09    0.1139708E+05    0.1758658E+08
 170     -0.661887E+09   -0.2052133E+07    0.1370793E+09
 171     -0.430733E+09   -0.4481153E+07    0.2562548E+09
 172     -0.219137E+09   -0.9207662E+07    0.2935434E+09
 173     -0.367824E+08   -0.1323417E+08    0.3290353E+09
 174      0.130120E+09   -0.1052536E+08    0.3075542E+09
 175      0.268187E+09   -0.8412056E+07    0.2872519E+09
 176      0.377680E+09   -0.2587145E+07    0.2346255E+09
 177      0.455295E+09    0.4024910E+07    0.1825007E+09
 178      0.504951E+09    0.1120163E+08    0.1098534E+09
 179      0.514156E+09    0.1838039E+08    0.3609851E+08
 180      0.491148E+09    0.1891186E+08   -0.4512820E+08
 181      0.434559E+09    0.1882173E+08   -0.1264281E+09
 182      0.338350E+09    0.1598354E+08   -0.2037149E+09
 183      0.209362E+09    0.1220440E+08   -0.2805712E+09
 184      0.548716E+08    0.6148310E+07   -0.3243457E+09
 185     -0.118553E+09    0.1914284E+07   -0.3687316E+09
 186     -0.306540E+09    0.2192282E+07   -0.3385432E+09
 187     -0.492547E+09    0.2288015E+07   -0.3077404E+09
 188     -0.666907E+09    0.1649569E+07   -0.1636044E+09
 189     -0.816025E+09    0.5639798E+06   -0.1774968E+08
 190     -0.107299E+10   -0.3476096E+05    0.2104762E+08
 191     -0.781651E+09   -0.4853067E+07    0.1404394E+09
 192     -0.509739E+09   -0.1039793E+08    0.2595207E+09
 193     -0.253375E+09   -0.9558127E+07    0.2924224E+09
 194     -0.371140E+08   -0.7958899E+07    0.3233996E+09
 195      0.151883E+09    0.1439679E+07    0.2983825E+09
 196      0.307878E+09    0.1158709E+08    0.2747335E+09
 197      0.429230E+09    0.2593224E+08    0.2216435E+09
 198      0.517540E+09    0.4022738E+08    0.1693171E+09
 199      0.573061E+09    0.4956299E+08    0.1009671E+09
 200      0.591083E+09    0.5798154E+08    0.3236490E+08
 201      0.566711E+09    0.5721957E+08   -0.4374839E+08
 202      0.513559E+09    0.5656693E+08   -0.1199238E+09
 203      0.412042E+09    0.4604797E+08   -0.1932185E+09
 204      0.271619E+09    0.3516302E+08   -0.2669929E+09
 205      0.101248E+09    0.2382264E+08   -0.3126332E+09
 206     -0.106084E+09    0.1211196E+08   -0.3587831E+09
 207     -0.332576E+09    0.5921401E+07   -0.3334427E+09
 208     -0.574423E+09    0.1593334E+07   -0.3076819E+09
 209     -0.812533E+09    0.1543012E+07   -0.1629455E+09
 210     -0.102475E+10    0.4883322E+06   -0.1614805E+08
 211     -0.124087E+10   -0.2071881E+05    0.2524887E+08
 212     -0.901282E+09   -0.6430330E+07    0.1450323E+09
 213     -0.588675E+09   -0.1367156E+08    0.2637636E+09
 214     -0.287913E+09   -0.9572683E+07    0.2917356E+09
 215     -0.385137E+08   -0.4084985E+07    0.3188108E+09
 216      0.173680E+09    0.1538321E+08    0.2898698E+09
 217      0.347505E+09    0.3521951E+08    0.2624474E+09
 218      0.481286E+09    0.5843350E+08    0.2092730E+09
 219      0.580058E+09    0.8187718E+08    0.1564915E+09
 220      0.641382E+09    0.9851242E+08    0.9229558E+08
 221      0.667243E+09    0.1144377E+09    0.2871973E+08
 222      0.643443E+09    0.1117167E+09   -0.4266406E+08
 223      0.591511E+09    0.1079341E+09   -0.1138143E+09
 224      0.486429E+09    0.8976411E+08   -0.1831861E+09
 225      0.334360E+09    0.7043854E+08   -0.2547606E+09
 226      0.147454E+09    0.4837965E+08   -0.3025008E+09
 227     -0.934898E+08    0.2792818E+08   -0.3504642E+09
 228     -0.359172E+09    0.1687312E+08   -0.3289086E+09
 229     -0.655493E+09    0.5835582E+07   -0.3068190E+09
 230     -0.959650E+09    0.2610316E+07   -0.1620002E+09
 231     -0.122974E+10   -0.5500478E+06   -0.1454154E+08
 232     -0.142578E+10   -0.1491783E+07    0.3300722E+08
 233     -0.102032E+10   -0.7385936E+07    0.1501982E+09
 234     -0.652840E+09   -0.1497344E+08    0.2646237E+09
 235     -0.308137E+09   -0.3432923E+07    0.2789146E+09
 236     -0.276775E+08    0.1083666E+08    0.2938831E+09
 237      0.204521E+09    0.4416157E+08    0.2586549E+09
 238      0.389226E+09    0.7804329E+08    0.2254920E+09
 239      0.529309E+09    0.1142354E+09    0.1758866E+09
 240      0.632872E+09    0.1497212E+09    0.1273397E+09
 241      0.694571E+09    0.1690594E+09    0.7405393E+08
 242      0.723722E+09    0.1876857E+09    0.2158272E+08
 243      0.703234E+09    0.1823028E+09   -0.3608029E+08
 244      0.652654E+09    0.1758172E+09   -0.9387067E+08
 245      0.548265E+09    0.1464932E+09   -0.1543483E+09
 246      0.398661E+09    0.1163645E+09   -0.2174878E+09
 247      0.195360E+09    0.7887529E+08   -0.2671657E+09
 248     -0.647108E+08    0.4083331E+08   -0.3181946E+09
 249     -0.370868E+09    0.1876463E+08   -0.3093301E+09
 250     -0.723892E+09    0.1951311E+05   -0.2990839E+09
 251     -0.110096E+10   -0.3783446E+06   -0.1602911E+09
 252     -0.144118E+10   -0.2132451E+07   -0.1841401E+08
 253     -0.161229E+10   -0.1081439E+07    0.4149959E+08
 254     -0.113970E+10   -0.7955287E+07    0.1560573E+09
 255     -0.718102E+09   -0.1527465E+08    0.2664818E+09
 256     -0.329090E+09    0.8253888E+07    0.2673869E+09
 257     -0.178865E+08    0.3446517E+08    0.2708064E+09
 258      0.235341E+09    0.8646030E+08    0.2293795E+09
 259      0.431671E+09    0.1385511E+09    0.1897558E+09
 260      0.578009E+09    0.1930099E+09    0.1428370E+09
 261      0.685599E+09    0.2469246E+09    0.9829699E+08
 262      0.748868E+09    0.2762500E+09    0.5633899E+08
 263      0.780670E+09    0.3040245E+09    0.1510745E+08
 264      0.763534E+09    0.2926894E+09   -0.2907370E+08
 265      0.715059E+09    0.2796572E+09   -0.7367612E+08
 266      0.610421E+09    0.2342644E+09   -0.1254655E+09
 267      0.464283E+09    0.1865534E+09   -0.1801388E+09
 268      0.243374E+09    0.1279899E+09   -0.2324674E+09
 269     -0.362578E+08    0.6986417E+08   -0.2865239E+09
 270     -0.382029E+09    0.3416150E+08   -0.2913814E+09
 271     -0.796722E+09    0.2722779E+07   -0.2947755E+09
 272     -0.124198E+10    0.2023899E+07   -0.1598937E+09
 273     -0.165616E+10   -0.1037616E+06   -0.2173330E+08
 274     -0.181317E+10   -0.5683524E+07    0.5277708E+08
 275     -0.124954E+10   -0.5440102E+07    0.1561701E+09
 276     -0.748464E+09   -0.8586042E+07    0.2526765E+09
 277     -0.315934E+09    0.3151926E+08    0.2256553E+09
 278      0.185668E+08    0.7736731E+08    0.2032629E+09
 279      0.277843E+09    0.1594899E+09    0.1529831E+09
 280      0.472395E+09    0.2421738E+09    0.1068064E+09
 281      0.610140E+09    0.3173012E+09    0.7282287E+08
 282      0.710513E+09    0.3908274E+09    0.4110182E+08
 283      0.768478E+09    0.4268677E+09    0.2323727E+08
 284      0.798959E+09    0.4614277E+09    0.6071863E+07
 285      0.784382E+09    0.4458337E+09   -0.1158697E+08
 286      0.742306E+09    0.4283162E+09   -0.2929800E+08
 287      0.647334E+09    0.3650696E+09   -0.6296761E+08
 288      0.510690E+09    0.3003032E+09   -0.9785450E+08
 289      0.297945E+09    0.2147665E+09   -0.1503387E+09
 290      0.126037E+08    0.1292153E+09   -0.2074455E+09
 291     -0.356061E+09    0.6850092E+08   -0.2353917E+09
 292     -0.827770E+09    0.1215437E+08   -0.2668010E+09
 293     -0.136383E+10    0.3546498E+07   -0.1519330E+09
 294     -0.188268E+10   -0.6660210E+07   -0.2831166E+08
 295     -0.201250E+10   -0.3826075E+06    0.6702493E+08
 296     -0.136286E+10   -0.7874161E+07    0.1583269E+09
 297     -0.787226E+09   -0.9504450E+07    0.2431562E+09
 298     -0.302419E+09    0.6953851E+08    0.1885672E+09
 299      0.542631E+08    0.1507936E+09    0.1383892E+09
 300      0.323879E+09    0.2792222E+09    0.7740418E+08
 301      0.514107E+09    0.4043268E+09    0.2249991E+08
 302      0.643516E+09    0.5086533E+09    0.2575402E+07
 303      0.736836E+09    0.6091179E+09   -0.1578459E+08
 304      0.788057E+09    0.6542946E+09   -0.9830938E+07
 305      0.817541E+09    0.6988086E+09   -0.2763602E+07
 306      0.805117E+09    0.6739279E+09    0.6792966E+07
 307      0.769931E+09    0.6474517E+09    0.1604157E+08
 308      0.686610E+09    0.5580225E+09    0.7670309E+06
 309      0.556162E+09    0.4650292E+09   -0.1450337E+08
 310      0.356690E+09    0.3393046E+09   -0.6863236E+08
 311      0.608346E+08    0.2086721E+09   -0.1293342E+09
 312     -0.330817E+09    0.1113437E+09   -0.1825726E+09
 313     -0.861809E+09    0.1815795E+08   -0.2419215E+09
 314     -0.149074E+10    0.6008567E+07   -0.1454852E+09
 315     -0.210723E+10   -0.1239574E+07   -0.3725622E+08
 316     -0.223417E+10   -0.2603329E+08    0.9430362E+08
 317     -0.142565E+10   -0.1856587E+06    0.1414927E+09
 318     -0.736584E+09    0.1911558E+08    0.1710699E+09
 319     -0.222839E+09    0.1522824E+09    0.5944282E+08
 320      0.131629E+09    0.2981539E+09   -0.3560433E+08
 321      0.366700E+09    0.4781512E+09   -0.8909643E+08
 322      0.527391E+09    0.6540957E+09   -0.1331186E+09
 323      0.629994E+09    0.7821506E+09   -0.1185866E+09
 324      0.705730E+09    0.9081747E+09   -0.1032274E+09
 325      0.744510E+09    0.9579658E+09   -0.5657784E+08
 326      0.768429E+09    0.1006685E+10   -0.9520655E+07
 327      0.758450E+09    0.9742223E+09    0.4114646E+08
 328      0.734650E+09    0.9418652E+09    0.9171554E+08
 329      0.667459E+09    0.8271700E+09    0.1159088E+09
 330      0.566592E+09    0.7091711E+09    0.1395203E+09
 331      0.398961E+09    0.5332653E+09    0.1017395E+09
 332      0.142577E+09    0.3531082E+09    0.5637934E+08
 333     -0.241364E+09    0.1964898E+09   -0.3857956E+08
 334     -0.797365E+09    0.5037407E+08   -0.1494604E+09
 335     -0.154523E+10    0.1411964E+08   -0.1145876E+09
 336     -0.235466E+10   -0.2545652E+08   -0.5751914E+08
 337     -0.248997E+10    0.3045885E+08    0.1455297E+09
 338     -0.149096E+10    0.1334314E+08    0.1332927E+09
 339     -0.721502E+09    0.4481304E+08    0.1132622E+09
 340     -0.121406E+09    0.3088593E+09   -0.6071391E+08
 341      0.213820E+09    0.5456629E+09   -0.2204820E+09
 342      0.414177E+09    0.7993468E+09   -0.2606494E+09
 343      0.541995E+09    0.1033594E+10   -0.2927994E+09
 344      0.616194E+09    0.1181427E+10   -0.2419421E+09
 345      0.672744E+09    0.1326792E+10   -0.1915582E+09
 346      0.699085E+09    0.1377192E+10   -0.1028354E+09
 347      0.718411E+09    0.1428749E+10   -0.1510198E+08
 348      0.710197E+09    0.1386520E+10    0.7726735E+08
 349      0.697593E+09    0.1343588E+10    0.1716338E+09
 350      0.647116E+09    0.1205000E+10    0.2351069E+09
 351      0.580509E+09    0.1067322E+10    0.2982127E+09
 352      0.444825E+09    0.8413416E+09    0.2788092E+09
 353      0.230924E+09    0.5965298E+09    0.2530672E+09
 354     -0.131499E+09    0.3531606E+09    0.9980597E+08
 355     -0.764164E+09    0.8656751E+08   -0.6814165E+08
 356     -0.160075E+10    0.3347684E+08   -0.9121599E+08
 357     -0.264128E+10    0.2269785E+08   -0.9589406E+08
 358     -0.271415E+10   -0.1195970E+09    0.1755524E+09
 359     -0.137224E+10    0.6312278E+08    0.1946916E+08
 360     -0.443481E+09    0.2361706E+09   -0.1908757E+09
 361      0.210822E+08    0.6189156E+09   -0.4173332E+09
 362      0.262587E+09    0.1013159E+10   -0.5609782E+09
 363      0.386852E+09    0.1293423E+10   -0.5255827E+09
 364      0.469829E+09    0.1566540E+10   -0.4946650E+09
 365      0.512789E+09    0.1713485E+10   -0.3864705E+09
 366      0.551100E+09    0.1861635E+10   -0.2809848E+09
 367      0.565503E+09    0.1905107E+10   -0.1450970E+09
 368      0.580537E+09    0.1951032E+10   -0.9560918E+07
 369      0.573798E+09    0.1900246E+10    0.1299938E+09
 370      0.566361E+09    0.1852502E+10    0.2707859E+09
 371      0.537099E+09    0.1704969E+10    0.3867175E+09
 372      0.499555E+09    0.1557565E+10    0.5051565E+09
 373      0.412059E+09    0.1288691E+10    0.5479152E+09
 374      0.279026E+09    0.1012606E+10    0.5955315E+09
 375      0.202275E+08    0.6331508E+09    0.4572396E+09
 376     -0.480094E+09    0.2629050E+09    0.2461802E+09
 377     -0.144929E+10    0.8332348E+08    0.3966581E+08
 378     -0.285949E+10   -0.1004825E+09   -0.1064585E+09
 379     -0.357647E+10    0.2631250E+09    0.6335628E+09
 380     -0.109446E+10    0.2734811E+09   -0.1286475E+08
 381     -0.108295E+09    0.5315430E+09   -0.6730204E+09
 382      0.158601E+09    0.1283467E+10   -0.8318496E+09
 383      0.311977E+09    0.1781954E+10   -0.9171362E+09
 384      0.347803E+09    0.2042668E+10   -0.8018337E+09
 385      0.392073E+09    0.2308855E+10   -0.6959090E+09
 386      0.402659E+09    0.2424944E+10   -0.5302445E+09
 387      0.426364E+09    0.2548408E+10   -0.3678125E+09
 388      0.428865E+09    0.2572406E+10   -0.1850290E+09
 389      0.438204E+09    0.2600221E+10   -0.1357502E+07
 390      0.434875E+09    0.2545614E+10    0.1845827E+09
 391      0.432111E+09    0.2495745E+10    0.3703016E+09
 392      0.421049E+09    0.2354067E+10    0.5426112E+09
 393      0.413148E+09    0.2219414E+10    0.7174959E+09
 394      0.369806E+09    0.1953474E+10    0.8324186E+09
 395      0.328926E+09    0.1693096E+10    0.9572473E+09
 396      0.171620E+09    0.1214409E+10    0.8736450E+09
 397     -0.128670E+09    0.5212988E+09    0.7119123E+09
 398     -0.116102E+10    0.2701735E+09    0.9876329E+08
 399     -0.366502E+10    0.2239436E+09   -0.4557691E+09
 400     -0.277769E+10   -0.4599516E+09   -0.1488742E+09
 401     -0.399957E+09    0.8342773E+09   -0.8842101E+09
 402     -0.965926E+08    0.2063267E+10   -0.1418670E+10
 403      0.979183E+08    0.2456291E+10   -0.1249933E+10
 404      0.151443E+09    0.2878082E+10   -0.1165778E+10
 405      0.171584E+09    0.3038503E+10   -0.9797755E+09
 406      0.194329E+09    0.3216147E+10   -0.8031646E+09
 407      0.199414E+09    0.3282182E+10   -0.5988053E+09
 408      0.214318E+09    0.3354881E+10   -0.3958999E+09
 409      0.215930E+09    0.3353072E+10   -0.1817600E+09
 410      0.221011E+09    0.3355156E+10    0.3191368E+08
 411      0.221861E+09    0.3297120E+10    0.2458124E+09
 412      0.220532E+09    0.3241860E+10    0.4596907E+09
 413      0.215719E+09    0.3127058E+10    0.6639875E+09
 414      0.215153E+09    0.3018721E+10    0.8704395E+09
 415      0.195452E+09    0.2819134E+10    0.1047631E+10
 416      0.177214E+09    0.2634616E+10    0.1234018E+10
 417      0.125947E+09    0.2222417E+10    0.1312012E+10
 418     -0.708951E+08    0.1810294E+10    0.1476754E+10
 419     -0.417876E+09    0.7193950E+09    0.9126213E+09
 420     -0.279629E+10   -0.3948839E+09    0.2239746E+09
 421     -0.132390E+10    0.4502006E+10   -0.1055912E+10
 422      0.120719E+09    0.4449512E+10   -0.1706880E+10
 423     -0.908740E+08    0.4354213E+10   -0.1998408E+10
 424      0.181762E+08    0.4279159E+10   -0.1598160E+10
 425     -0.125295E+08    0.4277169E+10   -0.1377700E+10
 426     -0.161941E+07    0.4277025E+10   -0.1130158E+10
 427     -0.694596E+06    0.4291355E+10   -0.8957136E+09
 428      0.109783E+07    0.4284487E+10   -0.6557877E+09
 429      0.587647E+07    0.4282018E+10   -0.4166057E+09
 430      0.737990E+07    0.4247763E+10   -0.1727840E+09
 431      0.928024E+07    0.4215845E+10    0.6889253E+08
 432      0.131857E+08    0.4154392E+10    0.3095090E+09
 433      0.139064E+08    0.4095258E+10    0.5500549E+09
 434      0.164480E+08    0.4022041E+10    0.7820205E+09
 435      0.206604E+08    0.3954066E+10    0.1018024E+10
 436      0.251378E+08    0.3883056E+10    0.1247498E+10
 437      0.211202E+08    0.3825085E+10    0.1488029E+10
 438      0.624407E+08    0.3780195E+10    0.1704841E+10
 439     -0.363305E+08    0.3812428E+10    0.2114908E+10
 440      0.185793E+09    0.3737404E+10    0.1784360E+10
 441     -0.131119E+10    0.3590882E+10    0.1192587E+10
