   1      0.415373E+08   -0.1713258E+07    0.1187314E+06
   2      0.492980E+08    0.3193772E+07   -0.1444154E+07
   3      0.448494E+08    0.8305159E+07   -0.2443512E+07
   4      0.423582E+08    0.1776617E+08   -0.2423480E+07
   5      0.393656E+08    0.2713890E+08   -0.3939998E+07
   6      0.364879E+08    0.4823605E+08   -0.4521647E+07
   7      0.355397E+08    0.6849899E+08   -0.3526450E+07
   8      0.297853E+08    0.9505630E+08   -0.3620699E+07
   9      0.190278E+08    0.1230258E+09   -0.4037239E+07
  10     -0.277699E+07    0.1578759E+09   -0.4101544E+07
  11     -0.291260E+08    0.1934141E+09   -0.3772612E+07
  12     -0.595229E+08    0.2228216E+09   -0.2624204E+07
  13     -0.809722E+08    0.2525221E+09   -0.2367056E+07
  14     -0.105997E+09    0.2632691E+09   -0.1066775E+07
  15     -0.106113E+09    0.2726266E+09    0.9689599E+06
  16     -0.111668E+09    0.2460335E+09    0.3621970E+07
  17     -0.708620E+08    0.2184265E+09    0.5622438E+07
  18     -0.230861E+08    0.1601059E+09    0.7300187E+07
  19      0.489774E+08    0.9613345E+08    0.1059445E+08
  20      0.131289E+09    0.3965489E+08    0.8784185E+07
  21      0.216935E+09   -0.1023595E+08    0.5493348E+07
  22      0.440577E+08    0.5838837E+05   -0.3464638E+06
  23      0.509122E+08    0.5236009E+06   -0.1946991E+07
  24      0.451941E+08    0.9045844E+06   -0.3093104E+07
  25      0.437429E+08    0.2439576E+07   -0.4168432E+07
  26      0.433454E+08    0.3133738E+07   -0.6001062E+07
  27      0.418442E+08    0.8671670E+07   -0.1130863E+08
  28      0.387847E+08    0.1552690E+08   -0.1603937E+08
  29      0.352401E+08    0.3325358E+08   -0.2066070E+08
  30      0.209758E+08    0.5154659E+08   -0.2555501E+08
  31     -0.313724E+07    0.7335564E+08   -0.2530564E+08
  32     -0.303574E+08    0.9451338E+08   -0.2539032E+08
  33     -0.633288E+08    0.1132205E+09   -0.2164052E+08
  34     -0.900164E+08    0.1323896E+09   -0.1719022E+08
  35     -0.115684E+09    0.1383573E+09   -0.6551361E+07
  36     -0.122123E+09    0.1439917E+09    0.4942227E+07
  37     -0.123427E+09    0.1300269E+09    0.1845331E+08
  38     -0.833254E+08    0.1151767E+09    0.3143768E+08
  39     -0.323395E+08    0.8222239E+08    0.4073609E+08
  40      0.501861E+08    0.4535012E+08    0.5196263E+08
  41      0.151899E+09    0.1741977E+08    0.3229066E+08
  42      0.272730E+09   -0.6024275E+07    0.9981913E+07
  43      0.490865E+08    0.1667305E+07   -0.1190094E+07
  44      0.531693E+08   -0.2154318E+07   -0.2212574E+07
  45      0.466414E+08   -0.6965422E+07   -0.3395023E+07
  46      0.452591E+08   -0.1295748E+08   -0.6027927E+07
  47      0.468127E+08   -0.1790945E+08   -0.7913477E+07
  48      0.480464E+08   -0.2243343E+08   -0.1728549E+08
  49      0.427218E+08   -0.2751316E+08   -0.2792013E+08
  50      0.407881E+08   -0.2368390E+08   -0.3746123E+08
  51      0.224812E+08   -0.1977707E+08   -0.4619958E+08
  52     -0.450898E+07   -0.9008878E+07   -0.4625523E+08
  53     -0.308909E+08    0.3623684E+07   -0.4774387E+08
  54     -0.681907E+08    0.1956818E+08   -0.4102598E+08
  55     -0.100245E+09    0.3529044E+08   -0.3229777E+08
  56     -0.126200E+09    0.4011420E+08   -0.1186187E+08
  57     -0.139905E+09    0.4285109E+08    0.9135281E+07
  58     -0.135486E+09    0.3468345E+08    0.3220334E+08
  59     -0.997884E+08    0.2615637E+08    0.5743330E+08
  60     -0.461059E+08    0.7744681E+07    0.7615092E+08
  61      0.513224E+08   -0.9741560E+07    0.9318037E+08
  62      0.178227E+09   -0.6015430E+07    0.5309941E+08
  63      0.338067E+09   -0.1940562E+07    0.1123236E+08
  64      0.467422E+08    0.1455589E+07    0.3621021E+06
  65      0.484377E+08   -0.5798320E+07    0.5114120E+07
  66      0.479839E+08   -0.1378564E+08    0.9728718E+07
  67      0.474627E+08   -0.2818696E+08    0.7170477E+07
  68      0.539084E+08   -0.4215493E+08    0.4504511E+07
  69      0.594921E+08   -0.5186044E+08   -0.6344544E+07
  70      0.571204E+08   -0.6151967E+08   -0.1776626E+08
  71      0.530890E+08   -0.6865246E+08   -0.3060730E+08
  72      0.315394E+08   -0.7562531E+08   -0.4301296E+08
  73      0.836540E+04   -0.7306924E+08   -0.4857014E+08
  74     -0.318925E+08   -0.7009769E+08   -0.5369239E+08
  75     -0.754318E+08   -0.6525353E+08   -0.4677393E+08
  76     -0.117863E+09   -0.6006211E+08   -0.3944742E+08
  77     -0.151128E+09   -0.5526498E+08   -0.1542389E+08
  78     -0.167344E+09   -0.5034733E+08    0.8743860E+07
  79     -0.163280E+09   -0.5482840E+08    0.3613550E+08
  80     -0.125652E+09   -0.6491830E+08    0.6604896E+08
  81     -0.463305E+08   -0.5829054E+08    0.6598635E+08
  82      0.698562E+08   -0.4057019E+08    0.6152852E+08
  83      0.211228E+09   -0.1463744E+08    0.3214097E+08
  84      0.390098E+09    0.4979620E+07    0.3904212E+07
  85      0.419425E+08    0.3517084E+07    0.1803686E+07
  86      0.440485E+08   -0.5372506E+07    0.1219860E+08
  87      0.485600E+08   -0.1612892E+08    0.2296615E+08
  88      0.505794E+08   -0.3630277E+08    0.2021492E+08
  89      0.623542E+08   -0.5433068E+08    0.1635502E+08
  90      0.695766E+08   -0.7551406E+08    0.4309927E+07
  91      0.705482E+08   -0.9800907E+08   -0.7546326E+07
  92      0.652404E+08   -0.1137397E+09   -0.2373310E+08
  93      0.413640E+08   -0.1280335E+09   -0.4069741E+08
  94      0.512376E+07   -0.1345030E+09   -0.5059853E+08
  95     -0.350165E+08   -0.1411895E+09   -0.5856519E+08
  96     -0.811841E+08   -0.1375864E+09   -0.5257054E+08
  97     -0.135398E+09   -0.1334876E+09   -0.4654169E+08
  98     -0.175632E+09   -0.1323578E+09   -0.1929975E+08
  99     -0.194464E+09   -0.1344285E+09    0.1031243E+08
 100     -0.198858E+09   -0.1374305E+09    0.4529225E+08
 101     -0.145441E+09   -0.1363231E+09    0.7382269E+08
 102     -0.370849E+08   -0.8821586E+08    0.4886873E+08
 103      0.911279E+08   -0.3825885E+08    0.2683682E+08
 104      0.239339E+09   -0.1421647E+08    0.1334967E+08
 105      0.433555E+09    0.6339204E+07    0.1706875E+06
 106      0.139777E+08    0.3036418E+07    0.2495179E+07
 107      0.240035E+08   -0.8176755E+07    0.2328169E+08
 108      0.368655E+08   -0.1973530E+08    0.4427224E+08
 109      0.501053E+08   -0.4679032E+08    0.4625677E+08
 110      0.695034E+08   -0.7550309E+08    0.4777407E+08
 111      0.842111E+08   -0.1055950E+09    0.3289069E+08
 112      0.889223E+08   -0.1331688E+09    0.1754017E+08
 113      0.845813E+08   -0.1534470E+09   -0.2475364E+07
 114      0.618070E+08   -0.1750639E+09   -0.2282666E+08
 115      0.197582E+08   -0.1870226E+09   -0.3850858E+08
 116     -0.296302E+08   -0.1967969E+09   -0.5367559E+08
 117     -0.858620E+08   -0.2000745E+09   -0.4923090E+08
 118     -0.150596E+09   -0.2048164E+09   -0.4440902E+08
 119     -0.203492E+09   -0.2066097E+09   -0.1769599E+08
 120     -0.229896E+09   -0.2149015E+09    0.1608318E+08
 121     -0.202377E+09   -0.1922702E+09    0.2024459E+08
 122     -0.119825E+09   -0.1548054E+09    0.1135904E+08
 123     -0.203617E+08   -0.9507662E+08   -0.6883881E+07
 124      0.947425E+08   -0.4233817E+08   -0.1859036E+08
 125      0.231766E+09   -0.1718565E+08   -0.1048237E+08
 126      0.421209E+09    0.6520541E+07   -0.2992099E+07
 127     -0.124913E+08    0.5292462E+07    0.2799545E+07
 128      0.345213E+07   -0.8027081E+07    0.3429514E+08
 129      0.256553E+08   -0.2375983E+08    0.6601416E+08
 130      0.486820E+08   -0.5746469E+08    0.7285333E+08
 131      0.764898E+08   -0.8812114E+08    0.7849112E+08
 132      0.997238E+08   -0.1212444E+09    0.6103618E+08
 133      0.107162E+09   -0.1574019E+09    0.4378329E+08
 134      0.103754E+09   -0.1876928E+09    0.1908594E+08
 135      0.810196E+08   -0.2144818E+09   -0.5100612E+07
 136      0.352633E+08   -0.2314755E+09   -0.2618637E+08
 137     -0.226570E+08   -0.2507532E+09   -0.4791747E+08
 138     -0.916219E+08   -0.2555026E+09   -0.4621639E+08
 139     -0.163970E+09   -0.2582155E+09   -0.4316034E+08
 140     -0.237196E+09   -0.2632315E+09   -0.1236432E+08
 141     -0.266815E+09   -0.2697228E+09    0.1946915E+08
 142     -0.191175E+09   -0.2107665E+09   -0.1434265E+08
 143     -0.963078E+08   -0.1491702E+09   -0.5209942E+08
 144     -0.907022E+07   -0.9573458E+08   -0.5776651E+08
 145      0.958269E+08   -0.4149404E+08   -0.6116325E+08
 146      0.223678E+09   -0.1566833E+08   -0.3367465E+08
 147      0.408093E+09    0.7244949E+07   -0.6275156E+07
 148     -0.688304E+08    0.4014045E+07    0.4643136E+07
 149     -0.421148E+08   -0.1217211E+08    0.5015862E+08
 150     -0.361496E+07   -0.2922637E+08    0.9616472E+08
 151      0.368200E+08   -0.6569849E+08    0.1085213E+09
 152      0.826735E+08   -0.1029844E+09    0.1192216E+09
 153      0.117417E+09   -0.1449123E+09    0.1008942E+09
 154      0.134254E+09   -0.1853953E+09    0.8231498E+08
 155      0.135087E+09   -0.2157407E+09    0.4997533E+08
 156      0.109656E+09   -0.2457211E+09    0.1831225E+08
 157      0.615867E+08   -0.2629933E+09   -0.7540998E+07
 158     -0.582920E+07   -0.2796748E+09   -0.3361646E+08
 159     -0.901065E+08   -0.2900731E+09   -0.3657973E+08
 160     -0.176166E+09   -0.3065641E+09   -0.3257007E+08
 161     -0.249831E+09   -0.2945026E+09   -0.2446407E+08
 162     -0.223676E+09   -0.2722822E+09   -0.3112533E+08
 163     -0.147593E+09   -0.2115369E+09   -0.7592773E+08
 164     -0.795712E+08   -0.1540667E+09   -0.1127696E+09
 165     -0.125236E+08   -0.9984912E+08   -0.1103482E+09
 166      0.693889E+08   -0.4507484E+08   -0.1075418E+09
 167      0.174437E+09   -0.1782751E+08   -0.5841111E+08
 168      0.333562E+09    0.7108781E+07   -0.9223726E+07
 169     -0.125976E+09    0.6444468E+07    0.6915895E+07
 170     -0.871965E+08   -0.1291009E+08    0.6641603E+08
 171     -0.334927E+08   -0.3477610E+08    0.1259728E+09
 172      0.246942E+08   -0.7562838E+08    0.1439910E+09
 173      0.872969E+08   -0.1149717E+09    0.1616171E+09
 174      0.135049E+09   -0.1569377E+09    0.1414278E+09
 175      0.162241E+09   -0.1983970E+09    0.1197456E+09
 176      0.166713E+09   -0.2310300E+09    0.8109223E+08
 177      0.140162E+09   -0.2628530E+09    0.4248550E+08
 178      0.872595E+08   -0.2824123E+09    0.1065387E+08
 179      0.102257E+08   -0.3025495E+09   -0.2015314E+08
 180     -0.883776E+08   -0.3139711E+09   -0.2556210E+08
 181     -0.193465E+09   -0.3313249E+09   -0.1838338E+08
 182     -0.253655E+09   -0.3110075E+09   -0.4188357E+08
 183     -0.174838E+09   -0.2776404E+09   -0.8658870E+08
 184     -0.111472E+09   -0.2131284E+09   -0.1335369E+09
 185     -0.629031E+08   -0.1549051E+09   -0.1724822E+09
 186     -0.161759E+08   -0.1005216E+09   -0.1634827E+09
 187      0.427802E+08   -0.4377085E+08   -0.1540656E+09
 188      0.124804E+09   -0.1610974E+08   -0.8315189E+08
 189      0.259656E+09    0.8296069E+07   -0.1173464E+08
 190     -0.227462E+09    0.5580239E+07    0.9771876E+07
 191     -0.164972E+09   -0.1589925E+08    0.8749296E+08
 192     -0.820412E+08   -0.3972777E+08    0.1648488E+09
 193      0.383080E+07   -0.8370832E+08    0.1852198E+09
 194      0.887569E+08   -0.1261197E+09    0.2048307E+09
 195      0.158976E+09   -0.1652843E+09    0.1806183E+09
 196      0.199204E+09   -0.2040854E+09    0.1557685E+09
 197      0.210300E+09   -0.2338487E+09    0.1111908E+09
 198      0.183837E+09   -0.2630674E+09    0.6706363E+08
 199      0.123687E+09   -0.2815950E+09    0.2985853E+08
 200      0.342106E+08   -0.3005389E+09   -0.5987421E+07
 201     -0.758333E+08   -0.3056862E+09   -0.1848660E+08
 202     -0.197935E+09   -0.3122775E+09   -0.2107501E+08
 203     -0.183241E+09   -0.2862569E+09   -0.7174364E+08
 204     -0.114291E+09   -0.2562820E+09   -0.1374986E+09
 205     -0.701388E+08   -0.2043858E+09   -0.1840890E+09
 206     -0.456202E+08   -0.1533987E+09   -0.2272828E+09
 207     -0.304099E+08   -0.1010298E+09   -0.2150663E+09
 208     -0.936601E+07   -0.4722795E+08   -0.2020268E+09
 209      0.305825E+08   -0.1864659E+08   -0.1090195E+09
 210      0.121718E+09    0.7085456E+07   -0.1509125E+08
 211     -0.328502E+09    0.6557184E+07    0.1314043E+08
 212     -0.243352E+09   -0.1657599E+08    0.1085607E+09
 213     -0.131038E+09   -0.4239108E+08    0.2036586E+09
 214     -0.173262E+08   -0.8661130E+08    0.2275293E+09
 215      0.908545E+08   -0.1294507E+09    0.2497046E+09
 216      0.182522E+09   -0.1660194E+09    0.2207731E+09
 217      0.235833E+09   -0.2003306E+09    0.1919921E+09
 218      0.254753E+09   -0.2218797E+09    0.1413826E+09
 219      0.226938E+09   -0.2440171E+09    0.9193643E+08
 220      0.161067E+09   -0.2595165E+09    0.4952971E+08
 221      0.598162E+08   -0.2761582E+09    0.8977418E+07
 222     -0.625549E+08   -0.2883333E+09   -0.1074887E+08
 223     -0.197161E+09   -0.2991053E+09   -0.2920742E+08
 224     -0.112928E+09   -0.2625647E+09   -0.1040236E+09
 225     -0.561674E+08   -0.2273886E+09   -0.1843353E+09
 226     -0.285718E+08   -0.1877142E+09   -0.2343694E+09
 227     -0.291530E+08   -0.1460959E+09   -0.2829888E+09
 228     -0.452151E+08   -0.9717368E+08   -0.2671315E+09
 229     -0.625311E+08   -0.4554399E+08   -0.2504858E+09
 230     -0.640702E+08   -0.1643811E+08   -0.1350702E+09
 231     -0.161411E+08    0.8755867E+07   -0.1816401E+08
 232     -0.486642E+09    0.5286421E+07    0.1904980E+08
 233     -0.357237E+09   -0.1903288E+08    0.1320114E+09
 234     -0.198342E+09   -0.4670052E+08    0.2439802E+09
 235     -0.393876E+08   -0.8659452E+08    0.2645106E+09
 236      0.102867E+09   -0.1236031E+09    0.2829161E+09
 237      0.216695E+09   -0.1471243E+09    0.2453600E+09
 238      0.283861E+09   -0.1695033E+09    0.2088320E+09
 239      0.307432E+09   -0.1817545E+09    0.1550613E+09
 240      0.277152E+09   -0.1944349E+09    0.1029360E+09
 241      0.205616E+09   -0.2018915E+09    0.5874371E+08
 242      0.969398E+08   -0.2098684E+09    0.1794680E+08
 243     -0.434182E+08   -0.2122823E+09   -0.5556328E+07
 244     -0.118337E+09   -0.2147408E+09   -0.3777183E+08
 245     -0.301585E+08   -0.1994925E+09   -0.1235221E+09
 246      0.163130E+08   -0.1839421E+09   -0.2054996E+09
 247      0.255728E+08   -0.1564713E+09   -0.2617777E+09
 248     -0.322317E+07   -0.1283884E+09   -0.3187210E+09
 249     -0.601203E+08   -0.8889913E+08   -0.3067984E+09
 250     -0.132979E+09   -0.4639695E+08   -0.2944303E+09
 251     -0.201024E+09   -0.1836460E+08   -0.1601669E+09
 252     -0.225838E+09    0.6016854E+07   -0.2304590E+08
 253     -0.643089E+09    0.7523789E+07    0.2487146E+08
 254     -0.472228E+09   -0.2017403E+08    0.1563677E+09
 255     -0.267876E+09   -0.5170256E+08    0.2864228E+09
 256     -0.622933E+08   -0.8246370E+08    0.3027647E+09
 257      0.113922E+09   -0.1080016E+09    0.3169049E+09
 258      0.251480E+09   -0.1115320E+09    0.2710219E+09
 259      0.333228E+09   -0.1140756E+09    0.2266572E+09
 260      0.360753E+09   -0.1069404E+09    0.1694093E+09
 261      0.329654E+09   -0.1008922E+09    0.1138154E+09
 262      0.251689E+09   -0.1002080E+09    0.6758724E+08
 263      0.135261E+09   -0.1030391E+09    0.2586858E+08
 264     -0.238509E+08   -0.1086176E+09   -0.2720843E+07
 265     -0.355301E+08   -0.1107981E+09   -0.4420264E+08
 266      0.519717E+08   -0.1090241E+09   -0.1394291E+09
 267      0.895335E+08   -0.1100931E+09   -0.2272303E+09
 268      0.807189E+08   -0.1044874E+09   -0.2904580E+09
 269      0.221717E+08   -0.9825027E+08   -0.3558080E+09
 270     -0.758112E+08   -0.7280651E+08   -0.3478537E+09
 271     -0.205565E+09   -0.4252396E+08   -0.3396255E+09
 272     -0.339146E+09   -0.1535550E+08   -0.1857909E+09
 273     -0.435976E+09    0.7990855E+07   -0.2802067E+08
 274     -0.873239E+09    0.7945387E+06    0.3861597E+08
 275     -0.616581E+09   -0.2331596E+08    0.1800702E+09
 276     -0.332149E+09   -0.5239455E+08    0.3161797E+09
 277     -0.641492E+08   -0.6334376E+08    0.3104885E+09
 278      0.148171E+09   -0.6833824E+08    0.3051336E+09
 279      0.302136E+09   -0.4177736E+08    0.2483709E+09
 280      0.388276E+09   -0.1393551E+08    0.1957935E+09
 281      0.411472E+09    0.1596432E+08    0.1442734E+09
 282      0.375774E+09    0.4458173E+08    0.9464052E+08
 283      0.287208E+09    0.5388442E+08    0.6092859E+08
 284      0.166487E+09    0.6137104E+08    0.3124236E+08
 285      0.118291E+07    0.5280058E+08    0.5191146E+07
 286      0.525020E+08    0.4538755E+08   -0.3281948E+08
 287      0.132974E+09    0.2656069E+08   -0.1196356E+09
 288      0.168102E+09    0.5505687E+07   -0.2005659E+09
 289      0.149153E+09   -0.1851772E+08   -0.2690446E+09
 290      0.702196E+08   -0.4212156E+08   -0.3414194E+09
 291     -0.703722E+08   -0.4173811E+08   -0.3513890E+09
 292     -0.271206E+09   -0.3510543E+08   -0.3633151E+09
 293     -0.505251E+09   -0.1439856E+08   -0.2037675E+09
 294     -0.724175E+09    0.1531422E+07   -0.3640755E+08
 295     -0.110735E+10    0.9304012E+07    0.5429471E+08
 296     -0.762913E+09   -0.2019586E+08    0.2056790E+09
 297     -0.404597E+09   -0.4840919E+08    0.3511003E+09
 298     -0.649172E+08   -0.2411312E+08    0.3228518E+09
 299      0.181384E+09    0.7621946E+07    0.2957110E+09
 300      0.356798E+09    0.8145995E+08    0.2273825E+09
 301      0.444327E+09    0.1506148E+09    0.1647504E+09
 302      0.464918E+09    0.2080817E+09    0.1185894E+09
 303      0.421938E+09    0.2634714E+09    0.7428952E+08
 304      0.322837E+09    0.2811297E+09    0.5453277E+08
 305      0.198522E+09    0.2914998E+09    0.3972733E+08
 306      0.270269E+08    0.2716426E+09    0.1460461E+08
 307      0.138849E+09    0.2621413E+09   -0.2285789E+08
 308      0.215541E+09    0.2266948E+09   -0.9989432E+08
 309      0.248772E+09    0.1824284E+09   -0.1723125E+09
 310      0.221028E+09    0.1161475E+09   -0.2478627E+09
 311      0.118196E+09    0.4668646E+08   -0.3281696E+09
 312     -0.637240E+08    0.8235387E+07   -0.3581611E+09
 313     -0.344136E+09   -0.2451079E+08   -0.3909635E+09
 314     -0.674485E+09   -0.9296048E+07   -0.2234216E+09
 315     -0.101503E+10    0.7546497E+07   -0.4653823E+08
 316     -0.142251E+10   -0.1732497E+08    0.7887715E+08
 317     -0.903512E+09   -0.1577436E+08    0.2108310E+09
 318     -0.404070E+09   -0.2272301E+08    0.3230052E+09
 319     -0.103279E+08    0.5892864E+08    0.2414500E+09
 320      0.253928E+09    0.1540601E+09    0.1744497E+09
 321      0.410421E+09    0.2811102E+09    0.1119254E+09
 322      0.483253E+09    0.4060271E+09    0.5832143E+08
 323      0.484261E+09    0.4908730E+09    0.4140146E+08
 324      0.428781E+09    0.5721343E+09    0.2543210E+08
 325      0.317920E+09    0.5946792E+09    0.3433292E+08
 326      0.182432E+09    0.6160103E+09    0.5045206E+08
 327      0.527077E+08    0.5925956E+09    0.3801400E+08
 328      0.180350E+09    0.5735140E+09    0.1327160E+08
 329      0.260673E+09    0.5076476E+09   -0.3200608E+08
 330      0.304645E+09    0.4374241E+09   -0.7342273E+08
 331      0.286414E+09    0.3208488E+09   -0.1351000E+09
 332      0.196348E+09    0.2008329E+09   -0.2040449E+09
 333     -0.477185E+07    0.9962136E+08   -0.2677470E+09
 334     -0.344794E+09    0.1022275E+08   -0.3463773E+09
 335     -0.824736E+09    0.2286393E+06   -0.2157714E+09
 336     -0.137917E+10   -0.1593971E+08   -0.6295674E+08
 337     -0.176848E+10    0.3605983E+08    0.1297270E+09
 338     -0.104792E+10   -0.3004067E+07    0.2255078E+09
 339     -0.438692E+09    0.2973733E+07    0.3095603E+09
 340      0.655681E+08    0.2175180E+09    0.1705205E+09
 341      0.333706E+09    0.4098189E+09    0.4311185E+08
 342      0.470344E+09    0.6175712E+09   -0.9508490E+07
 343      0.525501E+09    0.8041765E+09   -0.5317350E+08
 344      0.503427E+09    0.9024414E+09   -0.3890519E+08
 345      0.433591E+09    0.9975762E+09   -0.2527577E+08
 346      0.310909E+09    0.1019808E+10    0.1244984E+08
 347      0.160936E+09    0.1042780E+10    0.5802365E+08
 348      0.782932E+08    0.1012576E+10    0.6324665E+08
 349      0.218970E+09    0.9877609E+09    0.5601155E+08
 350      0.304988E+09    0.9002409E+09    0.4111489E+08
 351      0.361809E+09    0.8093305E+09    0.3104251E+08
 352      0.356523E+09    0.6379033E+09   -0.1528310E+08
 353      0.281159E+09    0.4483745E+09   -0.6825336E+08
 354      0.734991E+08    0.2585084E+09   -0.1835247E+09
 355     -0.372627E+09    0.4824654E+08   -0.3131144E+09
 356     -0.979169E+09    0.1933317E+08   -0.2153557E+09
 357     -0.177386E+10    0.2963151E+08   -0.9803545E+08
 358     -0.214525E+10   -0.1094526E+09    0.1613002E+09
 359     -0.104399E+10    0.4554815E+08    0.1320595E+09
 360     -0.222315E+09    0.1890609E+09    0.3994532E+08
 361      0.177144E+09    0.5330673E+09   -0.1530182E+09
 362      0.373623E+09    0.8931594E+09   -0.2623426E+09
 363      0.450101E+09    0.1130058E+10   -0.2311264E+09
 364      0.475017E+09    0.1357358E+10   -0.2023959E+09
 365      0.439102E+09    0.1450362E+10   -0.1299807E+09
 366      0.369376E+09    0.1542539E+10   -0.6253231E+08
 367      0.247848E+09    0.1549843E+10    0.3515230E+07
 368      0.917880E+08    0.1560673E+10    0.7533960E+08
 369      0.695420E+08    0.1526338E+10    0.9934649E+08
 370      0.195679E+09    0.1498374E+10    0.1139122E+09
 371      0.273762E+09    0.1402053E+10    0.1443675E+09
 372      0.334841E+09    0.1305002E+10    0.1823120E+09
 373      0.348987E+09    0.1092690E+10    0.1999917E+09
 374      0.323602E+09    0.8717926E+09    0.2218430E+09
 375      0.181235E+09    0.5393722E+09    0.1273124E+09
 376     -0.172369E+09    0.2176711E+09   -0.3941251E+08
 377     -0.968272E+09    0.6494531E+08   -0.1071675E+09
 378     -0.216290E+10   -0.9337976E+08   -0.1123729E+09
 379     -0.316601E+10    0.2599949E+09    0.6202373E+09
 380     -0.887634E+09    0.2539847E+09    0.1266501E+09
 381      0.597405E+08    0.4932209E+09   -0.4038732E+09
 382      0.287747E+09    0.1222987E+10   -0.5349704E+09
 383      0.415446E+09    0.1703772E+10   -0.5831992E+09
 384      0.418961E+09    0.1921044E+10   -0.4638572E+09
 385      0.419380E+09    0.2140978E+10   -0.3512462E+09
 386      0.369506E+09    0.2186478E+10   -0.2210368E+09
 387      0.305137E+09    0.2233827E+10   -0.9782626E+08
 388      0.181048E+09    0.2200622E+10   -0.7089069E+07
 389      0.355972E+07    0.2176002E+10    0.9347765E+08
 390      0.573345E+08    0.2144732E+10    0.1377466E+09
 391      0.168955E+09    0.2122633E+10    0.1707737E+09
 392      0.236587E+09    0.2042371E+10    0.2502396E+09
 393      0.301012E+09    0.1963985E+10    0.3377639E+09
 394      0.331048E+09    0.1754505E+10    0.4302979E+09
 395      0.367483E+09    0.1550553E+10    0.5306149E+09
 396      0.288757E+09    0.1118959E+10    0.4977858E+09
 397      0.953503E+08    0.4767017E+09    0.3852223E+09
 398     -0.818441E+09    0.2527423E+09   -0.7165824E+08
 399     -0.314496E+10    0.2298626E+09   -0.4636451E+09
 400     -0.257866E+10   -0.4611156E+09   -0.1436269E+09
 401     -0.296163E+09    0.8143572E+09   -0.7518735E+09
 402     -0.105745E+07    0.2043052E+10   -0.1178553E+10
 403      0.172752E+09    0.2446139E+10   -0.9537449E+09
 404      0.212879E+09    0.2866406E+10   -0.8085256E+09
 405      0.216603E+09    0.2977241E+10   -0.5924170E+09
 406      0.216935E+09    0.3102494E+10   -0.3837647E+09
 407      0.190548E+09    0.3076621E+10   -0.1993113E+09
 408      0.159525E+09    0.3049206E+10   -0.1338534E+08
 409      0.904374E+08    0.2954456E+10    0.8033119E+08
 410     -0.277766E+08    0.2871436E+10    0.1517864E+09
 411      0.295755E+08    0.2849816E+10    0.1646024E+09
 412      0.852769E+08    0.2835217E+10    0.1963524E+09
 413      0.121816E+09    0.2786928E+10    0.3106609E+09
 414      0.155601E+09    0.2739443E+10    0.4260215E+09
 415      0.175563E+09    0.2602098E+10    0.5850079E+09
 416      0.196091E+09    0.2477430E+10    0.7521254E+09
 417      0.185476E+09    0.2113782E+10    0.8894127E+09
 418      0.444377E+08    0.1750059E+10    0.1110847E+10
 419     -0.241391E+09    0.6914019E+09    0.7178925E+09
 420     -0.252911E+10   -0.3874434E+09    0.2075309E+09
 421     -0.133738E+10    0.4409750E+10   -0.1057455E+10
 422      0.127689E+09    0.4455981E+10   -0.1593257E+10
 423     -0.753514E+08    0.4456329E+10   -0.1785189E+10
 424      0.351615E+08    0.4379670E+10   -0.1299294E+10
 425      0.363074E+07    0.4384759E+10   -0.9931560E+09
 426      0.146409E+08    0.4322655E+10   -0.6896405E+09
 427      0.148607E+08    0.4274343E+10   -0.3981131E+09
 428      0.139189E+08    0.4141263E+10   -0.1626276E+09
 429      0.145989E+08    0.4007918E+10    0.8205942E+08
 430      0.435624E+07    0.3809435E+10    0.1787121E+09
 431     -0.371026E+08    0.3617089E+10    0.2140936E+09
 432      0.398253E+07    0.3616026E+10    0.1900610E+09
 433      0.509169E+07    0.3614982E+10    0.2211550E+09
 434      0.109222E+08    0.3611196E+10    0.3661341E+09
 435      0.134370E+08    0.3611363E+10    0.5064109E+09
 436      0.226749E+08    0.3613935E+10    0.7218154E+09
 437      0.193514E+08    0.3628094E+10    0.9488143E+09
 438      0.639856E+08    0.3636536E+10    0.1233123E+10
 439     -0.313315E+08    0.3727964E+10    0.1707718E+10
 440      0.195927E+09    0.3685079E+10    0.1565423E+10
 441     -0.129926E+10    0.3569341E+10    0.1169801E+10
