   1      0.614754E+09   -0.6629678E+07   -0.5652597E+07
   2      0.587411E+09    0.3574221E+08   -0.7495554E+07
   3      0.473377E+09    0.8258558E+08   -0.8367773E+07
   4      0.314923E+09    0.1318786E+09   -0.6416016E+07
   5      0.135052E+09    0.1778276E+09   -0.5565329E+07
   6     -0.517070E+08    0.2025901E+09   -0.5692502E+07
   7     -0.224109E+09    0.2294988E+09   -0.5769397E+07
   8     -0.376397E+09    0.2125121E+09   -0.3251658E+07
   9     -0.496421E+09    0.1931093E+09   -0.3935793E+07
  10     -0.554716E+09    0.1185914E+09    0.4612296E+07
  11     -0.593352E+09    0.2571994E+08    0.2415897E+08
  12     -0.462087E+09   -0.7455265E+08    0.1719869E+08
  13     -0.303449E+09   -0.1465425E+09    0.1208951E+07
  14     -0.172473E+09   -0.1264729E+09    0.3017405E+06
  15     -0.650087E+08   -0.1160098E+09    0.5042828E+06
  16      0.353103E+08   -0.9152087E+08    0.2406728E+06
  17      0.130916E+09   -0.6672741E+08    0.1706588E+06
  18      0.229388E+09   -0.4180504E+08    0.1620627E+06
  19      0.337662E+09   -0.1662562E+08   -0.7121798E+05
  20      0.459313E+09   -0.5562527E+07    0.2126805E+06
  21      0.602067E+09    0.4029778E+07    0.7547987E+06
  22      0.661829E+09   -0.4283038E+07   -0.9576257E+07
  23      0.600580E+09    0.1172671E+08   -0.2490119E+08
  24      0.475243E+09    0.3057955E+08   -0.3817568E+08
  25      0.310073E+09    0.5792001E+08   -0.3140868E+08
  26      0.125522E+09    0.8442651E+08   -0.2650950E+08
  27     -0.659514E+08    0.9248408E+08   -0.1206762E+08
  28     -0.242595E+09    0.9912300E+08    0.2567362E+07
  29     -0.399189E+09    0.7175863E+08    0.2515120E+08
  30     -0.518443E+09    0.4230372E+08    0.4974503E+08
  31     -0.575745E+09   -0.2570919E+08    0.6911766E+08
  32     -0.566817E+09   -0.9665589E+08    0.8107519E+08
  33     -0.422913E+09   -0.1191314E+09    0.3937292E+08
  34     -0.282915E+09   -0.1360667E+09    0.3177342E+07
  35     -0.160811E+09   -0.1274309E+09   -0.8319285E+07
  36     -0.574608E+08   -0.1180952E+09   -0.2012515E+08
  37      0.388812E+08   -0.9289874E+08   -0.2357135E+08
  38      0.131032E+09   -0.6820562E+08   -0.2720231E+08
  39      0.225949E+09   -0.4323373E+08   -0.2380203E+08
  40      0.330867E+09   -0.1853658E+08   -0.2019811E+08
  41      0.448803E+09   -0.7356129E+07   -0.1007102E+08
  42      0.593348E+09    0.2920260E+07   -0.1816691E+06
  43      0.713877E+09   -0.2096684E+07   -0.1150652E+08
  44      0.616778E+09    0.3443787E+06   -0.4055710E+08
  45      0.477313E+09    0.4494934E+07   -0.6711542E+08
  46      0.305224E+09    0.1420266E+08   -0.5626112E+08
  47      0.115058E+09    0.2340018E+08   -0.4724163E+08
  48     -0.810078E+08    0.1509955E+08   -0.1788610E+08
  49     -0.262084E+09    0.8065815E+07    0.1075138E+08
  50     -0.422822E+09   -0.3253170E+08    0.5491982E+08
  51     -0.548733E+09   -0.8891908E+08    0.1113562E+09
  52     -0.604741E+09   -0.1394084E+09    0.1336895E+09
  53     -0.529716E+09   -0.1673304E+09    0.1267813E+09
  54     -0.381286E+09   -0.1557232E+09    0.5692607E+08
  55     -0.260682E+09   -0.1549878E+09    0.5556117E+07
  56     -0.148168E+09   -0.1415685E+09   -0.1697243E+08
  57     -0.496009E+08   -0.1260030E+09   -0.4047488E+08
  58      0.426380E+08   -0.9928243E+08   -0.4725376E+08
  59      0.131193E+09   -0.7205709E+08   -0.5444127E+08
  60      0.222614E+09   -0.4570949E+08   -0.4759644E+08
  61      0.324014E+09   -0.1920715E+08   -0.4027911E+08
  62      0.438390E+09   -0.6985916E+07   -0.2023199E+08
  63      0.585556E+09    0.3917425E+07   -0.7274346E+06
  64      0.767801E+09    0.1586777E+07   -0.9034473E+07
  65      0.644726E+09   -0.3038768E+07   -0.3409343E+08
  66      0.483227E+09   -0.8040931E+07   -0.5831384E+08
  67      0.293358E+09   -0.1955514E+08   -0.4577310E+08
  68      0.889310E+08   -0.2963673E+08   -0.3360085E+08
  69     -0.119725E+09   -0.5100334E+08    0.4939807E+07
  70     -0.312558E+09   -0.7370503E+08    0.4435607E+08
  71     -0.481810E+09   -0.1196204E+09    0.1024810E+09
  72     -0.605526E+09   -0.1719877E+09    0.1701477E+09
  73     -0.571999E+09   -0.1915262E+09    0.1464810E+09
  74     -0.454588E+09   -0.1996618E+09    0.1025550E+09
  75     -0.329469E+09   -0.1849638E+09    0.4323140E+08
  76     -0.218670E+09   -0.1756018E+09   -0.6784642E+07
  77     -0.117863E+09   -0.1566195E+09   -0.3636885E+08
  78     -0.296198E+08   -0.1365321E+09   -0.6593960E+08
  79      0.523454E+08   -0.1075990E+09   -0.7554719E+08
  80      0.130727E+09   -0.7824365E+08   -0.8520665E+08
  81      0.211712E+09   -0.5040469E+08   -0.7438678E+08
  82      0.302902E+09   -0.2264032E+08   -0.6315966E+08
  83      0.407441E+09   -0.9173561E+07   -0.3257978E+08
  84      0.552068E+09    0.3290888E+07   -0.2403141E+07
  85      0.818771E+09    0.2736485E+07   -0.8110713E+07
  86      0.670876E+09   -0.8092771E+07   -0.2883035E+08
  87      0.490665E+09   -0.1911539E+08   -0.4986670E+08
  88      0.281926E+09   -0.4153670E+08   -0.3485765E+08
  89      0.642943E+08   -0.6415230E+08   -0.1916062E+08
  90     -0.157955E+09   -0.9886224E+08    0.2717590E+08
  91     -0.362133E+09   -0.1333519E+09    0.7690011E+08
  92     -0.548046E+09   -0.1873225E+09    0.1519476E+09
  93     -0.654036E+09   -0.2430804E+09    0.2208101E+09
  94     -0.525258E+09   -0.2342683E+09    0.1550075E+09
  95     -0.392973E+09   -0.2233014E+09    0.8934886E+08
  96     -0.280083E+09   -0.2106736E+09    0.3381741E+08
  97     -0.178652E+09   -0.1984356E+09   -0.2009403E+08
  98     -0.883642E+08   -0.1748208E+09   -0.5608387E+08
  99     -0.993913E+07   -0.1506243E+09   -0.9186752E+08
 100      0.618905E+08   -0.1183947E+09   -0.1040792E+09
 101      0.130178E+09   -0.8561651E+08   -0.1161356E+09
 102      0.200729E+09   -0.5477039E+08   -0.1013459E+09
 103      0.281969E+09   -0.2355382E+08   -0.8608393E+08
 104      0.376757E+09   -0.8847519E+07   -0.4490813E+08
 105      0.518345E+09    0.4398341E+07   -0.4142122E+07
 106      0.840838E+09    0.4016025E+07   -0.6257172E+07
 107      0.681354E+09   -0.9429993E+07   -0.1465643E+08
 108      0.487169E+09   -0.2384439E+08   -0.2348387E+08
 109      0.260230E+09   -0.5803504E+08   -0.1352146E+07
 110      0.265971E+08   -0.9133533E+08    0.2180624E+08
 111     -0.210045E+09   -0.1393847E+09    0.7456927E+08
 112     -0.428255E+09   -0.1934515E+09    0.1360024E+09
 113     -0.612506E+09   -0.2338647E+09    0.1914234E+09
 114     -0.592549E+09   -0.2650740E+09    0.2234734E+09
 115     -0.453775E+09   -0.2556595E+09    0.1440783E+09
 116     -0.331520E+09   -0.2493784E+09    0.7768675E+08
 117     -0.221298E+09   -0.2331791E+09    0.1797865E+08
 118     -0.127904E+09   -0.2173639E+09   -0.4142789E+08
 119     -0.474744E+08   -0.1909234E+09   -0.8272547E+08
 120      0.184635E+08   -0.1639177E+09   -0.1238877E+09
 121      0.759288E+08   -0.1292159E+09   -0.1383432E+09
 122      0.128041E+09   -0.9399886E+08   -0.1525862E+09
 123      0.181318E+09   -0.6091887E+08   -0.1335268E+09
 124      0.244813E+09   -0.2761287E+08   -0.1139840E+09
 125      0.323065E+09   -0.1110751E+08   -0.6002275E+08
 126      0.448586E+09    0.4083942E+07   -0.6307695E+07
 127      0.861386E+09    0.5690869E+07   -0.5331636E+07
 128      0.691528E+09   -0.1048365E+08   -0.9925081E+06
 129      0.482963E+09   -0.2778157E+08    0.2522383E+07
 130      0.238479E+09   -0.6963994E+08    0.3211301E+08
 131     -0.117957E+08   -0.1095943E+09    0.6154980E+08
 132     -0.263104E+09   -0.1657741E+09    0.1238957E+09
 133     -0.497939E+09   -0.2368840E+09    0.2046042E+09
 134     -0.668474E+09   -0.2819936E+09    0.2274001E+09
 135     -0.527581E+09   -0.3014377E+09    0.2186417E+09
 136     -0.388533E+09   -0.2776052E+09    0.1358937E+09
 137     -0.267560E+09   -0.2674463E+09    0.6644695E+08
 138     -0.162580E+09   -0.2517390E+09    0.1995589E+07
 139     -0.769260E+08   -0.2345341E+09   -0.6265853E+08
 140     -0.679862E+07   -0.2061422E+09   -0.1094699E+09
 141      0.467194E+08   -0.1772228E+09   -0.1561656E+09
 142      0.897589E+08   -0.1399834E+09   -0.1728701E+09
 143      0.125751E+09   -0.1020802E+09   -0.1893128E+09
 144      0.161716E+09   -0.6571117E+08   -0.1658798E+09
 145      0.207759E+09   -0.2851152E+08   -0.1420581E+09
 146      0.269397E+09   -0.1048831E+08   -0.7515616E+08
 147      0.378820E+09    0.5541100E+07   -0.8239429E+07
 148      0.845867E+09    0.5577307E+07   -0.4913676E+07
 149      0.670931E+09   -0.1260845E+08    0.1731865E+08
 150      0.455091E+09   -0.3205066E+08    0.3918637E+08
 151      0.198908E+09   -0.7994212E+08    0.7906282E+08
 152     -0.593918E+08   -0.1288442E+09    0.1177967E+09
 153     -0.327847E+09   -0.1863771E+09    0.1811388E+09
 154     -0.586299E+09   -0.2453317E+09    0.2653660E+09
 155     -0.623421E+09   -0.2720051E+09    0.2507286E+09
 156     -0.459624E+09   -0.2924360E+09    0.2086790E+09
 157     -0.316298E+09   -0.2839200E+09    0.1288695E+09
 158     -0.194636E+09   -0.2783633E+09    0.5563206E+08
 159     -0.929101E+08   -0.2611596E+09   -0.1530762E+08
 160     -0.144187E+08   -0.2439560E+09   -0.8590019E+08
 161      0.448880E+08   -0.2151412E+09   -0.1383570E+09
 162      0.838717E+08   -0.1859589E+09   -0.1907988E+09
 163      0.108752E+09   -0.1479958E+09   -0.2106248E+09
 164      0.122774E+09   -0.1093422E+09   -0.2302707E+09
 165      0.133782E+09   -0.7125080E+08   -0.2031413E+09
 166      0.152792E+09   -0.3252777E+08   -0.1754585E+09
 167      0.187192E+09   -0.1295497E+08   -0.9304254E+08
 168      0.266521E+09    0.4856527E+07   -0.1044688E+08
 169      0.831393E+09    0.7947002E+07   -0.4929224E+07
 170      0.649949E+09   -0.1283441E+08    0.3557042E+08
 171      0.425949E+09   -0.3664234E+08    0.7652193E+08
 172      0.159050E+09   -0.9003270E+08    0.1259019E+09
 173     -0.107929E+09   -0.1423539E+09    0.1748857E+09
 174     -0.390892E+09   -0.2003205E+09    0.2371282E+09
 175     -0.679892E+09   -0.2583070E+09    0.3167930E+09
 176     -0.573735E+09   -0.2755520E+09    0.2742644E+09
 177     -0.395247E+09   -0.2896044E+09    0.2080463E+09
 178     -0.243884E+09   -0.2835063E+09    0.1237843E+09
 179     -0.121330E+09   -0.2788891E+09    0.4460912E+08
 180     -0.227702E+08   -0.2621603E+09   -0.3238546E+08
 181      0.484346E+08   -0.2455574E+09   -0.1092066E+09
 182      0.967914E+08   -0.2179568E+09   -0.1674629E+09
 183      0.121088E+09   -0.1901064E+09   -0.2258093E+09
 184      0.127648E+09   -0.1526830E+09   -0.2487920E+09
 185      0.119541E+09   -0.1143727E+09   -0.2716816E+09
 186      0.105547E+09   -0.7457472E+08   -0.2407396E+09
 187      0.974134E+08   -0.3316198E+08   -0.2091806E+09
 188      0.104842E+09   -0.1185283E+08   -0.1109613E+09
 189      0.154421E+09    0.6717876E+07   -0.1230336E+08
 190      0.770217E+09    0.6152933E+07   -0.2767637E+07
 191      0.589420E+09   -0.1748422E+08    0.5888940E+08
 192      0.365328E+09   -0.4287283E+08    0.1211809E+09
 193      0.104751E+09   -0.9587700E+08    0.1777415E+09
 194     -0.164089E+09   -0.1499186E+09    0.2361322E+09
 195     -0.450427E+09   -0.2087106E+09    0.2924196E+09
 196     -0.684048E+09   -0.2655429E+09    0.3472404E+09
 197     -0.495102E+09   -0.2709568E+09    0.2800799E+09
 198     -0.313932E+09   -0.2749470E+09    0.2078665E+09
 199     -0.159384E+09   -0.2687664E+09    0.1191095E+09
 200     -0.366215E+08   -0.2630657E+09    0.3340346E+08
 201      0.577417E+08   -0.2471312E+09   -0.4775916E+08
 202      0.121975E+09   -0.2316461E+09   -0.1288623E+09
 203      0.159178E+09   -0.2075201E+09   -0.1917675E+09
 204      0.168345E+09   -0.1833106E+09   -0.2550252E+09
 205      0.154329E+09   -0.1497172E+09   -0.2827325E+09
 206      0.119293E+09   -0.1151563E+09   -0.3106827E+09
 207      0.721352E+08   -0.7670096E+08   -0.2787420E+09
 208      0.246157E+08   -0.3682091E+08   -0.2461364E+09
 209     -0.108837E+08   -0.1459001E+08   -0.1310526E+09
 210     -0.647700E+07    0.5262279E+07   -0.1499190E+08
 211      0.708882E+09    0.1042687E+08   -0.1749622E+07
 212      0.529068E+09   -0.1468035E+08    0.8204028E+08
 213      0.304754E+09   -0.4471397E+08    0.1666038E+09
 214      0.494955E+08   -0.1048132E+09    0.2302819E+09
 215     -0.221156E+09   -0.1633617E+09    0.2982859E+09
 216     -0.513615E+09   -0.2074437E+09    0.3481620E+09
 217     -0.669910E+09   -0.2465315E+09    0.3795150E+09
 218     -0.422305E+09   -0.2471850E+09    0.2872053E+09
 219     -0.231911E+09   -0.2487855E+09    0.2069562E+09
 220     -0.735688E+08   -0.2374307E+09    0.1143463E+09
 221      0.491236E+08   -0.2268426E+09    0.2240159E+08
 222      0.139236E+09   -0.2121992E+09   -0.6315642E+08
 223      0.196357E+09   -0.1981999E+09   -0.1486874E+09
 224      0.222260E+09   -0.1806306E+09   -0.2164424E+09
 225      0.215972E+09   -0.1632751E+09   -0.2848042E+09
 226      0.181119E+09   -0.1372979E+09   -0.3173604E+09
 227      0.118652E+09   -0.1102016E+09   -0.3504742E+09
 228      0.381369E+08   -0.7481470E+08   -0.3173860E+09
 229     -0.490066E+08   -0.3664159E+08   -0.2835618E+09
 230     -0.127145E+09   -0.1316882E+08   -0.1513456E+09
 231     -0.167186E+09    0.6978163E+07   -0.1767814E+08
 232      0.591699E+09    0.6984947E+07    0.1190221E+07
 233      0.419893E+09   -0.2206382E+08    0.1100713E+09
 234      0.218294E+09   -0.5482839E+08    0.2197732E+09
 235     -0.112884E+08   -0.1096268E+09    0.2822812E+09
 236     -0.265546E+09   -0.1644304E+09    0.3475870E+09
 237     -0.547850E+09   -0.1919172E+09    0.3728740E+09
 238     -0.581488E+09   -0.2140525E+09    0.3817712E+09
 239     -0.335399E+09   -0.2046577E+09    0.2809812E+09
 240     -0.138680E+09   -0.1956485E+09    0.1911699E+09
 241      0.182432E+08   -0.1774229E+09    0.9858333E+08
 242      0.137855E+09   -0.1603176E+09    0.7026837E+07
 243      0.221879E+09   -0.1473647E+09   -0.7514510E+08
 244      0.273313E+09   -0.1355210E+09   -0.1572889E+09
 245      0.290151E+09   -0.1279098E+09   -0.2246968E+09
 246      0.272361E+09   -0.1208057E+09   -0.2931364E+09
 247      0.218925E+09   -0.1079531E+09   -0.3318017E+09
 248      0.128625E+09   -0.9389463E+08   -0.3718857E+09
 249      0.837117E+07   -0.6721659E+08   -0.3447543E+09
 250     -0.132795E+09   -0.3749608E+08   -0.3172858E+09
 251     -0.275542E+09   -0.1497610E+08   -0.1712689E+09
 252     -0.386341E+09    0.4362652E+07   -0.2237931E+08
 253      0.476207E+09    0.1142453E+08    0.4835290E+07
 254      0.310386E+09   -0.2016416E+08    0.1382656E+09
 255      0.130621E+09   -0.5747365E+08    0.2727000E+09
 256     -0.742762E+08   -0.1110247E+09    0.3352224E+09
 257     -0.310452E+09   -0.1610993E+09    0.3985912E+09
 258     -0.578911E+09   -0.1687672E+09    0.3996143E+09
 259     -0.502247E+09   -0.1703312E+09    0.3858618E+09
 260     -0.245636E+09   -0.1380756E+09    0.2752371E+09
 261     -0.441215E+08   -0.1080289E+09    0.1755840E+09
 262      0.111222E+09   -0.7882658E+08    0.8301115E+08
 263      0.227761E+09   -0.5108371E+08   -0.8366848E+07
 264      0.305680E+09   -0.4061157E+08   -0.8708790E+08
 265      0.351444E+09   -0.3172832E+08   -0.1658245E+09
 266      0.359298E+09   -0.3931256E+08   -0.2331525E+09
 267      0.329650E+09   -0.4820862E+08   -0.3018803E+09
 268      0.257555E+09   -0.5659336E+08   -0.3472003E+09
 269      0.138024E+09   -0.6435384E+08   -0.3946677E+09
 270     -0.222365E+08   -0.5190804E+08   -0.3734909E+09
 271     -0.218658E+09   -0.3469811E+08   -0.3522377E+09
 272     -0.425168E+09   -0.1276991E+08   -0.1917707E+09
 273     -0.605960E+09    0.5999762E+07   -0.2736612E+08
 274      0.277130E+09    0.5907974E+07    0.1407247E+08
 275      0.151330E+09   -0.2860843E+08    0.1718784E+09
 276      0.310694E+08   -0.7147420E+08    0.3295623E+09
 277     -0.114100E+09   -0.1114231E+09    0.3686309E+09
 278     -0.307062E+09   -0.1442852E+09    0.4059527E+09
 279     -0.556506E+09   -0.1185764E+09    0.3753880E+09
 280     -0.398916E+09   -0.8739215E+08    0.3335676E+09
 281     -0.146203E+09   -0.2848187E+08    0.2230945E+09
 282      0.470444E+08    0.2818884E+08    0.1237072E+09
 283      0.190393E+09    0.7005542E+08    0.4500101E+08
 284      0.298541E+09    0.1101970E+09   -0.3234640E+08
 285      0.368211E+09    0.1171568E+09   -0.9267086E+08
 286      0.411336E+09    0.1223605E+09   -0.1529535E+09
 287      0.416235E+09    0.9562757E+08   -0.2075670E+09
 288      0.386181E+09    0.6722248E+08   -0.2638779E+09
 289      0.306800E+09    0.2925517E+08   -0.3128920E+09
 290      0.170493E+09   -0.8130095E+07   -0.3660011E+09
 291     -0.280601E+08   -0.2069118E+08   -0.3647278E+09
 292     -0.290834E+09   -0.2692621E+08   -0.3656501E+09
 293     -0.592876E+09   -0.1143008E+08   -0.2047314E+09
 294     -0.890647E+09   -0.2194948E+06   -0.3604330E+08
 295      0.790571E+08    0.1786899E+08    0.2398283E+08
 296     -0.894195E+07   -0.2788356E+08    0.2071699E+09
 297     -0.788417E+08   -0.7779645E+08    0.3916669E+09
 298     -0.152547E+09   -0.9710056E+08    0.4068203E+09
 299     -0.304976E+09   -0.1081878E+09    0.4163218E+09
 300     -0.532130E+09   -0.3436975E+08    0.3520564E+09
 301     -0.293218E+09    0.4370945E+08    0.2794750E+09
 302     -0.450897E+08    0.1416394E+09    0.1697993E+09
 303      0.139500E+09    0.2335921E+09    0.7056583E+08
 304      0.270265E+09    0.2909401E+09    0.6358147E+07
 305      0.369803E+09    0.3464117E+09   -0.5644422E+08
 306      0.431163E+09    0.3490258E+09   -0.9783378E+08
 307      0.472010E+09    0.3499127E+09   -0.1390931E+09
 308      0.474601E+09    0.2987963E+09   -0.1808606E+09
 309      0.444597E+09    0.2445260E+09   -0.2243725E+09
 310      0.359318E+09    0.1643707E+09   -0.2788099E+09
 311      0.202802E+09    0.8046300E+08   -0.3384425E+09
 312     -0.327110E+08    0.2879705E+08   -0.3591562E+09
 313     -0.370312E+09   -0.1733168E+08   -0.3829951E+09
 314     -0.763683E+09   -0.7136231E+07   -0.2194023E+09
 315     -0.117795E+10    0.5415818E+07   -0.4661092E+08
 316     -0.241724E+09   -0.6622996E+07    0.4769008E+08
 317     -0.207836E+09   -0.3564902E+08    0.2414755E+09
 318     -0.129275E+09   -0.7986318E+08    0.4211789E+09
 319     -0.116167E+09   -0.5012034E+08    0.3702785E+09
 320     -0.220059E+09   -0.3129567E+07    0.3248944E+09
 321     -0.446889E+09    0.1260478E+09    0.2297608E+09
 322     -0.187435E+09    0.2611007E+09    0.1333313E+09
 323      0.343092E+08    0.3936123E+09    0.4831357E+08
 324      0.195131E+09    0.5203213E+09   -0.2924679E+08
 325      0.302950E+09    0.5904372E+09   -0.5986276E+08
 326      0.387908E+09    0.6591089E+09   -0.8941781E+08
 327      0.439158E+09    0.6567512E+09   -0.9391928E+08
 328      0.479591E+09    0.6533494E+09   -0.9807770E+08
 329      0.486628E+09    0.5776470E+09   -0.1056776E+09
 330      0.471924E+09    0.4993794E+09   -0.1138539E+09
 331      0.402437E+09    0.3684906E+09   -0.1530565E+09
 332      0.265552E+09    0.2344070E+09   -0.2002118E+09
 333      0.182668E+08    0.1201994E+09   -0.2565798E+09
 334     -0.371039E+09    0.1779218E+08   -0.3282908E+09
 335     -0.905826E+09    0.2788838E+07   -0.2069706E+09
 336     -0.152509E+10   -0.1790706E+08   -0.6375008E+08
 337     -0.590400E+09    0.5089477E+08    0.9530648E+08
 338     -0.408634E+09   -0.2905212E+08    0.2851852E+09
 339     -0.217217E+09   -0.7781797E+08    0.4688564E+09
 340     -0.579295E+08    0.5690510E+08    0.3450348E+09
 341     -0.129009E+09    0.1818632E+09    0.2193778E+09
 342     -0.354781E+09    0.3978387E+09    0.9939798E+08
 343     -0.807563E+08    0.6006784E+09   -0.1897001E+08
 344      0.113033E+09    0.7634050E+09   -0.7752180E+08
 345      0.249686E+09    0.9204476E+09   -0.1316238E+09
 346      0.333946E+09    0.9992992E+09   -0.1275658E+09
 347      0.404025E+09    0.1077535E+10   -0.1227135E+09
 348      0.445112E+09    0.1070676E+10   -0.8909481E+08
 349      0.485536E+09    0.1064134E+10   -0.5500566E+08
 350      0.497721E+09    0.9675852E+09   -0.2666824E+08
 351      0.500444E+09    0.8691572E+09    0.2331570E+07
 352      0.450112E+09    0.6834384E+09   -0.2041784E+08
 353      0.334793E+09    0.4801273E+09   -0.5032453E+08
 354      0.886646E+08    0.2777316E+09   -0.1602247E+09
 355     -0.399083E+09    0.5449037E+08   -0.2849134E+09
 356     -0.105197E+10    0.2105795E+08   -0.2017796E+09
 357     -0.190265E+10    0.2778817E+08   -0.9996308E+08
 358     -0.109488E+10   -0.8590570E+08    0.1330721E+09
 359     -0.541835E+09   -0.1934782E+07    0.2540706E+09
 360     -0.446566E+08    0.5903650E+08    0.3060395E+09
 361      0.858073E+08    0.3170389E+09    0.9218306E+08
 362     -0.178670E+07    0.6017458E+09   -0.4803395E+08
 363     -0.256317E+09    0.8468412E+09   -0.1351410E+09
 364     -0.291328E+08    0.1092683E+10   -0.2294247E+09
 365      0.125812E+09    0.1262764E+10   -0.2415502E+09
 366      0.229090E+09    0.1429874E+10   -0.2520094E+09
 367      0.287498E+09    0.1507569E+10   -0.2034626E+09
 368      0.339520E+09    0.1585498E+10   -0.1549816E+09
 369      0.369962E+09    0.1575190E+10   -0.7740079E+08
 370      0.405652E+09    0.1566714E+10    0.5072538E+06
 371      0.421357E+09    0.1461767E+10    0.8095113E+08
 372      0.439139E+09    0.1357882E+10    0.1638638E+09
 373      0.418203E+09    0.1133384E+10    0.2050573E+09
 374      0.362198E+09    0.9011180E+09    0.2504793E+09
 375      0.190831E+09    0.5578690E+09    0.1602151E+09
 376     -0.193606E+09    0.2250900E+09   -0.2927331E+07
 377     -0.102480E+10    0.6729181E+08   -0.8963697E+08
 378     -0.226236E+10   -0.9575528E+08   -0.1150044E+09
 379     -0.224695E+10    0.2643260E+09    0.6006287E+09
 380     -0.538125E+09    0.1824853E+09    0.3261485E+09
 381      0.219396E+09    0.3285222E+09   -0.2108779E+08
 382      0.241549E+09    0.9538530E+09   -0.2249265E+09
 383      0.141844E+09    0.1341374E+10   -0.3454396E+09
 384     -0.181096E+09    0.1548848E+10   -0.3919493E+09
 385      0.116623E+08    0.1777453E+10   -0.4432435E+09
 386      0.132901E+09    0.1925781E+10   -0.4095714E+09
 387      0.202366E+09    0.2074045E+10   -0.3743570E+09
 388      0.236012E+09    0.2136540E+10   -0.2799482E+09
 389      0.270255E+09    0.2200139E+10   -0.1869243E+09
 390      0.290216E+09    0.2189203E+10   -0.6499384E+08
 391      0.320562E+09    0.2181647E+10    0.5697520E+08
 392      0.338529E+09    0.2090192E+10    0.1915730E+09
 393      0.370816E+09    0.2004879E+10    0.3290768E+09
 394      0.375868E+09    0.1786975E+10    0.4449891E+09
 395      0.390932E+09    0.1575019E+10    0.5692102E+09
 396      0.292455E+09    0.1136121E+10    0.5396458E+09
 397      0.782790E+08    0.4843069E+09    0.4310794E+09
 398     -0.857181E+09    0.2551667E+09   -0.5015390E+08
 399     -0.321548E+10    0.2294498E+09   -0.4717654E+09
 400     -0.209500E+10   -0.4444361E+09   -0.1088199E+09
 401     -0.115469E+09    0.7287584E+09   -0.4956381E+09
 402      0.112077E+09    0.1879593E+10   -0.7368134E+09
 403      0.170209E+09    0.2194740E+10   -0.5465155E+09
 404      0.912281E+08    0.2487588E+10   -0.4339152E+09
 405     -0.107994E+09    0.2536775E+10   -0.4833542E+09
 406     -0.371305E+07    0.2636056E+10   -0.5512356E+09
 407      0.668721E+08    0.2728099E+10   -0.4965349E+09
 408      0.101263E+09    0.2814918E+10   -0.4319191E+09
 409      0.118228E+09    0.2847606E+10   -0.3131352E+09
 410      0.135548E+09    0.2881944E+10   -0.1975486E+09
 411      0.145900E+09    0.2873276E+10   -0.5474334E+08
 412      0.161715E+09    0.2867476E+10    0.8765838E+08
 413      0.171761E+09    0.2812130E+10    0.2527699E+09
 414      0.189502E+09    0.2762031E+10    0.4192512E+09
 415      0.196606E+09    0.2621581E+10    0.6007147E+09
 416      0.206138E+09    0.2494476E+10    0.7911083E+09
 417      0.185245E+09    0.2128913E+10    0.9310518E+09
 418      0.325462E+08    0.1765020E+10    0.1155334E+10
 419     -0.262217E+09    0.6989928E+09    0.7428222E+09
 420     -0.256475E+10   -0.3895462E+09    0.2063227E+09
 421     -0.130357E+10    0.4231183E+10   -0.1013487E+10
 422      0.150889E+09    0.4421175E+10   -0.1306569E+10
 423     -0.323246E+08    0.4551443E+10   -0.1285513E+10
 424      0.639887E+08    0.4290003E+10   -0.7889729E+09
 425      0.206807E+08    0.4074974E+10   -0.4652618E+09
 426     -0.223002E+08    0.3785430E+10   -0.5370971E+09
 427     -0.122594E+08    0.3610078E+10   -0.6458967E+09
 428      0.347130E+07    0.3640297E+10   -0.5720722E+09
 429      0.445359E+07    0.3629182E+10   -0.4822481E+09
 430      0.464910E+07    0.3621126E+10   -0.3420985E+09
 431      0.540272E+07    0.3614609E+10   -0.2065718E+09
 432      0.617795E+07    0.3610820E+10   -0.4497007E+08
 433      0.760038E+07    0.3608418E+10    0.1159360E+09
 434      0.987068E+07    0.3608600E+10    0.3079166E+09
 435      0.120385E+08    0.3611448E+10    0.5007210E+09
 436      0.202910E+08    0.3617446E+10    0.7375555E+09
 437      0.163189E+08    0.3635024E+10    0.9871218E+09
 438      0.598788E+08    0.3648681E+10    0.1272609E+10
 439     -0.371222E+08    0.3744399E+10    0.1747658E+10
 440      0.191156E+09    0.3713661E+10    0.1586027E+10
 441     -0.129931E+10    0.3610799E+10    0.1165744E+10
