   1     -0.605679E+09    0.3960121E+07   -0.3639348E+06
   2     -0.523210E+09   -0.7355068E+07   -0.8365345E+05
   3     -0.416934E+09   -0.1982483E+08    0.9581677E+05
   4     -0.297468E+09   -0.4793577E+08    0.5997432E+05
   5     -0.166387E+09   -0.7558618E+08    0.1168022E+06
   6     -0.309225E+08   -0.1079578E+09    0.2066140E+06
   7      0.105542E+09   -0.1397506E+09    0.2690231E+06
   8      0.239362E+09   -0.1697790E+09    0.5606409E+06
   9      0.369045E+09   -0.1970941E+09    0.1256948E+07
  10      0.491290E+09   -0.2380086E+09    0.5873655E+07
  11      0.554759E+09   -0.2870518E+09    0.8118624E+07
  12      0.567274E+09   -0.3154463E+09    0.3247032E+07
  13      0.538408E+09   -0.3364250E+09    0.6480742E+06
  14      0.478271E+09   -0.3207678E+09    0.3387944E+06
  15      0.367364E+09   -0.3059212E+09   -0.4496498E+06
  16      0.215663E+09   -0.2653078E+09   -0.1023933E+07
  17      0.152213E+08   -0.2244922E+09   -0.2298543E+07
  18     -0.244944E+09   -0.1592924E+09   -0.4566511E+07
  19     -0.536271E+09   -0.8813544E+08   -0.6161977E+07
  20     -0.858631E+09   -0.3525784E+08   -0.4513096E+07
  21     -0.113388E+10    0.1128477E+08   -0.2643304E+07
  22     -0.618940E+09    0.3251822E+07    0.1202658E+07
  23     -0.533638E+09   -0.8596133E+07    0.1161644E+08
  24     -0.424449E+09   -0.2127345E+08    0.2199510E+08
  25     -0.302159E+09   -0.4872154E+08    0.2663688E+08
  26     -0.168605E+09   -0.7601425E+08    0.3118468E+08
  27     -0.310423E+08   -0.1077778E+09    0.3118953E+08
  28      0.106726E+09   -0.1390533E+09    0.3106738E+08
  29      0.241250E+09   -0.1680600E+09    0.2908749E+08
  30      0.368874E+09   -0.1970741E+09    0.2799404E+08
  31      0.487998E+09   -0.2207432E+09    0.3002968E+08
  32      0.568088E+09   -0.2448228E+09    0.2973745E+08
  33      0.581444E+09   -0.2553110E+09    0.1395026E+08
  34      0.552663E+09   -0.2654698E+09   -0.2206802E+06
  35      0.491835E+09   -0.2524718E+09   -0.1386169E+08
  36      0.381149E+09   -0.2383877E+09   -0.2789057E+08
  37      0.226283E+09   -0.1997208E+09   -0.3894109E+08
  38      0.230570E+08   -0.1598329E+09   -0.4996024E+08
  39     -0.241273E+09   -0.1105707E+09   -0.5334810E+08
  40     -0.543572E+09   -0.5902410E+08   -0.5861801E+08
  41     -0.879949E+09   -0.2423487E+08   -0.3613839E+08
  42     -0.120118E+10    0.6893213E+07   -0.1122518E+08
  43     -0.632091E+09    0.3987871E+07    0.2409493E+07
  44     -0.544014E+09   -0.7526404E+07    0.2323916E+08
  45     -0.431943E+09   -0.2026650E+08    0.4399808E+08
  46     -0.306880E+09   -0.4834379E+08    0.5326886E+08
  47     -0.170887E+09   -0.7596235E+08    0.6235820E+08
  48     -0.312903E+08   -0.1071529E+09    0.6231388E+08
  49      0.107682E+09   -0.1379704E+09    0.6207754E+08
  50      0.242694E+09   -0.1642288E+09    0.5780658E+08
  51      0.367985E+09   -0.1903787E+09    0.5438735E+08
  52      0.483822E+09   -0.2022047E+09    0.5230716E+08
  53      0.581588E+09   -0.2143126E+09    0.5032077E+08
  54      0.596648E+09   -0.2221810E+09    0.2529870E+08
  55      0.567815E+09   -0.2289217E+09   -0.1248870E+07
  56      0.506532E+09   -0.2102495E+09   -0.2879680E+08
  57      0.395273E+09   -0.1914381E+09   -0.5563683E+08
  58      0.237846E+09   -0.1587127E+09   -0.7648613E+08
  59      0.309531E+08   -0.1252800E+09   -0.9705667E+08
  60     -0.236836E+09   -0.8269670E+08   -0.1018615E+09
  61     -0.549798E+09   -0.3629915E+08   -0.1114649E+09
  62     -0.902838E+09   -0.1112462E+08   -0.6660768E+08
  63     -0.127411E+10    0.9370203E+07   -0.1662048E+08
  64     -0.672312E+09    0.3280356E+07    0.3849879E+07
  65     -0.575381E+09   -0.8967585E+07    0.3520723E+08
  66     -0.454177E+09   -0.2216654E+08    0.6645095E+08
  67     -0.320319E+09   -0.4953125E+08    0.7967835E+08
  68     -0.176552E+09   -0.7673427E+08    0.9265338E+08
  69     -0.303541E+08   -0.1063160E+09    0.9119543E+08
  70      0.113365E+09   -0.1356443E+09    0.8963998E+08
  71      0.251455E+09   -0.1581098E+09    0.7997735E+08
  72      0.378012E+09   -0.1801999E+09    0.7044819E+08
  73      0.493896E+09   -0.1892886E+09    0.5907676E+08
  74      0.592563E+09   -0.1975702E+09    0.5082323E+08
  75      0.631369E+09   -0.1925856E+09    0.2215388E+08
  76      0.604368E+09   -0.1882716E+09   -0.1095457E+08
  77      0.540977E+09   -0.1727058E+09   -0.4581746E+08
  78      0.427618E+09   -0.1564261E+09   -0.7987895E+08
  79      0.265027E+09   -0.1259580E+09   -0.1062017E+09
  80      0.459233E+08   -0.9435988E+08   -0.1323220E+09
  81     -0.232515E+09   -0.5983573E+08   -0.1349977E+09
  82     -0.569926E+09   -0.2523507E+08   -0.1408033E+09
  83     -0.966854E+09   -0.9943238E+07   -0.7984662E+08
  84     -0.139897E+10    0.4033808E+07   -0.1464207E+08
  85     -0.712374E+09    0.4080530E+07    0.5308112E+07
  86     -0.606684E+09   -0.8105835E+07    0.4721364E+08
  87     -0.476377E+09   -0.2171398E+08    0.8895796E+08
  88     -0.333757E+09   -0.4981987E+08    0.1061290E+09
  89     -0.182193E+09   -0.7736512E+08    0.1229858E+09
  90     -0.293508E+08   -0.1058567E+09    0.1200567E+09
  91      0.119223E+09   -0.1339194E+09    0.1170723E+09
  92      0.260669E+09   -0.1536722E+09    0.1019605E+09
  93      0.388771E+09   -0.1730383E+09    0.8677602E+08
  94      0.504776E+09   -0.1784884E+09    0.6778127E+08
  95      0.602569E+09   -0.1834837E+09    0.5230567E+08
  96      0.666273E+09   -0.1747414E+09    0.1755119E+08
  97      0.640281E+09   -0.1657613E+09   -0.2151333E+08
  98      0.574320E+09   -0.1480742E+09   -0.6231928E+08
  99      0.460806E+09   -0.1310647E+09   -0.1033592E+09
 100      0.291757E+09   -0.1047513E+09   -0.1364309E+09
 101      0.604200E+08   -0.7601670E+08   -0.1686390E+09
 102     -0.228684E+09   -0.4742815E+08   -0.1677579E+09
 103     -0.592294E+09   -0.1928165E+08   -0.1687563E+09
 104     -0.102994E+10   -0.6742536E+07   -0.9376604E+08
 105     -0.151926E+10    0.4411745E+07   -0.1538740E+08
 106     -0.781346E+09    0.3323365E+07    0.7315331E+07
 107     -0.659374E+09   -0.9805547E+07    0.5996346E+08
 108     -0.512453E+09   -0.2410266E+08    0.1123457E+09
 109     -0.354073E+09   -0.5137310E+08    0.1321861E+09
 110     -0.188694E+09   -0.7830413E+08    0.1516462E+09
 111     -0.241999E+08   -0.1046700E+09    0.1456249E+09
 112      0.133335E+09   -0.1306039E+09    0.1395747E+09
 113      0.281395E+09   -0.1471277E+09    0.1180661E+09
 114      0.413789E+09   -0.1636011E+09    0.9671354E+08
 115      0.531784E+09   -0.1648422E+09    0.6901513E+08
 116      0.629888E+09   -0.1637339E+09    0.4319491E+08
 117      0.705722E+09   -0.1518726E+09    0.6721392E+07
 118      0.686197E+09   -0.1429493E+09   -0.3250020E+08
 119      0.619263E+09   -0.1285594E+09   -0.7841621E+08
 120      0.504088E+09   -0.1121170E+09   -0.1238169E+09
 121      0.327603E+09   -0.8918012E+08   -0.1589588E+09
 122      0.794099E+08   -0.6594237E+08   -0.1949668E+09
 123     -0.233082E+09   -0.4136077E+08   -0.1906912E+09
 124     -0.632399E+09   -0.1693236E+08   -0.1872175E+09
 125     -0.111380E+10   -0.6681635E+07   -0.1032561E+09
 126     -0.167151E+10    0.2872177E+07   -0.1571290E+08
 127     -0.850123E+09    0.4183503E+07    0.9373327E+07
 128     -0.712031E+09   -0.9158033E+07    0.7282573E+08
 129     -0.548533E+09   -0.2422314E+08    0.1358939E+09
 130     -0.374431E+09   -0.5200988E+08    0.1584190E+09
 131     -0.195184E+09   -0.7889591E+08    0.1805152E+09
 132     -0.189545E+08   -0.1032260E+09    0.1714145E+09
 133      0.147661E+09   -0.1269455E+09    0.1623395E+09
 134      0.302425E+09   -0.1404065E+09    0.1344193E+09
 135      0.439249E+09   -0.1535016E+09    0.1068296E+09
 136      0.559620E+09   -0.1534957E+09    0.7023016E+08
 137      0.658959E+09   -0.1531007E+09    0.3426525E+08
 138      0.742630E+09   -0.1416914E+09   -0.3562079E+07
 139      0.732597E+09   -0.1301736E+09   -0.4315211E+08
 140      0.664997E+09   -0.1134007E+09   -0.9474113E+08
 141      0.546632E+09   -0.9651432E+08   -0.1453410E+09
 142      0.362960E+09   -0.7604878E+08   -0.1816416E+09
 143      0.100084E+09   -0.5588020E+08   -0.2204389E+09
 144     -0.238813E+09   -0.3655408E+08   -0.2142692E+09
 145     -0.671947E+09   -0.1506710E+08   -0.2072713E+09
 146     -0.119738E+10   -0.4221436E+07   -0.1129720E+09
 147     -0.182214E+10    0.4505604E+07   -0.1506620E+08
 148     -0.951104E+09    0.3222460E+07    0.1247122E+08
 149     -0.786311E+09   -0.1105191E+08    0.8657116E+08
 150     -0.596581E+09   -0.2680880E+08    0.1600230E+09
 151     -0.398398E+09   -0.5278984E+08    0.1828838E+09
 152     -0.198974E+09   -0.7800073E+08    0.2052696E+09
 153     -0.647358E+07   -0.9846212E+08    0.1912988E+09
 154      0.172125E+09   -0.1182220E+09    0.1775135E+09
 155      0.335246E+09   -0.1273807E+09    0.1436887E+09
 156      0.477728E+09   -0.1362225E+09    0.1102753E+09
 157      0.601216E+09   -0.1344143E+09    0.6862631E+08
 158      0.702268E+09   -0.1326198E+09    0.2776898E+08
 159      0.783096E+09   -0.1213499E+09   -0.1472841E+08
 160      0.784556E+09   -0.1094643E+09   -0.5843132E+08
 161      0.716598E+09   -0.9385387E+08   -0.1096339E+09
 162      0.593169E+09   -0.7896749E+08   -0.1606060E+09
 163      0.399508E+09   -0.6391845E+08   -0.1971647E+09
 164      0.122946E+09   -0.4878574E+08   -0.2351558E+09
 165     -0.246473E+09   -0.3396081E+08   -0.2293073E+09
 166     -0.718326E+09   -0.1771426E+08   -0.2242515E+09
 167     -0.130026E+10   -0.7080332E+07   -0.1221919E+09
 168     -0.199379E+10    0.2289888E+07   -0.1568368E+08
 169     -0.105196E+10    0.4027766E+07    0.1568314E+08
 170     -0.860654E+09   -0.1053104E+08    0.1005431E+09
 171     -0.644851E+09   -0.2722035E+08    0.1844921E+09
 172     -0.422577E+09   -0.5208990E+08    0.2077350E+09
 173     -0.202896E+09   -0.7538722E+08    0.2304798E+09
 174      0.602888E+07   -0.9042501E+08    0.2116443E+09
 175      0.196742E+09   -0.1045746E+09    0.1931545E+09
 176      0.368349E+09   -0.1075712E+09    0.1533911E+09
 177      0.516518E+09   -0.1103964E+09    0.1141986E+09
 178      0.642949E+09   -0.1053301E+09    0.6736199E+08
 179      0.745468E+09   -0.1004944E+09    0.2124411E+08
 180      0.825502E+09   -0.9013472E+08   -0.2593128E+08
 181      0.836386E+09   -0.7951861E+08   -0.7351679E+08
 182      0.767973E+09   -0.6925035E+08   -0.1248261E+09
 183      0.638916E+09   -0.5946255E+08   -0.1764038E+09
 184      0.435900E+09   -0.4787601E+08   -0.2137098E+09
 185      0.143605E+09   -0.3568185E+08   -0.2518273E+09
 186     -0.253562E+09   -0.2337894E+08   -0.2446873E+09
 187     -0.763445E+09   -0.1035536E+08   -0.2401192E+09
 188     -0.140376E+10   -0.3216038E+07   -0.1313076E+09
 189     -0.216556E+10    0.2874940E+07   -0.1688572E+08
 190     -0.118878E+10    0.2592897E+07    0.2067467E+08
 191     -0.955330E+09   -0.1226828E+08    0.1146863E+09
 192     -0.700159E+09   -0.2908968E+08    0.2071430E+09
 193     -0.443983E+09   -0.4906992E+08    0.2258890E+09
 194     -0.198376E+09   -0.6742393E+08    0.2442776E+09
 195      0.294113E+08   -0.7373800E+08    0.2181215E+09
 196      0.232158E+09   -0.7905769E+08    0.1927339E+09
 197      0.410579E+09   -0.7344757E+08    0.1490008E+09
 198      0.562526E+09   -0.6780217E+08    0.1062270E+09
 199      0.689897E+09   -0.5839749E+08    0.5911457E+08
 200      0.793248E+09   -0.4938226E+08    0.1257697E+08
 201      0.872489E+09   -0.4115773E+08   -0.3388422E+08
 202      0.884074E+09   -0.3273054E+08   -0.7984058E+08
 203      0.816970E+09   -0.3015658E+08   -0.1272664E+09
 204      0.685721E+09   -0.2915406E+08   -0.1761808E+09
 205      0.476041E+09   -0.2843428E+08   -0.2161057E+09
 206      0.164142E+09   -0.2649365E+08   -0.2568654E+09
 207     -0.258121E+09   -0.1910926E+08   -0.2520804E+09
 208     -0.813284E+09   -0.1108803E+08   -0.2490125E+09
 209     -0.151659E+10   -0.4950020E+07   -0.1367591E+09
 210     -0.236339E+10    0.5278170E+06   -0.1930036E+08
 211     -0.132533E+10    0.2946061E+07    0.2610225E+08
 212     -0.105047E+10   -0.1205781E+08    0.1293049E+09
 213     -0.756098E+09   -0.2948031E+08    0.2303728E+09
 214     -0.465893E+09   -0.4342638E+08    0.2447396E+09
 215     -0.194238E+09   -0.5472325E+08    0.2588980E+09
 216      0.528650E+08   -0.4781299E+08    0.2253474E+09
 217      0.267818E+09   -0.3984054E+08    0.1929704E+09
 218      0.453305E+09   -0.2137144E+08    0.1451139E+09
 219      0.609054E+09   -0.3165439E+07    0.9858088E+08
 220      0.737477E+09    0.1250153E+08    0.5114436E+08
 221      0.841778E+09    0.2731422E+08    0.4161726E+07
 222      0.920327E+09    0.3326811E+08   -0.4190568E+08
 223      0.931957E+09    0.3878130E+08   -0.8645187E+08
 224      0.866234E+09    0.3174703E+08   -0.1302424E+09
 225      0.733829E+09    0.2470427E+08   -0.1768262E+09
 226      0.516153E+09    0.1043952E+08   -0.2179036E+09
 227      0.184392E+09   -0.6653772E+07   -0.2599426E+09
 228     -0.262212E+09   -0.1033921E+08   -0.2608263E+09
 229     -0.867679E+09   -0.7794051E+07   -0.2612964E+09
 230     -0.162912E+10   -0.8006158E+06   -0.1428057E+09
 231     -0.256223E+10    0.2933496E+07   -0.2060526E+08
 232     -0.150264E+10    0.2449257E+06    0.3505928E+08
 233     -0.115877E+10   -0.1277111E+08    0.1415738E+09
 234     -0.807286E+09   -0.2836582E+08    0.2445573E+09
 235     -0.472365E+09   -0.3027040E+08    0.2448499E+09
 236     -0.171834E+09   -0.2901597E+08    0.2456264E+09
 237      0.914857E+08   -0.3604943E+07    0.2018864E+09
 238      0.312833E+09    0.2294296E+08    0.1603695E+09
 239      0.498024E+09    0.5755892E+08    0.1135746E+09
 240      0.651744E+09    0.9163211E+08    0.6858071E+08
 241      0.776273E+09    0.1149100E+09    0.3012136E+08
 242      0.879581E+09    0.1372348E+09   -0.7840595E+07
 243      0.957056E+09    0.1385418E+09   -0.4258635E+08
 244      0.964121E+09    0.1391224E+09   -0.7561526E+08
 245      0.903200E+09    0.1183827E+09   -0.1096291E+09
 246      0.776364E+09    0.9535583E+08   -0.1460244E+09
 247      0.558341E+09    0.6354058E+08   -0.1878105E+09
 248      0.218077E+09    0.3395041E+08   -0.2328273E+09
 249     -0.252307E+09    0.1495873E+08   -0.2437785E+09
 250     -0.911856E+09   -0.4100719E+07   -0.2563461E+09
 251     -0.174341E+10   -0.3293543E+07   -0.1440494E+09
 252     -0.277661E+10   -0.2403342E+07   -0.2488448E+08
 253     -0.168055E+10    0.5697265E+06    0.4486646E+08
 254     -0.126799E+10   -0.1218208E+08    0.1547203E+09
 255     -0.860596E+09   -0.2679944E+08    0.2601086E+09
 256     -0.479686E+09   -0.1160054E+08    0.2464419E+09
 257     -0.150204E+09    0.8051566E+07    0.2338235E+09
 258      0.130811E+09    0.6163206E+08    0.1795203E+09
 259      0.358488E+09    0.1155066E+09    0.1283308E+09
 260      0.543706E+09    0.1729025E+09    0.8242012E+08
 261      0.695207E+09    0.2287074E+09    0.3871955E+08
 262      0.815696E+09    0.2622297E+09    0.9016983E+07
 263      0.917562E+09    0.2952747E+09   -0.2025834E+08
 264      0.995202E+09    0.2926153E+09   -0.4312378E+08
 265      0.997387E+09    0.2872081E+09   -0.6398363E+08
 266      0.940420E+09    0.2427281E+09   -0.8793573E+08
 267      0.818960E+09    0.1970451E+09   -0.1143620E+09
 268      0.601907E+09    0.1393248E+09   -0.1593320E+09
 269      0.252506E+09    0.7991723E+08   -0.2088472E+09
 270     -0.245687E+09    0.4109173E+08   -0.2280350E+09
 271     -0.953175E+09    0.6970718E+07   -0.2511954E+09
 272     -0.186022E+10    0.3347529E+07   -0.1455631E+09
 273     -0.299088E+10   -0.1184646E+07   -0.3014580E+08
 274     -0.189787E+10   -0.6268586E+07    0.6000214E+08
 275     -0.137157E+10   -0.9693496E+07    0.1586216E+09
 276     -0.881135E+09   -0.1682803E+08    0.2492709E+09
 277     -0.447872E+09    0.2579878E+08    0.2032167E+09
 278     -0.955473E+08    0.7483032E+08    0.1610891E+09
 279      0.186068E+09    0.1634721E+09    0.9704813E+08
 280      0.404558E+09    0.2523285E+09    0.3843019E+08
 281      0.574395E+09    0.3347239E+09    0.5771467E+07
 282      0.713783E+09    0.4151919E+09   -0.2427531E+08
 283      0.823576E+09    0.4579988E+09   -0.3081316E+08
 284      0.922142E+09    0.5006389E+09   -0.3830515E+08
 285      0.988497E+09    0.4897275E+09   -0.3039410E+08
 286      0.993813E+09    0.4750708E+09   -0.1917091E+08
 287      0.948397E+09    0.4091431E+09   -0.2327102E+08
 288      0.845533E+09    0.3426845E+09   -0.3004381E+08
 289      0.644911E+09    0.2509288E+09   -0.7103182E+08
 290      0.306804E+09    0.1571377E+09   -0.1177205E+09
 291     -0.206270E+09    0.8575795E+08   -0.1630036E+09
 292     -0.954301E+09    0.1947030E+08   -0.2139582E+09
 293     -0.195167E+10    0.5662111E+07   -0.1319602E+09
 294     -0.320947E+10   -0.9347716E+07   -0.3875390E+08
 295     -0.211712E+10   -0.7297144E+06    0.7808340E+08
 296     -0.147818E+10   -0.7817857E+07    0.1645801E+09
 297     -0.909708E+09   -0.9893248E+07    0.2426261E+09
 298     -0.414726E+09    0.7867404E+08    0.1634345E+09
 299     -0.416595E+08    0.1716330E+09    0.8961543E+08
 300      0.244566E+09    0.3132668E+09    0.1513169E+08
 301      0.452117E+09    0.4498931E+09   -0.5265232E+08
 302      0.606265E+09    0.5633901E+09   -0.7151400E+08
 303      0.732875E+09    0.6734773E+09   -0.8786067E+08
 304      0.831306E+09    0.7258938E+09   -0.7027192E+08
 305      0.929060E+09    0.7775066E+09   -0.5525806E+08
 306      0.979294E+09    0.7576336E+09   -0.1627754E+08
 307      0.990610E+09    0.7356479E+09    0.2713767E+08
 308      0.958819E+09    0.6451768E+09    0.4233296E+08
 309      0.873755E+09    0.5521777E+09    0.5586451E+08
 310      0.690759E+09    0.4150474E+09    0.1786064E+08
 311      0.360181E+09    0.2711258E+09   -0.2668554E+08
 312     -0.162665E+09    0.1509669E+09   -0.1002503E+09
 313     -0.966201E+09    0.3358413E+08   -0.1807440E+09
 314     -0.204670E+10    0.1119308E+08   -0.1210546E+09
 315     -0.343175E+10   -0.4398264E+07   -0.5009634E+08
 316     -0.236303E+10   -0.2865980E+08    0.1059309E+09
 317     -0.152930E+10    0.3330848E+07    0.1423779E+09
 318     -0.835692E+09    0.2984715E+08    0.1582272E+09
 319     -0.310346E+09    0.1802312E+09    0.1899916E+08
 320      0.536706E+08    0.3421522E+09   -0.1006461E+09
 321      0.298541E+09    0.5371463E+09   -0.1657618E+09
 322      0.469952E+09    0.7282151E+09   -0.2210622E+09
 323      0.589499E+09    0.8674058E+09   -0.2035824E+09
 324      0.693989E+09    0.1003968E+10   -0.1854196E+09
 325      0.776094E+09    0.1064103E+10   -0.1274012E+09
 326      0.863047E+09    0.1124066E+10   -0.6980280E+08
 327      0.895238E+09    0.1094972E+10    0.1402399E+08
 328      0.920801E+09    0.1066120E+10    0.9952202E+08
 329      0.907161E+09    0.9515159E+09    0.1570345E+09
 330      0.851569E+09    0.8339400E+09    0.2151044E+09
 331      0.709091E+09    0.6448393E+09    0.2022585E+09
 332      0.431676E+09    0.4509108E+09    0.1810644E+09
 333     -0.591910E+08    0.2643655E+09    0.7411036E+08
 334     -0.870816E+09    0.8402822E+08   -0.5414397E+08
 335     -0.205287E+10    0.2611716E+08   -0.7352177E+08
 336     -0.363541E+10   -0.3171654E+08   -0.6977736E+08
 337     -0.264172E+10    0.2694591E+08    0.1588777E+09
 338     -0.158316E+10    0.2041717E+08    0.1280785E+09
 339     -0.793811E+09    0.6425524E+08    0.8552080E+08
 340     -0.184159E+09    0.3495392E+09   -0.1185320E+09
 341      0.154265E+09    0.6063599E+09   -0.3036892E+09
 342      0.356808E+09    0.8744119E+09   -0.3531828E+09
 343      0.488337E+09    0.1121387E+10   -0.3945053E+09
 344      0.571429E+09    0.1280137E+10   -0.3386633E+09
 345      0.652398E+09    0.1437588E+10   -0.2839775E+09
 346      0.720404E+09    0.1500698E+10   -0.1846450E+09
 347      0.790069E+09    0.1563923E+10   -0.8240216E+08
 348      0.810791E+09    0.1529544E+10    0.4734919E+08
 349      0.849456E+09    0.1498808E+10    0.1750067E+09
 350      0.854311E+09    0.1369155E+10    0.2770321E+09
 351      0.831157E+09    0.1237212E+10    0.3814642E+09
 352      0.733245E+09    0.9975679E+09    0.3940894E+09
 353      0.511195E+09    0.7389555E+09    0.4008093E+09
 354      0.637686E+08    0.4526772E+09    0.2435794E+09
 355     -0.798035E+09    0.1344307E+09    0.6197839E+08
 356     -0.206439E+10    0.4961360E+08   -0.3417541E+08
 357     -0.387536E+10    0.1507873E+08   -0.1099158E+09
 358     -0.286296E+10   -0.1240112E+09    0.1863407E+09
 359     -0.143646E+10    0.7384593E+08    0.7089019E+06
 360     -0.487361E+09    0.2642760E+09   -0.2389241E+09
 361     -0.202977E+08    0.6630453E+09   -0.4884838E+09
 362      0.218157E+09    0.1069988E+10   -0.6534969E+09
 363      0.337786E+09    0.1357251E+10   -0.6264050E+09
 364      0.418965E+09    0.1637503E+10   -0.6038991E+09
 365      0.466684E+09    0.1794455E+10   -0.4950249E+09
 366      0.525253E+09    0.1954678E+10   -0.3905620E+09
 367      0.575834E+09    0.2014270E+10   -0.2431320E+09
 368      0.618827E+09    0.2074302E+10   -0.9248078E+08
 369      0.643956E+09    0.2042946E+10    0.7971624E+08
 370      0.682095E+09    0.2016746E+10    0.2506307E+09
 371      0.696721E+09    0.1885980E+10    0.4122343E+09
 372      0.703475E+09    0.1757719E+10    0.5773720E+09
 373      0.651241E+09    0.1485032E+10    0.6696731E+09
 374      0.521847E+09    0.1202377E+10    0.7700583E+09
 375      0.197745E+09    0.7746947E+09    0.6482954E+09
 376     -0.473088E+09    0.3467049E+09    0.4483109E+09
 377     -0.181828E+10    0.1126975E+09    0.1370586E+09
 378     -0.397250E+10   -0.1178324E+09   -0.1206260E+09
 379     -0.371859E+10    0.2671120E+09    0.6381092E+09
 380     -0.112519E+10    0.2896039E+09   -0.5038355E+08
 381     -0.126359E+09    0.5620243E+09   -0.7461433E+09
 382      0.138335E+09    0.1312772E+10   -0.9186982E+09
 383      0.281096E+09    0.1805063E+10   -0.1018971E+10
 384      0.306818E+09    0.2054789E+10   -0.9124601E+09
 385      0.341937E+09    0.2311681E+10   -0.8158023E+09
 386      0.354308E+09    0.2436990E+10   -0.6526474E+09
 387      0.395226E+09    0.2572139E+10   -0.4950754E+09
 388      0.423681E+09    0.2621528E+10   -0.2980307E+09
 389      0.448348E+09    0.2674414E+10   -0.9973207E+08
 390      0.473808E+09    0.2659435E+10    0.1148766E+09
 391      0.512316E+09    0.2649604E+10    0.3303639E+09
 392      0.534434E+09    0.2548114E+10    0.5526241E+09
 393      0.571657E+09    0.2455260E+10    0.7793258E+09
 394      0.559643E+09    0.2200146E+10    0.9623632E+09
 395      0.535975E+09    0.1952625E+10    0.1159005E+10
 396      0.332760E+09    0.1425372E+10    0.1114682E+10
 397     -0.866735E+08    0.6625999E+09    0.9956983E+09
 398     -0.141281E+10    0.3278031E+09    0.2348760E+09
 399     -0.471741E+10    0.2144526E+09   -0.4916055E+09
 400     -0.285181E+10   -0.4570839E+09   -0.1564836E+09
 401     -0.410165E+09    0.8362650E+09   -0.9170121E+09
 402     -0.103700E+09    0.2059669E+10   -0.1469114E+10
 403      0.890250E+08    0.2415448E+10   -0.1307947E+10
 404      0.135980E+09    0.2801388E+10   -0.1234894E+10
 405      0.150279E+09    0.2934339E+10   -0.1069113E+10
 406      0.165356E+09    0.3086124E+10   -0.9140081E+09
 407      0.171402E+09    0.3159409E+10   -0.7325997E+09
 408      0.195046E+09    0.3239858E+10   -0.5523821E+09
 409      0.207426E+09    0.3281737E+10   -0.3397658E+09
 410      0.224344E+09    0.3329515E+10   -0.1278817E+09
 411      0.237344E+09    0.3341759E+10    0.1078090E+09
 412      0.260221E+09    0.3358916E+10    0.3444066E+09
 413      0.272860E+09    0.3314445E+10    0.6068095E+09
 414      0.296146E+09    0.3277447E+10    0.8726896E+09
 415      0.294452E+09    0.3115875E+10    0.1143316E+10
 416      0.287667E+09    0.2969423E+10    0.1428334E+10
 417      0.211148E+09    0.2525421E+10    0.1586590E+10
 418     -0.519297E+08    0.2076698E+10    0.1851045E+10
 419     -0.533839E+09    0.8497398E+09    0.1158461E+10
 420     -0.342931E+10   -0.4031403E+09    0.2927636E+09
 421     -0.132945E+10    0.4544219E+10   -0.1070094E+10
 422      0.127429E+09    0.4414425E+10   -0.1733202E+10
 423     -0.856913E+08    0.4242127E+10   -0.2025828E+10
 424      0.217277E+08    0.4097476E+10   -0.1629275E+10
 425     -0.102575E+08    0.4025186E+10   -0.1417502E+10
 426     -0.151460E+07    0.3975025E+10   -0.1201198E+10
 427     -0.487867E+07    0.3933125E+10   -0.9998617E+09
 428     -0.375570E+07    0.3922170E+10   -0.8038010E+09
 429      0.740919E+05    0.3927262E+10   -0.6058295E+09
 430     -0.326064E+06    0.3976681E+10   -0.3803166E+09
 431      0.526109E+07    0.4025199E+10   -0.1561798E+09
 432      0.719961E+07    0.4080136E+10    0.9947652E+08
 433      0.134587E+08    0.4137231E+10    0.3554640E+09
 434      0.177313E+08    0.4181634E+10    0.6556886E+09
 435      0.249561E+08    0.4232200E+10    0.9585881E+09
 436      0.339567E+08    0.4243941E+10    0.1307127E+10
 437      0.349008E+08    0.4270135E+10    0.1675090E+10
 438      0.720045E+08    0.4216705E+10    0.2010336E+10
 439     -0.336747E+08    0.4251092E+10    0.2574438E+10
 440      0.189380E+09    0.4046859E+10    0.2134627E+10
 441     -0.145543E+10    0.3755720E+10    0.1370422E+10
