   1      0.698677E+09   -0.7245463E+07   -0.5699330E+07
   2      0.698190E+09    0.3981363E+08   -0.8248453E+07
   3      0.562174E+09    0.9205829E+08   -0.9353710E+07
   4      0.361193E+09    0.1393432E+09   -0.6936472E+07
   5      0.124622E+09    0.1837884E+09   -0.6337022E+07
   6     -0.126223E+09    0.1951866E+09   -0.5305736E+07
   7     -0.354174E+09    0.2092290E+09   -0.5304556E+07
   8     -0.549008E+09    0.1516082E+09    0.1267030E+07
   9     -0.679267E+09    0.6908161E+08    0.1974292E+08
  10     -0.669025E+09   -0.5639311E+08    0.1763524E+08
  11     -0.487747E+09   -0.1528868E+09    0.3148746E+07
  12     -0.338492E+09   -0.1516011E+09    0.7324967E+06
  13     -0.220587E+09   -0.1578173E+09    0.3105802E+06
  14     -0.115589E+09   -0.1408077E+09    0.2593521E+06
  15     -0.247138E+08   -0.1240597E+09    0.1678126E+06
  16      0.612588E+08   -0.9681990E+08    0.1605691E+06
  17      0.145133E+09   -0.6951870E+08    0.1382231E+06
  18      0.232668E+09   -0.4387190E+08    0.1404882E+06
  19      0.330736E+09   -0.1812879E+08    0.5458267E+05
  20      0.441489E+09   -0.6659862E+07    0.1508910E+06
  21      0.574496E+09    0.3636256E+07    0.3449744E+06
  22      0.754642E+09   -0.4105559E+07   -0.1204354E+08
  23      0.710940E+09    0.1366121E+08   -0.2767030E+08
  24      0.561502E+09    0.3513750E+08   -0.4081359E+08
  25      0.351720E+09    0.6114575E+08   -0.2904899E+08
  26      0.108538E+09    0.8560231E+08   -0.1935494E+08
  27     -0.148053E+09    0.7869561E+08    0.2850589E+07
  28     -0.381545E+09    0.7013471E+08    0.2540786E+08
  29     -0.583767E+09    0.1292877E+08    0.5902502E+08
  30     -0.698429E+09   -0.5229185E+08    0.9704218E+08
  31     -0.623295E+09   -0.1042570E+09    0.6452485E+08
  32     -0.462802E+09   -0.1474598E+09    0.2486433E+08
  33     -0.323396E+09   -0.1533946E+09    0.7209176E+07
  34     -0.209218E+09   -0.1592201E+09   -0.8091512E+07
  35     -0.107552E+09   -0.1420393E+09   -0.1586361E+08
  36     -0.194932E+08   -0.1251644E+09   -0.2398156E+08
  37      0.635067E+08   -0.9795854E+08   -0.2625142E+08
  38      0.144311E+09   -0.7071017E+08   -0.2852994E+08
  39      0.228682E+09   -0.4511209E+08   -0.2460014E+08
  40      0.323675E+09   -0.1967832E+08   -0.2057377E+08
  41      0.431616E+09   -0.7878406E+07   -0.1073883E+08
  42      0.562453E+09    0.3046815E+07   -0.9898951E+06
  43      0.819119E+09   -0.8210911E+06   -0.1722903E+08
  44      0.726162E+09    0.2274947E+07   -0.4541402E+08
  45      0.561222E+09    0.6650945E+07   -0.7023313E+08
  46      0.342029E+09    0.7247521E+07   -0.5001971E+08
  47      0.916788E+08    0.7972879E+07   -0.3206513E+08
  48     -0.171421E+09   -0.1001708E+08    0.1056315E+08
  49     -0.409746E+09   -0.3091948E+08    0.5612504E+08
  50     -0.629452E+09   -0.8789313E+08    0.1194393E+09
  51     -0.715515E+09   -0.1445615E+09    0.1712695E+09
  52     -0.573127E+09   -0.1553303E+09    0.1054378E+09
  53     -0.435420E+09   -0.1664241E+09    0.4584414E+08
  54     -0.307090E+09   -0.1688038E+09    0.1390206E+08
  55     -0.197353E+09   -0.1690670E+09   -0.1629130E+08
  56     -0.993121E+08   -0.1503159E+09   -0.3187170E+08
  57     -0.142137E+08   -0.1313058E+09   -0.4804012E+08
  58      0.657550E+08   -0.1025564E+09   -0.5256716E+08
  59      0.143485E+09   -0.7362196E+08   -0.5710326E+08
  60      0.224711E+09   -0.4655088E+08   -0.4923043E+08
  61      0.316708E+09   -0.1930098E+08   -0.4116900E+08
  62      0.421911E+09   -0.7082122E+07   -0.2147600E+08
  63      0.550745E+09    0.3874629E+07   -0.1948703E+07
  64      0.885733E+09    0.1064774E+07   -0.1251151E+08
  65      0.751600E+09   -0.7221329E+07   -0.3603073E+08
  66      0.558827E+09   -0.1498108E+08   -0.5800908E+08
  67      0.318299E+09   -0.3052404E+08   -0.3286628E+08
  68      0.484613E+08   -0.4598779E+08   -0.7752839E+07
  69     -0.224786E+09   -0.8274182E+08    0.4647424E+08
  70     -0.478819E+09   -0.1267650E+09    0.1099342E+09
  71     -0.680956E+09   -0.1632945E+09    0.1540259E+09
  72     -0.650702E+09   -0.1892647E+09    0.1726031E+09
  73     -0.513481E+09   -0.1879200E+09    0.1023135E+09
  74     -0.385953E+09   -0.1915556E+09    0.4676220E+08
  75     -0.268088E+09   -0.1864830E+09    0.8613967E+07
  76     -0.166567E+09   -0.1805361E+09   -0.2940556E+08
  77     -0.763618E+08   -0.1600999E+09   -0.5212985E+08
  78      0.913190E+06   -0.1389962E+09   -0.7510708E+08
  79      0.723512E+08   -0.1089627E+09   -0.8186900E+08
  80      0.140911E+09   -0.7865471E+08   -0.8856967E+08
  81      0.212512E+09   -0.5035221E+08   -0.7655349E+08
  82      0.294982E+09   -0.2209195E+08   -0.6422938E+08
  83      0.391289E+09   -0.8834221E+07   -0.3356790E+08
  84      0.513082E+09    0.3412887E+07   -0.3121724E+07
  85      0.943969E+09    0.4550432E+07   -0.9872273E+07
  86      0.776787E+09   -0.6499807E+07   -0.2837277E+08
  87      0.558016E+09   -0.1833417E+08   -0.4713155E+08
  88      0.294247E+09   -0.5005937E+08   -0.1571653E+08
  89      0.444956E+07   -0.8028452E+08    0.1691875E+08
  90     -0.278434E+09   -0.1258298E+09    0.8489556E+08
  91     -0.552636E+09   -0.1829074E+09    0.1695137E+09
  92     -0.719358E+09   -0.2169404E+09    0.1848527E+09
  93     -0.587121E+09   -0.2312826E+09    0.1705134E+09
  94     -0.458677E+09   -0.2174510E+09    0.1034480E+09
  95     -0.339049E+09   -0.2147864E+09    0.4804510E+08
  96     -0.230102E+09   -0.2068168E+09    0.2534361E+07
  97     -0.136113E+09   -0.1969901E+09   -0.4296675E+08
  98     -0.535488E+08   -0.1739441E+09   -0.7267858E+08
  99      0.159528E+08   -0.1502372E+09   -0.1023702E+09
 100      0.788649E+08   -0.1177532E+09   -0.1113361E+09
 101      0.138271E+09   -0.8484585E+08   -0.1201658E+09
 102      0.200273E+09   -0.5394268E+08   -0.1039677E+09
 103      0.273297E+09   -0.2262859E+08   -0.8735765E+08
 104      0.360794E+09   -0.8275365E+07   -0.4565761E+08
 105      0.475724E+09    0.4541743E+07   -0.4205655E+07
 106      0.969016E+09    0.5277347E+07   -0.9839428E+07
 107      0.780885E+09   -0.1177884E+08   -0.1156542E+08
 108      0.542378E+09   -0.3073307E+08   -0.1275448E+08
 109      0.256363E+09   -0.7250232E+08    0.2509580E+08
 110     -0.491329E+08   -0.1136828E+09    0.6280572E+08
 111     -0.347771E+09   -0.1582237E+09    0.1308828E+09
 112     -0.636014E+09   -0.2041788E+09    0.2149618E+09
 113     -0.676662E+09   -0.2240944E+09    0.2012168E+09
 114     -0.533450E+09   -0.2394765E+09    0.1640935E+09
 115     -0.401802E+09   -0.2359466E+09    0.1003607E+09
 116     -0.283477E+09   -0.2349445E+09    0.4257422E+08
 117     -0.178517E+09   -0.2233908E+09   -0.9704319E+07
 118     -0.914170E+08   -0.2114179E+09   -0.6161366E+08
 119     -0.179985E+08   -0.1865074E+09   -0.9756875E+08
 120      0.402340E+08   -0.1610594E+09   -0.1334798E+09
 121      0.898515E+08   -0.1269114E+09   -0.1449650E+09
 122      0.134016E+09   -0.9228918E+08   -0.1562642E+09
 123      0.179421E+09   -0.5947830E+08   -0.1358301E+09
 124      0.235288E+09   -0.2648070E+08   -0.1148581E+09
 125      0.306153E+09   -0.1056420E+08   -0.6018833E+08
 126      0.407013E+09    0.4054097E+07   -0.5729431E+07
 127      0.996027E+09    0.6770304E+07   -0.9095284E+07
 128      0.783361E+09   -0.1364609E+08    0.5639005E+07
 129      0.524508E+09   -0.3637572E+08    0.2159123E+08
 130      0.219620E+09   -0.8463502E+08    0.6531447E+08
 131     -0.101894E+09   -0.1337373E+09    0.1095358E+09
 132     -0.416062E+09   -0.1842775E+09    0.1752986E+09
 133     -0.719490E+09   -0.2312311E+09    0.2522544E+09
 134     -0.632509E+09   -0.2412854E+09    0.2177099E+09
 135     -0.481045E+09   -0.2518254E+09    0.1651537E+09
 136     -0.344924E+09   -0.2512782E+09    0.9913140E+08
 137     -0.227924E+09   -0.2512962E+09    0.3725309E+08
 138     -0.127115E+09   -0.2386895E+09   -0.2163563E+08
 139     -0.468861E+08   -0.2257467E+09   -0.8034868E+08
 140      0.174597E+08   -0.1994665E+09   -0.1226356E+09
 141      0.644198E+08   -0.1727044E+09   -0.1648517E+09
 142      0.100718E+09   -0.1365484E+09   -0.1788414E+09
 143      0.129623E+09   -0.9977380E+08   -0.1926039E+09
 144      0.158425E+09   -0.6404341E+08   -0.1678637E+09
 145      0.197221E+09   -0.2751010E+08   -0.1424845E+09
 146      0.251555E+09   -0.1001065E+08   -0.7473243E+08
 147      0.338532E+09    0.5489041E+07   -0.7128715E+07
 148      0.970768E+09    0.6079149E+07   -0.5382300E+07
 149      0.750136E+09   -0.1747128E+08    0.2923809E+08
 150      0.480602E+09   -0.4303018E+08    0.6450316E+08
 151      0.171681E+09   -0.9343198E+08    0.1146293E+09
 152     -0.158254E+09   -0.1448475E+09    0.1678792E+09
 153     -0.473687E+09   -0.1961388E+09    0.2234329E+09
 154     -0.726614E+09   -0.2441863E+09    0.2758440E+09
 155     -0.573103E+09   -0.2514916E+09    0.2253103E+09
 156     -0.417675E+09   -0.2592549E+09    0.1707958E+09
 157     -0.277540E+09   -0.2594734E+09    0.9966601E+08
 158     -0.159863E+09   -0.2597615E+09    0.3087150E+08
 159     -0.622961E+08   -0.2466124E+09   -0.3480788E+08
 160      0.112357E+08   -0.2333511E+09   -0.1003936E+09
 161      0.653389E+08   -0.2070174E+09   -0.1489638E+09
 162      0.985160E+08   -0.1803074E+09   -0.1975639E+09
 163      0.117369E+09   -0.1438382E+09   -0.2150391E+09
 164      0.124971E+09   -0.1066966E+09   -0.2323666E+09
 165      0.129381E+09   -0.6957645E+08   -0.2041294E+09
 166      0.141365E+09   -0.3185711E+08   -0.1751414E+09
 167      0.168472E+09   -0.1267579E+08   -0.9219898E+08
 168      0.230430E+09    0.4758881E+07   -0.9210061E+07
 169      0.942699E+09    0.8504023E+07   -0.2996876E+07
 170      0.717225E+09   -0.1417145E+08    0.5208453E+08
 171      0.437715E+09   -0.4026938E+08    0.1076775E+09
 172      0.122740E+09   -0.9842180E+08    0.1645878E+09
 173     -0.214501E+09   -0.1570347E+09    0.2256135E+09
 174     -0.532700E+09   -0.2012720E+09    0.2710107E+09
 175     -0.720634E+09   -0.2401292E+09    0.3019664E+09
 176     -0.518612E+09   -0.2504273E+09    0.2346556E+09
 177     -0.354058E+09   -0.2625199E+09    0.1759335E+09
 178     -0.209356E+09   -0.2614890E+09    0.1002303E+09
 179     -0.912492E+08   -0.2606000E+09    0.2476776E+08
 180      0.297738E+07   -0.2475534E+09   -0.4794013E+08
 181      0.697100E+08   -0.2344643E+09   -0.1205713E+09
 182      0.113456E+09   -0.2094050E+09   -0.1755581E+09
 183      0.132689E+09   -0.1840703E+09   -0.2306723E+09
 184      0.133949E+09   -0.1483324E+09   -0.2516562E+09
 185      0.120098E+09   -0.1117187E+09   -0.2725702E+09
 186      0.100024E+09   -0.7300010E+08   -0.2407268E+09
 187      0.852865E+08   -0.3274739E+08   -0.2080901E+09
 188      0.852147E+08   -0.1178377E+08   -0.1097270E+09
 189      0.122568E+09    0.6509931E+07   -0.1105933E+08
 190      0.863050E+09    0.7583861E+07   -0.2496270E+07
 191      0.638611E+09   -0.1749452E+08    0.7663432E+08
 192      0.366591E+09   -0.4583684E+08    0.1572905E+09
 193      0.627752E+08   -0.1020586E+09    0.2186303E+09
 194     -0.257128E+09   -0.1587915E+09    0.2815458E+09
 195     -0.562667E+09   -0.1980304E+09    0.3064202E+09
 196     -0.661512E+09   -0.2323038E+09    0.3201185E+09
 197     -0.454187E+09   -0.2417371E+09    0.2463065E+09
 198     -0.278363E+09   -0.2522690E+09    0.1789894E+09
 199     -0.129262E+09   -0.2488645E+09    0.9768846E+08
 200     -0.108226E+08   -0.2457823E+09    0.1688256E+08
 201      0.796153E+08   -0.2330733E+09   -0.6028600E+08
 202      0.139896E+09   -0.2206638E+09   -0.1373762E+09
 203      0.173035E+09   -0.1990285E+09   -0.1974008E+09
 204      0.177729E+09   -0.1772671E+09   -0.2577969E+09
 205      0.158981E+09   -0.1454101E+09   -0.2838355E+09
 206      0.118734E+09   -0.1125910E+09   -0.3101254E+09
 207      0.660102E+08   -0.7525459E+08   -0.2775828E+09
 208      0.122776E+08   -0.3653413E+08   -0.2441961E+09
 209     -0.301832E+08   -0.1457288E+08   -0.1295792E+09
 210     -0.345950E+08    0.5052097E+07   -0.1414048E+08
 211      0.784603E+09    0.7672395E+07    0.4354235E+06
 212      0.560028E+09   -0.2098657E+08    0.1020373E+09
 213      0.294278E+09   -0.5330069E+08    0.2057155E+09
 214      0.223557E+07   -0.1081339E+09    0.2715971E+09
 215     -0.300403E+09   -0.1628966E+09    0.3375726E+09
 216     -0.590502E+09   -0.1961597E+09    0.3434122E+09
 217     -0.610183E+09   -0.2238268E+09    0.3397665E+09
 218     -0.387848E+09   -0.2244884E+09    0.2583725E+09
 219     -0.201799E+09   -0.2269761E+09    0.1825729E+09
 220     -0.483299E+08   -0.2188015E+09    0.9550193E+08
 221      0.705102E+08   -0.2109879E+09    0.9074839E+07
 222      0.157137E+09   -0.1991582E+09   -0.7267000E+08
 223      0.210870E+09   -0.1879958E+09   -0.1543752E+09
 224      0.233281E+09   -0.1727665E+09   -0.2196374E+09
 225      0.223127E+09   -0.1577181E+09   -0.2855061E+09
 226      0.184120E+09   -0.1333932E+09   -0.3167216E+09
 227      0.116980E+09   -0.1079325E+09   -0.3484913E+09
 228      0.314124E+08   -0.7361906E+08   -0.3150664E+09
 229     -0.615281E+08   -0.3652691E+08   -0.2808309E+09
 230     -0.145981E+09   -0.1312746E+08   -0.1496641E+09
 231     -0.191939E+09    0.6935314E+07   -0.1711349E+08
 232      0.640637E+09    0.8538919E+07    0.4034524E+07
 233      0.432845E+09   -0.2017510E+08    0.1309556E+09
 234      0.197420E+09   -0.5421592E+08    0.2598671E+09
 235     -0.574792E+08   -0.1092859E+09    0.3209468E+09
 236     -0.318778E+09   -0.1619387E+09    0.3798673E+09
 237     -0.574253E+09   -0.1821202E+09    0.3619766E+09
 238     -0.542086E+09   -0.1973216E+09    0.3374135E+09
 239     -0.307072E+09   -0.1860667E+09    0.2506241E+09
 240     -0.115521E+09   -0.1761155E+09    0.1687624E+09
 241      0.376072E+08   -0.1605960E+09    0.8203776E+08
 242      0.154554E+09   -0.1458795E+09   -0.3688574E+07
 243      0.236100E+09   -0.1356134E+09   -0.8214708E+08
 244      0.284952E+09   -0.1263686E+09   -0.1605845E+09
 245      0.298987E+09   -0.1208998E+09   -0.2258062E+09
 246      0.277932E+09   -0.1159081E+09   -0.2920456E+09
 247      0.220885E+09   -0.1045394E+09   -0.3296805E+09
 248      0.126438E+09   -0.9197769E+08   -0.3687267E+09
 249      0.161113E+07   -0.6607956E+08   -0.3415985E+09
 250     -0.144681E+09   -0.3713476E+08   -0.3140461E+09
 251     -0.293056E+09   -0.1487903E+08   -0.1693518E+09
 252     -0.407890E+09    0.4206739E+07   -0.2187450E+08
 253      0.500940E+09    0.1028495E+08    0.6323174E+07
 254      0.304063E+09   -0.2287096E+08    0.1598218E+09
 255      0.995161E+08   -0.6168602E+08    0.3159695E+09
 256     -0.118317E+09   -0.1128748E+09    0.3727028E+09
 257     -0.337866E+09   -0.1604607E+09    0.4245052E+09
 258     -0.557894E+09   -0.1609558E+09    0.3815645E+09
 259     -0.473727E+09   -0.1547079E+09    0.3350468E+09
 260     -0.225337E+09   -0.1204373E+09    0.2431183E+09
 261     -0.280871E+08   -0.8980902E+08    0.1549536E+09
 262      0.124705E+09   -0.6354138E+08    0.6860529E+08
 263      0.239714E+09   -0.3825509E+08   -0.1639460E+08
 264      0.316170E+09   -0.3038397E+08   -0.9157490E+08
 265      0.360176E+09   -0.2398491E+08   -0.1667323E+09
 266      0.365932E+09   -0.3347649E+08   -0.2321866E+09
 267      0.333630E+09   -0.4426155E+08   -0.2990132E+09
 268      0.258481E+09   -0.5392365E+08   -0.3436160E+09
 269      0.135324E+09   -0.6295606E+08   -0.3903583E+09
 270     -0.289832E+08   -0.5118787E+08   -0.3695459E+09
 271     -0.229995E+09   -0.3457714E+08   -0.3485456E+09
 272     -0.441417E+09   -0.1261874E+08   -0.1895873E+09
 273     -0.624067E+09    0.6092346E+07   -0.2681046E+08
 274      0.275586E+09    0.5007129E+07    0.1775697E+08
 275      0.126814E+09   -0.2819772E+08    0.1927301E+09
 276     -0.823035E+07   -0.6929379E+08    0.3686633E+09
 277     -0.150583E+09   -0.1031961E+09    0.4014499E+09
 278     -0.307313E+09   -0.1301352E+09    0.4271806E+09
 279     -0.488226E+09   -0.1009282E+09    0.3538334E+09
 280     -0.389193E+09   -0.6695958E+08    0.2813966E+09
 281     -0.139453E+09   -0.9977446E+07    0.1917995E+09
 282      0.536385E+08    0.4506340E+08    0.1055346E+09
 283      0.197318E+09    0.8397904E+08    0.3320343E+08
 284      0.305859E+09    0.1212529E+09   -0.3767202E+08
 285      0.375445E+09    0.1257738E+09   -0.9487819E+08
 286      0.417750E+09    0.1286231E+09   -0.1519467E+09
 287      0.421267E+09    0.1002575E+09   -0.2050149E+09
 288      0.389137E+09    0.7022808E+08   -0.2597385E+09
 289      0.307225E+09    0.3121663E+08   -0.3082814E+09
 290      0.167821E+09   -0.7229863E+07   -0.3609145E+09
 291     -0.342315E+08   -0.2033739E+08   -0.3602410E+09
 292     -0.301033E+09   -0.2714111E+08   -0.3617186E+09
 293     -0.607577E+09   -0.1163148E+08   -0.2025442E+09
 294     -0.904736E+09   -0.3823763E+06   -0.3567389E+08
 295      0.482809E+08    0.1721322E+08    0.2824076E+08
 296     -0.508051E+08   -0.2467971E+08    0.2267651E+09
 297     -0.125821E+09   -0.7054278E+08    0.4269428E+09
 298     -0.182220E+09   -0.8356170E+08    0.4349267E+09
 299     -0.278615E+09   -0.8863642E+08    0.4335400E+09
 300     -0.415222E+09   -0.1384691E+08    0.3274008E+09
 301     -0.302576E+09    0.6591483E+08    0.2254576E+09
 302     -0.519216E+08    0.1616777E+09    0.1392335E+09
 303      0.136282E+09    0.2503320E+09    0.5508381E+08
 304      0.270476E+09    0.3035523E+09   -0.2761489E+07
 305      0.372379E+09    0.3554639E+09   -0.5904507E+08
 306      0.435120E+09    0.3558027E+09   -0.9775018E+08
 307      0.476101E+09    0.3544752E+09   -0.1361780E+09
 308      0.478037E+09    0.3020702E+09   -0.1767384E+09
 309      0.446533E+09    0.2464944E+09   -0.2189831E+09
 310      0.359247E+09    0.1655506E+09   -0.2731878E+09
 311      0.200157E+09    0.8084593E+08   -0.3325848E+09
 312     -0.383187E+08    0.2873097E+08   -0.3541134E+09
 313     -0.379343E+09   -0.1786320E+08   -0.3787734E+09
 314     -0.776818E+09   -0.7402327E+07   -0.2172526E+09
 315     -0.118812E+10    0.5411689E+07   -0.4658359E+08
 316     -0.292368E+09   -0.8201341E+07    0.5058065E+08
 317     -0.261191E+09   -0.3189462E+08    0.2553967E+09
 318     -0.178972E+09   -0.6982581E+08    0.4465119E+09
 319     -0.139859E+09   -0.2965318E+08    0.3893206E+09
 320     -0.174614E+09    0.2844675E+08    0.3340428E+09
 321     -0.290055E+09    0.1604018E+09    0.2049507E+09
 322     -0.219958E+09    0.2942930E+09    0.8726241E+08
 323      0.125899E+08    0.4170139E+09    0.2449359E+08
 324      0.182797E+09    0.5361640E+09   -0.3880387E+08
 325      0.297817E+09    0.6017936E+09   -0.6472691E+08
 326      0.387159E+09    0.6661110E+09   -0.8920945E+08
 327      0.441003E+09    0.6617663E+09   -0.9185512E+08
 328      0.482226E+09    0.6563560E+09   -0.9395806E+08
 329      0.489084E+09    0.5797449E+09   -0.1006425E+09
 330      0.473298E+09    0.5005179E+09   -0.1078532E+09
 331      0.402219E+09    0.3691122E+09   -0.1469475E+09
 332      0.263235E+09    0.2344757E+09   -0.1940025E+09
 333      0.135091E+08    0.1200150E+09   -0.2512994E+09
 334     -0.378574E+09    0.1733854E+08   -0.3240105E+09
 335     -0.916729E+09    0.2487790E+07   -0.2050087E+09
 336     -0.153295E+10   -0.1803997E+08   -0.6411343E+08
 337     -0.661361E+09    0.4743847E+08    0.9819583E+08
 338     -0.473679E+09   -0.2357677E+08    0.2935958E+09
 339     -0.270676E+09   -0.6145908E+08    0.4834958E+09
 340     -0.752807E+08    0.9061275E+08    0.3546084E+09
 341     -0.621398E+08    0.2320922E+09    0.2197513E+09
 342     -0.157948E+09    0.4440111E+09    0.7396297E+08
 343     -0.137735E+09    0.6389744E+09   -0.5630319E+08
 344      0.763051E+08    0.7883697E+09   -0.9412021E+08
 345      0.227951E+09    0.9344517E+09   -0.1352031E+09
 346      0.323382E+09    0.1008394E+10   -0.1279978E+09
 347      0.400060E+09    0.1081900E+10   -0.1196031E+09
 348      0.444928E+09    0.1073648E+10   -0.8506471E+08
 349      0.486760E+09    0.1065593E+10   -0.4973563E+08
 350      0.499219E+09    0.9685709E+09   -0.2076793E+08
 351      0.501258E+09    0.8695928E+09    0.8897304E+07
 352      0.449745E+09    0.6836199E+09   -0.1386223E+08
 353      0.332783E+09    0.4800231E+09   -0.4378671E+08
 354      0.847734E+08    0.2774498E+09   -0.1547330E+09
 355     -0.405160E+09    0.5400195E+08   -0.2805920E+09
 356     -0.106059E+10    0.2082324E+08   -0.1999940E+09
 357     -0.190840E+10    0.2782766E+08   -0.1007369E+09
 358     -0.116465E+10   -0.8869677E+08    0.1340771E+09
 359     -0.602596E+09    0.7519842E+07    0.2506127E+09
 360     -0.973349E+08    0.8289204E+08    0.2981803E+09
 361      0.697475E+08    0.3610273E+09    0.8310288E+08
 362      0.646303E+08    0.6658602E+09   -0.5846577E+08
 363     -0.497284E+08    0.9046701E+09   -0.1513462E+09
 364     -0.103494E+09    0.1137015E+10   -0.2431030E+09
 365      0.807153E+08    0.1288633E+10   -0.2438104E+09
 366      0.204213E+09    0.1441484E+10   -0.2468326E+09
 367      0.276614E+09    0.1514271E+10   -0.1989120E+09
 368      0.335276E+09    0.1587481E+10   -0.1502690E+09
 369      0.369329E+09    0.1576566E+10   -0.7238945E+08
 370      0.406355E+09    0.1567101E+10    0.6005311E+07
 371      0.422363E+09    0.1462031E+10    0.8696100E+08
 372      0.439663E+09    0.1357950E+10    0.1703789E+09
 373      0.417834E+09    0.1133436E+10    0.2115438E+09
 374      0.360590E+09    0.9011406E+09    0.2569215E+09
 375      0.187834E+09    0.5578465E+09    0.1656512E+09
 376     -0.198092E+09    0.2249918E+09    0.1319322E+07
 377     -0.103099E+10    0.6717574E+08   -0.8794784E+08
 378     -0.226697E+10   -0.9588625E+08   -0.1158840E+09
 379     -0.231138E+10    0.2593610E+09    0.5991615E+09
 380     -0.594475E+09    0.1906855E+09    0.3093316E+09
 381      0.166918E+09    0.3540695E+09   -0.5590387E+08
 382      0.221527E+09    0.1012020E+10   -0.2533772E+09
 383      0.199181E+09    0.1431547E+10   -0.3581091E+09
 384      0.499092E+08    0.1625164E+10   -0.3959486E+09
 385     -0.852910E+08    0.1825736E+10   -0.4389099E+09
 386      0.737178E+08    0.1947693E+10   -0.3987416E+09
 387      0.175855E+09    0.2079074E+10   -0.3585094E+09
 388      0.225568E+09    0.2139121E+10   -0.2704456E+09
 389      0.265924E+09    0.2199904E+10   -0.1809866E+09
 390      0.289230E+09    0.2189194E+10   -0.5910585E+08
 391      0.320758E+09    0.2181334E+10    0.6262453E+08
 392      0.339044E+09    0.2090045E+10    0.1976308E+09
 393      0.371038E+09    0.2004837E+10    0.3354852E+09
 394      0.375477E+09    0.1787109E+10    0.4513413E+09
 395      0.389697E+09    0.1575319E+10    0.5754860E+09
 396      0.290300E+09    0.1136539E+10    0.5449451E+09
 397      0.752539E+08    0.4846563E+09    0.4353683E+09
 398     -0.860809E+09    0.2553236E+09   -0.4852593E+08
 399     -0.321903E+10    0.2295853E+09   -0.4732358E+09
 400     -0.212766E+10   -0.4478061E+09   -0.1085944E+09
 401     -0.145513E+09    0.7364214E+09   -0.5219084E+09
 402      0.818507E+08    0.1895669E+10   -0.7936197E+09
 403      0.154491E+09    0.2247972E+10   -0.6129441E+09
 404      0.113169E+09    0.2596661E+10   -0.5035103E+09
 405      0.338839E+08    0.2643989E+10   -0.4697007E+09
 406     -0.628226E+08    0.2705686E+10   -0.4684067E+09
 407      0.287461E+08    0.2748909E+10   -0.4564731E+09
 408      0.871500E+08    0.2810085E+10   -0.4170810E+09
 409      0.113025E+09    0.2847800E+10   -0.3024900E+09
 410      0.133519E+09    0.2881266E+10   -0.1918473E+09
 411      0.145441E+09    0.2872758E+10   -0.4907578E+08
 412      0.161820E+09    0.2867048E+10    0.9292150E+08
 413      0.171985E+09    0.2811947E+10    0.2584364E+09
 414      0.189547E+09    0.2762083E+10    0.4252368E+09
 415      0.196302E+09    0.2621914E+10    0.6066109E+09
 416      0.205363E+09    0.2495103E+10    0.7968824E+09
 417      0.183971E+09    0.2129802E+10    0.9358478E+09
 418      0.306848E+08    0.1766351E+10    0.1159071E+10
 419     -0.264108E+09    0.6997150E+09    0.7446936E+09
 420     -0.256673E+10   -0.3896893E+09    0.2057705E+09
 421     -0.130647E+10    0.4230766E+10   -0.1013952E+10
 422      0.147087E+09    0.4420522E+10   -0.1343425E+10
 423     -0.394604E+08    0.4544302E+10   -0.1361727E+10
 424      0.569799E+08    0.4311246E+10   -0.8950136E+09
 425      0.137719E+08    0.4173069E+10   -0.6030143E+09
 426      0.146754E+08    0.3938689E+10   -0.5077448E+09
 427     -0.272345E+08    0.3712881E+10   -0.4760740E+09
 428     -0.755747E+07    0.3647280E+10   -0.5011218E+09
 429      0.193244E+07    0.3614394E+10   -0.4707221E+09
 430      0.423736E+07    0.3620074E+10   -0.3304892E+09
 431      0.552492E+07    0.3613778E+10   -0.2009101E+09
 432      0.613706E+07    0.3610319E+10   -0.3949143E+08
 433      0.758256E+07    0.3608152E+10    0.1208553E+09
 434      0.978317E+07    0.3608597E+10    0.3132080E+09
 435      0.119053E+08    0.3611700E+10    0.5062882E+09
 436      0.200750E+08    0.3618021E+10    0.7429750E+09
 437      0.160277E+08    0.3635908E+10    0.9923500E+09
 438      0.594876E+08    0.3650070E+10    0.1276769E+10
 439     -0.376864E+08    0.3746195E+10    0.1750575E+10
 440      0.190815E+09    0.3716654E+10    0.1587363E+10
 441     -0.129946E+10    0.3615052E+10    0.1165041E+10
