   1     -0.414603E+09   -0.5126012E+07   -0.1832095E+07
   2     -0.234923E+09    0.1939195E+08   -0.3902307E+07
   3     -0.118729E+09    0.4666908E+08   -0.5508075E+07
   4     -0.306167E+08    0.8007133E+08   -0.4535902E+07
   5      0.369335E+08    0.1107588E+09   -0.4106318E+07
   6      0.891691E+08    0.1343479E+09   -0.3748316E+07
   7      0.127920E+09    0.1579797E+09   -0.3520250E+07
   8      0.152527E+09    0.1747168E+09   -0.2870989E+07
   9      0.162154E+09    0.1910578E+09   -0.2000223E+07
  10      0.165995E+09    0.1997030E+09   -0.1618828E+07
  11      0.154655E+09    0.2087695E+09   -0.9672148E+06
  12      0.132089E+09    0.2079679E+09    0.1400100E+06
  13      0.104879E+09    0.2075227E+09    0.7404329E+06
  14      0.689929E+08    0.1950965E+09    0.2201898E+07
  15      0.294143E+08    0.1811024E+09    0.4107759E+07
  16     -0.128232E+08    0.1537525E+09    0.4200584E+07
  17     -0.526476E+08    0.1272615E+09    0.4449164E+07
  18     -0.989389E+08    0.9273421E+08    0.5045144E+07
  19     -0.154379E+09    0.5522208E+08    0.6211657E+07
  20     -0.209567E+09    0.2307138E+08    0.4978434E+07
  21     -0.247641E+09   -0.5968270E+07    0.2810617E+07
  22     -0.384695E+09   -0.2561649E+07   -0.5347777E+07
  23     -0.226209E+09    0.8625478E+07   -0.1558818E+08
  24     -0.117896E+09    0.2130126E+08   -0.2412229E+08
  25     -0.322343E+08    0.3908875E+08   -0.2104186E+08
  26      0.346670E+08    0.5559885E+08   -0.1951058E+08
  27      0.865233E+08    0.6924477E+08   -0.1676475E+08
  28      0.124460E+09    0.8265157E+08   -0.1387211E+08
  29      0.149261E+09    0.9018593E+08   -0.1054574E+08
  30      0.160775E+09    0.9768620E+08   -0.7857973E+07
  31      0.163240E+09    0.1016436E+09   -0.5612574E+07
  32      0.151221E+09    0.1056628E+09   -0.2747085E+07
  33      0.128708E+09    0.1050095E+09    0.7936359E+06
  34      0.101921E+09    0.1044062E+09    0.3850660E+07
  35      0.638370E+08    0.9824485E+08    0.8489998E+07
  36      0.247546E+08    0.9219960E+08    0.1355204E+08
  37     -0.165174E+08    0.7927745E+08    0.1752500E+08
  38     -0.570341E+08    0.6586569E+08    0.2191408E+08
  39     -0.101999E+09    0.4530635E+08    0.2496811E+08
  40     -0.150065E+09    0.2304125E+08    0.2835522E+08
  41     -0.199806E+09    0.9119790E+07    0.1763180E+08
  42     -0.214487E+09   -0.2824612E+07    0.6027230E+07
  43     -0.350030E+09   -0.3714826E+06   -0.8855355E+07
  44     -0.216058E+09    0.2306830E+07   -0.2660678E+08
  45     -0.116418E+09    0.5299401E+07   -0.4190306E+08
  46     -0.337580E+08    0.9857762E+07   -0.3745420E+08
  47      0.322769E+08    0.1417959E+08   -0.3493055E+08
  48      0.835639E+08    0.1362700E+08   -0.2950073E+08
  49      0.120282E+09    0.1262933E+08   -0.2409315E+08
  50      0.145252E+09    0.1241616E+08   -0.1849596E+08
  51      0.159406E+09    0.1287181E+08   -0.1415735E+08
  52      0.159218E+09    0.1240730E+08   -0.9534822E+07
  53      0.147367E+09    0.1139298E+08   -0.4328816E+07
  54      0.124115E+09    0.1118890E+08    0.1542175E+07
  55      0.984679E+08    0.1107286E+08    0.7351654E+07
  56      0.575100E+08    0.1099258E+08    0.1476772E+08
  57      0.193683E+08    0.1153412E+08    0.2271869E+08
  58     -0.210576E+08    0.1022539E+08    0.3096527E+08
  59     -0.613700E+08    0.7877106E+07    0.3968810E+08
  60     -0.105618E+09    0.4834818E+07    0.4420546E+08
  61     -0.144217E+09    0.1861917E+07    0.4951093E+08
  62     -0.187672E+09   -0.2271400E+06    0.2932180E+08
  63     -0.177223E+09   -0.1810531E+07    0.7694234E+07
  64     -0.302420E+09    0.6709292E+06   -0.7397517E+07
  65     -0.201922E+09   -0.3133724E+07   -0.2223709E+08
  66     -0.114252E+09   -0.7042532E+07   -0.3499919E+08
  67     -0.378923E+08   -0.1550075E+08   -0.2922319E+08
  68      0.257390E+08   -0.2404136E+08   -0.2475744E+08
  69      0.775710E+08   -0.3459176E+08   -0.1851273E+08
  70      0.115276E+09   -0.4522754E+08   -0.1296855E+08
  71      0.140865E+09   -0.5502962E+08   -0.9498975E+07
  72      0.157420E+09   -0.6511248E+08   -0.6155974E+07
  73      0.155871E+09   -0.7109511E+08   -0.4342053E+07
  74      0.145484E+09   -0.7630846E+08   -0.2594025E+07
  75      0.120200E+09   -0.7439969E+08   -0.1040667E+06
  76      0.940032E+08   -0.7265496E+08    0.2737550E+07
  77      0.522933E+08   -0.6465544E+08    0.7128548E+07
  78      0.120973E+08   -0.5623359E+08    0.1150734E+08
  79     -0.296074E+08   -0.4386519E+08    0.1939011E+08
  80     -0.705735E+08   -0.3191665E+08    0.2832954E+08
  81     -0.109176E+09   -0.2085242E+08    0.3271474E+08
  82     -0.142071E+09   -0.8847194E+07    0.3810149E+08
  83     -0.168943E+09   -0.2949291E+07    0.2338660E+08
  84     -0.136288E+09    0.1965181E+07    0.6473006E+07
  85     -0.257997E+09    0.2287934E+07   -0.5861233E+07
  86     -0.187516E+09   -0.5916283E+07   -0.1862070E+08
  87     -0.112444E+09   -0.1433699E+08   -0.2918862E+08
  88     -0.416707E+08   -0.3350350E+08   -0.2084958E+08
  89      0.190775E+08   -0.5356492E+08   -0.1370586E+08
  90      0.717420E+08   -0.7838417E+08   -0.7215292E+07
  91      0.110386E+09   -0.1026127E+09   -0.1729038E+07
  92      0.136623E+09   -0.1201560E+09   -0.2089198E+06
  93      0.154058E+09   -0.1368061E+09    0.1808965E+07
  94      0.153568E+09   -0.1435844E+09    0.4724594E+06
  95      0.142252E+09   -0.1515911E+09   -0.8596914E+06
  96      0.117155E+09   -0.1487747E+09   -0.2104148E+07
  97      0.878609E+08   -0.1443400E+09   -0.2644454E+07
  98      0.478769E+08   -0.1307456E+09   -0.2649522E+06
  99      0.526250E+07   -0.1179516E+09    0.6573477E+06
 100     -0.379538E+08   -0.9477714E+08    0.6891707E+07
 101     -0.807249E+08   -0.6979929E+08    0.1525402E+08
 102     -0.111516E+09   -0.4544021E+08    0.2177164E+08
 103     -0.139980E+09   -0.2216887E+08    0.2797964E+08
 104     -0.151769E+09   -0.9051480E+07    0.1790770E+08
 105     -0.952342E+08    0.3415576E+07    0.6293833E+07
 106     -0.240337E+09    0.3906156E+07   -0.3633228E+07
 107     -0.185423E+09   -0.1010325E+08   -0.4881885E+07
 108     -0.120600E+09   -0.2538869E+08   -0.4624042E+07
 109     -0.526025E+08   -0.5510620E+08    0.7735440E+07
 110      0.877027E+07   -0.8424502E+08    0.1945351E+08
 111      0.673614E+08   -0.1159795E+09    0.2457978E+08
 112      0.109665E+09   -0.1477283E+09    0.2873795E+08
 113      0.140851E+09   -0.1729199E+09    0.2414504E+08
 114      0.158014E+09   -0.1976950E+09    0.1988297E+08
 115      0.162128E+09   -0.2098187E+09    0.1153630E+08
 116      0.149488E+09   -0.2214350E+09    0.2926367E+07
 117      0.127288E+09   -0.2165315E+09   -0.7174402E+07
 118      0.926229E+08   -0.2117154E+09   -0.1714827E+08
 119      0.528279E+08   -0.1889007E+09   -0.2216116E+08
 120      0.543600E+07   -0.1658237E+09   -0.2693394E+08
 121     -0.395564E+08   -0.1339662E+09   -0.2523884E+08
 122     -0.897449E+08   -0.1009834E+09   -0.2300189E+08
 123     -0.120969E+09   -0.6566762E+08   -0.1239247E+08
 124     -0.147986E+09   -0.3064172E+08   -0.1263799E+07
 125     -0.151267E+09   -0.1303386E+08    0.8313105E+06
 126     -0.888575E+08    0.3441593E+07    0.1594542E+07
 127     -0.222710E+09    0.5690157E+07   -0.1822394E+07
 128     -0.183891E+09   -0.1200838E+08    0.9010922E+07
 129     -0.127634E+09   -0.3166275E+08    0.2052058E+08
 130     -0.639957E+08   -0.7173340E+08    0.3646951E+08
 131     -0.136534E+07   -0.1109704E+09    0.5221900E+08
 132      0.626849E+08   -0.1525957E+09    0.5626682E+08
 133      0.109341E+09   -0.1940206E+09    0.5956838E+08
 134      0.145531E+09   -0.2253653E+09    0.4893428E+08
 135      0.163027E+09   -0.2553735E+09    0.3829818E+08
 136      0.170043E+09   -0.2669815E+09    0.2264030E+08
 137      0.158559E+09   -0.2801609E+09    0.7038122E+07
 138      0.137266E+09   -0.2745376E+09   -0.1229241E+08
 139      0.100325E+09   -0.2666616E+09   -0.3264317E+08
 140      0.569279E+08   -0.2397314E+09   -0.4496729E+08
 141      0.434003E+07   -0.2130446E+09   -0.5511703E+08
 142     -0.407688E+08   -0.1740173E+09   -0.5651520E+08
 143     -0.970128E+08   -0.1352935E+09   -0.5967682E+08
 144     -0.131324E+09   -0.8874118E+08   -0.4771247E+08
 145     -0.157206E+09   -0.3784405E+08   -0.3341956E+08
 146     -0.150047E+09   -0.1153910E+08   -0.1591968E+08
 147     -0.850527E+08    0.9952294E+07    0.1469946E+06
 148     -0.247937E+09    0.6060515E+07    0.6828864E+06
 149     -0.213598E+09   -0.1581059E+08    0.3062068E+08
 150     -0.153011E+09   -0.3989181E+08    0.6145804E+08
 151     -0.845941E+08   -0.8804216E+08    0.8234091E+08
 152     -0.105951E+08   -0.1353088E+09    0.1020764E+09
 153      0.622114E+08   -0.1813686E+09    0.1016482E+09
 154      0.119033E+09   -0.2262481E+09    0.1010200E+09
 155      0.163014E+09   -0.2604172E+09    0.8299646E+08
 156      0.187173E+09   -0.2954919E+09    0.6460513E+08
 157      0.196177E+09   -0.3113786E+09    0.3691580E+08
 158      0.186311E+09   -0.3254008E+09    0.1016705E+08
 159      0.167240E+09   -0.3178269E+09   -0.1966735E+08
 160      0.128654E+09   -0.3116713E+09   -0.5001656E+08
 161      0.790712E+08   -0.2840958E+09   -0.7359943E+08
 162      0.203777E+08   -0.2547135E+09   -0.9735615E+08
 163     -0.339857E+08   -0.2034467E+09   -0.1053159E+09
 164     -0.965991E+08   -0.1516108E+09   -0.1135633E+09
 165     -0.147639E+09   -0.1004039E+09   -0.9882526E+08
 166     -0.185281E+09   -0.4849256E+08   -0.8259251E+08
 167     -0.189334E+09   -0.1996485E+08   -0.4201449E+08
 168     -0.129463E+09    0.6186261E+07   -0.2109211E+07
 169     -0.271837E+09    0.8829149E+07    0.2343281E+07
 170     -0.244090E+09   -0.1612116E+08    0.5219697E+08
 171     -0.179209E+09   -0.4470935E+08    0.1029086E+09
 172     -0.105265E+09   -0.9945090E+08    0.1284777E+09
 173     -0.198407E+08   -0.1517298E+09    0.1524667E+09
 174      0.619663E+08   -0.2038477E+09    0.1479650E+09
 175      0.128503E+09   -0.2563275E+09    0.1437039E+09
 176      0.180654E+09   -0.2901644E+09    0.1169827E+09
 177      0.211797E+09   -0.3206965E+09    0.9003664E+08
 178      0.223411E+09   -0.3326945E+09    0.5187566E+08
 179      0.215189E+09   -0.3469932E+09    0.1297471E+08
 180      0.197649E+09   -0.3371810E+09   -0.2775889E+08
 181      0.155432E+09   -0.3274429E+09   -0.6657104E+08
 182      0.103195E+09   -0.2988094E+09   -0.1025062E+09
 183      0.380052E+08   -0.2688399E+09   -0.1402375E+09
 184     -0.273770E+08   -0.2189801E+09   -0.1552837E+09
 185     -0.993517E+08   -0.1681249E+09   -0.1688904E+09
 186     -0.163602E+09   -0.1102493E+09   -0.1496484E+09
 187     -0.214077E+09   -0.4926525E+08   -0.1303135E+09
 188     -0.229382E+09   -0.1717708E+08   -0.6778779E+08
 189     -0.174374E+09    0.1017820E+08   -0.5608686E+07
 190     -0.358658E+09    0.6466341E+07    0.8113427E+07
 191     -0.316798E+09   -0.2299098E+08    0.8072035E+08
 192     -0.231835E+09   -0.5522967E+08    0.1539690E+09
 193     -0.132632E+09   -0.1116019E+09    0.1821315E+09
 194     -0.265326E+08   -0.1667556E+09    0.2083307E+09
 195      0.725132E+08   -0.2152215E+09    0.1963010E+09
 196      0.152904E+09   -0.2619137E+09    0.1846190E+09
 197      0.217435E+09   -0.2920065E+09    0.1472430E+09
 198      0.254859E+09   -0.3227626E+09    0.1102453E+09
 199      0.270270E+09   -0.3334948E+09    0.6283665E+08
 200      0.268248E+09   -0.3434779E+09    0.1498875E+08
 201      0.246269E+09   -0.3371313E+09   -0.3503432E+08
 202      0.203495E+09   -0.3306760E+09   -0.8435090E+08
 203      0.150763E+09   -0.3018693E+09   -0.1307396E+09
 204      0.760909E+08   -0.2736065E+09   -0.1779869E+09
 205     -0.403061E+07   -0.2271672E+09   -0.2025595E+09
 206     -0.957483E+08   -0.1785054E+09   -0.2276132E+09
 207     -0.184513E+09   -0.1188971E+09   -0.2078474E+09
 208     -0.267027E+09   -0.5764662E+08   -0.1870602E+09
 209     -0.318119E+09   -0.2291777E+08   -0.9881830E+08
 210     -0.294074E+09    0.8215341E+07   -0.9956186E+07
 211     -0.447455E+09    0.1109957E+08    0.1286716E+08
 212     -0.389615E+09   -0.1947374E+08    0.1095897E+09
 213     -0.285881E+09   -0.5527779E+08    0.2063911E+09
 214     -0.160473E+09   -0.1141973E+09    0.2369887E+09
 215     -0.334527E+08   -0.1688485E+09    0.2655495E+09
 216      0.829039E+08   -0.2121821E+09    0.2456411E+09
 217      0.178518E+09   -0.2542583E+09    0.2256684E+09
 218      0.254936E+09   -0.2746261E+09    0.1784251E+09
 219      0.298826E+09   -0.2944523E+09    0.1326259E+09
 220      0.319020E+09   -0.3002216E+09    0.7393350E+08
 221      0.320681E+09   -0.3064162E+09    0.1622971E+08
 222      0.296324E+09   -0.2984830E+09   -0.4220099E+08
 223      0.253916E+09   -0.2920107E+09   -0.1019572E+09
 224      0.198259E+09   -0.2744811E+09   -0.1589877E+09
 225      0.114874E+09   -0.2558346E+09   -0.2168509E+09
 226      0.190210E+08   -0.2145148E+09   -0.2512778E+09
 227     -0.893179E+08   -0.1720153E+09   -0.2874769E+09
 228     -0.207403E+09   -0.1171338E+09   -0.2667625E+09
 229     -0.321436E+09   -0.5897033E+08   -0.2435645E+09
 230     -0.407553E+09   -0.2284641E+08   -0.1303729E+09
 231     -0.414704E+09    0.8857210E+07   -0.1619980E+08
 232     -0.612158E+09    0.5872572E+07    0.2049169E+08
 233     -0.510518E+09   -0.2593700E+08    0.1402967E+09
 234     -0.356422E+09   -0.6153754E+08    0.2581474E+09
 235     -0.187366E+09   -0.1096613E+09    0.2824673E+09
 236     -0.275377E+08   -0.1553278E+09    0.3059850E+09
 237      0.112529E+09   -0.1821714E+09    0.2729779E+09
 238      0.224901E+09   -0.2062606E+09    0.2405925E+09
 239      0.306476E+09   -0.2121859E+09    0.1868603E+09
 240      0.356896E+09   -0.2185208E+09    0.1347602E+09
 241      0.380118E+09   -0.2174092E+09    0.7503561E+08
 242      0.380387E+09   -0.2175664E+09    0.1645600E+08
 243      0.358582E+09   -0.2164395E+09   -0.4402087E+08
 244      0.319141E+09   -0.2151110E+09   -0.1054956E+09
 245      0.260325E+09   -0.2062674E+09   -0.1672072E+09
 246      0.174276E+09   -0.1988705E+09   -0.2302884E+09
 247      0.641484E+08   -0.1762874E+09   -0.2767537E+09
 248     -0.670602E+08   -0.1513805E+09   -0.3244986E+09
 249     -0.224292E+09   -0.1075992E+09   -0.3107290E+09
 250     -0.392388E+09   -0.5916655E+08   -0.2972978E+09
 251     -0.544637E+09   -0.2278860E+08   -0.1621144E+09
 252     -0.632846E+09    0.8175566E+07   -0.2329147E+08
 253     -0.776926E+09    0.9093313E+07    0.2990225E+08
 254     -0.632964E+09   -0.2398184E+08    0.1722051E+09
 255     -0.429009E+09   -0.6219285E+08    0.3115100E+09
 256     -0.215540E+09   -0.9973238E+08    0.3299231E+09
 257     -0.231824E+08   -0.1303175E+09    0.3477533E+09
 258      0.143816E+09   -0.1273224E+09    0.3011793E+09
 259      0.271377E+09   -0.1243823E+09    0.2564382E+09
 260      0.359953E+09   -0.1060406E+09    0.1956908E+09
 261      0.416479E+09   -0.8698989E+08    0.1366493E+09
 262      0.441795E+09   -0.7639040E+08    0.7700752E+08
 263      0.442866E+09   -0.6855893E+08    0.1800538E+08
 264      0.422372E+09   -0.7143051E+08   -0.4531110E+08
 265      0.385937E+09   -0.7551939E+08   -0.1093717E+09
 266      0.323760E+09   -0.8831820E+08   -0.1763114E+09
 267      0.234029E+09   -0.1008762E+09   -0.2445045E+09
 268      0.111060E+09   -0.1034497E+09   -0.3026660E+09
 269     -0.480656E+08   -0.1063990E+09   -0.3624624E+09
 270     -0.241499E+09   -0.8250306E+08   -0.3560635E+09
 271     -0.463191E+09   -0.5234924E+08   -0.3529043E+09
 272     -0.685501E+09   -0.1968913E+08   -0.1946181E+09
 273     -0.850213E+09    0.8397730E+07   -0.2949620E+08
 274     -0.103597E+10    0.3826451E+06    0.4547641E+08
 275     -0.787270E+09   -0.2511287E+08    0.1975686E+09
 276     -0.495446E+09   -0.5633641E+08    0.3428987E+09
 277     -0.216270E+09   -0.6295480E+08    0.3340650E+09
 278      0.142822E+08   -0.6254994E+08    0.3262687E+09
 279      0.197966E+09   -0.2264252E+08    0.2654832E+09
 280      0.329355E+09    0.1923123E+08    0.2092525E+09
 281      0.414290E+09    0.6690339E+08    0.1541162E+09
 282      0.466940E+09    0.1125278E+09    0.1014718E+09
 283      0.487359E+09    0.1359523E+09    0.5785832E+08
 284      0.490814E+09    0.1582768E+09    0.1486372E+08
 285      0.473615E+09    0.1463704E+09   -0.3251406E+08
 286      0.441884E+09    0.1331341E+09   -0.8015254E+08
 287      0.385185E+09    0.9426732E+08   -0.1385156E+09
 288      0.301210E+09    0.5351315E+08   -0.1987975E+09
 289      0.177667E+09    0.1092220E+08   -0.2643782E+09
 290      0.505830E+07   -0.3034656E+08   -0.3353725E+09
 291     -0.228942E+09   -0.3590051E+08   -0.3535107E+09
 292     -0.521104E+09   -0.3480256E+08   -0.3742982E+09
 293     -0.856218E+09   -0.1475687E+08   -0.2124868E+09
 294     -0.116125E+10    0.2364394E+06   -0.4095682E+08
 295     -0.129783E+10    0.7775329E+07    0.6358906E+08
 296     -0.944904E+09   -0.2042018E+08    0.2252017E+09
 297     -0.571046E+09   -0.4755147E+08    0.3792803E+09
 298     -0.215665E+09   -0.7450870E+07    0.3420887E+09
 299      0.519789E+08    0.4130118E+08    0.3062605E+09
 300      0.255383E+09    0.1445405E+09    0.2306717E+09
 301      0.390630E+09    0.2421523E+09    0.1614882E+09
 302      0.470327E+09    0.3239582E+09    0.1126906E+09
 303      0.519178E+09    0.4040066E+09    0.6578636E+08
 304      0.533377E+09    0.4401247E+09    0.3796033E+08
 305      0.537714E+09    0.4740841E+09    0.1154020E+08
 306      0.525839E+09    0.4539002E+09   -0.1849607E+08
 307      0.497155E+09    0.4315681E+09   -0.4820590E+08
 308      0.449055E+09    0.3567868E+09   -0.9771670E+08
 309      0.371370E+09    0.2803567E+09   -0.1505635E+09
 310      0.247284E+09    0.1888653E+09   -0.2265673E+09
 311      0.607617E+08    0.9215289E+08   -0.3092558E+09
 312     -0.215424E+09    0.3225559E+08   -0.3540329E+09
 313     -0.590990E+09   -0.2025649E+08   -0.4003501E+09
 314     -0.102898E+10   -0.7718986E+07   -0.2321907E+09
 315     -0.147814E+10    0.6150791E+07   -0.5368808E+08
 316     -0.164547E+10   -0.2199664E+08    0.9232935E+08
 317     -0.108435E+10   -0.1239002E+08    0.2228721E+09
 318     -0.559171E+09   -0.1083796E+08    0.3311483E+09
 319     -0.146684E+09    0.1024223E+09    0.2314615E+09
 320      0.137125E+09    0.2297213E+09    0.1482818E+09
 321      0.315399E+09    0.3959532E+09    0.7789545E+08
 322      0.429082E+09    0.5599041E+09    0.1821451E+08
 323      0.487451E+09    0.6784980E+09    0.3852208E+07
 324      0.524498E+09    0.7928967E+09   -0.1004234E+08
 325      0.528288E+09    0.8354894E+09   -0.1575494E+07
 326      0.532666E+09    0.8790457E+09    0.6249018E+07
 327      0.521815E+09    0.8493122E+09    0.1426326E+08
 328      0.504280E+09    0.8182940E+09    0.2269071E+08
 329      0.470431E+09    0.7157121E+09    0.6383569E+07
 330      0.418885E+09    0.6100157E+09   -0.1094064E+08
 331      0.313610E+09    0.4502129E+09   -0.7366611E+08
 332      0.152119E+09    0.2871389E+09   -0.1438195E+09
 333     -0.134595E+09    0.1497399E+09   -0.2294155E+09
 334     -0.571974E+09    0.2498484E+08   -0.3331220E+09
 335     -0.116829E+10    0.5368379E+07   -0.2155507E+09
 336     -0.186733E+10   -0.2017477E+08   -0.7220815E+08
 337     -0.202852E+10    0.2994106E+08    0.1476075E+09
 338     -0.122734E+10    0.8556132E+07    0.2293211E+09
 339     -0.580160E+09    0.3474366E+08    0.2957297E+09
 340     -0.552813E+08    0.2935585E+09    0.1292800E+09
 341      0.228526E+09    0.5282734E+09   -0.2117618E+08
 342      0.381379E+09    0.7821787E+09   -0.8100579E+08
 343      0.467648E+09    0.1014690E+10   -0.1308747E+09
 344      0.503709E+09    0.1159033E+10   -0.1087007E+09
 345      0.526522E+09    0.1301915E+10   -0.8692183E+08
 346      0.521901E+09    0.1348756E+10   -0.4023768E+08
 347      0.527089E+09    0.1394418E+10    0.3838367E+07
 348      0.514562E+09    0.1351750E+10    0.4971115E+08
 349      0.512451E+09    0.1311842E+10    0.9538552E+08
 350      0.489908E+09    0.1181123E+10    0.1144840E+09
 351      0.467043E+09    0.1048100E+10    0.1357668E+09
 352      0.385382E+09    0.8249538E+09    0.8819442E+08
 353      0.248835E+09    0.5832141E+09    0.3436394E+08
 354     -0.322956E+08    0.3451539E+09   -0.1108827E+09
 355     -0.576309E+09    0.8410013E+08   -0.2763295E+09
 356     -0.131369E+10    0.3174329E+08   -0.2061645E+09
 357     -0.229118E+10    0.2238653E+08   -0.1111213E+09
 358     -0.240169E+10   -0.1186853E+09    0.1767347E+09
 359     -0.118895E+10    0.6483263E+08    0.1096884E+09
 360     -0.331245E+09    0.2398571E+09   -0.2028930E+08
 361      0.803381E+08    0.6362785E+09   -0.2407424E+09
 362      0.283028E+09    0.1045134E+10   -0.3749540E+09
 363      0.369459E+09    0.1333746E+10   -0.3527603E+09
 364      0.415420E+09    0.1613812E+10   -0.3342528E+09
 365      0.429496E+09    0.1761220E+10   -0.2536529E+09
 366      0.437943E+09    0.1909524E+10   -0.1757478E+09
 367      0.432494E+09    0.1953681E+10   -0.8198748E+08
 368      0.437288E+09    0.2000578E+10    0.9956486E+07
 369      0.425945E+09    0.1953371E+10    0.1004249E+09
 370      0.432961E+09    0.1908221E+10    0.1915128E+09
 371      0.420012E+09    0.1760855E+10    0.2652920E+09
 372      0.421067E+09    0.1615187E+10    0.3419559E+09
 373      0.376795E+09    0.1344561E+10    0.3612380E+09
 374      0.304708E+09    0.1065894E+10    0.3854798E+09
 375      0.106548E+09    0.6710660E+09    0.2606752E+09
 376     -0.327873E+09    0.2826950E+09    0.5973484E+08
 377     -0.125088E+10    0.8983120E+08   -0.6421269E+08
 378     -0.266168E+10   -0.1044367E+09   -0.1227107E+09
 379     -0.341303E+10    0.2543847E+09    0.6315183E+09
 380     -0.991391E+09    0.2800849E+09    0.7044259E+08
 381     -0.196276E+08    0.5558367E+09   -0.5194082E+09
 382      0.212193E+09    0.1330802E+10   -0.6729544E+09
 383      0.336373E+09    0.1850081E+10   -0.7453888E+09
 384      0.343800E+09    0.2116447E+10   -0.6362884E+09
 385      0.356613E+09    0.2387902E+10   -0.5372133E+09
 386      0.347187E+09    0.2507490E+10   -0.3976841E+09
 387      0.346484E+09    0.2634800E+10   -0.2618154E+09
 388      0.337910E+09    0.2666094E+10   -0.1218980E+09
 389      0.344087E+09    0.2700238E+10    0.1716144E+08
 390      0.334090E+09    0.2653191E+10    0.1530497E+09
 391      0.347695E+09    0.2610483E+10    0.2900012E+09
 392      0.344876E+09    0.2476206E+10    0.4200628E+09
 393      0.369387E+09    0.2348055E+10    0.5532870E+09
 394      0.358217E+09    0.2075229E+10    0.6500245E+09
 395      0.363206E+09    0.1808701E+10    0.7563252E+09
 396      0.243697E+09    0.1300446E+10    0.6955282E+09
 397     -0.118790E+08    0.5712736E+09    0.5534652E+09
 398     -0.104185E+10    0.2880317E+09    0.5342723E+07
 399     -0.364408E+10    0.2157934E+09   -0.4790077E+09
 400     -0.271061E+10   -0.4611773E+09   -0.1498168E+09
 401     -0.346411E+09    0.8397655E+09   -0.8222050E+09
 402     -0.445182E+08    0.2086408E+10   -0.1301883E+10
 403      0.130078E+09    0.2498593E+10   -0.1108402E+10
 404      0.166601E+09    0.2931294E+10   -0.1000038E+10
 405      0.171558E+09    0.3093123E+10   -0.8184718E+09
 406      0.177924E+09    0.3272414E+10   -0.6470052E+09
 407      0.171733E+09    0.3343813E+10   -0.4726263E+09
 408      0.175153E+09    0.3422126E+10   -0.3001909E+09
 409      0.169323E+09    0.3435320E+10   -0.1328316E+09
 410      0.176273E+09    0.3452119E+10    0.3444565E+08
 411      0.169940E+09    0.3411132E+10    0.1986021E+09
 412      0.179078E+09    0.3373198E+10    0.3624950E+09
 413      0.177814E+09    0.3271521E+10    0.5294160E+09
 414      0.193145E+09    0.3176143E+10    0.6984214E+09
 415      0.191635E+09    0.2974649E+10    0.8690419E+09
 416      0.196370E+09    0.2785957E+10    0.1049761E+10
 417      0.163472E+09    0.2346543E+10    0.1163346E+10
 418     -0.101029E+08    0.1904256E+10    0.1368789E+10
 419     -0.353234E+09    0.7623788E+09    0.8657040E+09
 420     -0.282741E+10   -0.3978145E+09    0.2325558E+09
 421     -0.135135E+10    0.4453330E+10   -0.1072298E+10
 422      0.126205E+09    0.4419668E+10   -0.1673506E+10
 423     -0.797948E+08    0.4337237E+10   -0.1915079E+10
 424      0.278428E+08    0.4240036E+10   -0.1473069E+10
 425     -0.591239E+07    0.4225331E+10   -0.1218406E+10
 426      0.314810E+07    0.4223950E+10   -0.9744926E+09
 427      0.259277E+07    0.4237403E+10   -0.7438782E+09
 428      0.211180E+07    0.4246186E+10   -0.5378088E+09
 429      0.715431E+07    0.4258205E+10   -0.3327777E+09
 430      0.587975E+07    0.4250873E+10   -0.1399505E+09
 431      0.118836E+08    0.4245617E+10    0.5356404E+08
 432      0.104064E+08    0.4215611E+10    0.2446151E+09
 433      0.149463E+08    0.4187249E+10    0.4342095E+09
 434      0.156449E+08    0.4136076E+10    0.6345361E+09
 435      0.202718E+08    0.4089230E+10    0.8361886E+09
 436      0.278860E+08    0.4027853E+10    0.1070824E+10
 437      0.244144E+08    0.3976719E+10    0.1318984E+10
 438      0.659022E+08    0.3909649E+10    0.1582287E+10
 439     -0.321071E+08    0.3930313E+10    0.2052291E+10
 440      0.191076E+09    0.3809109E+10    0.1785044E+10
 441     -0.136920E+10    0.3610164E+10    0.1242004E+10
