   1      0.801959E+09   -0.4021507E+06   -0.7160915E+07
   2      0.788009E+09    0.2990717E+08   -0.6720609E+07
   3      0.647762E+09    0.6129675E+08   -0.5499431E+07
   4      0.437866E+09    0.8022890E+08   -0.5061260E+07
   5      0.168655E+09    0.9910462E+08   -0.5064261E+07
   6     -0.143543E+09    0.9898132E+08   -0.5617486E+07
   7     -0.466778E+09    0.1052850E+09   -0.6163147E+07
   8     -0.798548E+09    0.2798078E+08    0.1089444E+08
   9     -0.824885E+09   -0.7249293E+08    0.2003885E+08
  10     -0.628054E+09   -0.1289712E+09    0.5240638E+07
  11     -0.476173E+09   -0.1650720E+09   -0.4769682E+06
  12     -0.340790E+09   -0.1608692E+09    0.5503693E+06
  13     -0.225112E+09   -0.1603516E+09    0.1509471E+06
  14     -0.118983E+09   -0.1417571E+09    0.1705653E+06
  15     -0.234574E+08   -0.1231790E+09    0.1409366E+06
  16      0.685399E+08   -0.9613044E+08    0.1744413E+06
  17      0.159631E+09   -0.6880517E+08    0.1676795E+06
  18      0.254900E+09   -0.4448891E+08    0.3929623E+06
  19      0.359811E+09   -0.2012548E+08   -0.3038310E+05
  20      0.476632E+09   -0.7395061E+07   -0.1466877E+06
  21      0.638557E+09    0.4145130E+07    0.4532000E+06
  22      0.840990E+09   -0.2089885E+07   -0.9843535E+07
  23      0.789541E+09    0.4388843E+07   -0.1451205E+08
  24      0.644049E+09    0.1339578E+08   -0.1724263E+08
  25      0.430342E+09    0.1866816E+08   -0.7845481E+07
  26      0.157460E+09    0.2268370E+08   -0.3125223E+06
  27     -0.157356E+09    0.3313232E+07    0.1408047E+08
  28     -0.489994E+09   -0.1963277E+08    0.3276604E+08
  29     -0.825535E+09   -0.6531634E+08    0.5699717E+08
  30     -0.779113E+09   -0.1117152E+09    0.6532524E+08
  31     -0.607131E+09   -0.1400492E+09    0.3045867E+08
  32     -0.461669E+09   -0.1646298E+09    0.8808490E+07
  33     -0.330051E+09   -0.1629631E+09   -0.4439741E+06
  34     -0.216464E+09   -0.1614860E+09   -0.1127648E+08
  35     -0.112403E+09   -0.1429615E+09   -0.1782875E+08
  36     -0.191550E+08   -0.1242977E+09   -0.2449090E+08
  37      0.702412E+08   -0.9720277E+08   -0.2627566E+08
  38      0.158502E+09   -0.7002245E+08   -0.2800079E+08
  39      0.250637E+09   -0.4493155E+08   -0.2387957E+08
  40      0.353373E+09   -0.2013233E+08   -0.1994997E+08
  41      0.468137E+09   -0.8547538E+07   -0.1117788E+08
  42      0.622440E+09    0.2408424E+07   -0.2194358E+07
  43      0.885555E+09    0.1824584E+07   -0.1129595E+08
  44      0.793144E+09   -0.3544992E+07   -0.2053277E+08
  45      0.640694E+09   -0.8633406E+07   -0.2764318E+08
  46      0.421911E+09   -0.2083428E+08   -0.9786674E+07
  47      0.145370E+09   -0.3182629E+08    0.5123070E+07
  48     -0.172734E+09   -0.6174324E+08    0.3603122E+08
  49     -0.516724E+09   -0.1029835E+09    0.7818976E+08
  50     -0.856297E+09   -0.1417184E+09    0.1002998E+09
  51     -0.729781E+09   -0.1636977E+09    0.1002065E+09
  52     -0.584183E+09   -0.1651062E+09    0.5309504E+08
  53     -0.446207E+09   -0.1756249E+09    0.1872062E+08
  54     -0.319004E+09   -0.1738579E+09   -0.1501807E+07
  55     -0.207669E+09   -0.1698734E+09   -0.2263927E+08
  56     -0.105825E+09   -0.1501558E+09   -0.3576708E+08
  57     -0.149072E+08   -0.1300843E+09   -0.4905036E+08
  58      0.718781E+08   -0.1014560E+09   -0.5263866E+08
  59      0.157261E+09   -0.7256285E+08   -0.5610834E+08
  60      0.246427E+09   -0.4575361E+08   -0.4808994E+08
  61      0.346762E+09   -0.1849396E+08   -0.4003898E+08
  62      0.460296E+09   -0.6259181E+07   -0.2199161E+08
  63      0.605398E+09    0.4456175E+07   -0.3951497E+07
  64      0.909520E+09    0.2383131E+07   -0.6751695E+07
  65      0.795046E+09   -0.9602574E+07   -0.7218390E+07
  66      0.629818E+09   -0.2256709E+08   -0.6651595E+07
  67      0.401958E+09   -0.4587909E+08    0.1354164E+08
  68      0.117815E+09   -0.6792044E+08    0.3180846E+08
  69     -0.211686E+09   -0.9888319E+08    0.6956687E+08
  70     -0.577263E+09   -0.1330631E+09    0.1209732E+09
  71     -0.839483E+09   -0.1568576E+09    0.1192541E+09
  72     -0.691252E+09   -0.1768113E+09    0.9908681E+08
  73     -0.546519E+09   -0.1828842E+09    0.5809405E+08
  74     -0.412588E+09   -0.1908333E+09    0.2239873E+08
  75     -0.289611E+09   -0.1857496E+09   -0.7143616E+07
  76     -0.182680E+09   -0.1797953E+09   -0.3656463E+08
  77     -0.862837E+08   -0.1589168E+09   -0.5632755E+08
  78     -0.188770E+07   -0.1376112E+09   -0.7613294E+08
  79      0.772717E+08   -0.1076818E+09   -0.8186548E+08
  80      0.154035E+09   -0.7749622E+08   -0.8743676E+08
  81      0.234170E+09   -0.4927514E+08   -0.7539169E+08
  82      0.325381E+09   -0.2102430E+08   -0.6321459E+08
  83      0.431267E+09   -0.8259294E+07   -0.3352177E+08
  84      0.564544E+09    0.3467491E+07   -0.3849505E+07
  85      0.927602E+09    0.5261891E+07   -0.4383606E+07
  86      0.795993E+09   -0.7431870E+07    0.4351766E+07
  87      0.618875E+09   -0.2164465E+08    0.1397285E+08
  88      0.383725E+09   -0.5605589E+08    0.3737889E+08
  89      0.908149E+08   -0.9089882E+08    0.5892848E+08
  90     -0.250861E+09   -0.1235106E+09    0.9992677E+08
  91     -0.636566E+09   -0.1545801E+09    0.1547987E+09
  92     -0.816493E+09   -0.1747070E+09    0.1405542E+09
  93     -0.657468E+09   -0.1947583E+09    0.1092844E+09
  94     -0.511372E+09   -0.2019595E+09    0.6552799E+08
  95     -0.380049E+09   -0.2095442E+09    0.2511086E+08
  96     -0.260504E+09   -0.2024515E+09   -0.1289449E+08
  97     -0.157882E+09   -0.1947737E+09   -0.5064870E+08
  98     -0.668178E+08   -0.1720579E+09   -0.7703965E+08
  99      0.110634E+08   -0.1488665E+09   -0.1033690E+09
 100      0.825998E+08   -0.1165577E+09   -0.1112279E+09
 101      0.150825E+09   -0.8382418E+08   -0.1188712E+09
 102      0.221850E+09   -0.5302873E+08   -0.1027167E+09
 103      0.304328E+09   -0.2183818E+08   -0.8618267E+08
 104      0.401772E+09   -0.7827349E+07   -0.4509459E+08
 105      0.525658E+09    0.4608932E+07   -0.4195275E+07
 106      0.909519E+09    0.3864048E+07   -0.3365009E+07
 107      0.774480E+09   -0.1104896E+08    0.1927967E+08
 108      0.592036E+09   -0.2673968E+08    0.4251436E+08
 109      0.355093E+09   -0.6066978E+08    0.7259797E+08
 110      0.613480E+08   -0.9601989E+08    0.1014602E+09
 111     -0.286953E+09   -0.1350582E+09    0.1354528E+09
 112     -0.677662E+09   -0.1723040E+09    0.1803068E+09
 113     -0.776181E+09   -0.1918668E+09    0.1595320E+09
 114     -0.614575E+09   -0.2114909E+09    0.1242553E+09
 115     -0.464506E+09   -0.2187973E+09    0.7266176E+08
 116     -0.332311E+09   -0.2260960E+09    0.2453399E+08
 117     -0.215062E+09   -0.2175476E+09   -0.2158693E+08
 118     -0.117587E+09   -0.2086409E+09   -0.6760838E+08
 119     -0.341908E+08   -0.1845904E+09   -0.1008587E+09
 120      0.334839E+08   -0.1601098E+09   -0.1340408E+09
 121      0.925361E+08   -0.1261492E+09   -0.1445950E+09
 122      0.146077E+09   -0.9176399E+08   -0.1549244E+09
 123      0.201007E+09   -0.5897113E+08   -0.1345196E+09
 124      0.266565E+09   -0.2602568E+08   -0.1134988E+09
 125      0.347487E+09   -0.1036177E+08   -0.5938928E+08
 126      0.459072E+09    0.4014450E+07   -0.5537735E+07
 127      0.893097E+09    0.7102931E+07   -0.2631538E+07
 128      0.752390E+09   -0.9896301E+07    0.3436007E+08
 129      0.565598E+09   -0.3000050E+08    0.7151071E+08
 130      0.325592E+09   -0.7306336E+08    0.1069318E+09
 131      0.314123E+08   -0.1150660E+09    0.1430113E+09
 132     -0.321131E+09   -0.1549213E+09    0.1720797E+09
 133     -0.715846E+09   -0.1920771E+09    0.2075429E+09
 134     -0.738581E+09   -0.2095022E+09    0.1784184E+09
 135     -0.570657E+09   -0.2286706E+09    0.1384809E+09
 136     -0.417144E+09   -0.2363095E+09    0.7999376E+08
 137     -0.284476E+09   -0.2433064E+09    0.2425104E+08
 138     -0.169592E+09   -0.2337628E+09   -0.3026034E+08
 139     -0.772560E+08   -0.2239004E+09   -0.8471462E+08
 140     -0.154145E+07   -0.1985290E+09   -0.1248699E+09
 141      0.558766E+08   -0.1727446E+09   -0.1649547E+09
 142      0.102382E+09   -0.1366692E+09   -0.1781947E+09
 143      0.141228E+09   -0.9999506E+08   -0.1911900E+09
 144      0.179988E+09   -0.6417920E+08   -0.1664892E+09
 145      0.228811E+09   -0.2752824E+08   -0.1410746E+09
 146      0.293219E+09   -0.9843602E+07   -0.7371487E+08
 147      0.392889E+09    0.5743794E+07   -0.6560036E+07
 148      0.836893E+09    0.4708679E+07   -0.6948529E+06
 149      0.698336E+09   -0.1463479E+08    0.5343854E+08
 150      0.519072E+09   -0.3547671E+08    0.1079495E+09
 151      0.286059E+09   -0.7700478E+08    0.1481012E+09
 152     -0.842359E+06   -0.1189890E+09    0.1884958E+09
 153     -0.342008E+09   -0.1587765E+09    0.2105331E+09
 154     -0.724684E+09   -0.1973922E+09    0.2374954E+09
 155     -0.691000E+09   -0.2200323E+09    0.1994698E+09
 156     -0.513178E+09   -0.2420897E+09    0.1525521E+09
 157     -0.354218E+09   -0.2479510E+09    0.8619028E+08
 158     -0.220208E+09   -0.2539289E+09    0.2224495E+08
 159     -0.107749E+09   -0.2436354E+09   -0.4047552E+08
 160     -0.212903E+08   -0.2331455E+09   -0.1031155E+09
 161      0.448468E+08   -0.2075904E+09   -0.1502778E+09
 162      0.890075E+08   -0.1816793E+09   -0.1974625E+09
 163      0.118461E+09   -0.1450742E+09   -0.2144349E+09
 164      0.136311E+09   -0.1078442E+09   -0.2312332E+09
 165      0.150920E+09   -0.7040052E+08   -0.2030166E+09
 166      0.173154E+09   -0.3245595E+08   -0.1739632E+09
 167      0.210385E+09   -0.1309918E+08   -0.9147797E+08
 168      0.287048E+09    0.4573693E+07   -0.9035394E+07
 169      0.779049E+09    0.7352958E+07    0.1118566E+07
 170      0.644695E+09   -0.1061280E+08    0.7185674E+08
 171      0.472204E+09   -0.3140308E+08    0.1434415E+09
 172      0.246810E+09   -0.8025172E+08    0.1895852E+09
 173     -0.319006E+08   -0.1292023E+09    0.2349936E+09
 174     -0.363378E+09   -0.1733528E+09    0.2494201E+09
 175     -0.735256E+09   -0.2139156E+09    0.2682803E+09
 176     -0.642895E+09   -0.2314382E+09    0.2213931E+09
 177     -0.455310E+09   -0.2501608E+09    0.1669412E+09
 178     -0.290901E+09   -0.2546389E+09    0.9257111E+08
 179     -0.155471E+09   -0.2587950E+09    0.2031363E+08
 180     -0.454674E+08   -0.2478808E+09   -0.5074016E+08
 181      0.350408E+08   -0.2369796E+09   -0.1217106E+09
 182      0.914986E+08   -0.2122455E+09   -0.1759941E+09
 183      0.122234E+09   -0.1872507E+09   -0.2303872E+09
 184      0.134480E+09   -0.1509736E+09   -0.2511054E+09
 185      0.131145E+09   -0.1138059E+09   -0.2717190E+09
 186      0.121564E+09   -0.7461195E+08   -0.2398159E+09
 187      0.117164E+09   -0.3391030E+08   -0.2071082E+09
 188      0.127635E+09   -0.1218194E+08   -0.1093791E+09
 189      0.180781E+09    0.6803641E+07   -0.1137943E+08
 190      0.678002E+09    0.5961237E+07    0.1742990E+07
 191      0.554262E+09   -0.1510188E+08    0.9209117E+08
 192      0.399421E+09   -0.3826561E+08    0.1837044E+09
 193      0.196941E+09   -0.8542553E+08    0.2354741E+09
 194     -0.589695E+08   -0.1331746E+09    0.2863575E+09
 195     -0.365937E+09   -0.1756110E+09    0.2898617E+09
 196     -0.717024E+09   -0.2154098E+09    0.2950359E+09
 197     -0.580548E+09   -0.2311157E+09    0.2372803E+09
 198     -0.382340E+09   -0.2466015E+09    0.1748583E+09
 199     -0.212758E+09   -0.2472140E+09    0.9408295E+08
 200     -0.762129E+08   -0.2480790E+09    0.1513824E+08
 201      0.305234E+08   -0.2369706E+09   -0.6145343E+08
 202      0.104926E+09   -0.2260896E+09   -0.1379492E+09
 203      0.150946E+09   -0.2042740E+09   -0.1979174E+09
 204      0.167204E+09   -0.1823324E+09   -0.2582248E+09
 205      0.159402E+09   -0.1494632E+09   -0.2842050E+09
 206      0.129627E+09   -0.1156639E+09   -0.3103985E+09
 207      0.872983E+08   -0.7721661E+08   -0.2776517E+09
 208      0.442143E+08   -0.3740634E+08   -0.2441464E+09
 209      0.127219E+08   -0.1497005E+08   -0.1298227E+09
 210      0.222901E+08    0.5105500E+07   -0.1461215E+08
 211      0.579323E+09    0.7782208E+07    0.3499571E+07
 212      0.463641E+09   -0.1685934E+08    0.1131840E+09
 213      0.326613E+09   -0.4492003E+08    0.2240445E+09
 214      0.146027E+09   -0.9393476E+08    0.2810335E+09
 215     -0.880463E+08   -0.1418128E+09    0.3375498E+09
 216     -0.368744E+09   -0.1801849E+09    0.3313384E+09
 217     -0.695977E+09   -0.2155198E+09    0.3231910E+09
 218     -0.518366E+09   -0.2212210E+09    0.2535584E+09
 219     -0.308773E+09   -0.2274170E+09    0.1831332E+09
 220     -0.133803E+09   -0.2227541E+09    0.9587618E+08
 221      0.389873E+07   -0.2182146E+09    0.1003817E+08
 222      0.107370E+09   -0.2071782E+09   -0.7223584E+08
 223      0.175589E+09   -0.1968197E+09   -0.1544165E+09
 224      0.211064E+09   -0.1807397E+09   -0.2202654E+09
 225      0.212537E+09   -0.1648510E+09   -0.2866754E+09
 226      0.184442E+09   -0.1389470E+09   -0.3180441E+09
 227      0.127718E+09   -0.1119286E+09   -0.3499206E+09
 228      0.524927E+08   -0.7603272E+08   -0.3162413E+09
 229     -0.296134E+08   -0.3727378E+08   -0.2817433E+09
 230     -0.102603E+09   -0.1326214E+08   -0.1503671E+09
 231     -0.136329E+09    0.7273430E+07   -0.1763560E+08
 232      0.422574E+09    0.6662214E+07    0.7851967E+07
 233      0.331591E+09   -0.1945581E+08    0.1392025E+09
 234      0.231675E+09   -0.4964119E+08    0.2718760E+09
 235      0.924618E+08   -0.9977233E+08    0.3262866E+09
 236     -0.100790E+09   -0.1481579E+09    0.3779755E+09
 237     -0.345583E+09   -0.1704014E+09    0.3539811E+09
 238     -0.642250E+09   -0.1893194E+09    0.3299864E+09
 239     -0.441206E+09   -0.1862527E+09    0.2517046E+09
 240     -0.223402E+09   -0.1829786E+09    0.1730262E+09
 241     -0.473349E+08   -0.1697384E+09    0.8497747E+08
 242      0.891191E+08   -0.1574966E+09   -0.1444234E+07
 243      0.187745E+09   -0.1474089E+09   -0.8149190E+08
 244      0.251005E+09   -0.1382748E+09   -0.1614287E+09
 245      0.277826E+09   -0.1313499E+09   -0.2277865E+09
 246      0.268020E+09   -0.1249067E+09   -0.2951060E+09
 247      0.221443E+09   -0.1114657E+09   -0.3329950E+09
 248      0.136993E+09   -0.9683255E+08   -0.3722517E+09
 249      0.221889E+08   -0.6914517E+08   -0.3445668E+09
 250     -0.113614E+09   -0.3840473E+08   -0.3165172E+09
 251     -0.250565E+09   -0.1533264E+08   -0.1707780E+09
 252     -0.354652E+09    0.4488281E+07   -0.2220643E+08
 253      0.265724E+09    0.8912452E+07    0.1265090E+08
 254      0.199630E+09   -0.2248028E+08    0.1656859E+09
 255      0.134240E+09   -0.5817612E+08    0.3201036E+09
 256      0.378320E+08   -0.9845108E+08    0.3722890E+09
 257     -0.114097E+09   -0.1356202E+09    0.4210303E+09
 258     -0.321187E+09   -0.1478265E+09    0.3789943E+09
 259     -0.591365E+09   -0.1557265E+09    0.3373282E+09
 260     -0.362294E+09   -0.1276705E+09    0.2500402E+09
 261     -0.136931E+09   -0.1013118E+09    0.1630232E+09
 262      0.401964E+08   -0.7741330E+08    0.7418583E+08
 263      0.175422E+09   -0.5442319E+08   -0.1286755E+08
 264      0.269215E+09   -0.4589896E+08   -0.9069883E+08
 265      0.327567E+09   -0.3891983E+08   -0.1683902E+09
 266      0.345835E+09   -0.4628330E+08   -0.2355350E+09
 267      0.324407E+09   -0.5496389E+08   -0.3039845E+09
 268      0.259280E+09   -0.6204091E+08   -0.3489372E+09
 269      0.145718E+09   -0.6849846E+08   -0.3959810E+09
 270     -0.895222E+07   -0.5457251E+08   -0.3742706E+09
 271     -0.199627E+09   -0.3586643E+08   -0.3524498E+09
 272     -0.399897E+09   -0.1317376E+08   -0.1917784E+09
 273     -0.573113E+09    0.6266863E+07   -0.2722058E+08
 274      0.309543E+08    0.5356692E+07    0.2162684E+08
 275      0.242335E+08   -0.2388845E+08    0.1953069E+09
 276      0.332763E+08   -0.6064385E+08    0.3674762E+09
 277      0.558292E+07   -0.9323313E+08    0.3972353E+09
 278     -0.912467E+08   -0.1185764E+09    0.4242004E+09
 279     -0.259301E+09   -0.9529766E+08    0.3598951E+09
 280     -0.507673E+09   -0.6902264E+08    0.2958120E+09
 281     -0.275709E+09   -0.1974499E+08    0.2046463E+09
 282     -0.525670E+08    0.2905462E+08    0.1172069E+09
 283      0.116516E+09    0.6621254E+08    0.4080407E+08
 284      0.245410E+09    0.1017238E+09   -0.3407218E+08
 285      0.332003E+09    0.1074253E+09   -0.9500821E+08
 286      0.387999E+09    0.1114445E+09   -0.1556796E+09
 287      0.403215E+09    0.8571294E+08   -0.2108474E+09
 288      0.381114E+09    0.5828538E+08   -0.2676064E+09
 289      0.308352E+09    0.2221595E+08   -0.3164463E+09
 290      0.177719E+09   -0.1328560E+08   -0.3693398E+09
 291     -0.154971E+08   -0.2400570E+08   -0.3672922E+09
 292     -0.272664E+09   -0.2838727E+08   -0.3674143E+09
 293     -0.568480E+09   -0.1200915E+08   -0.2055671E+09
 294     -0.858483E+09    0.8148633E+03   -0.3598291E+08
 295     -0.201939E+09    0.1353156E+08    0.3216073E+08
 296     -0.153459E+09   -0.2781721E+08    0.2265758E+09
 297     -0.763564E+08   -0.7093009E+08    0.4206488E+09
 298     -0.257685E+08   -0.7561096E+08    0.4277961E+09
 299     -0.689194E+08   -0.7261259E+08    0.4291999E+09
 300     -0.194995E+09   -0.4091177E+07    0.3400053E+09
 301     -0.420765E+09    0.6451376E+08    0.2525819E+09
 302     -0.187615E+09    0.1490327E+09    0.1589823E+09
 303      0.327297E+08    0.2301719E+09    0.7040671E+08
 304      0.193381E+09    0.2823898E+09    0.6861970E+07
 305      0.315804E+09    0.3329355E+09   -0.5531079E+08
 306      0.395223E+09    0.3351801E+09   -0.9886654E+08
 307      0.449240E+09    0.3356548E+09   -0.1419855E+09
 308      0.462050E+09    0.2863601E+09   -0.1850605E+09
 309      0.439724E+09    0.2338350E+09   -0.2297584E+09
 310      0.360704E+09    0.1561129E+09   -0.2842111E+09
 311      0.209558E+09    0.7461017E+08   -0.3438226E+09
 312     -0.208770E+08    0.2510682E+08   -0.3635306E+09
 313     -0.353037E+09   -0.1884741E+08   -0.3863435E+09
 314     -0.740156E+09   -0.7640075E+07   -0.2210635E+09
 315     -0.114657E+10    0.5856912E+07   -0.4660978E+08
 316     -0.546567E+09   -0.9249711E+07    0.5632055E+08
 317     -0.353858E+09   -0.2781655E+08    0.2513281E+09
 318     -0.127150E+09   -0.5925760E+08    0.4315420E+09
 319      0.103016E+08   -0.1558850E+08    0.3788411E+09
 320      0.198992E+08    0.4438678E+08    0.3323209E+09
 321     -0.976062E+08    0.1650961E+09    0.2277576E+09
 322     -0.320914E+09    0.2869004E+09    0.1285948E+09
 323     -0.116017E+09    0.4018530E+09    0.5179254E+08
 324      0.873154E+08    0.5144600E+09   -0.1984357E+08
 325      0.228763E+09    0.5790099E+09   -0.5371197E+08
 326      0.337604E+09    0.6423480E+09   -0.8651379E+08
 327      0.406705E+09    0.6403499E+09   -0.9496138E+08
 328      0.459498E+09    0.6371617E+09   -0.1026892E+09
 329      0.475797E+09    0.5638358E+09   -0.1120491E+09
 330      0.467900E+09    0.4878212E+09   -0.1219039E+09
 331      0.403855E+09    0.3596341E+09   -0.1610791E+09
 332      0.271644E+09    0.2282352E+09   -0.2081959E+09
 333      0.287791E+08    0.1162815E+09   -0.2631599E+09
 334     -0.355623E+09    0.1618619E+08   -0.3334862E+09
 335     -0.884811E+09    0.2156768E+07   -0.2095724E+09
 336     -0.149687E+10   -0.1767985E+08   -0.6372628E+08
 337     -0.921290E+09    0.4561626E+08    0.1037718E+09
 338     -0.556683E+09   -0.2015225E+08    0.2853335E+09
 339     -0.214923E+09   -0.4949293E+08    0.4597651E+09
 340      0.687858E+08    0.1104464E+09    0.3409895E+09
 341      0.115864E+09    0.2554331E+09    0.2235121E+09
 342      0.665941E+07    0.4521052E+09    0.1086868E+09
 343     -0.218782E+09    0.6314182E+09   -0.2214125E+07
 344     -0.461832E+08    0.7722943E+09   -0.6032983E+08
 345      0.140234E+09    0.9114916E+09   -0.1123357E+09
 346      0.262448E+09    0.9848955E+09   -0.1154364E+09
 347      0.357619E+09    0.1058015E+10   -0.1179412E+09
 348      0.416286E+09    0.1052686E+10   -0.9015545E+08
 349      0.468192E+09    0.1047259E+10   -0.6138649E+08
 350      0.488641E+09    0.9534941E+09   -0.3524479E+08
 351      0.497274E+09    0.8576871E+09   -0.8407542E+07
 352      0.451558E+09    0.6747248E+09   -0.3108507E+08
 353      0.340205E+09    0.4741608E+09   -0.6095415E+08
 354      0.978020E+08    0.2740407E+09   -0.1690185E+09
 355     -0.385544E+09    0.5291746E+08   -0.2918384E+09
 356     -0.103342E+10    0.2068364E+08   -0.2053309E+09
 357     -0.187785E+10    0.2874063E+08   -0.1001076E+09
 358     -0.140742E+10   -0.9301233E+08    0.1384203E+09
 359     -0.664414E+09    0.1503960E+08    0.2319050E+09
 360     -0.466693E+08    0.1051855E+09    0.2585432E+09
 361      0.188283E+09    0.3879016E+09    0.6735795E+08
 362      0.210286E+09    0.6927015E+09   -0.4548242E+08
 363      0.777805E+08    0.9187359E+09   -0.1039241E+09
 364     -0.153737E+09    0.1138062E+10   -0.1724414E+09
 365     -0.264710E+08    0.1277070E+10   -0.1988885E+09
 366      0.133009E+09    0.1419493E+10   -0.2200082E+09
 367      0.229088E+09    0.1492738E+10   -0.1858717E+09
 368      0.302803E+09    0.1566207E+10   -0.1507150E+09
 369      0.347719E+09    0.1558203E+10   -0.7980180E+08
 370      0.392518E+09    0.1551309E+10   -0.8363909E+07
 371      0.414614E+09    0.1449028E+10    0.6989346E+08
 372      0.436932E+09    0.1347661E+10    0.1505609E+09
 373      0.419499E+09    0.1125574E+10    0.1920156E+09
 374      0.366525E+09    0.8956936E+09    0.2376292E+09
 375      0.197987E+09    0.5544707E+09    0.1494501E+09
 376     -0.183362E+09    0.2239791E+09   -0.1152250E+08
 377     -0.101024E+10    0.6674136E+08   -0.9387365E+08
 378     -0.224316E+10   -0.9599956E+08   -0.1148702E+09
 379     -0.254010E+10    0.2650327E+09    0.5991507E+09
 380     -0.631643E+09    0.2103076E+09    0.2769924E+09
 381      0.205852E+09    0.3904172E+09   -0.1100008E+09
 382      0.313662E+09    0.1053930E+10   -0.2680159E+09
 383      0.314396E+09    0.1475019E+10   -0.3346469E+09
 384      0.142505E+09    0.1654368E+10   -0.3366431E+09
 385     -0.109938E+09    0.1837650E+10   -0.3507262E+09
 386     -0.180188E+08    0.1940186E+10   -0.3401870E+09
 387      0.121901E+09    0.2058205E+10   -0.3277161E+09
 388      0.191674E+09    0.2121568E+10   -0.2571736E+09
 389      0.243435E+09    0.2183721E+10   -0.1836104E+09
 390      0.274602E+09    0.2175416E+10   -0.6883877E+08
 391      0.311591E+09    0.2169710E+10    0.4559882E+08
 392      0.334078E+09    0.2080374E+10    0.1780507E+09
 393      0.369527E+09    0.1997066E+10    0.3132534E+09
 394      0.376996E+09    0.1780920E+10    0.4296105E+09
 395      0.394149E+09    0.1570618E+10    0.5542472E+09
 396      0.297742E+09    0.1133243E+10    0.5268621E+09
 397      0.856448E+08    0.4826946E+09    0.4202107E+09
 398     -0.847485E+09    0.2565897E+09   -0.5507331E+08
 399     -0.320023E+10    0.2343507E+09   -0.4702303E+09
 400     -0.225218E+10   -0.4542896E+09   -0.1258393E+09
 401     -0.164790E+09    0.7561590E+09   -0.5703931E+09
 402      0.960430E+08    0.1939546E+10   -0.8615740E+09
 403      0.200840E+09    0.2295860E+10   -0.6328440E+09
 404      0.174888E+09    0.2648494E+10   -0.4732620E+09
 405      0.829632E+08    0.2676290E+10   -0.3918924E+09
 406     -0.774055E+08    0.2716497E+10   -0.3531927E+09
 407     -0.193221E+08    0.2746187E+10   -0.3846556E+09
 408      0.595298E+08    0.2798755E+10   -0.3859282E+09
 409      0.960444E+08    0.2838851E+10   -0.2894611E+09
 410      0.122247E+09    0.2873057E+10   -0.1954799E+09
 411      0.138135E+09    0.2865744E+10   -0.5961868E+08
 412      0.157263E+09    0.2861047E+10    0.7512245E+08
 413      0.169569E+09    0.2806755E+10    0.2382289E+09
 414      0.188898E+09    0.2757677E+10    0.4025040E+09
 415      0.197233E+09    0.2618004E+10    0.5845681E+09
 416      0.207879E+09    0.2491772E+10    0.7754866E+09
 417      0.188055E+09    0.2126487E+10    0.9179845E+09
 418      0.369068E+08    0.1763077E+10    0.1144672E+10
 419     -0.258080E+09    0.6961948E+09    0.7372089E+09
 420     -0.255487E+10   -0.3933875E+09    0.2063695E+09
 421     -0.132029E+10    0.4281943E+10   -0.1037562E+10
 422      0.143706E+09    0.4432375E+10   -0.1402592E+10
 423     -0.442838E+08    0.4529549E+10   -0.1446330E+10
 424      0.582319E+08    0.4348676E+10   -0.9213604E+09
 425      0.208659E+08    0.4254185E+10   -0.5653118E+09
 426      0.189568E+08    0.3996695E+10   -0.4089441E+09
 427     -0.291554E+08    0.3732427E+10   -0.3330936E+09
 428     -0.113641E+08    0.3650646E+10   -0.4174677E+09
 429      0.124341E+06    0.3614497E+10   -0.4391537E+09
 430      0.381682E+07    0.3621935E+10   -0.3173794E+09
 431      0.526950E+07    0.3615218E+10   -0.2052902E+09
 432      0.605584E+07    0.3611294E+10   -0.5065309E+08
 433      0.758884E+07    0.3608636E+10    0.1024181E+09
 434      0.989751E+07    0.3608592E+10    0.2924903E+09
 435      0.121239E+08    0.3611187E+10    0.4831464E+09
 436      0.204183E+08    0.3616938E+10    0.7207371E+09
 437      0.166273E+08    0.3634214E+10    0.9708685E+09
 438      0.601576E+08    0.3647653E+10    0.1259436E+10
 439     -0.360792E+08    0.3737405E+10    0.1737846E+10
 440      0.190462E+09    0.3717258E+10    0.1579836E+10
 441     -0.129680E+10    0.3631583E+10    0.1163356E+10
