   1     -0.455989E+09    0.4704803E+07   -0.5218066E+06
   2     -0.361601E+09   -0.8140027E+07    0.2969041E+06
   3     -0.240388E+09   -0.2272868E+08    0.1381136E+07
   4     -0.116546E+09   -0.5657593E+08    0.1171596E+07
   5     -0.176557E+08   -0.8939150E+08    0.8480580E+06
   6      0.724084E+08   -0.1241830E+09    0.8440322E+06
   7      0.146732E+09   -0.1588741E+09    0.1247789E+07
   8      0.215770E+09   -0.1893544E+09    0.1313922E+07
   9      0.256254E+09   -0.2192923E+09    0.7775907E+06
  10      0.286955E+09   -0.2341540E+09    0.8530361E+06
  11      0.294688E+09   -0.2488551E+09    0.9332587E+06
  12      0.281543E+09   -0.2488436E+09    0.9546894E+06
  13      0.247277E+09   -0.2491788E+09    0.1147265E+07
  14      0.192105E+09   -0.2294718E+09    0.1572851E+06
  15      0.114346E+09   -0.2082683E+09   -0.5014657E+06
  16      0.221484E+08   -0.1751214E+09   -0.1870051E+06
  17     -0.834458E+08   -0.1425416E+09   -0.1197247E+06
  18     -0.188929E+09   -0.1056502E+09   -0.9794187E+06
  19     -0.300547E+09   -0.6667785E+08   -0.3043507E+07
  20     -0.395889E+09   -0.2967447E+08   -0.4383205E+07
  21     -0.390484E+09    0.4842157E+07   -0.4739854E+07
  22     -0.470088E+09    0.3366899E+07    0.9862475E+06
  23     -0.372834E+09   -0.8851405E+07    0.1238192E+08
  24     -0.250435E+09   -0.2188371E+08    0.2430439E+08
  25     -0.120861E+09   -0.5076324E+08    0.2933946E+08
  26     -0.189237E+08   -0.7980388E+08    0.3360223E+08
  27      0.738355E+08   -0.1118363E+09    0.3198267E+08
  28      0.149796E+09   -0.1430636E+09    0.3055690E+08
  29      0.219644E+09   -0.1679256E+09    0.2631100E+08
  30      0.263835E+09   -0.1931863E+09    0.2169058E+08
  31      0.294664E+09   -0.2068494E+09    0.1351032E+08
  32      0.303034E+09   -0.2199619E+09    0.5679521E+07
  33      0.290637E+09   -0.2154071E+09   -0.3214236E+07
  34      0.254599E+09   -0.2100966E+09   -0.1187157E+08
  35      0.199894E+09   -0.1908079E+09   -0.1924645E+08
  36      0.120239E+09   -0.1719871E+09   -0.2671264E+08
  37      0.276027E+08   -0.1402337E+09   -0.3186525E+08
  38     -0.803822E+08   -0.1068427E+09   -0.3744808E+08
  39     -0.191734E+09   -0.7014508E+08   -0.3551346E+08
  40     -0.304027E+09   -0.3329406E+08   -0.3557708E+08
  41     -0.407243E+09   -0.1337487E+08   -0.2358256E+08
  42     -0.439257E+09    0.4788218E+07   -0.9223421E+07
  43     -0.484356E+09    0.3705846E+07    0.2211485E+07
  44     -0.384186E+09   -0.7072294E+07    0.2422151E+08
  45     -0.260702E+09   -0.1871913E+08    0.4674200E+08
  46     -0.125284E+09   -0.4528251E+08    0.5715873E+08
  47     -0.196969E+08   -0.7193108E+08    0.6620588E+08
  48      0.751694E+08   -0.1025391E+09    0.6308900E+08
  49      0.153426E+09   -0.1329276E+09    0.6020993E+08
  50      0.222976E+09   -0.1572736E+09    0.5146976E+08
  51      0.272241E+09   -0.1811961E+09    0.4244254E+08
  52      0.302476E+09   -0.1902090E+09    0.2564770E+08
  53      0.311170E+09   -0.1985415E+09    0.1019527E+08
  54      0.300153E+09   -0.1947757E+09   -0.7037197E+07
  55      0.262396E+09   -0.1910920E+09   -0.2525684E+08
  56      0.207341E+09   -0.1674658E+09   -0.3965583E+08
  57      0.126292E+09   -0.1430411E+09   -0.5365159E+08
  58      0.337707E+08   -0.1113361E+09   -0.6365944E+08
  59     -0.766296E+08   -0.8021470E+08   -0.7414837E+08
  60     -0.194706E+09   -0.5142079E+08   -0.6961565E+08
  61     -0.306443E+09   -0.2036652E+08   -0.6776031E+08
  62     -0.419053E+09   -0.6368305E+07   -0.4132855E+08
  63     -0.492098E+09    0.5130489E+07   -0.1154204E+08
  64     -0.524513E+09    0.3067604E+07    0.3543536E+07
  65     -0.416039E+09   -0.8278588E+07    0.3514795E+08
  66     -0.284224E+09   -0.2045866E+08    0.6692035E+08
  67     -0.140377E+09   -0.4592400E+08    0.8144528E+08
  68     -0.217343E+08   -0.7135871E+08    0.9494854E+08
  69      0.782136E+08   -0.9957340E+08    0.9059154E+08
  70      0.164681E+09   -0.1276639E+09    0.8655196E+08
  71      0.236514E+09   -0.1483125E+09    0.7166491E+08
  72      0.291861E+09   -0.1682368E+09    0.5718422E+08
  73      0.326385E+09   -0.1771076E+09    0.3376925E+08
  74      0.334298E+09   -0.1858124E+09    0.1046715E+08
  75      0.324846E+09   -0.1782394E+09   -0.1373336E+08
  76      0.287596E+09   -0.1709843E+09   -0.3844446E+08
  77      0.228409E+09   -0.1518877E+09   -0.6035160E+08
  78      0.144774E+09   -0.1312024E+09   -0.8237674E+08
  79      0.445489E+08   -0.1005703E+09   -0.9312731E+08
  80     -0.728217E+08   -0.7037167E+08   -0.1037901E+09
  81     -0.203084E+09   -0.4248980E+08   -0.9592711E+08
  82     -0.326565E+09   -0.1448271E+08   -0.8892795E+08
  83     -0.459470E+09   -0.4966312E+07   -0.4912956E+08
  84     -0.565907E+09    0.3626418E+07   -0.7795527E+07
  85     -0.564147E+09    0.3823193E+07    0.4805362E+07
  86     -0.447611E+09   -0.7558638E+07    0.4624131E+08
  87     -0.307428E+09   -0.2027814E+08    0.8767910E+08
  88     -0.155366E+09   -0.4654314E+08    0.1060747E+09
  89     -0.247705E+08   -0.7252941E+08    0.1242307E+09
  90      0.816751E+08   -0.1006821E+09    0.1182746E+09
  91      0.175679E+09   -0.1275763E+09    0.1117164E+09
  92      0.250727E+09   -0.1452463E+09    0.9129631E+08
  93      0.309706E+09   -0.1635907E+09    0.7234867E+08
  94      0.350854E+09   -0.1708003E+09    0.4239365E+08
  95      0.358463E+09   -0.1772402E+09    0.1077109E+08
  96      0.348638E+09   -0.1703552E+09   -0.2084807E+08
  97      0.312088E+09   -0.1630972E+09   -0.5136371E+08
  98      0.250278E+09   -0.1438604E+09   -0.7972016E+08
  99      0.164063E+09   -0.1249620E+09   -0.1096875E+09
 100      0.541676E+08   -0.9735990E+08   -0.1225467E+09
 101     -0.706093E+08   -0.6900520E+08   -0.1337467E+09
 102     -0.210859E+09   -0.4606113E+08   -0.1217822E+09
 103     -0.348333E+09   -0.2240558E+08   -0.1104513E+09
 104     -0.499722E+09   -0.8719902E+07   -0.5898950E+08
 105     -0.635238E+09    0.3464929E+07   -0.6844653E+07
 106     -0.630679E+09    0.3196876E+07    0.6680778E+07
 107     -0.499514E+09   -0.9383194E+07    0.5841259E+08
 108     -0.343782E+09   -0.2305455E+08    0.1100579E+09
 109     -0.176989E+09   -0.4932836E+08    0.1310264E+09
 110     -0.307452E+08   -0.7510480E+08    0.1514383E+09
 111      0.896989E+08   -0.1001090E+09    0.1430468E+09
 112      0.193026E+09   -0.1253271E+09    0.1348551E+09
 113      0.276295E+09   -0.1444199E+09    0.1089563E+09
 114      0.340497E+09   -0.1619458E+09    0.8294246E+08
 115      0.386387E+09   -0.1661302E+09    0.4734710E+08
 116      0.397979E+09   -0.1717971E+09    0.1174621E+08
 117      0.387572E+09   -0.1657475E+09   -0.2778466E+08
 118      0.347516E+09   -0.1580184E+09   -0.6681772E+08
 119      0.283594E+09   -0.1370259E+09   -0.9920202E+08
 120      0.190687E+09   -0.1165004E+09   -0.1322385E+09
 121      0.684931E+08   -0.9180057E+08   -0.1472899E+09
 122     -0.711349E+08   -0.6586341E+08   -0.1620826E+09
 123     -0.226497E+09   -0.3887970E+08   -0.1457567E+09
 124     -0.387211E+09   -0.1291376E+08   -0.1292082E+09
 125     -0.560213E+09   -0.4736317E+07   -0.6835537E+08
 126     -0.723789E+09    0.3014042E+07   -0.6950382E+07
 127     -0.696597E+09    0.4084731E+07    0.8626447E+07
 128     -0.551410E+09   -0.9186693E+07    0.7071252E+08
 129     -0.380064E+09   -0.2433555E+08    0.1326786E+09
 130     -0.198642E+09   -0.5110785E+08    0.1560223E+09
 131     -0.355240E+08   -0.7594715E+08    0.1779636E+09
 132      0.970094E+08   -0.1007695E+09    0.1681332E+09
 133      0.209740E+09   -0.1264535E+09    0.1597391E+09
 134      0.302436E+09   -0.1435804E+09    0.1274122E+09
 135      0.373557E+09   -0.1599582E+09    0.9365364E+08
 136      0.420698E+09   -0.1642109E+09    0.5235887E+08
 137      0.436804E+09   -0.1676509E+09    0.1228848E+08
 138      0.428028E+09   -0.1595527E+09   -0.3499863E+08
 139      0.383064E+09   -0.1520239E+09   -0.8239308E+08
 140      0.316498E+09   -0.1340235E+09   -0.1193611E+09
 141      0.215825E+09   -0.1150495E+09   -0.1561615E+09
 142      0.826859E+08   -0.8954411E+08   -0.1722219E+09
 143     -0.695272E+08   -0.6488713E+08   -0.1900074E+09
 144     -0.243403E+09   -0.4332952E+08   -0.1702816E+09
 145     -0.425423E+09   -0.1998588E+08   -0.1484827E+09
 146     -0.620497E+09   -0.7118604E+07   -0.7738348E+08
 147     -0.811852E+09    0.3996507E+07   -0.5965813E+07
 148     -0.796420E+09    0.3215103E+07    0.1221869E+08
 149     -0.624249E+09   -0.1161630E+08    0.8496821E+08
 150     -0.428171E+09   -0.2775807E+08    0.1571664E+09
 151     -0.223826E+09   -0.5453616E+08    0.1809984E+09
 152     -0.381786E+08   -0.8116528E+08    0.2041788E+09
 153      0.108630E+09   -0.1042272E+09    0.1903124E+09
 154      0.235693E+09   -0.1254668E+09    0.1767530E+09
 155      0.339092E+09   -0.1363198E+09    0.1396656E+09
 156      0.417785E+09   -0.1482674E+09    0.1029651E+09
 157      0.466988E+09   -0.1517525E+09    0.5543627E+08
 158      0.486731E+09   -0.1539483E+09    0.8168711E+07
 159      0.478710E+09   -0.1462519E+09   -0.4184044E+08
 160      0.433048E+09   -0.1392506E+09   -0.9276285E+08
 161      0.356725E+09   -0.1246530E+09   -0.1342836E+09
 162      0.247976E+09   -0.1104355E+09   -0.1751594E+09
 163      0.102018E+09   -0.8829031E+08   -0.1949511E+09
 164     -0.668433E+08   -0.6428763E+08   -0.2151052E+09
 165     -0.267287E+09   -0.4009514E+08   -0.1924183E+09
 166     -0.476600E+09   -0.1628405E+08   -0.1685411E+09
 167     -0.701363E+09   -0.6131251E+07   -0.8743956E+08
 168     -0.918429E+09    0.3047171E+07   -0.6117998E+07
 169     -0.896546E+09    0.4226266E+07    0.1604968E+08
 170     -0.696934E+09   -0.1144577E+08    0.9949929E+08
 171     -0.476372E+09   -0.2941308E+08    0.1819268E+09
 172     -0.249157E+09   -0.5563625E+08    0.2063413E+09
 173     -0.417501E+08   -0.7949718E+08    0.2307130E+09
 174      0.120887E+09   -0.9703718E+08    0.2124676E+09
 175      0.262479E+09   -0.1150262E+09    0.1941788E+09
 176      0.375336E+09   -0.1251304E+09    0.1524550E+09
 177      0.460708E+09   -0.1338955E+09    0.1118382E+09
 178      0.515188E+09   -0.1332137E+09    0.5851015E+08
 179      0.536579E+09   -0.1337247E+09    0.5353361E+07
 180      0.528821E+09   -0.1300846E+09   -0.4812317E+08
 181      0.483631E+09   -0.1268966E+09   -0.1026035E+09
 182      0.397529E+09   -0.1152998E+09   -0.1497930E+09
 183      0.279912E+09   -0.1009442E+09   -0.1961751E+09
 184      0.122211E+09   -0.7916852E+08   -0.2185000E+09
 185     -0.669459E+08   -0.5950503E+08   -0.2410381E+09
 186     -0.290851E+09   -0.3974388E+08   -0.2151909E+09
 187     -0.529562E+09   -0.1826547E+08   -0.1879196E+09
 188     -0.781805E+09   -0.6789065E+07   -0.9694533E+08
 189     -0.102483E+10    0.3297564E+07   -0.6432607E+07
 190     -0.103840E+10    0.2977629E+07    0.2134414E+08
 191     -0.790638E+09   -0.1344951E+08    0.1151938E+09
 192     -0.533164E+09   -0.3180215E+08    0.2074555E+09
 193     -0.272783E+09   -0.5607874E+08    0.2282907E+09
 194     -0.401526E+08   -0.7896413E+08    0.2492484E+09
 195      0.143518E+09   -0.9172101E+08    0.2247505E+09
 196      0.297264E+09   -0.1032816E+09    0.2011065E+09
 197      0.420198E+09   -0.1045008E+09    0.1552952E+09
 198      0.510324E+09   -0.1056954E+09    0.1101014E+09
 199      0.569563E+09   -0.1027062E+09    0.5643489E+08
 200      0.592437E+09   -0.1000390E+09    0.2758033E+07
 201      0.583652E+09   -0.9473048E+08   -0.5202160E+08
 202      0.537053E+09   -0.8965415E+08   -0.1065047E+09
 203      0.447502E+09   -0.8460093E+08   -0.1552692E+09
 204      0.318863E+09   -0.8026593E+08   -0.2046921E+09
 205      0.147949E+09   -0.7065823E+08   -0.2299547E+09
 206     -0.643818E+08   -0.6005408E+08   -0.2554884E+09
 207     -0.314378E+09   -0.4289662E+08   -0.2323796E+09
 208     -0.590608E+09   -0.2390105E+08   -0.2084423E+09
 209     -0.880522E+09   -0.9327645E+07   -0.1092188E+09
 210     -0.116259E+10    0.3230565E+07   -0.9021706E+07
 211     -0.118037E+10    0.4076862E+07    0.2672391E+08
 212     -0.884585E+09   -0.1296546E+08    0.1313145E+09
 213     -0.590591E+09   -0.3280470E+08    0.2336376E+09
 214     -0.296727E+09   -0.5254351E+08    0.2510038E+09
 215     -0.396708E+08   -0.6940073E+08    0.2697289E+09
 216      0.166570E+09   -0.7267582E+08    0.2386625E+09
 217      0.331813E+09   -0.7451785E+08    0.2078354E+09
 218      0.465919E+09   -0.6458016E+08    0.1580263E+09
 219      0.560962E+09   -0.5541393E+08    0.1094179E+09
 220      0.623863E+09   -0.4816808E+08    0.5488912E+08
 221      0.650500E+09   -0.4199466E+08   -0.1206507E+06
 222      0.639370E+09   -0.4164857E+08   -0.5663017E+08
 223      0.591115E+09   -0.4042945E+08   -0.1124137E+09
 224      0.496636E+09   -0.4365878E+08   -0.1607463E+09
 225      0.359877E+09   -0.4904995E+08   -0.2109953E+09
 226      0.172873E+09   -0.4836875E+08   -0.2418535E+09
 227     -0.611006E+08   -0.4559191E+08   -0.2719522E+09
 228     -0.338531E+09   -0.3277693E+08   -0.2505175E+09
 229     -0.649932E+09   -0.1845245E+08   -0.2298712E+09
 230     -0.980733E+09   -0.6513489E+07   -0.1217421E+09
 231     -0.130052E+10    0.3555300E+07   -0.1088421E+08
 232     -0.136469E+10    0.1356725E+07    0.3457725E+08
 233     -0.997672E+09   -0.1436969E+08    0.1461675E+09
 234     -0.647026E+09   -0.3287536E+08    0.2543720E+09
 235     -0.307980E+09   -0.4421262E+08    0.2597217E+09
 236     -0.237620E+08   -0.5209088E+08    0.2663205E+09
 237      0.203015E+09   -0.3697966E+08    0.2260856E+09
 238      0.377770E+09   -0.2117989E+08    0.1872314E+09
 239      0.512938E+09    0.1255347E+07    0.1379578E+09
 240      0.610179E+09    0.2345549E+08    0.9057064E+08
 241      0.671696E+09    0.3769937E+08    0.4303378E+08
 242      0.700541E+09    0.5126361E+08   -0.3901090E+07
 243      0.688405E+09    0.4655611E+08   -0.5122897E+08
 244      0.640423E+09    0.3962868E+08   -0.9859603E+08
 245      0.543589E+09    0.2255289E+08   -0.1450132E+09
 246      0.406332E+09    0.6336267E+07   -0.1927329E+09
 247      0.208659E+09   -0.8309845E+07   -0.2286914E+09
 248     -0.441894E+08   -0.2269946E+08   -0.2659509E+09
 249     -0.353063E+09   -0.2096532E+08   -0.2534515E+09
 250     -0.704050E+09   -0.1668013E+08   -0.2415288E+09
 251     -0.109525E+10   -0.6936434E+07   -0.1301276E+09
 252     -0.147409E+10    0.8202152E+06   -0.1515965E+08
 253     -0.154872E+10    0.2369392E+07    0.4328420E+08
 254     -0.111207E+10   -0.1396853E+08    0.1619913E+09
 255     -0.705548E+09   -0.3266189E+08    0.2767152E+09
 256     -0.320256E+09   -0.2807018E+08    0.2702530E+09
 257     -0.656958E+07   -0.1871734E+08    0.2642533E+09
 258      0.239449E+09    0.2156468E+08    0.2141076E+09
 259      0.424931E+09    0.6202297E+08    0.1678611E+09
 260      0.560867E+09    0.1035436E+09    0.1189419E+09
 261      0.660961E+09    0.1442801E+09    0.7135582E+08
 262      0.720376E+09    0.1661719E+09    0.3112821E+08
 263      0.749980E+09    0.1859383E+09   -0.7624834E+07
 264      0.737899E+09    0.1751357E+09   -0.4535496E+08
 265      0.690457E+09    0.1636153E+09   -0.8367072E+08
 266      0.593269E+09    0.1283274E+09   -0.1292974E+09
 267      0.451571E+09    0.9104508E+08   -0.1755503E+09
 268      0.245704E+09    0.5291523E+08   -0.2166526E+09
 269     -0.284310E+08    0.1516451E+08   -0.2605244E+09
 270     -0.368619E+09   -0.1826560E+07   -0.2571184E+09
 271     -0.761770E+09   -0.1501225E+08   -0.2541664E+09
 272     -0.120988E+10   -0.6180981E+07   -0.1394359E+09
 273     -0.165003E+10    0.1179193E+07   -0.2058191E+08
 274     -0.177601E+10   -0.4962293E+07    0.5808744E+08
 275     -0.122981E+10   -0.1281156E+08    0.1700231E+09
 276     -0.737480E+09   -0.2452344E+08    0.2744162E+09
 277     -0.298011E+09    0.6582544E+07    0.2381608E+09
 278      0.419632E+08    0.4416963E+08    0.2058380E+09
 279      0.289022E+09    0.1159873E+09    0.1476673E+09
 280      0.468590E+09    0.1878332E+09    0.9564307E+08
 281      0.596842E+09    0.2533059E+09    0.5929183E+08
 282      0.688653E+09    0.3171559E+09    0.2454501E+08
 283      0.740058E+09    0.3443534E+09    0.6558634E+07
 284      0.768201E+09    0.3702084E+09   -0.1086567E+08
 285      0.756864E+09    0.3534388E+09   -0.2713973E+08
 286      0.716201E+09    0.3354573E+09   -0.4363924E+08
 287      0.626723E+09    0.2791286E+09   -0.7328987E+08
 288      0.492413E+09    0.2208949E+09   -0.1043471E+09
 289      0.291624E+09    0.1488639E+09   -0.1488738E+09
 290      0.134610E+08    0.7669825E+08   -0.1976244E+09
 291     -0.351165E+09    0.3479246E+08   -0.2190366E+09
 292     -0.794634E+09   -0.9112328E+06   -0.2425394E+09
 293     -0.131830E+10   -0.6308744E+06   -0.1387624E+09
 294     -0.186244E+10   -0.3695240E+07   -0.2762983E+08
 295     -0.200632E+10    0.1195699E+07    0.7597317E+08
 296     -0.135054E+10   -0.1036026E+08    0.1803283E+09
 297     -0.777577E+09   -0.1715189E+08    0.2766185E+09
 298     -0.274174E+09    0.5853121E+08    0.2100137E+09
 299      0.887393E+08    0.1384038E+09    0.1492967E+09
 300      0.342381E+09    0.2624933E+09    0.8224368E+08
 301      0.513588E+09    0.3825239E+09    0.2192061E+08
 302      0.634183E+09    0.4771779E+09   -0.8223514E+06
 303      0.716310E+09    0.5673047E+09   -0.2176863E+08
 304      0.760017E+09    0.6036273E+09   -0.1777551E+08
 305      0.787545E+09    0.6390656E+09   -0.1380050E+08
 306      0.776364E+09    0.6114056E+09   -0.8091492E+07
 307      0.742742E+09    0.5826051E+09   -0.2028972E+07
 308      0.660509E+09    0.4959023E+09   -0.1574127E+08
 309      0.535923E+09    0.4056917E+09   -0.3120542E+08
 310      0.339946E+09    0.2892021E+09   -0.8064329E+08
 311      0.561867E+08    0.1683420E+09   -0.1353392E+09
 312     -0.332491E+09    0.8427813E+08   -0.1843562E+09
 313     -0.834486E+09    0.5151926E+07   -0.2352323E+09
 314     -0.143053E+10    0.8864087E+06   -0.1396664E+09
 315     -0.207562E+10    0.3559207E+06   -0.3617875E+08
 316     -0.226999E+10   -0.2735973E+08    0.1033233E+09
 317     -0.142483E+10    0.4029232E+06    0.1618005E+09
 318     -0.721869E+09    0.2268757E+08    0.1998066E+09
 319     -0.185487E+09    0.1619596E+09    0.7663095E+08
 320      0.169649E+09    0.3127924E+09   -0.2581791E+08
 321      0.387691E+09    0.4894769E+09   -0.8076698E+08
 322      0.529497E+09    0.6616837E+09   -0.1265757E+09
 323      0.621659E+09    0.7807293E+09   -0.1128080E+09
 324      0.688639E+09    0.8975707E+09   -0.9845591E+08
 325      0.719860E+09    0.9378160E+09   -0.5543088E+08
 326      0.745581E+09    0.9777001E+09   -0.1249760E+08
 327      0.735040E+09    0.9383604E+09    0.3264373E+08
 328      0.711701E+09    0.8984159E+09    0.7829801E+08
 329      0.643976E+09    0.7833642E+09    0.9925509E+08
 330      0.549128E+09    0.6658064E+09    0.1194180E+09
 331      0.379965E+09    0.4976397E+09    0.8287958E+08
 332      0.132684E+09    0.3260865E+09    0.3939578E+08
 333     -0.246793E+09    0.1802832E+09   -0.4997742E+08
 334     -0.783608E+09    0.4537983E+08   -0.1534297E+09
 335     -0.148987E+10    0.1397289E+08   -0.1127678E+09
 336     -0.230757E+10   -0.2206164E+08   -0.5234651E+08
 337     -0.256739E+10    0.2765106E+08    0.1561707E+09
 338     -0.150240E+10    0.1879410E+08    0.1515594E+09
 339     -0.698400E+09    0.6057208E+08    0.1350823E+09
 340     -0.752191E+08    0.3366771E+09   -0.4897963E+08
 341      0.255865E+09    0.5835981E+09   -0.2125620E+09
 342      0.437236E+09    0.8351975E+09   -0.2490565E+09
 343      0.546000E+09    0.1066128E+10   -0.2781491E+09
 344      0.608189E+09    0.1204099E+10   -0.2265524E+09
 345      0.659163E+09    0.1340487E+10   -0.1759113E+09
 346      0.678121E+09    0.1383454E+10   -0.9230832E+08
 347      0.701058E+09    0.1426851E+10   -0.9050562E+07
 348      0.692407E+09    0.1376934E+10    0.7624940E+08
 349      0.679647E+09    0.1327826E+10    0.1621210E+09
 350      0.627443E+09    0.1187847E+10    0.2182966E+09
 351      0.564132E+09    0.1046685E+10    0.2751856E+09
 352      0.425384E+09    0.8200527E+09    0.2529902E+09
 353      0.214693E+09    0.5761165E+09    0.2247314E+09
 354     -0.142234E+09    0.3392551E+09    0.7838162E+08
 355     -0.761089E+09    0.7833464E+08   -0.8167792E+08
 356     -0.155298E+10    0.2920515E+08   -0.9276182E+08
 357     -0.257002E+10    0.2276000E+08   -0.8721135E+08
 358     -0.280684E+10   -0.1239139E+09    0.1829114E+09
 359     -0.138364E+10    0.7394521E+08    0.2329185E+08
 360     -0.416464E+09    0.2651917E+09   -0.1906353E+09
 361      0.644274E+08    0.6622692E+09   -0.4162522E+09
 362      0.296039E+09    0.1066954E+10   -0.5553331E+09
 363      0.402024E+09    0.1342967E+10   -0.5103701E+09
 364      0.470072E+09    0.1611325E+10   -0.4713420E+09
 365      0.505353E+09    0.1749903E+10   -0.3635499E+09
 366      0.539665E+09    0.1890698E+10   -0.2584412E+09
 367      0.550720E+09    0.1927317E+10   -0.1278982E+09
 368      0.568955E+09    0.1966769E+10    0.1949658E+07
 369      0.563964E+09    0.1912338E+10    0.1339789E+09
 370      0.557293E+09    0.1859772E+10    0.2671860E+09
 371      0.525185E+09    0.1705325E+10    0.3756557E+09
 372      0.487765E+09    0.1552442E+10    0.4869993E+09
 373      0.397147E+09    0.1280010E+10    0.5262965E+09
 374      0.262338E+09    0.9990268E+09    0.5703702E+09
 375      0.517779E+07    0.6186045E+09    0.4351578E+09
 376     -0.482237E+09    0.2495484E+09    0.2275897E+09
 377     -0.141743E+10    0.7740970E+08    0.3228765E+08
 378     -0.277634E+10   -0.1002285E+09   -0.1030736E+09
 379     -0.367794E+10    0.2638179E+09    0.6342653E+09
 380     -0.110161E+10    0.2919154E+09   -0.2910906E+08
 381     -0.816796E+08    0.5698824E+09   -0.7003140E+09
 382      0.197551E+09    0.1327522E+10   -0.8431072E+09
 383      0.332371E+09    0.1826808E+10   -0.9108532E+09
 384      0.353582E+09    0.2077379E+10   -0.7804595E+09
 385      0.386824E+09    0.2336659E+10   -0.6626068E+09
 386      0.396384E+09    0.2452508E+10   -0.4981120E+09
 387      0.416611E+09    0.2575140E+10   -0.3363010E+09
 388      0.420434E+09    0.2600538E+10   -0.1594871E+09
 389      0.435792E+09    0.2629669E+10    0.1625658E+08
 390      0.432953E+09    0.2572650E+10    0.1942743E+09
 391      0.431717E+09    0.2520152E+10    0.3736944E+09
 392      0.418247E+09    0.2372394E+10    0.5375001E+09
 393      0.405696E+09    0.2229264E+10    0.7045711E+09
 394      0.359046E+09    0.1952214E+10    0.8149638E+09
 395      0.312189E+09    0.1683213E+10    0.9340921E+09
 396      0.151809E+09    0.1203544E+10    0.8507617E+09
 397     -0.135814E+09    0.5082687E+09    0.6884142E+09
 398     -0.114300E+10    0.2647866E+09    0.8493889E+08
 399     -0.357561E+10    0.2270929E+09   -0.4584276E+09
 400     -0.282789E+10   -0.4598107E+09   -0.1564740E+09
 401     -0.402045E+09    0.8383700E+09   -0.9024346E+09
 402     -0.842046E+08    0.2069999E+10   -0.1440293E+10
 403      0.117427E+09    0.2448032E+10   -0.1251030E+10
 404      0.157782E+09    0.2853625E+10   -0.1148736E+10
 405      0.172856E+09    0.3011993E+10   -0.9590619E+09
 406      0.189268E+09    0.3190863E+10   -0.7799307E+09
 407      0.196138E+09    0.3271136E+10   -0.5794269E+09
 408      0.208725E+09    0.3357632E+10   -0.3799765E+09
 409      0.212141E+09    0.3372009E+10   -0.1703716E+09
 410      0.222945E+09    0.3389773E+10    0.3938213E+08
 411      0.221749E+09    0.3336264E+10    0.2521905E+09
 412      0.222426E+09    0.3285359E+10    0.4648452E+09
 413      0.216258E+09    0.3161831E+10    0.6674154E+09
 414      0.211296E+09    0.3043976E+10    0.8720419E+09
 415      0.190444E+09    0.2830043E+10    0.1043685E+10
 416      0.168010E+09    0.2629710E+10    0.1223945E+10
 417      0.113350E+09    0.2210967E+10    0.1293300E+10
 418     -0.753321E+08    0.1796818E+10    0.1447869E+10
 419     -0.409188E+09    0.7119817E+09    0.8929037E+09
 420     -0.274747E+10   -0.3981119E+09    0.2159849E+09
 421     -0.132482E+10    0.4537114E+10   -0.1063040E+10
 422      0.121649E+09    0.4417000E+10   -0.1722368E+10
 423     -0.889712E+08    0.4242797E+10   -0.2012734E+10
 424      0.204275E+08    0.4121235E+10   -0.1590664E+10
 425     -0.158792E+08    0.4090986E+10   -0.1354560E+10
 426     -0.293380E+07    0.4120462E+10   -0.1114132E+10
 427     -0.350970E+07    0.4160515E+10   -0.8855468E+09
 428      0.780515E+06    0.4200980E+10   -0.6518672E+09
 429      0.501578E+07    0.4244325E+10   -0.4184115E+09
 430      0.787625E+07    0.4250100E+10   -0.1770719E+09
 431      0.132017E+08    0.4257213E+10    0.6539932E+08
 432      0.145972E+08    0.4212618E+10    0.3120898E+09
 433      0.174778E+08    0.4169100E+10    0.5574870E+09
 434      0.190182E+08    0.4086380E+10    0.7947432E+09
 435      0.209357E+08    0.4007016E+10    0.1033994E+10
 436      0.257723E+08    0.3914596E+10    0.1257444E+10
 437      0.197707E+08    0.3836140E+10    0.1492766E+10
 438      0.584922E+08    0.3776059E+10    0.1690720E+10
 439     -0.385552E+08    0.3796724E+10    0.2079050E+10
 440      0.185052E+09    0.3743821E+10    0.1757610E+10
 441     -0.130372E+10    0.3618533E+10    0.1177899E+10
