   1     -0.620212E+09    0.3357138E+07   -0.3008339E+06
   2     -0.522387E+09   -0.6492280E+07   -0.9375405E+05
   3     -0.404877E+09   -0.1737947E+08    0.2060183E+05
   4     -0.276083E+09   -0.4120298E+08   -0.3644328E+05
   5     -0.137722E+09   -0.6472335E+08    0.1815719E+04
   6      0.410791E+07   -0.9071557E+08    0.6463464E+05
   7      0.145800E+09   -0.1156371E+09    0.1523951E+06
   8      0.284118E+09   -0.1397904E+09    0.1475066E+07
   9      0.382106E+09   -0.1662988E+09    0.2456087E+07
  10      0.451065E+09   -0.1763206E+09    0.4089757E+06
  11      0.489634E+09   -0.1829564E+09   -0.9735850E+06
  12      0.506007E+09   -0.1728288E+09   -0.5202627E+06
  13      0.482282E+09   -0.1633545E+09   -0.1043609E+07
  14      0.423413E+09   -0.1399567E+09   -0.9969882E+06
  15      0.333243E+09   -0.1169183E+09   -0.2703163E+06
  16      0.193463E+09   -0.8822524E+08   -0.9981969E+06
  17      0.128155E+08   -0.5741521E+08   -0.1963978E+07
  18     -0.224118E+09   -0.3076431E+08   -0.3107376E+06
  19     -0.486906E+09   -0.6491862E+07    0.1529949E+07
  20     -0.797675E+09   -0.2245867E+07    0.1004746E+07
  21     -0.112481E+10    0.2318455E+07    0.4743578E+06
  22     -0.632011E+09    0.2783972E+07    0.1246825E+07
  23     -0.531256E+09   -0.7556151E+07    0.1012798E+08
  24     -0.411198E+09   -0.1866546E+08    0.1899438E+08
  25     -0.279762E+09   -0.4206969E+08    0.2260485E+08
  26     -0.138886E+09   -0.6540672E+08    0.2613124E+08
  27      0.515374E+07   -0.9106452E+08    0.2497696E+08
  28      0.148239E+09   -0.1166375E+09    0.2399804E+08
  29      0.287185E+09   -0.1358417E+09    0.2045626E+08
  30      0.391216E+09   -0.1542367E+09    0.1597889E+08
  31      0.458872E+09   -0.1609330E+09    0.7092531E+07
  32      0.497988E+09   -0.1677323E+09   -0.1117819E+07
  33      0.511806E+09   -0.1611426E+09   -0.7500858E+07
  34      0.489859E+09   -0.1546118E+09   -0.1407592E+08
  35      0.429685E+09   -0.1356383E+09   -0.2049444E+08
  36      0.336155E+09   -0.1151007E+09   -0.2642158E+08
  37      0.194041E+09   -0.8790451E+08   -0.2684135E+08
  38      0.106063E+08   -0.6190246E+08   -0.2728805E+08
  39     -0.227723E+09   -0.3942676E+08   -0.2310869E+08
  40     -0.495587E+09   -0.1543106E+08   -0.1806909E+08
  41     -0.808513E+09   -0.5058062E+07   -0.7383853E+07
  42     -0.112634E+10    0.3767119E+07    0.2434486E+07
  43     -0.643785E+09    0.3452117E+07    0.2513804E+07
  44     -0.539941E+09   -0.6733616E+07    0.2025400E+08
  45     -0.417456E+09   -0.1804261E+08    0.3798664E+08
  46     -0.283424E+09   -0.4255920E+08    0.4522478E+08
  47     -0.140082E+09   -0.6676111E+08    0.5227676E+08
  48      0.611885E+07   -0.9260236E+08    0.4990357E+08
  49      0.150532E+09   -0.1181213E+09    0.4782756E+08
  50      0.290107E+09   -0.1360711E+09    0.3918162E+08
  51      0.400990E+09   -0.1535772E+09    0.2908313E+08
  52      0.466538E+09   -0.1589486E+09    0.1352387E+08
  53      0.506879E+09   -0.1642159E+09   -0.1122504E+07
  54      0.517640E+09   -0.1576257E+09   -0.1441856E+08
  55      0.497149E+09   -0.1503477E+09   -0.2721714E+08
  56      0.436806E+09   -0.1317474E+09   -0.3987570E+08
  57      0.338510E+09   -0.1130981E+09   -0.5236559E+08
  58      0.193730E+09   -0.9009056E+08   -0.5198368E+08
  59      0.841981E+07   -0.6692540E+08   -0.5201774E+08
  60     -0.230599E+09   -0.4211527E+08   -0.4615760E+08
  61     -0.505229E+09   -0.1715000E+08   -0.3776679E+08
  62     -0.820104E+09   -0.6832190E+07   -0.1579571E+08
  63     -0.112483E+10    0.2729810E+07    0.3989339E+07
  64     -0.679347E+09    0.3031946E+07    0.3748350E+07
  65     -0.567200E+09   -0.8083810E+07    0.3108222E+08
  66     -0.436562E+09   -0.2013637E+08    0.5841304E+08
  67     -0.294093E+09   -0.4482286E+08    0.6893352E+08
  68     -0.142879E+09   -0.6938894E+08    0.7917473E+08
  69      0.102623E+08   -0.9484655E+08    0.7456084E+08
  70      0.160200E+09   -0.1198927E+09    0.6999987E+08
  71      0.304134E+09   -0.1367481E+09    0.5526761E+08
  72      0.421753E+09   -0.1532078E+09    0.3987135E+08
  73      0.487027E+09   -0.1585359E+09    0.1849024E+08
  74      0.527001E+09   -0.1635093E+09   -0.1954351E+07
  75      0.536765E+09   -0.1566870E+09   -0.2092513E+08
  76      0.515158E+09   -0.1495416E+09   -0.4026298E+08
  77      0.453578E+09   -0.1329676E+09   -0.5615336E+08
  78      0.348550E+09   -0.1171805E+09   -0.7197098E+08
  79      0.196930E+09   -0.9217959E+08   -0.7605525E+08
  80      0.450616E+07   -0.6486943E+08   -0.7983495E+08
  81     -0.240592E+09   -0.4176282E+08   -0.6829596E+08
  82     -0.529424E+09   -0.2043617E+08   -0.5537360E+08
  83     -0.847212E+09   -0.9113157E+07   -0.2712858E+08
  84     -0.115372E+10    0.2163273E+07   -0.6564809E+05
  85     -0.714433E+09    0.3845390E+07    0.4896975E+07
  86     -0.594432E+09   -0.7521735E+07    0.4192390E+08
  87     -0.455576E+09   -0.2029672E+08    0.7895482E+08
  88     -0.304737E+09   -0.4678645E+08    0.9274329E+08
  89     -0.145611E+09   -0.7272573E+08    0.1061476E+09
  90      0.145068E+08   -0.9861287E+08    0.9926896E+08
  91      0.170070E+09   -0.1241500E+09    0.9224456E+08
  92      0.318392E+09   -0.1399301E+09    0.7142189E+08
  93      0.441955E+09   -0.1546112E+09    0.5064474E+08
  94      0.508109E+09   -0.1594699E+09    0.2371582E+08
  95      0.546521E+09   -0.1650436E+09   -0.2691563E+07
  96      0.555572E+09   -0.1593535E+09   -0.2753016E+08
  97      0.534030E+09   -0.1529327E+09   -0.5338099E+08
  98      0.468713E+09   -0.1359035E+09   -0.7260022E+08
  99      0.359462E+09   -0.1190720E+09   -0.9140277E+08
 100      0.201546E+09   -0.9723920E+08   -0.1003058E+09
 101     -0.377643E+06   -0.7486627E+08   -0.1079000E+09
 102     -0.252143E+09   -0.4907990E+08   -0.9042554E+08
 103     -0.551966E+09   -0.2169214E+08   -0.7379856E+08
 104     -0.872737E+09   -0.7339732E+07   -0.3855477E+08
 105     -0.118697E+10    0.4852596E+07   -0.2858572E+07
 106     -0.775343E+09    0.3292156E+07    0.6756003E+07
 107     -0.642312E+09   -0.9575667E+07    0.5436507E+08
 108     -0.487564E+09   -0.2361977E+08    0.1019062E+09
 109     -0.321362E+09   -0.5031095E+08    0.1182185E+09
 110     -0.148321E+09   -0.7665426E+08    0.1340274E+09
 111      0.238419E+08   -0.1021203E+09    0.1239045E+09
 112      0.189178E+09   -0.1270493E+09    0.1135153E+09
 113      0.345081E+09   -0.1424848E+09    0.8633469E+08
 114      0.469885E+09   -0.1571008E+09    0.5985990E+08
 115      0.538793E+09   -0.1627652E+09    0.2954217E+08
 116      0.578195E+09   -0.1692983E+09   -0.9449761E+06
 117      0.587305E+09   -0.1644905E+09   -0.3292801E+08
 118      0.563586E+09   -0.1589016E+09   -0.6492634E+08
 119      0.492141E+09   -0.1419597E+09   -0.8919690E+08
 120      0.377728E+09   -0.1245179E+09   -0.1133805E+09
 121      0.213161E+09   -0.9930020E+08   -0.1238517E+09
 122     -0.410224E+07   -0.7405985E+08   -0.1341413E+09
 123     -0.270851E+09   -0.4794833E+08   -0.1162470E+09
 124     -0.582324E+09   -0.2113709E+08   -0.9819245E+08
 125     -0.919003E+09   -0.8193330E+07   -0.5060708E+08
 126     -0.125145E+10    0.3490876E+07   -0.2662169E+07
 127     -0.835943E+09    0.4195168E+07    0.8752731E+07
 128     -0.690178E+09   -0.9444948E+07    0.6697325E+08
 129     -0.519538E+09   -0.2478672E+08    0.1250058E+09
 130     -0.338032E+09   -0.5309208E+08    0.1438600E+09
 131     -0.151021E+09   -0.8052773E+08    0.1621460E+09
 132      0.332356E+08   -0.1056255E+09    0.1487979E+09
 133      0.208454E+09   -0.1299444E+09    0.1350510E+09
 134      0.372018E+09   -0.1449303E+09    0.1018678E+09
 135      0.497850E+09   -0.1599436E+09    0.7008241E+08
 136      0.569099E+09   -0.1639516E+09    0.3507943E+08
 137      0.610132E+09   -0.1668435E+09   -0.5030983E+06
 138      0.619899E+09   -0.1607434E+09   -0.3855973E+08
 139      0.592027E+09   -0.1561057E+09   -0.7607675E+08
 140      0.516696E+09   -0.1414945E+09   -0.1061239E+09
 141      0.395104E+09   -0.1254394E+09   -0.1363885E+09
 142      0.223735E+09   -0.1018783E+09   -0.1480273E+09
 143     -0.676618E+07   -0.7888348E+08   -0.1602966E+09
 144     -0.288974E+09   -0.5269443E+08   -0.1418513E+09
 145     -0.613352E+09   -0.2361779E+08   -0.1225794E+09
 146     -0.966420E+09   -0.7598884E+07   -0.6259342E+08
 147     -0.131279E+10    0.5531677E+07   -0.2171772E+07
 148     -0.929724E+09    0.3399503E+07    0.1212374E+08
 149     -0.759930E+09   -0.1167671E+08    0.8151431E+08
 150     -0.563857E+09   -0.2826522E+08    0.1504338E+09
 151     -0.358604E+09   -0.5599573E+08    0.1700260E+09
 152     -0.151225E+09   -0.8293714E+08    0.1890055E+09
 153      0.496934E+08   -0.1058124E+09    0.1710849E+09
 154      0.237473E+09   -0.1279050E+09    0.1528509E+09
 155      0.409810E+09   -0.1400758E+09    0.1144320E+09
 156      0.533267E+09   -0.1518219E+09    0.7804444E+08
 157      0.609133E+09   -0.1553202E+09    0.3875984E+08
 158      0.651570E+09   -0.1591596E+09   -0.1325044E+07
 159      0.661491E+09   -0.1553290E+09   -0.4247005E+08
 160      0.630902E+09   -0.1514312E+09   -0.8362217E+08
 161      0.552731E+09   -0.1385569E+09   -0.1190856E+09
 162      0.421968E+09   -0.1255167E+09   -0.1546902E+09
 163      0.238961E+09   -0.1029920E+09   -0.1704160E+09
 164     -0.511746E+07   -0.7968209E+08   -0.1863528E+09
 165     -0.308042E+09   -0.5346775E+08   -0.1676428E+09
 166     -0.655432E+09   -0.2653363E+08   -0.1484078E+09
 167     -0.103857E+10   -0.1089782E+08   -0.7680463E+08
 168     -0.140564E+10    0.3305589E+07   -0.4414998E+07
 169     -0.102364E+10    0.4443524E+07    0.1551691E+08
 170     -0.829698E+09   -0.1132604E+08    0.9628281E+08
 171     -0.608391E+09   -0.2930384E+08    0.1762684E+09
 172     -0.379383E+09   -0.5714900E+08    0.1966054E+09
 173     -0.151571E+09   -0.8335929E+08    0.2163079E+09
 174      0.661203E+08   -0.1023429E+09    0.1938103E+09
 175      0.266489E+09   -0.1204061E+09    0.1711194E+09
 176      0.448363E+09   -0.1279262E+09    0.1269362E+09
 177      0.568701E+09   -0.1349306E+09    0.8545127E+08
 178      0.649547E+09   -0.1375423E+09    0.4319753E+08
 179      0.693862E+09   -0.1410576E+09   -0.4075186E+06
 180      0.703001E+09   -0.1396848E+09   -0.4613806E+08
 181      0.671201E+09   -0.1381934E+09   -0.9196147E+08
 182      0.588320E+09   -0.1301422E+09   -0.1321971E+09
 183      0.449584E+09   -0.1226001E+09   -0.1728769E+09
 184      0.254383E+09   -0.1028327E+09   -0.1940207E+09
 185     -0.441971E+07   -0.8090888E+08   -0.2147639E+09
 186     -0.327389E+09   -0.5191713E+08   -0.1945819E+09
 187     -0.698863E+09   -0.2244541E+08   -0.1732730E+09
 188     -0.110996E+10   -0.8168264E+07   -0.9028703E+08
 189     -0.150016E+10    0.4331819E+07   -0.7029246E+07
 190     -0.115666E+10    0.3012604E+07    0.2064227E+08
 191     -0.921768E+09   -0.1345771E+08    0.1119952E+09
 192     -0.661692E+09   -0.3194842E+08    0.2019284E+09
 193     -0.398758E+09   -0.5594769E+08    0.2187177E+09
 194     -0.144469E+09   -0.7838924E+08    0.2350495E+09
 195      0.927990E+08   -0.8996084E+08    0.2055308E+09
 196      0.306267E+09   -0.9985777E+08    0.1759346E+09
 197      0.492807E+09   -0.1015268E+09    0.1299591E+09
 198      0.610310E+09   -0.1042816E+09    0.8686116E+08
 199      0.693286E+09   -0.1039838E+09    0.4376000E+08
 200      0.740098E+09   -0.1034539E+09    0.3009382E+06
 201      0.749051E+09   -0.1038870E+09   -0.4527202E+08
 202      0.718460E+09   -0.1052142E+09   -0.9102222E+08
 203      0.632005E+09   -0.1031745E+09   -0.1346577E+09
 204      0.490064E+09   -0.1005468E+09   -0.1795037E+09
 205      0.281078E+09   -0.8840511E+08   -0.2070566E+09
 206      0.329049E+07   -0.7593636E+08   -0.2344909E+09
 207     -0.344810E+09   -0.5440135E+08   -0.2172843E+09
 208     -0.753690E+09   -0.3040812E+08   -0.1994361E+09
 209     -0.120222E+10   -0.1196043E+08   -0.1055580E+09
 210     -0.164127E+10    0.3957596E+07   -0.1029134E+08
 211     -0.128965E+10    0.3735164E+07    0.2610089E+08
 212     -0.101431E+10   -0.1302222E+08    0.1281889E+09
 213     -0.715630E+09   -0.3235187E+08    0.2282597E+09
 214     -0.418602E+09   -0.5146099E+08    0.2416146E+09
 215     -0.137596E+09   -0.6773694E+08    0.2547121E+09
 216      0.119835E+09   -0.6821925E+08    0.2180806E+09
 217      0.346878E+09   -0.6761449E+08    0.1814209E+09
 218      0.536664E+09   -0.5898864E+08    0.1338202E+09
 219      0.653039E+09   -0.5113250E+08    0.8945361E+08
 220      0.738161E+09   -0.4712482E+08    0.4461568E+08
 221      0.786191E+09   -0.4304712E+08    0.1720497E+06
 222      0.796091E+09   -0.4425935E+08   -0.4494995E+08
 223      0.765668E+09   -0.4714390E+08   -0.9004857E+08
 224      0.677283E+09   -0.5591681E+08   -0.1375166E+09
 225      0.530817E+09   -0.6500208E+08   -0.1868093E+09
 226      0.307596E+09   -0.6637851E+08   -0.2202566E+09
 227      0.109983E+08   -0.6581304E+08   -0.2544235E+09
 228     -0.363849E+09   -0.4903906E+08   -0.2400904E+09
 229     -0.807536E+09   -0.3039817E+08   -0.2262859E+09
 230     -0.129544E+10   -0.1202222E+08   -0.1220331E+09
 231     -0.178254E+10    0.4024189E+07   -0.1435600E+08
 232     -0.146582E+10    0.8643313E+06    0.3476059E+08
 233     -0.112396E+10   -0.1407991E+08    0.1423094E+09
 234     -0.767799E+09   -0.3163722E+08    0.2464391E+09
 235     -0.425587E+09   -0.3922129E+08    0.2473524E+09
 236     -0.114877E+09   -0.4352121E+08    0.2486229E+09
 237      0.159817E+09   -0.2713990E+08    0.2036991E+09
 238      0.394553E+09   -0.9935034E+07    0.1602998E+09
 239      0.578821E+09    0.1205242E+08    0.1144721E+09
 240      0.693779E+09    0.3377699E+08    0.7175803E+08
 241      0.775817E+09    0.4613541E+08    0.3509066E+08
 242      0.824419E+09    0.5702769E+08   -0.1368584E+07
 243      0.833935E+09    0.4972451E+08   -0.3775307E+08
 244      0.806176E+09    0.4197098E+08   -0.7372538E+08
 245      0.723049E+09    0.2069459E+08   -0.1166537E+09
 246      0.577588E+09   -0.2229753E+07   -0.1614487E+09
 247      0.348874E+09   -0.2211636E+08   -0.2029129E+09
 248      0.376607E+08   -0.4114695E+08   -0.2462821E+09
 249     -0.366466E+09   -0.3630138E+08   -0.2463438E+09
 250     -0.855417E+09   -0.2609833E+08   -0.2472364E+09
 251     -0.140924E+10   -0.9632025E+07   -0.1355568E+09
 252     -0.197304E+10    0.2770938E+07   -0.1927224E+08
 253     -0.164258E+10    0.1420805E+07    0.4425366E+08
 254     -0.123475E+10   -0.1317507E+08    0.1573582E+09
 255     -0.822189E+09   -0.2970852E+08    0.2660620E+09
 256     -0.433455E+09   -0.2007927E+08    0.2546888E+09
 257     -0.929814E+08   -0.5732585E+07    0.2442011E+09
 258      0.200378E+09    0.3809767E+08    0.1907321E+09
 259      0.442289E+09    0.8162112E+08    0.1401252E+09
 260      0.622715E+09    0.1261346E+09    0.9567350E+08
 261      0.735113E+09    0.1690506E+09    0.5457279E+08
 262      0.814165E+09    0.1881520E+09    0.2600136E+08
 263      0.864665E+09    0.2070397E+09   -0.2654745E+07
 264      0.872474E+09    0.1954103E+09   -0.3000404E+08
 265      0.848034E+09    0.1809649E+09   -0.5692858E+08
 266      0.769223E+09    0.1400662E+09   -0.9612372E+08
 267      0.624806E+09    0.9822788E+08   -0.1368552E+09
 268      0.391824E+09    0.5239917E+08   -0.1865097E+09
 269      0.636025E+08    0.6858084E+07   -0.2393014E+09
 270     -0.368521E+09   -0.1076107E+08   -0.2537867E+09
 271     -0.907375E+09   -0.2431555E+08   -0.2693366E+09
 272     -0.152553E+10   -0.1042758E+08   -0.1498765E+09
 273     -0.216266E+10    0.1693229E+07   -0.2486271E+08
 274     -0.186044E+10   -0.5865278E+07    0.5925601E+08
 275     -0.134397E+10   -0.1083746E+08    0.1627200E+09
 276     -0.847084E+09   -0.1941297E+08    0.2581451E+09
 277     -0.405778E+09    0.1863655E+08    0.2161784E+09
 278     -0.422756E+08    0.6306860E+08    0.1781254E+09
 279      0.252164E+09    0.1429327E+09    0.1174763E+09
 280      0.485990E+09    0.2227859E+09    0.6205452E+08
 281      0.651054E+09    0.2924170E+09    0.3174358E+08
 282      0.752084E+09    0.3604378E+09    0.4406628E+07
 283      0.821648E+09    0.3915469E+09   -0.1043898E+07
 284      0.868690E+09    0.4205268E+09   -0.5260361E+07
 285      0.878457E+09    0.3979733E+09   -0.7510911E+07
 286      0.862077E+09    0.3746017E+09   -0.1010188E+08
 287      0.795897E+09    0.3104275E+09   -0.3307824E+08
 288      0.665954E+09    0.2441561E+09   -0.5778333E+08
 289      0.446440E+09    0.1641492E+09   -0.1100780E+09
 290      0.120251E+09    0.8353242E+08   -0.1676791E+09
 291     -0.329841E+09    0.3421683E+08   -0.2094177E+09
 292     -0.925738E+09   -0.8332622E+07   -0.2558684E+09
 293     -0.163727E+10   -0.5071292E+07   -0.1521911E+09
 294     -0.240704E+10   -0.5205518E+07   -0.3782226E+08
 295     -0.208063E+10   -0.3931595E+06    0.7733224E+08
 296     -0.145627E+10   -0.8482725E+07    0.1701583E+09
 297     -0.880238E+09   -0.1145150E+08    0.2543384E+09
 298     -0.376933E+09    0.7438968E+08    0.1811127E+09
 299      0.742439E+07    0.1649149E+09    0.1133985E+09
 300      0.307167E+09    0.2991613E+09    0.4508964E+08
 301      0.531892E+09    0.4272511E+09   -0.1662251E+08
 302      0.680078E+09    0.5285666E+09   -0.3254262E+08
 303      0.770545E+09    0.6269540E+09   -0.4655924E+08
 304      0.828969E+09    0.6677428E+09   -0.2811485E+08
 305      0.871319E+09    0.7080187E+09   -0.7324801E+07
 306      0.885016E+09    0.6823236E+09    0.1606392E+08
 307      0.876891E+09    0.6542227E+09    0.3869089E+08
 308      0.824482E+09    0.5604735E+09    0.3257898E+08
 309      0.710236E+09    0.4635672E+09    0.2435161E+08
 310      0.503988E+09    0.3331263E+09   -0.3297145E+08
 311      0.177706E+09    0.1971813E+09   -0.9613853E+08
 312     -0.289697E+09    0.1002488E+09   -0.1691108E+09
 313     -0.950724E+09    0.9309041E+07   -0.2488888E+09
 314     -0.175294E+10    0.3257127E+07   -0.1561879E+09
 315     -0.265691E+10    0.7757863E+06   -0.5043992E+08
 316     -0.232846E+10   -0.2869954E+08    0.1051768E+09
 317     -0.151465E+10    0.3061050E+07    0.1480898E+09
 318     -0.812685E+09    0.2950140E+08    0.1699233E+09
 319     -0.279687E+09    0.1794533E+09    0.3733313E+08
 320      0.941494E+08    0.3412124E+09   -0.7557080E+08
 321      0.351378E+09    0.5324967E+09   -0.1313073E+09
 322      0.540458E+09    0.7188032E+09   -0.1761823E+09
 323      0.661411E+09    0.8486981E+09   -0.1552820E+09
 324      0.730333E+09    0.9766889E+09   -0.1342616E+09
 325      0.771724E+09    0.1026465E+10   -0.7427640E+08
 326      0.807616E+09    0.1075410E+10   -0.1371464E+08
 327      0.824274E+09    0.1041259E+10    0.5152294E+08
 328      0.828221E+09    0.1007281E+10    0.1170515E+09
 329      0.795440E+09    0.8893010E+09    0.1515906E+09
 330      0.716510E+09    0.7678789E+09    0.1857631E+09
 331      0.547173E+09    0.5824136E+09    0.1475563E+09
 332      0.267880E+09    0.3928825E+09    0.1011880E+09
 333     -0.180538E+09    0.2218995E+09   -0.1178101E+08
 334     -0.868159E+09    0.5995752E+08   -0.1455360E+09
 335     -0.180254E+10    0.1733840E+08   -0.1208142E+09
 336     -0.293100E+10   -0.2766847E+08   -0.7006122E+08
 337     -0.260894E+10    0.2653599E+08    0.1582837E+09
 338     -0.157569E+10    0.2047488E+08    0.1338543E+09
 339     -0.777398E+09    0.6482238E+08    0.9702134E+08
 340     -0.160816E+09    0.3522028E+09   -0.9970884E+08
 341      0.185871E+09    0.6113567E+09   -0.2776640E+09
 342      0.399063E+09    0.8811729E+09   -0.3148111E+09
 343      0.548207E+09    0.1130523E+10   -0.3413535E+09
 344      0.643306E+09    0.1283755E+10   -0.2804016E+09
 345      0.686806E+09    0.1433181E+10   -0.2220282E+09
 346      0.712666E+09    0.1487098E+10   -0.1200081E+09
 347      0.742478E+09    0.1543579E+10   -0.1775716E+08
 348      0.761453E+09    0.1504563E+10    0.9071804E+08
 349      0.778130E+09    0.1466230E+10    0.1996428E+09
 350      0.765762E+09    0.1328974E+10    0.2755500E+09
 351      0.724153E+09    0.1190868E+10    0.3531747E+09
 352      0.596628E+09    0.9500068E+09    0.3356681E+09
 353      0.365733E+09    0.6894920E+09    0.3108058E+09
 354     -0.511526E+08    0.4161584E+09    0.1411897E+09
 355     -0.811523E+09    0.1139969E+09   -0.5067482E+08
 356     -0.185625E+10    0.4112765E+08   -0.9351178E+08
 357     -0.324340E+10    0.1653490E+08   -0.1122898E+09
 358     -0.283119E+10   -0.1244488E+09    0.1858822E+09
 359     -0.143498E+10    0.7419565E+08    0.5621823E+07
 360     -0.476388E+09    0.2655357E+09   -0.2298240E+09
 361     -0.393279E+07    0.6682283E+09   -0.4734635E+09
 362      0.239963E+09    0.1079123E+10   -0.6324157E+09
 363      0.367186E+09    0.1372311E+10   -0.5936394E+09
 364      0.460381E+09    0.1659678E+10   -0.5572423E+09
 365      0.527957E+09    0.1817583E+10   -0.4353056E+09
 366      0.558664E+09    0.1975566E+10   -0.3194390E+09
 367      0.566661E+09    0.2029242E+10   -0.1734332E+09
 368      0.589878E+09    0.2086432E+10   -0.2584669E+08
 369      0.608905E+09    0.2051053E+10    0.1295068E+09
 370      0.633289E+09    0.2018957E+10    0.2851018E+09
 371      0.635588E+09    0.1879231E+10    0.4200044E+09
 372      0.624696E+09    0.1741341E+10    0.5590058E+09
 373      0.548423E+09    0.1459927E+10    0.6192497E+09
 374      0.408655E+09    0.1168141E+10    0.6847501E+09
 375      0.104724E+09    0.7432842E+09    0.5415074E+09
 376     -0.495938E+09    0.3230633E+09    0.3196518E+09
 377     -0.166673E+10    0.1052054E+09    0.6748738E+08
 378     -0.345412E+10   -0.1120794E+09   -0.1227106E+09
 379     -0.368468E+10    0.2655571E+09    0.6384195E+09
 380     -0.113065E+10    0.2894299E+09   -0.4587740E+08
 381     -0.119738E+09    0.5630215E+09   -0.7393724E+09
 382      0.148009E+09    0.1318425E+10   -0.9077100E+09
 383      0.293520E+09    0.1815642E+10   -0.1002947E+10
 384      0.323904E+09    0.2072082E+10   -0.8856881E+09
 385      0.365548E+09    0.2338785E+10   -0.7775480E+09
 386      0.401586E+09    0.2472019E+10   -0.5936568E+09
 387      0.429576E+09    0.2609958E+10   -0.4163328E+09
 388      0.414682E+09    0.2657339E+10   -0.2231458E+09
 389      0.434226E+09    0.2710179E+10   -0.2819738E+08
 390      0.453035E+09    0.2688697E+10    0.1728207E+09
 391      0.486156E+09    0.2673414E+10    0.3741769E+09
 392      0.501011E+09    0.2561129E+10    0.5707593E+09
 393      0.521028E+09    0.2454677E+10    0.7721640E+09
 394      0.490668E+09    0.2186589E+10    0.9197446E+09
 395      0.454794E+09    0.1925409E+10    0.1078454E+10
 396      0.262588E+09    0.1394985E+10    0.1004003E+10
 397     -0.114058E+09    0.6330345E+09    0.8496397E+09
 398     -0.132630E+10    0.3131670E+09    0.1556884E+09
 399     -0.429532E+10    0.2130177E+09   -0.4865249E+09
 400     -0.282930E+10   -0.4583920E+09   -0.1531400E+09
 401     -0.415642E+09    0.8355446E+09   -0.9130065E+09
 402     -0.999474E+08    0.2060965E+10   -0.1465749E+10
 403      0.932068E+08    0.2421410E+10   -0.1300027E+10
 404      0.141547E+09    0.2810515E+10   -0.1221977E+10
 405      0.157955E+09    0.2947831E+10   -0.1047220E+10
 406      0.176917E+09    0.3103608E+10   -0.8835551E+09
 407      0.193112E+09    0.3185307E+10   -0.6811343E+09
 408      0.215349E+09    0.3276608E+10   -0.4768307E+09
 409      0.203001E+09    0.3318138E+10   -0.2642333E+09
 410      0.216708E+09    0.3364148E+10   -0.5583469E+08
 411      0.228007E+09    0.3376569E+10    0.1674311E+09
 412      0.249400E+09    0.3393540E+10    0.3926768E+09
 413      0.258176E+09    0.3339175E+10    0.6366960E+09
 414      0.273092E+09    0.3290528E+10    0.8838799E+09
 415      0.261126E+09    0.3109834E+10    0.1119488E+10
 416      0.247279E+09    0.2943512E+10    0.1366827E+10
 417      0.177468E+09    0.2486538E+10    0.1488876E+10
 418     -0.634121E+08    0.2022865E+10    0.1708855E+10
 419     -0.494658E+09    0.8186212E+09    0.1061905E+10
 420     -0.319264E+10   -0.4055032E+09    0.2647900E+09
 421     -0.132147E+10    0.4541837E+10   -0.1059232E+10
 422      0.122859E+09    0.4420901E+10   -0.1727227E+10
 423     -0.854775E+08    0.4253879E+10   -0.2024869E+10
 424      0.204794E+08    0.4103801E+10   -0.1623281E+10
 425     -0.114787E+08    0.4030044E+10   -0.1406873E+10
 426     -0.290417E+07    0.3979285E+10   -0.1183191E+10
 427     -0.506201E+07    0.3942986E+10   -0.9747326E+09
 428     -0.537078E+07    0.3919376E+10   -0.7584709E+09
 429      0.481398E+07    0.3896836E+10   -0.5337772E+09
 430     -0.428531E+06    0.3956424E+10   -0.3046472E+09
 431      0.511581E+07    0.4028246E+10   -0.8549414E+08
 432      0.909090E+07    0.4102174E+10    0.1596000E+09
 433      0.171498E+08    0.4174673E+10    0.4084838E+09
 434      0.207928E+08    0.4210055E+10    0.6970509E+09
 435      0.286146E+08    0.4248851E+10    0.9882380E+09
 436      0.353578E+08    0.4227331E+10    0.1303001E+10
 437      0.346670E+08    0.4218437E+10    0.1633238E+10
 438      0.733781E+08    0.4136778E+10    0.1926812E+10
 439     -0.329934E+08    0.4140231E+10    0.2436797E+10
 440      0.187897E+09    0.3959037E+10    0.2025522E+10
 441     -0.142342E+10    0.3698396E+10    0.1314165E+10
