   1     -0.526218E+09    0.4615827E+07   -0.4045527E+06
   2     -0.453888E+09   -0.8446919E+07   -0.2733042E+05
   3     -0.353530E+09   -0.2198104E+08    0.1766037E+06
   4     -0.237067E+09   -0.5835080E+08    0.1229800E+07
   5     -0.107560E+09   -0.9632546E+08    0.2383853E+07
   6      0.101420E+08   -0.1430930E+09    0.1718055E+07
   7      0.117473E+09   -0.1879948E+09    0.1576492E+07
   8      0.219041E+09   -0.2278023E+09    0.2007127E+07
   9      0.306247E+09   -0.2675695E+09    0.1634113E+07
  10      0.375022E+09   -0.2935022E+09    0.1531292E+07
  11      0.423653E+09   -0.3193347E+09    0.1789652E+07
  12      0.444136E+09   -0.3283005E+09    0.1911022E+07
  13      0.434544E+09   -0.3373603E+09    0.1816068E+07
  14      0.393698E+09   -0.3217536E+09    0.6883614E+06
  15      0.314519E+09   -0.3057452E+09    0.7396342E+06
  16      0.189784E+09   -0.2695312E+09    0.5746442E+06
  17      0.251759E+08   -0.2315375E+09   -0.1326441E+07
  18     -0.193642E+09   -0.1710371E+09   -0.2856530E+07
  19     -0.447699E+09   -0.1084243E+09   -0.4275591E+07
  20     -0.731479E+09   -0.4933404E+08   -0.6691104E+07
  21     -0.915297E+09    0.6340385E+07   -0.8463172E+07
  22     -0.541567E+09    0.3784556E+07    0.1230263E+07
  23     -0.465975E+09   -0.9810789E+07    0.1336343E+08
  24     -0.362943E+09   -0.2428914E+08    0.2532504E+08
  25     -0.244618E+09   -0.5638959E+08    0.3267803E+08
  26     -0.113028E+09   -0.8834416E+08    0.4066022E+08
  27      0.105631E+08   -0.1283301E+09    0.4096205E+08
  28      0.120479E+09   -0.1684371E+09    0.4052991E+08
  29      0.224259E+09   -0.2023265E+09    0.3510018E+08
  30      0.312737E+09   -0.2356379E+09    0.2990451E+08
  31      0.383316E+09   -0.2558880E+09    0.2173067E+08
  32      0.432303E+09   -0.2758300E+09    0.1366265E+08
  33      0.453993E+09   -0.2775972E+09    0.3907782E+07
  34      0.445847E+09   -0.2791291E+09   -0.6239528E+07
  35      0.404697E+09   -0.2611758E+09   -0.1740880E+08
  36      0.324061E+09   -0.2429117E+09   -0.2808797E+08
  37      0.200398E+09   -0.2039989E+09   -0.3799059E+08
  38      0.321260E+08   -0.1644458E+09   -0.4834280E+08
  39     -0.189184E+09   -0.1146421E+09   -0.5236486E+08
  40     -0.452473E+09   -0.6047187E+08   -0.5968294E+08
  41     -0.749178E+09   -0.2340494E+08   -0.3982577E+08
  42     -0.100096E+10    0.8673849E+07   -0.1629591E+08
  43     -0.557010E+09    0.4442027E+07    0.2473002E+07
  44     -0.478131E+09   -0.8259060E+07    0.2667663E+08
  45     -0.372518E+09   -0.2228106E+08    0.5060461E+08
  46     -0.252427E+09   -0.5355173E+08    0.6398704E+08
  47     -0.119229E+09   -0.8435768E+08    0.7864993E+08
  48      0.111790E+08   -0.1197756E+09    0.7982450E+08
  49      0.124151E+09   -0.1547140E+09    0.7877186E+08
  50      0.229454E+09   -0.1835994E+09    0.6772899E+08
  51      0.318676E+09   -0.2125800E+09    0.5829053E+08
  52      0.392061E+09   -0.2311026E+09    0.4208315E+08
  53      0.441034E+09   -0.2493315E+09    0.2557655E+08
  54      0.464012E+09   -0.2486476E+09    0.5634673E+07
  55      0.457586E+09   -0.2470436E+09   -0.1495639E+08
  56      0.415414E+09   -0.2260121E+09   -0.3585201E+08
  57      0.334614E+09   -0.2055193E+09   -0.5710197E+08
  58      0.211659E+09   -0.1668043E+09   -0.7721371E+08
  59      0.391346E+08   -0.1258314E+09   -0.9603822E+08
  60     -0.183241E+09   -0.7988956E+08   -0.1018209E+09
  61     -0.455762E+09   -0.3271055E+08   -0.1140156E+09
  62     -0.768427E+09   -0.1101393E+08   -0.7066866E+08
  63     -0.109271E+10    0.7570401E+07   -0.2097485E+08
  64     -0.602452E+09    0.3519420E+07    0.3902767E+07
  65     -0.513691E+09   -0.9501661E+07    0.3942863E+08
  66     -0.398808E+09   -0.2360688E+08    0.7470765E+08
  67     -0.270146E+09   -0.5272884E+08    0.9193889E+08
  68     -0.130412E+09   -0.8119682E+08    0.1097856E+09
  69      0.104366E+08   -0.1127805E+09    0.1107556E+09
  70      0.134719E+09   -0.1448534E+09    0.1104422E+09
  71      0.244467E+09   -0.1734702E+09    0.9440009E+08
  72      0.338289E+09   -0.2010505E+09    0.7889565E+08
  73      0.415995E+09   -0.2134177E+09    0.5512098E+08
  74      0.467148E+09   -0.2259864E+09    0.3170824E+08
  75      0.493588E+09   -0.2238438E+09    0.2601294E+07
  76      0.488736E+09   -0.2218607E+09   -0.2685401E+08
  77      0.445733E+09   -0.2008020E+09   -0.5756875E+08
  78      0.364946E+09   -0.1779783E+09   -0.8874177E+08
  79      0.237585E+09   -0.1407407E+09   -0.1138413E+09
  80      0.523547E+08   -0.1029001E+09   -0.1387756E+09
  81     -0.180608E+09   -0.6378640E+08   -0.1393175E+09
  82     -0.475621E+09   -0.2496162E+08   -0.1437271E+09
  83     -0.831530E+09   -0.9360323E+07   -0.8317289E+08
  84     -0.122991E+10    0.4940335E+07   -0.1756047E+08
  85     -0.647647E+09    0.4268336E+07    0.5361818E+07
  86     -0.549142E+09   -0.8341561E+07    0.5219597E+08
  87     -0.424903E+09   -0.2242304E+08    0.9880440E+08
  88     -0.287607E+09   -0.5174056E+08    0.1200788E+09
  89     -0.140602E+09   -0.8014381E+08    0.1413062E+09
  90      0.911259E+07   -0.1113289E+09    0.1424315E+09
  91      0.144710E+09   -0.1429007E+09    0.1432055E+09
  92      0.260115E+09   -0.1659815E+09    0.1211282E+09
  93      0.358868E+09   -0.1881748E+09    0.9920686E+08
  94      0.439459E+09   -0.2008187E+09    0.6822807E+08
  95      0.493183E+09   -0.2133345E+09    0.3752870E+08
  96      0.523455E+09   -0.2066179E+09   -0.9801769E+06
  97      0.519409E+09   -0.1986962E+09   -0.3935900E+08
  98      0.477033E+09   -0.1775203E+09   -0.7912734E+08
  99      0.394352E+09   -0.1576843E+09   -0.1196411E+09
 100      0.263233E+09   -0.1259247E+09   -0.1497986E+09
 101      0.655835E+08   -0.9184103E+08   -0.1806160E+09
 102     -0.180472E+09   -0.5845526E+08   -0.1759590E+09
 103     -0.496703E+09   -0.2476157E+08   -0.1740452E+09
 104     -0.893564E+09   -0.8603115E+07   -0.9783601E+08
 105     -0.136077E+10    0.5539347E+07   -0.1656300E+08
 106     -0.722854E+09    0.3406881E+07    0.7290470E+07
 107     -0.607008E+09   -0.9916855E+07    0.6512235E+08
 108     -0.465594E+09   -0.2439511E+08    0.1226045E+09
 109     -0.312281E+09   -0.5238688E+08    0.1468029E+09
 110     -0.151297E+09   -0.8009774E+08    0.1709006E+09
 111      0.905654E+07   -0.1075843E+09    0.1694746E+09
 112      0.158892E+09   -0.1340316E+09    0.1679699E+09
 113      0.286583E+09   -0.1554896E+09    0.1419013E+09
 114      0.391130E+09   -0.1775684E+09    0.1160406E+09
 115      0.477452E+09   -0.1872063E+09    0.7775384E+08
 116      0.536462E+09   -0.1960903E+09    0.3920587E+08
 117      0.569621E+09   -0.1911166E+09   -0.6791375E+07
 118      0.565414E+09   -0.1863916E+09   -0.5243670E+08
 119      0.523942E+09   -0.1672774E+09   -0.9830120E+08
 120      0.436630E+09   -0.1467831E+09   -0.1450587E+09
 121      0.296455E+09   -0.1173638E+09   -0.1782799E+09
 122      0.840447E+08   -0.8854412E+08   -0.2123847E+09
 123     -0.187945E+09   -0.5638874E+08   -0.2065775E+09
 124     -0.538195E+09   -0.2256118E+08   -0.2017293E+09
 125     -0.985324E+09   -0.8138647E+07   -0.1108089E+09
 126     -0.151843E+10    0.4341705E+07   -0.1589702E+08
 127     -0.797793E+09    0.4216838E+07    0.9287468E+07
 128     -0.664835E+09   -0.9093524E+07    0.7819050E+08
 129     -0.506291E+09   -0.2409277E+08    0.1466078E+09
 130     -0.337035E+09   -0.5207439E+08    0.1737882E+09
 131     -0.162300E+09   -0.7906275E+08    0.2007311E+09
 132      0.951223E+07   -0.1040286E+09    0.1965127E+09
 133      0.172895E+09   -0.1285165E+09    0.1930050E+09
 134      0.312942E+09   -0.1459676E+09    0.1634065E+09
 135      0.423407E+09   -0.1632906E+09    0.1332434E+09
 136      0.516076E+09   -0.1710370E+09    0.8721242E+08
 137      0.580794E+09   -0.1780794E+09    0.4084786E+08
 138      0.615743E+09   -0.1731244E+09   -0.1202895E+08
 139      0.612119E+09   -0.1682293E+09   -0.6468369E+08
 140      0.570469E+09   -0.1527448E+09   -0.1175921E+09
 141      0.478863E+09   -0.1382126E+09   -0.1707796E+09
 142      0.328866E+09   -0.1129248E+09   -0.2072534E+09
 143      0.102287E+09   -0.8471097E+08   -0.2456628E+09
 144     -0.194673E+09   -0.5412594E+08   -0.2383096E+09
 145     -0.581806E+09   -0.2389303E+08   -0.2293959E+09
 146     -0.107647E+10   -0.8599013E+07   -0.1236265E+09
 147     -0.167476E+10    0.5084003E+07   -0.1514863E+08
 148     -0.905098E+09    0.3138026E+07    0.1233051E+08
 149     -0.744286E+09   -0.1084758E+08    0.9166398E+08
 150     -0.559190E+09   -0.2626453E+08    0.1702657E+09
 151     -0.365791E+09   -0.5180798E+08    0.1978919E+09
 152     -0.171086E+09   -0.7657887E+08    0.2251006E+09
 153      0.168336E+08   -0.9704702E+08    0.2164088E+09
 154      0.191571E+09   -0.1164030E+09    0.2088971E+09
 155      0.345681E+09   -0.1287281E+09    0.1762921E+09
 156      0.467755E+09   -0.1414759E+09    0.1426225E+09
 157      0.566257E+09   -0.1457887E+09    0.9185555E+08
 158      0.636468E+09   -0.1499552E+09    0.4170846E+08
 159      0.671490E+09   -0.1476701E+09   -0.1436341E+08
 160      0.672159E+09   -0.1456115E+09   -0.7076593E+08
 161      0.628116E+09   -0.1350468E+09   -0.1284113E+09
 162      0.530858E+09   -0.1238098E+09   -0.1861206E+09
 163      0.369906E+09   -0.1036605E+09   -0.2277064E+09
 164      0.127983E+09   -0.8328654E+08   -0.2717491E+09
 165     -0.204146E+09   -0.5673658E+08   -0.2642726E+09
 166     -0.638883E+09   -0.2834939E+08   -0.2562833E+09
 167     -0.119394E+10   -0.1101065E+08   -0.1389754E+09
 168     -0.186641E+10    0.4160166E+07   -0.1734691E+08
 169     -0.101239E+10    0.3933863E+07    0.1549213E+08
 170     -0.823747E+09   -0.1009402E+08    0.1053719E+09
 171     -0.612304E+09   -0.2619518E+08    0.1942588E+09
 172     -0.394772E+09   -0.5001973E+08    0.2223411E+09
 173     -0.180006E+09   -0.7235396E+08    0.2499928E+09
 174      0.240560E+08   -0.8635600E+08    0.2367316E+09
 175      0.210487E+09   -0.9872783E+08    0.2247322E+09
 176      0.378001E+09   -0.1031660E+09    0.1899173E+09
 177      0.514277E+09   -0.1088708E+09    0.1534709E+09
 178      0.617210E+09   -0.1114586E+09    0.9684972E+08
 179      0.691300E+09   -0.1133974E+09    0.4259504E+08
 180      0.727635E+09   -0.1128611E+09   -0.1651683E+08
 181      0.732281E+09   -0.1127420E+09   -0.7664436E+08
 182      0.686520E+09   -0.1079333E+09   -0.1395371E+09
 183      0.582590E+09   -0.1036387E+09   -0.2027226E+09
 184      0.411291E+09   -0.8833116E+08   -0.2493505E+09
 185      0.152930E+09   -0.7173777E+08   -0.2975271E+09
 186     -0.214269E+09   -0.5134749E+08   -0.2900982E+09
 187     -0.694196E+09   -0.2846708E+08   -0.2842481E+09
 188     -0.131194E+10   -0.1041070E+08   -0.1549265E+09
 189     -0.205908E+10    0.4807503E+07   -0.1985878E+08
 190     -0.115426E+10    0.2399178E+07    0.2020770E+08
 191     -0.922768E+09   -0.1158212E+08    0.1186762E+09
 192     -0.672109E+09   -0.2745950E+08    0.2155637E+09
 193     -0.420844E+09   -0.4592272E+08    0.2390144E+09
 194     -0.180508E+09   -0.6277776E+08    0.2621242E+09
 195      0.419826E+08   -0.6739849E+08    0.2414446E+09
 196      0.239565E+09   -0.7082482E+08    0.2218196E+09
 197      0.413137E+09   -0.6359009E+08    0.1845547E+09
 198      0.560010E+09   -0.5623643E+08    0.1485493E+09
 199      0.670800E+09   -0.5479086E+08    0.9651689E+08
 200      0.747369E+09   -0.5471492E+08    0.4429407E+08
 201      0.787567E+09   -0.5600476E+08   -0.1485266E+08
 202      0.794429E+09   -0.5693622E+08   -0.7384486E+08
 203      0.750380E+09   -0.6035096E+08   -0.1362380E+09
 204      0.643869E+09   -0.6467728E+08   -0.2000618E+09
 205      0.464891E+09   -0.6265461E+08   -0.2533673E+09
 206      0.181789E+09   -0.5946401E+08   -0.3075477E+09
 207     -0.215879E+09   -0.4297199E+08   -0.3059153E+09
 208     -0.753205E+09   -0.2421800E+08   -0.3066266E+09
 209     -0.145175E+10   -0.9479382E+07   -0.1683319E+09
 210     -0.229867E+10    0.2990378E+07   -0.2343036E+08
 211     -0.129604E+10    0.2732647E+07    0.2541182E+08
 212     -0.102212E+10   -0.1118639E+08    0.1324378E+09
 213     -0.732551E+09   -0.2748109E+08    0.2373836E+09
 214     -0.447446E+09   -0.3949473E+08    0.2563476E+09
 215     -0.181428E+09   -0.4895502E+08    0.2750295E+09
 216      0.599142E+08   -0.3938930E+08    0.2468977E+09
 217      0.268978E+09   -0.2878297E+08    0.2198459E+09
 218      0.449128E+09   -0.6727262E+07    0.1790613E+09
 219      0.602961E+09    0.1702792E+08    0.1417193E+09
 220      0.724684E+09    0.3172337E+08    0.9647373E+08
 221      0.806624E+09    0.4172212E+08    0.4831006E+08
 222      0.848928E+09    0.3327695E+08   -0.1251243E+08
 223      0.857119E+09    0.2637327E+08   -0.7132584E+08
 224      0.814293E+09    0.1293510E+08   -0.1335500E+09
 225      0.706480E+09   -0.1282353E+07   -0.1980420E+09
 226      0.518718E+09   -0.1662996E+08   -0.2566710E+09
 227      0.211385E+09   -0.3248525E+08   -0.3178825E+09
 228     -0.217556E+09   -0.2816969E+08   -0.3238067E+09
 229     -0.814783E+09   -0.1947639E+08   -0.3303122E+09
 230     -0.159280E+10   -0.6599369E+07   -0.1815522E+09
 231     -0.253703E+10    0.3412674E+07   -0.2587920E+08
 232     -0.147427E+10    0.1400067E+06    0.3357720E+08
 233     -0.113382E+10   -0.1158295E+08    0.1434419E+09
 234     -0.787543E+09   -0.2590123E+08    0.2499474E+09
 235     -0.457818E+09   -0.2585168E+08    0.2544152E+09
 236     -0.163218E+09   -0.2264951E+08    0.2591416E+09
 237      0.938619E+08    0.6022092E+07    0.2200594E+09
 238      0.308474E+09    0.3594598E+08    0.1831789E+09
 239      0.487281E+09    0.7494186E+08    0.1428443E+09
 240      0.635875E+09    0.1139754E+09    0.1052334E+09
 241      0.756235E+09    0.1392912E+09    0.7416297E+08
 242      0.849459E+09    0.1630558E+09    0.4269633E+08
 243      0.897240E+09    0.1552690E+09   -0.2930319E+07
 244      0.908970E+09    0.1453195E+09   -0.4820090E+08
 245      0.872162E+09    0.1138171E+09   -0.1042024E+09
 246      0.770642E+09    0.8203577E+08   -0.1617486E+09
 247      0.580516E+09    0.4782325E+08   -0.2235252E+09
 248      0.266352E+09    0.1430102E+08   -0.2901433E+09
 249     -0.201647E+09   -0.2384765E+07   -0.3101298E+09
 250     -0.861739E+09   -0.1639832E+08   -0.3327448E+09
 251     -0.174212E+10   -0.8029322E+07   -0.1886043E+09
 252     -0.281840E+10   -0.1316038E+07   -0.3424541E+08
 253     -0.165248E+10    0.5856283E+06    0.4236013E+08
 254     -0.124653E+10   -0.1095513E+08    0.1552636E+09
 255     -0.844620E+09   -0.2450761E+08    0.2639603E+09
 256     -0.469010E+09   -0.7607901E+07    0.2539775E+09
 257     -0.145766E+09    0.1382994E+08    0.2446558E+09
 258      0.128503E+09    0.7101802E+08    0.1942753E+09
 259      0.348527E+09    0.1286459E+09    0.1469314E+09
 260      0.526324E+09    0.1915520E+09    0.1073241E+09
 261      0.670884E+09    0.2534580E+09    0.7010960E+08
 262      0.787426E+09    0.2926900E+09    0.5168882E+08
 263      0.889736E+09    0.3300200E+09    0.3615421E+08
 264      0.947081E+09    0.3204299E+09    0.6814778E+07
 265      0.961672E+09    0.3100148E+09   -0.2505312E+08
 266      0.931675E+09    0.2624790E+09   -0.7400429E+08
 267      0.835765E+09    0.2115931E+09   -0.1241752E+09
 268      0.643897E+09    0.1448423E+09   -0.1913198E+09
 269      0.321442E+09    0.7720344E+08   -0.2636621E+09
 270     -0.187107E+09    0.3459613E+08   -0.2974748E+09
 271     -0.909676E+09   -0.3439588E+07   -0.3362589E+09
 272     -0.189251E+10   -0.2907850E+07   -0.1967912E+09
 273     -0.310456E+10   -0.2850688E+07   -0.4487398E+08
 274     -0.186433E+10   -0.6286292E+07    0.5687432E+08
 275     -0.135361E+10   -0.9018715E+07    0.1584116E+09
 276     -0.867711E+09   -0.1552289E+08    0.2521663E+09
 277     -0.439593E+09    0.2860755E+08    0.2090996E+09
 278     -0.933952E+08    0.7909867E+08    0.1694840E+09
 279      0.181270E+09    0.1713467E+09    0.1079577E+09
 280      0.391199E+09    0.2639202E+09    0.5170786E+08
 281      0.551939E+09    0.3530914E+09    0.2387505E+08
 282      0.681647E+09    0.4406502E+09   -0.1431637E+07
 283      0.783315E+09    0.4923532E+09    0.3094084E+07
 284      0.877564E+09    0.5446630E+09    0.1081783E+08
 285      0.946931E+09    0.5380734E+09    0.1749650E+08
 286      0.978379E+09    0.5262575E+09    0.2052928E+08
 287      0.959530E+09    0.4549730E+09   -0.5301060E+07
 288      0.883252E+09    0.3833841E+09   -0.3103497E+08
 289      0.708773E+09    0.2819234E+09   -0.9293791E+08
 290      0.392658E+09    0.1778512E+09   -0.1603480E+09
 291     -0.128258E+09    0.9511980E+08   -0.2220929E+09
 292     -0.912937E+09    0.1886892E+08   -0.2942069E+09
 293     -0.201194E+10    0.5679754E+07   -0.1836540E+09
 294     -0.342808E+10   -0.9409813E+07   -0.5672002E+08
 295     -0.207808E+10   -0.7663802E+06    0.7462218E+08
 296     -0.146359E+10   -0.7795462E+07    0.1637122E+09
 297     -0.898807E+09   -0.9905714E+07    0.2444439E+09
 298     -0.408817E+09    0.7939096E+08    0.1676010E+09
 299     -0.417041E+08    0.1729962E+09    0.9553385E+08
 300      0.237344E+09    0.3175527E+09    0.2206500E+08
 301      0.435393E+09    0.4572256E+09   -0.4493610E+08
 302      0.578668E+09    0.5780966E+09   -0.6061633E+08
 303      0.692589E+09    0.6957360E+09   -0.7385029E+08
 304      0.779618E+09    0.7604425E+09   -0.4552265E+08
 305      0.866065E+09    0.8253044E+09   -0.1487350E+08
 306      0.942979E+09    0.8179452E+09    0.2882760E+08
 307      0.997761E+09    0.8081809E+09    0.6849405E+08
 308      0.988587E+09    0.7195569E+09    0.6516730E+08
 309      0.932327E+09    0.6274479E+09    0.6399764E+08
 310      0.778090E+09    0.4783899E+09    0.6299072E+07
 311      0.463671E+09    0.3225015E+09   -0.5778600E+08
 312     -0.657098E+08    0.1860569E+09   -0.1492657E+09
 313     -0.923423E+09    0.4871302E+08   -0.2546800E+09
 314     -0.213604E+10    0.1419504E+08   -0.1725301E+09
 315     -0.375687E+10   -0.9825747E+07   -0.7186610E+08
 316     -0.231956E+10   -0.2827397E+08    0.1025160E+09
 317     -0.151756E+10    0.3055745E+07    0.1420981E+09
 318     -0.826628E+09    0.2875987E+08    0.1608621E+09
 319     -0.305340E+09    0.1785192E+09    0.2332525E+08
 320      0.537864E+08    0.3398394E+09   -0.9515727E+08
 321      0.292219E+09    0.5365905E+09   -0.1609969E+09
 322      0.454241E+09    0.7293210E+09   -0.2172820E+09
 323      0.561964E+09    0.8754123E+09   -0.2000722E+09
 324      0.650298E+09    0.1019273E+10   -0.1820844E+09
 325      0.716120E+09    0.1092976E+10   -0.1166563E+09
 326      0.789010E+09    0.1167381E+10   -0.5023371E+08
 327      0.855846E+09    0.1161905E+10    0.3698225E+08
 328      0.934425E+09    0.1156637E+10    0.1241935E+09
 329      0.945574E+09    0.1050060E+10    0.1729621E+09
 330      0.921560E+09    0.9409616E+09    0.2220669E+09
 331      0.804576E+09    0.7429737E+09    0.2014610E+09
 332      0.548226E+09    0.5365067E+09    0.1732013E+09
 333      0.546863E+08    0.3212364E+09    0.5041958E+08
 334     -0.814049E+09    0.1129609E+09   -0.9998036E+08
 335     -0.215504E+10    0.3821529E+08   -0.1093775E+09
 336     -0.404969E+10   -0.3532145E+08   -0.8976990E+08
 337     -0.259356E+10    0.2726460E+08    0.1550727E+09
 338     -0.157441E+10    0.1960470E+08    0.1284149E+09
 339     -0.786409E+09    0.6185963E+08    0.8922216E+08
 340     -0.180016E+09    0.3449580E+09   -0.1138665E+09
 341      0.154856E+09    0.5999104E+09   -0.2984697E+09
 342      0.351726E+09    0.8675240E+09   -0.3505954E+09
 343      0.474118E+09    0.1113985E+10   -0.3947934E+09
 344      0.544296E+09    0.1276938E+10   -0.3428407E+09
 345      0.606340E+09    0.1438215E+10   -0.2920110E+09
 346      0.650387E+09    0.1516211E+10   -0.1886294E+09
 347      0.709288E+09    0.1596723E+10   -0.8551223E+08
 348      0.767694E+09    0.1594246E+10    0.4609010E+08
 349      0.864612E+09    0.1594573E+10    0.1824513E+09
 350      0.902047E+09    0.1482640E+10    0.2854900E+09
 351      0.912859E+09    0.1368665E+10    0.3871144E+09
 352      0.834495E+09    0.1121860E+10    0.4053121E+09
 353      0.641286E+09    0.8544782E+09    0.4188798E+09
 354      0.197578E+09    0.5367918E+09    0.2473404E+09
 355     -0.727236E+09    0.1803786E+09    0.4461423E+08
 356     -0.218010E+10    0.6533236E+08   -0.5473160E+08
 357     -0.437827E+10    0.7343159E+07   -0.1290790E+09
 358     -0.281604E+10   -0.1231154E+09    0.1832640E+09
 359     -0.143157E+10    0.7202121E+08    0.3116525E+07
 360     -0.481302E+09    0.2598380E+09   -0.2324971E+09
 361     -0.161140E+08    0.6557099E+09   -0.4813718E+09
 362      0.220281E+09    0.1059803E+10   -0.6458044E+09
 363      0.336048E+09    0.1344406E+10   -0.6214679E+09
 364      0.410614E+09    0.1621485E+10   -0.6020420E+09
 365      0.446831E+09    0.1778479E+10   -0.5001094E+09
 366      0.485627E+09    0.1937585E+10   -0.4016201E+09
 367      0.512092E+09    0.2010341E+10   -0.2621023E+09
 368      0.553978E+09    0.2087409E+10   -0.1240611E+09
 369      0.597710E+09    0.2089159E+10    0.4632912E+08
 370      0.676699E+09    0.2096732E+10    0.2227068E+09
 371      0.742343E+09    0.1995768E+10    0.3941139E+09
 372      0.765198E+09    0.1895209E+10    0.5673088E+09
 373      0.733641E+09    0.1624789E+10    0.6801874E+09
 374      0.636628E+09    0.1345291E+10    0.8013205E+09
 375      0.329209E+09    0.8836057E+09    0.6861903E+09
 376     -0.389971E+09    0.4128913E+09    0.4875745E+09
 377     -0.191003E+10    0.1371170E+09    0.1497019E+09
 378     -0.448925E+10   -0.1286673E+09   -0.1350698E+09
 379     -0.367123E+10    0.2661532E+09    0.6341453E+09
 380     -0.112548E+10    0.2867654E+09   -0.4553727E+08
 381     -0.120825E+09    0.5562749E+09   -0.7362417E+09
 382      0.142663E+09    0.1303463E+10   -0.9091313E+09
 383      0.284765E+09    0.1793604E+10   -0.1008605E+10
 384      0.308556E+09    0.2038361E+10   -0.9044425E+09
 385      0.340039E+09    0.2290017E+10   -0.8104008E+09
 386      0.343577E+09    0.2408449E+10   -0.6583831E+09
 387      0.361216E+09    0.2534722E+10   -0.5105535E+09
 388      0.371348E+09    0.2588789E+10   -0.3354991E+09
 389      0.396575E+09    0.2647392E+10   -0.1628647E+09
 390      0.424816E+09    0.2656966E+10    0.4443345E+08
 391      0.482161E+09    0.2676738E+10    0.2582462E+09
 392      0.575021E+09    0.2611012E+10    0.5049927E+09
 393      0.606407E+09    0.2551031E+10    0.7555988E+09
 394      0.621560E+09    0.2316311E+10    0.9752602E+09
 395      0.633317E+09    0.2089974E+10    0.1208114E+10
 396      0.460459E+09    0.1549783E+10    0.1191256E+10
 397      0.124344E+08    0.7617313E+09    0.1099137E+10
 398     -0.146638E+10    0.3706065E+09    0.2825228E+09
 399     -0.527624E+10    0.2107334E+09   -0.5089811E+09
 400     -0.282350E+10   -0.4565063E+09   -0.1542514E+09
 401     -0.411398E+09    0.8309480E+09   -0.9092721E+09
 402     -0.992207E+08    0.2050629E+10   -0.1459787E+10
 403      0.918887E+08    0.2406850E+10   -0.1297493E+10
 404      0.138623E+09    0.2791815E+10   -0.1222517E+10
 405      0.152214E+09    0.2920049E+10   -0.1056231E+10
 406      0.166228E+09    0.3066661E+10   -0.9000069E+09
 407      0.168329E+09    0.3124989E+10   -0.7243156E+09
 408      0.177725E+09    0.3190554E+10   -0.5508945E+09
 409      0.183297E+09    0.3215993E+10   -0.3633414E+09
 410      0.196096E+09    0.3244804E+10   -0.1770765E+09
 411      0.210041E+09    0.3253099E+10    0.3567810E+08
 412      0.234580E+09    0.3271577E+10    0.2482825E+09
 413      0.291426E+09    0.3264160E+10    0.5263005E+09
 414      0.306283E+09    0.3259854E+10    0.8090857E+09
 415      0.323720E+09    0.3143749E+10    0.1109815E+10
 416      0.338687E+09    0.3051588E+10    0.1427153E+10
 417      0.281416E+09    0.2636755E+10    0.1644027E+10
 418      0.535413E+07    0.2208649E+10    0.1984143E+10
 419     -0.548777E+09    0.9161273E+09    0.1262706E+10
 420     -0.377160E+10   -0.4031790E+09    0.3386056E+09
 421     -0.132326E+10    0.4521313E+10   -0.1063197E+10
 422      0.126448E+09    0.4402900E+10   -0.1724393E+10
 423     -0.832271E+08    0.4239152E+10   -0.2017773E+10
 424      0.230140E+08    0.4092209E+10   -0.1618303E+10
 425     -0.896786E+07    0.4020673E+10   -0.1403505E+10
 426      0.211850E+06    0.3970857E+10   -0.1184119E+10
 427     -0.227971E+07    0.3935704E+10   -0.9780658E+09
 428     -0.103442E+07    0.3912209E+10   -0.7815037E+09
 429     -0.765443E+05    0.3893505E+10   -0.5863966E+09
 430      0.850540E+06    0.3880788E+10   -0.3874841E+09
 431      0.181205E+07    0.3871238E+10   -0.1889561E+09
 432      0.240007E+07    0.3865134E+10    0.2920183E+08
 433     -0.125500E+07    0.3847501E+10    0.2403111E+09
 434      0.167677E+08    0.3879959E+10    0.5421900E+09
 435      0.172083E+08    0.3949392E+10    0.8514025E+09
 436      0.338787E+08    0.4101480E+10    0.1223151E+10
 437      0.420122E+08    0.4257321E+10    0.1618857E+10
 438      0.851444E+08    0.4298927E+10    0.2045122E+10
 439     -0.187035E+08    0.4433646E+10    0.2732642E+10
 440      0.201819E+09    0.4193381E+10    0.2294259E+10
 441     -0.154490E+10    0.3856148E+10    0.1488230E+10
