   1      0.222157E+09   -0.3854366E+07   -0.5276023E+07
   2      0.290182E+09    0.2887678E+08   -0.5836890E+07
   3      0.295128E+09    0.6306636E+08   -0.5822269E+07
   4      0.256488E+09    0.1035825E+09   -0.5495097E+07
   5      0.195526E+09    0.1433962E+09   -0.5937716E+07
   6      0.106453E+09    0.1833349E+09   -0.6056648E+07
   7      0.177926E+06    0.2228073E+09   -0.5537156E+07
   8     -0.106139E+09    0.2526095E+09   -0.5267289E+07
   9     -0.212880E+09    0.2840025E+09   -0.5401220E+07
  10     -0.308108E+09    0.2951974E+09   -0.4405331E+07
  11     -0.367990E+09    0.3064026E+09   -0.4239117E+07
  12     -0.409156E+09    0.2863192E+09   -0.2897434E+07
  13     -0.397766E+09    0.2602639E+09   -0.1667994E+07
  14     -0.348484E+09    0.2100705E+09    0.3078999E+07
  15     -0.264382E+09    0.1640121E+09    0.9753525E+07
  16     -0.146523E+09    0.1157906E+09    0.1283976E+08
  17      0.120143E+08    0.6533317E+08    0.1364505E+08
  18      0.169277E+09    0.4349845E+08    0.8134498E+07
  19      0.324060E+09    0.2949912E+08    0.3509916E+07
  20      0.489673E+09    0.2003626E+08    0.5771377E+07
  21      0.661340E+09    0.5292855E+07    0.8473307E+07
  22      0.260536E+09   -0.3913695E+07   -0.7538915E+07
  23      0.299536E+09    0.8586509E+07   -0.1927450E+08
  24      0.299021E+09    0.2316932E+08   -0.2937305E+08
  25      0.256777E+09    0.4798504E+08   -0.2822855E+08
  26      0.194401E+09    0.7098922E+08   -0.2847393E+08
  27      0.104621E+09    0.9103930E+08   -0.2630512E+08
  28     -0.306662E+07    0.1117469E+09   -0.2452690E+08
  29     -0.112006E+09    0.1260489E+09   -0.1882603E+08
  30     -0.220768E+09    0.1402052E+09   -0.1325400E+08
  31     -0.320353E+09    0.1381185E+09   -0.1315743E+07
  32     -0.383652E+09    0.1350295E+09    0.1177227E+08
  33     -0.423763E+09    0.1047812E+09    0.2712731E+08
  34     -0.411374E+09    0.7364213E+08    0.4367179E+08
  35     -0.349870E+09    0.2490635E+08    0.4685130E+08
  36     -0.247910E+09   -0.2762793E+08    0.4526534E+08
  37     -0.126074E+09   -0.4343140E+08    0.2311809E+08
  38      0.245437E+08   -0.4929397E+08    0.3377357E+07
  39      0.173575E+09   -0.3200050E+08   -0.1846849E+07
  40      0.325126E+09   -0.2005876E+08   -0.6149906E+07
  41      0.483783E+09   -0.1062214E+08   -0.1687527E+07
  42      0.668510E+09   -0.7363016E+06    0.2152044E+07
  43      0.303189E+09   -0.6305490E+06   -0.8731339E+07
  44      0.311337E+09    0.4873424E+06   -0.3135121E+08
  45      0.303625E+09    0.1639673E+07   -0.5167019E+08
  46      0.257155E+09    0.7566478E+07   -0.5057626E+08
  47      0.192859E+09    0.1427239E+08   -0.5122198E+08
  48      0.102803E+09    0.1985239E+08   -0.4639671E+08
  49     -0.624230E+07    0.2428658E+08   -0.4280527E+08
  50     -0.118052E+09    0.2248206E+08   -0.3233288E+08
  51     -0.229273E+09    0.2216768E+08   -0.2086343E+08
  52     -0.333633E+09    0.5238139E+07    0.2604835E+07
  53     -0.398710E+09   -0.1021205E+08    0.2586463E+08
  54     -0.444102E+09   -0.4902708E+08    0.6131747E+08
  55     -0.436327E+09   -0.1044574E+09    0.1027078E+09
  56     -0.351746E+09   -0.1286800E+09    0.9155715E+08
  57     -0.227746E+09   -0.1267046E+09    0.6876060E+08
  58     -0.101413E+09   -0.8397036E+08    0.2715637E+08
  59      0.386249E+08   -0.5555205E+08   -0.8541403E+07
  60      0.178752E+09   -0.3815437E+08   -0.1323690E+08
  61      0.325904E+09   -0.1679682E+08   -0.1717675E+08
  62      0.480367E+09   -0.5298223E+07   -0.1006228E+08
  63      0.672739E+09    0.4257645E+07   -0.4092314E+07
  64      0.344268E+09    0.1118833E+07   -0.6391846E+07
  65      0.331943E+09   -0.3743920E+07   -0.2507084E+08
  66      0.309550E+09   -0.9192618E+07   -0.4188142E+08
  67      0.258556E+09   -0.1897662E+08   -0.4125910E+08
  68      0.190217E+09   -0.2785482E+08   -0.4244685E+08
  69      0.959411E+08   -0.3831700E+08   -0.3563514E+08
  70     -0.144778E+08   -0.4847012E+08   -0.2966462E+08
  71     -0.133212E+09   -0.6583634E+08   -0.1500283E+08
  72     -0.254423E+09   -0.8397470E+08    0.9341248E+06
  73     -0.362314E+09   -0.1111024E+09    0.3026629E+08
  74     -0.441341E+09   -0.1426312E+09    0.6546343E+08
  75     -0.474627E+09   -0.1771986E+09    0.9429663E+08
  76     -0.423687E+09   -0.2053346E+09    0.1122494E+09
  77     -0.306434E+09   -0.1718158E+09    0.6413867E+08
  78     -0.186213E+09   -0.1384664E+09    0.1871352E+08
  79     -0.683647E+08   -0.1048918E+09   -0.1119016E+08
  80      0.541073E+08   -0.7281622E+08   -0.3936476E+08
  81      0.179954E+09   -0.4671246E+08   -0.4027315E+08
  82      0.315451E+09   -0.1990183E+08   -0.4071532E+08
  83      0.464745E+09   -0.7619793E+07   -0.2217506E+08
  84      0.641102E+09    0.3575873E+07   -0.4133094E+07
  85      0.383016E+09    0.3441942E+07   -0.5275987E+07
  86      0.351530E+09   -0.6792129E+07   -0.1983691E+08
  87      0.315503E+09   -0.1782319E+08   -0.3295294E+08
  88      0.260510E+09   -0.3970066E+08   -0.3173100E+08
  89      0.188783E+09   -0.6174261E+08   -0.3237945E+08
  90      0.886581E+08   -0.8742589E+08   -0.2445937E+08
  91     -0.234715E+08   -0.1119588E+09   -0.1684740E+08
  92     -0.149355E+09   -0.1391865E+09    0.3019616E+07
  93     -0.279747E+09   -0.1643347E+09    0.2228289E+08
  94     -0.389763E+09   -0.1990194E+09    0.5912074E+08
  95     -0.498856E+09   -0.2492582E+09    0.1154479E+09
  96     -0.499485E+09   -0.2635760E+09    0.1218826E+09
  97     -0.390779E+09   -0.2532736E+09    0.9663044E+08
  98     -0.259731E+09   -0.2015501E+09    0.3228791E+08
  99     -0.148669E+09   -0.1620643E+09   -0.1841277E+08
 100     -0.402491E+08   -0.1248438E+09   -0.4365029E+08
 101      0.680275E+08   -0.8662168E+08   -0.6909287E+08
 102      0.180645E+09   -0.5505265E+08   -0.6618632E+08
 103      0.305938E+09   -0.2256517E+08   -0.6282784E+08
 104      0.446908E+09   -0.8328597E+07   -0.3322726E+08
 105      0.614338E+09    0.4476161E+07   -0.4045398E+07
 106      0.392422E+09    0.3699230E+07   -0.2906903E+07
 107      0.355206E+09   -0.1100304E+08   -0.5117410E+07
 108      0.313847E+09   -0.2694129E+08   -0.6827049E+07
 109      0.256473E+09   -0.5754130E+08   -0.1511575E+07
 110      0.183314E+09   -0.8747665E+08    0.3381625E+07
 111      0.804821E+08   -0.1236251E+09    0.1161608E+08
 112     -0.343207E+08   -0.1595561E+09    0.1879172E+08
 113     -0.169385E+09   -0.1928500E+09    0.3696467E+08
 114     -0.307638E+09   -0.2264213E+09    0.5683385E+08
 115     -0.432145E+09   -0.2634510E+09    0.9675744E+08
 116     -0.531974E+09   -0.3027379E+09    0.1428026E+09
 117     -0.444541E+09   -0.2846702E+09    0.1011391E+09
 118     -0.322970E+09   -0.2611278E+09    0.4692761E+08
 119     -0.209604E+09   -0.2214360E+09   -0.8087670E+07
 120     -0.109529E+09   -0.1836811E+09   -0.5838335E+08
 121     -0.155400E+08   -0.1421525E+09   -0.8462527E+08
 122      0.766645E+08   -0.1005208E+09   -0.1103072E+09
 123      0.171704E+09   -0.6452288E+08   -0.1016093E+09
 124      0.279368E+09   -0.2825487E+08   -0.9217559E+08
 125      0.403422E+09   -0.1132236E+08   -0.4881316E+08
 126      0.559686E+09    0.4366464E+07   -0.5931418E+07
 127      0.400783E+09    0.6374738E+07   -0.1784207E+07
 128      0.358324E+09   -0.8786999E+07    0.8973333E+07
 129      0.312853E+09   -0.2571268E+08    0.1938881E+08
 130      0.252237E+09   -0.6730415E+08    0.2889435E+08
 131      0.176676E+09   -0.1088138E+09    0.3922545E+08
 132      0.726676E+08   -0.1551704E+09    0.4790530E+08
 133     -0.444993E+08   -0.2006778E+09    0.5516613E+08
 134     -0.188643E+09   -0.2421921E+09    0.7062869E+08
 135     -0.335494E+09   -0.2840870E+09    0.9068899E+08
 136     -0.481750E+09   -0.3098229E+09    0.1324196E+09
 137     -0.541884E+09   -0.3339914E+09    0.1599880E+09
 138     -0.387225E+09   -0.3063927E+09    0.7978925E+08
 139     -0.265269E+09   -0.2785483E+09    0.9158163E+07
 140     -0.160409E+09   -0.2397906E+09   -0.4532588E+08
 141     -0.707282E+08   -0.2013883E+09   -0.9975644E+08
 142      0.946215E+07   -0.1569503E+09   -0.1257245E+09
 143      0.850003E+08   -0.1119868E+09   -0.1513905E+09
 144      0.162285E+09   -0.7156781E+08   -0.1370240E+09
 145      0.252373E+09   -0.3023780E+08   -0.1218532E+09
 146      0.360227E+09   -0.1107792E+08   -0.6444998E+08
 147      0.504246E+09    0.6062294E+07   -0.7415019E+07
 148      0.371795E+09    0.5398240E+07   -0.7094222E+06
 149      0.329914E+09   -0.1454604E+08    0.2804824E+08
 150      0.291645E+09   -0.3616997E+08    0.5692680E+08
 151      0.235969E+09   -0.8212532E+08    0.7409955E+08
 152      0.164412E+09   -0.1274713E+09    0.9087535E+08
 153      0.666101E+08   -0.1778485E+09    0.9787808E+08
 154     -0.530984E+08   -0.2280398E+09    0.1048121E+09
 155     -0.198620E+09   -0.2727127E+09    0.1150286E+09
 156     -0.352938E+09   -0.3207788E+09    0.1313993E+09
 157     -0.506191E+09   -0.3367340E+09    0.1451631E+09
 158     -0.451799E+09   -0.3453315E+09    0.1401956E+09
 159     -0.310671E+09   -0.3164358E+09    0.5265303E+08
 160     -0.197025E+09   -0.2905201E+09   -0.2319639E+08
 161     -0.101646E+09   -0.2521346E+09   -0.8294003E+08
 162     -0.261265E+08   -0.2137896E+09   -0.1428409E+09
 163      0.362798E+08   -0.1682809E+09   -0.1709274E+09
 164      0.896815E+08   -0.1221333E+09   -0.1987534E+09
 165      0.141762E+09   -0.7912640E+08   -0.1792216E+09
 166      0.204620E+09   -0.3553635E+08   -0.1587688E+09
 167      0.285464E+09   -0.1416213E+08   -0.8412699E+08
 168      0.405725E+09    0.5402623E+07   -0.9664598E+07
 169      0.342658E+09    0.7099493E+07    0.1149228E+07
 170      0.301559E+09   -0.1308598E+08    0.4720311E+08
 171      0.268613E+09   -0.3540270E+08    0.9425610E+08
 172      0.219557E+09   -0.8734787E+08    0.1192689E+09
 173      0.152394E+09   -0.1392666E+09    0.1423392E+09
 174      0.604793E+08   -0.1932239E+09    0.1476962E+09
 175     -0.627524E+08   -0.2441057E+09    0.1534683E+09
 176     -0.208947E+09   -0.2900122E+09    0.1611804E+09
 177     -0.370204E+09   -0.3464998E+09    0.1789965E+09
 178     -0.522062E+09   -0.3627944E+09    0.1575138E+09
 179     -0.369721E+09   -0.3605580E+09    0.1161995E+09
 180     -0.235931E+09   -0.3215069E+09    0.2565587E+08
 181     -0.127773E+09   -0.2931145E+09   -0.5621394E+08
 182     -0.427173E+08   -0.2575160E+09   -0.1211588E+09
 183      0.187878E+08   -0.2205810E+09   -0.1863745E+09
 184      0.630750E+08   -0.1752473E+09   -0.2165303E+09
 185      0.941167E+08   -0.1289849E+09   -0.2465074E+09
 186      0.120869E+09   -0.8345043E+08   -0.2217092E+09
 187      0.156450E+09   -0.3630333E+08   -0.1958996E+09
 188      0.210613E+09   -0.1307212E+08   -0.1037851E+09
 189      0.306862E+09    0.7331926E+07   -0.1164498E+08
 190      0.260237E+09    0.6581702E+07    0.4013849E+07
 191      0.235465E+09   -0.1832658E+08    0.7100751E+08
 192      0.216927E+09   -0.4564463E+08    0.1386556E+09
 193      0.190203E+09   -0.9745132E+08    0.1695755E+09
 194      0.139124E+09   -0.1481293E+09    0.1984066E+09
 195      0.590788E+08   -0.2006679E+09    0.1994247E+09
 196     -0.616890E+08   -0.2535222E+09    0.2002904E+09
 197     -0.207630E+09   -0.2898052E+09    0.1985701E+09
 198     -0.382857E+09   -0.3261838E+09    0.2106053E+09
 199     -0.451256E+09   -0.3302937E+09    0.1599205E+09
 200     -0.285847E+09   -0.3304571E+09    0.9083605E+08
 201     -0.151552E+09   -0.3047621E+09    0.1393140E+07
 202     -0.487341E+08   -0.2816700E+09   -0.8361682E+08
 203      0.263089E+08   -0.2489439E+09   -0.1538815E+09
 204      0.727350E+08   -0.2161882E+09   -0.2241728E+09
 205      0.960826E+08   -0.1743307E+09   -0.2585755E+09
 206      0.993682E+08   -0.1314942E+09   -0.2931101E+09
 207      0.920236E+08   -0.8672899E+08   -0.2659508E+09
 208      0.873501E+08   -0.4049589E+08   -0.2376843E+09
 209      0.980839E+08   -0.1585866E+08   -0.1261431E+09
 210      0.155584E+09    0.6184068E+07   -0.1408603E+08
 211      0.178715E+09    0.8768913E+07    0.6365051E+07
 212      0.168775E+09   -0.1620503E+08    0.9490940E+08
 213      0.166368E+09   -0.4407580E+08    0.1831271E+09
 214      0.159840E+09   -0.9948049E+08    0.2201410E+09
 215      0.125409E+09   -0.1548596E+09    0.2557815E+09
 216      0.572082E+08   -0.2054000E+09    0.2520999E+09
 217     -0.599080E+08   -0.2527995E+09    0.2478666E+09
 218     -0.205872E+09   -0.2781713E+09    0.2346598E+09
 219     -0.395695E+09   -0.3039728E+09    0.2357581E+09
 220     -0.378012E+09   -0.2975884E+09    0.1626900E+09
 221     -0.202211E+09   -0.2899939E+09    0.7280792E+08
 222     -0.667945E+08   -0.2692220E+09   -0.2117509E+08
 223      0.311123E+08   -0.2498558E+09   -0.1116189E+09
 224      0.960031E+08   -0.2238500E+09   -0.1868653E+09
 225      0.127084E+09   -0.1981848E+09   -0.2625369E+09
 226      0.129220E+09   -0.1635449E+09   -0.3013001E+09
 227      0.104263E+09   -0.1278009E+09   -0.3404953E+09
 228      0.625922E+08   -0.8544980E+08   -0.3108437E+09
 229      0.173744E+08   -0.4028211E+08   -0.2799019E+09
 230     -0.151510E+08   -0.1451885E+08   -0.1486155E+09
 231      0.484661E+07    0.7731006E+07   -0.1646457E+08
 232      0.360598E+08    0.6538573E+07    0.1119523E+08
 233      0.569845E+08   -0.2196164E+08    0.1221862E+09
 234      0.939942E+08   -0.5413056E+08    0.2325719E+09
 235      0.121534E+09   -0.1067845E+09    0.2696864E+09
 236      0.118678E+09   -0.1570347E+09    0.3049542E+09
 237      0.699433E+08   -0.1947152E+09    0.2896914E+09
 238     -0.322305E+08   -0.2321178E+09    0.2740837E+09
 239     -0.180292E+09   -0.2430328E+09    0.2457848E+09
 240     -0.373292E+09   -0.2514819E+09    0.2294886E+09
 241     -0.278948E+09   -0.2367015E+09    0.1497888E+09
 242     -0.107843E+09   -0.2224420E+09    0.5687643E+08
 243      0.229417E+08   -0.2047403E+09   -0.3675907E+08
 244      0.116077E+09   -0.1884646E+09   -0.1268456E+09
 245      0.171938E+09   -0.1727351E+09   -0.2027997E+09
 246      0.190624E+09   -0.1575611E+09   -0.2796568E+09
 247      0.172798E+09   -0.1357877E+09   -0.3243751E+09
 248      0.118180E+09   -0.1128038E+09   -0.3703769E+09
 249      0.347723E+08   -0.7898231E+08   -0.3452716E+09
 250     -0.667024E+08   -0.4209081E+08   -0.3192893E+09
 251     -0.166034E+09   -0.1661152E+08   -0.1713301E+09
 252     -0.209268E+09    0.5423983E+07   -0.2107838E+08
 253     -0.105877E+09    0.1039840E+08    0.1613494E+08
 254     -0.546974E+08   -0.2151274E+08    0.1502296E+09
 255      0.185907E+08   -0.5784704E+08    0.2838698E+09
 256      0.821140E+08   -0.1071636E+09    0.3209138E+09
 257      0.110380E+09   -0.1531173E+09    0.3555668E+09
 258      0.830402E+08   -0.1723096E+09    0.3283903E+09
 259     -0.293685E+07   -0.1888730E+09    0.3015325E+09
 260     -0.151725E+09   -0.1807248E+09    0.2578964E+09
 261     -0.351333E+09   -0.1714771E+09    0.2241871E+09
 262     -0.180773E+09   -0.1418367E+09    0.1368790E+09
 263     -0.118737E+08   -0.1142005E+09    0.3957379E+08
 264      0.114116E+09   -0.9964652E+08   -0.5266214E+08
 265      0.202396E+09   -0.8657003E+08   -0.1418738E+09
 266      0.249206E+09   -0.8595774E+08   -0.2189089E+09
 267      0.255157E+09   -0.8662664E+08   -0.2971759E+09
 268      0.217244E+09   -0.8568430E+08   -0.3483979E+09
 269      0.131577E+09   -0.8415732E+08   -0.4016282E+09
 270      0.606248E+07   -0.6402707E+08   -0.3810545E+09
 271     -0.152759E+09   -0.3908017E+08   -0.3598951E+09
 272     -0.318231E+09   -0.1436608E+08   -0.1945973E+09
 273     -0.423772E+09    0.6940339E+07   -0.2590977E+08
 274     -0.329644E+09    0.4722605E+07    0.2675774E+08
 275     -0.211469E+09   -0.2763793E+08    0.1817459E+09
 276     -0.646320E+08   -0.6701293E+08    0.3332776E+09
 277      0.610917E+08   -0.1010715E+09    0.3496426E+09
 278      0.129150E+09   -0.1280199E+09    0.3646388E+09
 279      0.125743E+09   -0.1142773E+09    0.3177765E+09
 280      0.450696E+08   -0.9842835E+08    0.2756240E+09
 281     -0.105845E+09   -0.6613462E+08    0.2296198E+09
 282     -0.287567E+09   -0.3389510E+08    0.1842981E+09
 283     -0.922764E+08    0.6936704E+07    0.9965916E+08
 284      0.707072E+08    0.4660294E+08    0.1417593E+08
 285      0.189635E+09    0.5733294E+08   -0.6135447E+08
 286      0.274664E+09    0.6629592E+08   -0.1351433E+09
 287      0.316928E+09    0.4784186E+08   -0.2010046E+09
 288      0.320178E+09    0.2768364E+08   -0.2682944E+09
 289      0.272224E+09   -0.8189463E+06   -0.3231242E+09
 290      0.166724E+09   -0.2877253E+08   -0.3818892E+09
 291     -0.385647E+06   -0.3359866E+08   -0.3798541E+09
 292     -0.229124E+09   -0.3203028E+08   -0.3795096E+09
 293     -0.494003E+09   -0.1328342E+08   -0.2107462E+09
 294     -0.712265E+09    0.8996438E+06   -0.3469541E+08
 295     -0.553748E+09    0.1340267E+08    0.4004358E+08
 296     -0.371080E+09   -0.2717985E+08    0.2153313E+09
 297     -0.156099E+09   -0.6810489E+08    0.3874119E+09
 298      0.416640E+08   -0.7108074E+08    0.3827789E+09
 299      0.147202E+09   -0.6733276E+08    0.3758186E+09
 300      0.172921E+09   -0.1144639E+08    0.3088135E+09
 301      0.930247E+08    0.4115035E+08    0.2495928E+09
 302     -0.600372E+08    0.1093114E+09    0.1997620E+09
 303     -0.215520E+09    0.1784966E+09    0.1428766E+09
 304     -0.524095E+07    0.2315833E+09    0.6260197E+08
 305      0.153191E+09    0.2817315E+09   -0.1091877E+08
 306      0.265480E+09    0.2880904E+09   -0.6950217E+08
 307      0.347767E+09    0.2927769E+09   -0.1273485E+09
 308      0.386191E+09    0.2503246E+09   -0.1819225E+09
 309      0.387184E+09    0.2046203E+09   -0.2378830E+09
 310      0.330533E+09    0.1341082E+09   -0.2980576E+09
 311      0.201759E+09    0.5980535E+08   -0.3632568E+09
 312     -0.564916E+07    0.1591573E+08   -0.3818026E+09
 313     -0.312785E+09   -0.2230232E+08   -0.4031081E+09
 314     -0.672951E+09   -0.8855888E+07   -0.2286375E+09
 315     -0.100335E+10    0.6611329E+07   -0.4521024E+08
 316     -0.892776E+09   -0.1202143E+08    0.6595718E+08
 317     -0.547207E+09   -0.2686446E+08    0.2362474E+09
 318     -0.189701E+09   -0.5270505E+08    0.3893361E+09
 319      0.795813E+08   -0.4062164E+07    0.3307445E+09
 320      0.219303E+09    0.5943301E+08    0.2819182E+09
 321      0.239251E+09    0.1702854E+09    0.2082841E+09
 322      0.148439E+09    0.2796895E+09    0.1455970E+09
 323     -0.211850E+08    0.3784823E+09    0.1066187E+09
 324     -0.146560E+09    0.4770968E+09    0.6164760E+08
 325      0.443511E+08    0.5369386E+09    0.7346120E+07
 326      0.191986E+09    0.5960170E+09   -0.4165851E+08
 327      0.293715E+09    0.5973050E+09   -0.6787583E+08
 328      0.372794E+09    0.5972650E+09   -0.9279360E+08
 329      0.411962E+09    0.5302620E+09   -0.1144224E+09
 330      0.424326E+09    0.4603985E+09   -0.1362935E+09
 331      0.379351E+09    0.3387791E+09   -0.1809733E+09
 332      0.266032E+09    0.2138928E+09   -0.2334678E+09
 333      0.423935E+08    0.1072385E+09   -0.2863959E+09
 334     -0.321092E+09    0.1247713E+08   -0.3543886E+09
 335     -0.828062E+09    0.7790054E+06   -0.2195148E+09
 336     -0.136685E+10   -0.1682770E+08   -0.6265976E+08
 337     -0.126386E+10    0.4462434E+08    0.1153198E+09
 338     -0.726260E+09   -0.1490285E+08    0.2672491E+09
 339     -0.259713E+09   -0.3550583E+08    0.4097872E+09
 340      0.139848E+09    0.1366906E+09    0.2900023E+09
 341      0.299574E+09    0.2914619E+09    0.1769787E+09
 342      0.312637E+09    0.4779228E+09    0.1004934E+09
 343      0.208348E+09    0.6455625E+09    0.3240374E+08
 344      0.163075E+08    0.7653742E+09    0.9274869E+07
 345     -0.842421E+08    0.8841018E+09   -0.1995464E+08
 346      0.926294E+08    0.9491959E+09   -0.4869657E+08
 347      0.228875E+09    0.1015802E+10   -0.7216285E+08
 348      0.320232E+09    0.1013635E+10   -0.6497616E+08
 349      0.396374E+09    0.1010995E+10   -0.5614508E+08
 350      0.436924E+09    0.9231739E+09   -0.4299564E+08
 351      0.462739E+09    0.8329632E+09   -0.2893619E+08
 352      0.432770E+09    0.6557733E+09   -0.5690750E+08
 353      0.336842E+09    0.4609923E+09   -0.9199803E+08
 354      0.109769E+09    0.2656829E+09   -0.1971963E+09
 355     -0.356765E+09    0.4991448E+08   -0.3169977E+09
 356     -0.987049E+09    0.1960191E+08   -0.2176176E+09
 357     -0.176135E+10    0.2893780E+08   -0.9889938E+08
 358     -0.171673E+10   -0.1000874E+09    0.1480743E+09
 359     -0.795792E+09    0.2613524E+08    0.1986348E+09
 360     -0.803535E+08    0.1382158E+09    0.1834778E+09
 361      0.243885E+09    0.4395667E+09    0.3342943E+07
 362      0.354904E+09    0.7591967E+09   -0.9383385E+08
 363      0.330798E+09    0.9719107E+09   -0.9863509E+08
 364      0.219593E+09    0.1173265E+10   -0.1085581E+09
 365      0.140849E+08    0.1283058E+10   -0.1031468E+09
 366     -0.695566E+08    0.1400934E+10   -0.1074752E+09
 367      0.874948E+08    0.1465141E+10   -0.1084346E+09
 368      0.201051E+09    0.1530271E+10   -0.1029149E+09
 369      0.274048E+09    0.1525328E+10   -0.5576462E+08
 370      0.338308E+09    0.1521008E+10   -0.6820303E+07
 371      0.376093E+09    0.1423602E+10    0.5841264E+08
 372      0.411600E+09    0.1326720E+10    0.1260603E+09
 373      0.406141E+09    0.1109023E+10    0.1624877E+09
 374      0.364839E+09    0.8833981E+09    0.2030743E+09
 375      0.207657E+09    0.5461603E+09    0.1179158E+09
 376     -0.161382E+09    0.2197936E+09   -0.4000131E+08
 377     -0.976298E+09    0.6545670E+08   -0.1082350E+09
 378     -0.215036E+10   -0.9436434E+08   -0.1138825E+09
 379     -0.281685E+10    0.2599821E+09    0.6086972E+09
 380     -0.719420E+09    0.2282256E+09    0.2233866E+09
 381      0.174345E+09    0.4369780E+09   -0.2143015E+09
 382      0.349582E+09    0.1126506E+10   -0.3419834E+09
 383      0.417876E+09    0.1570284E+10   -0.3806631E+09
 384      0.340912E+09    0.1747867E+10   -0.3110737E+09
 385      0.229394E+09    0.1923627E+10   -0.2532674E+09
 386      0.132634E+07    0.1979024E+10   -0.2210078E+09
 387     -0.708040E+08    0.2051286E+10   -0.1951205E+09
 388      0.789189E+08    0.2100678E+10   -0.1675856E+09
 389      0.169087E+09    0.2153893E+10   -0.1345132E+09
 390      0.223439E+09    0.2150793E+10   -0.4612725E+08
 391      0.275009E+09    0.2147774E+10    0.4357182E+08
 392      0.308690E+09    0.2061722E+10    0.1630361E+09
 393      0.353356E+09    0.1981437E+10    0.2850881E+09
 394      0.369098E+09    0.1767768E+10    0.3967551E+09
 395      0.394256E+09    0.1559956E+10    0.5165720E+09
 396      0.305321E+09    0.1124765E+10    0.4924054E+09
 397      0.101356E+09    0.4780299E+09    0.3881876E+09
 398     -0.826551E+09    0.2531845E+09   -0.7161222E+08
 399     -0.313141E+10    0.2305491E+09   -0.4675472E+09
 400     -0.240031E+10   -0.4551048E+09   -0.1363189E+09
 401     -0.210389E+09    0.7888516E+09   -0.6429412E+09
 402      0.688351E+08    0.1997889E+10   -0.9824250E+09
 403      0.212278E+09    0.2377969E+10   -0.7331721E+09
 404      0.224977E+09    0.2766475E+10   -0.5579875E+09
 405      0.183343E+09    0.2816436E+10   -0.3812771E+09
 406      0.126034E+09    0.2866808E+10   -0.2131781E+09
 407     -0.968059E+07    0.2821628E+10   -0.1944045E+09
 408     -0.559842E+08    0.2803598E+10   -0.2024996E+09
 409      0.385251E+08    0.2830669E+10   -0.1877994E+09
 410      0.839531E+08    0.2857802E+10   -0.1487012E+09
 411      0.112675E+09    0.2854275E+10   -0.3656011E+08
 412      0.139099E+09    0.2850455E+10    0.7273211E+08
 413      0.157198E+09    0.2797275E+10    0.2232700E+09
 414      0.181256E+09    0.2749018E+10    0.3746231E+09
 415      0.193951E+09    0.2609655E+10    0.5524032E+09
 416      0.208812E+09    0.2483526E+10    0.7389453E+09
 417      0.193021E+09    0.2118304E+10    0.8847730E+09
 418      0.464034E+08    0.1753609E+10    0.1114161E+10
 419     -0.246541E+09    0.6923756E+09    0.7185220E+09
 420     -0.252068E+10   -0.3895917E+09    0.2042677E+09
 421     -0.133331E+10    0.4321363E+10   -0.1050950E+10
 422      0.136092E+09    0.4431252E+10   -0.1483356E+10
 423     -0.582789E+08    0.4495262E+10   -0.1583503E+10
 424      0.491575E+08    0.4388950E+10   -0.1049801E+10
 425      0.194323E+08    0.4365195E+10   -0.6920610E+09
 426      0.226609E+08    0.4202782E+10   -0.4168791E+09
 427      0.187939E+08    0.4032923E+10   -0.1478267E+09
 428     -0.116648E+08    0.3801286E+10   -0.1489466E+09
 429     -0.261430E+08    0.3615385E+10   -0.2036309E+09
 430      0.119619E+07    0.3627161E+10   -0.2046193E+09
 431      0.280320E+07    0.3621585E+10   -0.1600346E+09
 432      0.589458E+07    0.3615420E+10   -0.2678861E+08
 433      0.759356E+07    0.3611365E+10    0.9999567E+08
 434      0.104049E+08    0.3609685E+10    0.2778997E+09
 435      0.129100E+08    0.3610630E+10    0.4558179E+09
 436      0.216923E+08    0.3614387E+10    0.6896150E+09
 437      0.182439E+08    0.3629749E+10    0.9359457E+09
 438      0.625078E+08    0.3640050E+10    0.1228393E+10
 439     -0.332359E+08    0.3731526E+10    0.1710203E+10
 440      0.193388E+09    0.3695595E+10    0.1563745E+10
 441     -0.129683E+10    0.3589094E+10    0.1162965E+10
