   1     -0.240062E+09   -0.2802947E+07   -0.4206064E+07
   2     -0.134572E+09    0.2379757E+08   -0.4364727E+07
   3     -0.118359E+09    0.5203292E+08   -0.4243100E+07
   4     -0.860018E+08    0.8003254E+08   -0.2969353E+07
   5     -0.398393E+08    0.1058907E+09   -0.2779658E+07
   6      0.232988E+07    0.1328790E+09   -0.3381508E+07
   7      0.564696E+08    0.1606992E+09   -0.3223731E+07
   8      0.100503E+09    0.1856198E+09   -0.2629723E+07
   9      0.137467E+09    0.2099839E+09   -0.2080157E+07
  10      0.165742E+09    0.2305322E+09   -0.2156501E+07
  11      0.175685E+09    0.2523974E+09   -0.2190389E+07
  12      0.170608E+09    0.2664503E+09   -0.1360007E+07
  13      0.150508E+09    0.2792730E+09   -0.2441738E+06
  14      0.113039E+09    0.2752098E+09    0.4402128E+06
  15      0.630642E+08    0.2723415E+09    0.1442652E+07
  16      0.114605E+08    0.2435991E+09    0.3348483E+07
  17     -0.413641E+08    0.2122341E+09    0.5343508E+07
  18     -0.966652E+08    0.1569110E+09    0.5710845E+07
  19     -0.151471E+09    0.9783279E+08    0.7581451E+07
  20     -0.220575E+09    0.4144559E+08    0.7261801E+07
  21     -0.324848E+09   -0.9669050E+07    0.4811755E+07
  22     -0.199745E+09   -0.2458143E+07   -0.8260787E+07
  23     -0.130543E+09    0.8281448E+07   -0.1600525E+08
  24     -0.114094E+09    0.2001849E+08   -0.2239652E+08
  25     -0.861291E+08    0.4007149E+08   -0.2146774E+08
  26     -0.393918E+08    0.5969709E+08   -0.2187695E+08
  27      0.114800E+07    0.7794541E+08   -0.2093898E+08
  28      0.557182E+08    0.9554016E+08   -0.1996089E+08
  29      0.988450E+08    0.1110535E+09   -0.1859551E+08
  30      0.138065E+09    0.1268223E+09   -0.1782725E+08
  31      0.163994E+09    0.1417303E+09   -0.1674901E+08
  32      0.172392E+09    0.1567744E+09   -0.1513197E+08
  33      0.165534E+09    0.1655876E+09   -0.9985362E+07
  34      0.142603E+09    0.1748181E+09   -0.4453421E+07
  35      0.105317E+09    0.1717255E+09    0.3862724E+07
  36      0.531846E+08    0.1680207E+09    0.1191669E+08
  37      0.810065E+06    0.1489230E+09    0.2274264E+08
  38     -0.534419E+08    0.1293849E+09    0.3457898E+08
  39     -0.103112E+09    0.9261266E+08    0.4220568E+08
  40     -0.152987E+09    0.5169340E+08    0.5265050E+08
  41     -0.201515E+09    0.2059255E+08    0.3477411E+08
  42     -0.258794E+09   -0.6060507E+07    0.1301311E+08
  43     -0.154218E+09   -0.1484412E+07   -0.1128529E+08
  44     -0.125587E+09    0.1998601E+07   -0.2695698E+08
  45     -0.109153E+09    0.6309373E+07   -0.4033957E+08
  46     -0.858978E+08    0.1332860E+08   -0.3983155E+08
  47     -0.397280E+08    0.1891798E+08   -0.4062078E+08
  48     -0.240810E+06    0.2512187E+08   -0.3847645E+08
  49      0.542770E+08    0.3208734E+08   -0.3713300E+08
  50      0.969223E+08    0.4265093E+08   -0.3530715E+08
  51      0.138279E+09    0.5334937E+08   -0.3406023E+08
  52      0.161749E+09    0.6095749E+08   -0.3099655E+08
  53      0.168814E+09    0.6899570E+08   -0.2799016E+08
  54      0.159073E+09    0.7491723E+08   -0.1815399E+08
  55      0.133706E+09    0.7968398E+08   -0.7733676E+07
  56      0.967653E+08    0.7969213E+08    0.7428110E+07
  57      0.431322E+08    0.8095544E+08    0.2203200E+08
  58     -0.115044E+08    0.7135047E+08    0.4234608E+08
  59     -0.657386E+08    0.6047848E+08    0.6388314E+08
  60     -0.111289E+09    0.4047482E+08    0.7860441E+08
  61     -0.153678E+09    0.1826993E+08    0.9736880E+08
  62     -0.179636E+09    0.5704903E+07    0.6059379E+08
  63     -0.184602E+09   -0.4221211E+07    0.1897892E+08
  64     -0.103385E+09    0.1401460E+06   -0.8302062E+07
  65     -0.111450E+09   -0.2419499E+07   -0.2371773E+08
  66     -0.105124E+09   -0.5093909E+07   -0.3683192E+08
  67     -0.842040E+08   -0.9263987E+07   -0.3562455E+08
  68     -0.430709E+08   -0.1345108E+08   -0.3594356E+08
  69      0.368945E+06   -0.1644862E+08   -0.3544266E+08
  70      0.528375E+08   -0.1937544E+08   -0.3579860E+08
  71      0.966709E+08   -0.2011681E+08   -0.3561194E+08
  72      0.136282E+09   -0.2075011E+08   -0.3553412E+08
  73      0.158861E+09   -0.1861968E+08   -0.3299894E+08
  74      0.162940E+09   -0.1715575E+08   -0.3033628E+08
  75      0.149853E+09   -0.1314397E+08   -0.2238233E+08
  76      0.121744E+09   -0.7152757E+07   -0.1478456E+08
  77      0.778789E+08   -0.3648138E+06    0.2322029E+07
  78      0.240156E+08    0.4658006E+07    0.1994163E+08
  79     -0.362934E+08    0.3976417E+07    0.4252018E+08
  80     -0.856941E+08    0.3121165E+07    0.6637193E+08
  81     -0.127321E+09    0.7220739E+06    0.8063101E+08
  82     -0.146837E+09   -0.7830174E+06    0.9761269E+08
  83     -0.136359E+09   -0.3557513E+06    0.5905990E+08
  84     -0.806057E+08   -0.2293910E+06    0.1634908E+08
  85     -0.556985E+08    0.2252036E+07   -0.6541282E+07
  86     -0.967911E+08   -0.5128953E+07   -0.2106820E+08
  87     -0.101253E+09   -0.1286545E+08   -0.3363049E+08
  88     -0.829578E+08   -0.2729614E+08   -0.3132196E+08
  89     -0.448382E+08   -0.4239815E+08   -0.3101020E+08
  90      0.991896E+06   -0.5736155E+08   -0.3226824E+08
  91      0.523968E+08   -0.7119359E+08   -0.3415122E+08
  92      0.953615E+08   -0.8049849E+08   -0.3494357E+08
  93      0.134792E+09   -0.9028072E+08   -0.3627709E+08
  94      0.155753E+09   -0.9152700E+08   -0.3567623E+08
  95      0.155757E+09   -0.9167057E+08   -0.3338425E+08
  96      0.142042E+09   -0.8625207E+08   -0.2716569E+08
  97      0.110328E+09   -0.8218426E+08   -0.2222110E+08
  98      0.583945E+08   -0.7486750E+08   -0.2953809E+07
  99      0.297636E+07   -0.6708128E+08    0.1799654E+08
 100     -0.594510E+08   -0.5471145E+08    0.4163395E+08
 101     -0.107630E+09   -0.4143174E+08    0.6748507E+08
 102     -0.140707E+09   -0.2786260E+08    0.8186653E+08
 103     -0.140912E+09   -0.1338947E+08    0.9741758E+08
 104     -0.944336E+08   -0.4110178E+07    0.5977693E+08
 105      0.216087E+08    0.3525207E+07    0.1766139E+08
 106     -0.363679E+08    0.2823186E+07   -0.3368564E+07
 107     -0.907361E+08   -0.1005174E+08   -0.8454173E+07
 108     -0.101624E+09   -0.2420731E+08   -0.1252408E+08
 109     -0.855418E+08   -0.4726522E+08   -0.9127035E+07
 110     -0.447275E+08   -0.6923709E+08   -0.6663626E+07
 111      0.322388E+07   -0.9291607E+08   -0.8766418E+07
 112      0.574405E+08   -0.1176679E+09   -0.1137363E+08
 113      0.101032E+09   -0.1350775E+09   -0.1836615E+08
 114      0.141729E+09   -0.1506490E+09   -0.2570949E+08
 115      0.158045E+09   -0.1567827E+09   -0.2961771E+08
 116      0.157132E+09   -0.1634700E+09   -0.3366193E+08
 117      0.139653E+09   -0.1590096E+09   -0.3185974E+08
 118      0.101669E+09   -0.1548355E+09   -0.2919191E+08
 119      0.428789E+08   -0.1427826E+09   -0.1512209E+08
 120     -0.167833E+08   -0.1295687E+09   -0.8173666E+06
 121     -0.797044E+08   -0.1071444E+09    0.1972472E+08
 122     -0.131343E+09   -0.8528818E+08    0.4196759E+08
 123     -0.153107E+09   -0.5987785E+08    0.5641780E+08
 124     -0.136756E+09   -0.3370480E+08    0.7109412E+08
 125     -0.631078E+08   -0.1512282E+08    0.4226644E+08
 126      0.945739E+08    0.2361520E+07    0.1097192E+08
 127     -0.182458E+08    0.5766981E+07   -0.1387579E+07
 128     -0.852659E+08   -0.8369990E+07    0.3902977E+07
 129     -0.101584E+09   -0.2503523E+08    0.9678864E+07
 130     -0.869579E+08   -0.5935686E+08    0.1321342E+08
 131     -0.467251E+08   -0.9216448E+08    0.1725073E+08
 132      0.566876E+07   -0.1243777E+09    0.1467970E+08
 133      0.606806E+08   -0.1554332E+09    0.1122452E+08
 134      0.108605E+09   -0.1796134E+09   -0.1395696E+07
 135      0.147358E+09   -0.2050379E+09   -0.1422123E+08
 136      0.160385E+09   -0.2145822E+09   -0.2349727E+08
 137      0.160383E+09   -0.2222512E+09   -0.3416268E+08
 138      0.136594E+09   -0.2163586E+09   -0.3696349E+08
 139      0.917892E+08   -0.2112452E+09   -0.3725993E+08
 140      0.287381E+08   -0.1961580E+09   -0.2749923E+08
 141     -0.344379E+08   -0.1818112E+09   -0.1877702E+08
 142     -0.998854E+08   -0.1572702E+09   -0.1878649E+07
 143     -0.154097E+09   -0.1311918E+09    0.1726858E+08
 144     -0.170056E+09   -0.9842064E+08    0.3346740E+08
 145     -0.129972E+09   -0.6165532E+08    0.4471593E+08
 146     -0.298705E+08   -0.2410340E+08    0.2208170E+08
 147      0.163012E+09    0.8593515E+07    0.1680181E+07
 148     -0.388771E+08    0.4319967E+07    0.7503698E+06
 149     -0.104991E+09   -0.1365981E+08    0.2143992E+08
 150     -0.117422E+09   -0.3272912E+08    0.4272923E+08
 151     -0.940098E+08   -0.7206002E+08    0.5190447E+08
 152     -0.495160E+08   -0.1117981E+09    0.6028169E+08
 153      0.131068E+08   -0.1517003E+09    0.5306783E+08
 154      0.728492E+08   -0.1904153E+09    0.4507769E+08
 155      0.127425E+09   -0.2179485E+09    0.2653484E+08
 156      0.164730E+09   -0.2457939E+09    0.8307895E+07
 157      0.179864E+09   -0.2589043E+09   -0.1144889E+08
 158      0.173669E+09   -0.2711365E+09   -0.3062106E+08
 159      0.145757E+09   -0.2689212E+09   -0.3982562E+08
 160      0.927331E+08   -0.2667099E+09   -0.4892325E+08
 161      0.269705E+08   -0.2472024E+09   -0.4652195E+08
 162     -0.438809E+08   -0.2270302E+09   -0.4350139E+08
 163     -0.113290E+09   -0.1990771E+09   -0.2976720E+08
 164     -0.167293E+09   -0.1750724E+09   -0.1487446E+08
 165     -0.170167E+09   -0.1279495E+09   -0.1518205E+08
 166     -0.121967E+09   -0.6979709E+08   -0.2115007E+08
 167     -0.366767E+08   -0.2614199E+08   -0.1493178E+08
 168      0.139872E+09    0.9472960E+07   -0.5331905E+07
 169     -0.595306E+08    0.7437889E+07    0.3094421E+07
 170     -0.124230E+09   -0.1281293E+08    0.3898820E+08
 171     -0.133677E+09   -0.3579257E+08    0.7530764E+08
 172     -0.102948E+09   -0.8419912E+08    0.9093080E+08
 173     -0.499844E+08   -0.1316139E+09    0.1041332E+09
 174      0.199655E+08   -0.1772030E+09    0.9226229E+08
 175      0.867578E+08   -0.2225046E+09    0.8109970E+08
 176      0.145684E+09   -0.2538814E+09    0.5436616E+08
 177      0.183168E+09   -0.2818757E+09    0.2827237E+08
 178      0.200121E+09   -0.2938465E+09    0.1165647E+07
 179      0.186589E+09   -0.3083975E+09   -0.2563250E+08
 180      0.155439E+09   -0.3055832E+09   -0.4266157E+08
 181      0.968936E+08   -0.3025272E+09   -0.6038151E+08
 182      0.249428E+08   -0.2847621E+09   -0.6618142E+08
 183     -0.523060E+08   -0.2663084E+09   -0.7030289E+08
 184     -0.133751E+09   -0.2344774E+09   -0.5587787E+08
 185     -0.176809E+09   -0.2015017E+09   -0.4693538E+08
 186     -0.161902E+09   -0.1314323E+09   -0.6894237E+08
 187     -0.116172E+09   -0.5787288E+08   -0.8762671E+08
 188     -0.471204E+08   -0.2117300E+08   -0.4959474E+08
 189      0.114352E+09    0.1059564E+08   -0.1053275E+08
 190     -0.128600E+09    0.6891040E+07    0.5458434E+07
 191     -0.181402E+09   -0.1870568E+08    0.6348344E+08
 192     -0.171242E+09   -0.4756060E+08    0.1216606E+09
 193     -0.121167E+09   -0.9857938E+08    0.1392937E+09
 194     -0.450264E+08   -0.1473365E+09    0.1546680E+09
 195      0.353823E+08   -0.1919503E+09    0.1367949E+09
 196      0.114196E+09   -0.2353707E+09    0.1195312E+09
 197      0.180100E+09   -0.2648997E+09    0.8440019E+08
 198      0.218334E+09   -0.2952946E+09    0.4979198E+08
 199      0.234014E+09   -0.3098128E+09    0.1534645E+08
 200      0.219045E+09   -0.3232310E+09   -0.1929949E+08
 201      0.178917E+09   -0.3218234E+09   -0.4415539E+08
 202      0.117343E+09   -0.3204133E+09   -0.6819839E+08
 203      0.360612E+08   -0.3082297E+09   -0.7941327E+08
 204     -0.490955E+08   -0.3023372E+09   -0.8627127E+08
 205     -0.122358E+09   -0.2611868E+09   -0.1001997E+09
 206     -0.141023E+09   -0.2060336E+09   -0.1258807E+09
 207     -0.149781E+09   -0.1294841E+09   -0.1397741E+09
 208     -0.144458E+09   -0.5881794E+08   -0.1476008E+09
 209     -0.113705E+09   -0.2384895E+08   -0.8176183E+08
 210     -0.182513E+06    0.8661733E+07   -0.1488186E+08
 211     -0.196346E+09    0.8094886E+07    0.8600950E+07
 212     -0.239875E+09   -0.1858848E+08    0.8823676E+08
 213     -0.209669E+09   -0.4828962E+08    0.1678591E+09
 214     -0.138652E+09   -0.1021356E+09    0.1883790E+09
 215     -0.419510E+08   -0.1554724E+09    0.2069389E+09
 216      0.511826E+08   -0.1991747E+09    0.1820264E+09
 217      0.141494E+09   -0.2395627E+09    0.1570870E+09
 218      0.214413E+09   -0.2623577E+09    0.1150332E+09
 219      0.254637E+09   -0.2854523E+09    0.7384191E+08
 220      0.269289E+09   -0.2960025E+09    0.2994344E+08
 221      0.252403E+09   -0.3070503E+09   -0.1345066E+08
 222      0.203385E+09   -0.3066745E+09   -0.4542552E+08
 223      0.135170E+09   -0.3068064E+09   -0.7626244E+08
 224      0.478507E+08   -0.2955410E+09   -0.9223776E+08
 225     -0.535283E+08   -0.2851917E+09   -0.1028346E+09
 226     -0.975623E+08   -0.2358045E+09   -0.1491265E+09
 227     -0.108996E+09   -0.1822299E+09   -0.2065399E+09
 228     -0.144337E+09   -0.1192742E+09   -0.2082196E+09
 229     -0.174062E+09   -0.5448861E+08   -0.2074906E+09
 230     -0.180915E+09   -0.1942168E+08   -0.1142948E+09
 231     -0.113921E+09    0.1094612E+08   -0.1878059E+08
 232     -0.334081E+09    0.6273531E+07    0.1590993E+08
 233     -0.340904E+09   -0.2328066E+08    0.1167656E+09
 234     -0.269336E+09   -0.5655574E+08    0.2163929E+09
 235     -0.157800E+09   -0.1059621E+09    0.2349590E+09
 236     -0.317891E+08   -0.1529052E+09    0.2517223E+09
 237      0.863620E+08   -0.1858030E+09    0.2146230E+09
 238      0.184420E+09   -0.2169887E+09    0.1785496E+09
 239      0.262939E+09   -0.2287123E+09    0.1286621E+09
 240      0.301438E+09   -0.2394834E+09    0.8023558E+08
 241      0.315446E+09   -0.2425188E+09    0.3566363E+08
 242      0.291609E+09   -0.2475706E+09   -0.8050677E+07
 243      0.240038E+09   -0.2503498E+09   -0.4293537E+08
 244      0.163981E+09   -0.2533741E+09   -0.7650011E+08
 245      0.696453E+08   -0.2460251E+09   -0.1000004E+09
 246     -0.617236E+07   -0.2377411E+09   -0.1287843E+09
 247     -0.281875E+08   -0.1969712E+09   -0.1918088E+09
 248     -0.744035E+08   -0.1552402E+09   -0.2552475E+09
 249     -0.146315E+09   -0.1057079E+09   -0.2574668E+09
 250     -0.228054E+09   -0.5346270E+08   -0.2591127E+09
 251     -0.299845E+09   -0.2140531E+08   -0.1431179E+09
 252     -0.310329E+09    0.6857388E+07   -0.2375313E+08
 253     -0.472559E+09    0.9916308E+07    0.2271273E+08
 254     -0.442405E+09   -0.2264501E+08    0.1463003E+09
 255     -0.330629E+09   -0.6016641E+08    0.2676468E+09
 256     -0.179108E+09   -0.1033829E+09    0.2830852E+09
 257     -0.220568E+08   -0.1403299E+09    0.2965035E+09
 258      0.122107E+09   -0.1497397E+09    0.2484205E+09
 259      0.228548E+09   -0.1586229E+09    0.2018561E+09
 260      0.313990E+09   -0.1538604E+09    0.1433832E+09
 261      0.349350E+09   -0.1500956E+09    0.8720291E+08
 262      0.361886E+09   -0.1463396E+09    0.4129808E+08
 263      0.331719E+09   -0.1429179E+09   -0.3251795E+07
 264      0.278198E+09   -0.1473578E+09   -0.4050369E+08
 265      0.197091E+09   -0.1557847E+09   -0.7592918E+08
 266      0.896443E+08   -0.1580725E+09   -0.1094996E+09
 267      0.559305E+08   -0.1556728E+09   -0.1562252E+09
 268      0.350162E+08   -0.1358279E+09   -0.2338175E+09
 269     -0.394970E+08   -0.1182429E+09   -0.3048069E+09
 270     -0.148475E+09   -0.8547768E+08   -0.3080376E+09
 271     -0.284493E+09   -0.4757543E+08   -0.3116969E+09
 272     -0.419888E+09   -0.1696882E+08   -0.1724900E+09
 273     -0.506978E+09    0.9451283E+07   -0.2895780E+08
 274     -0.693711E+09    0.2803221E+07    0.3465576E+08
 275     -0.584193E+09   -0.2574220E+08    0.1746949E+09
 276     -0.391439E+09   -0.6063214E+08    0.3092842E+09
 277     -0.178615E+09   -0.8313205E+08    0.3014258E+09
 278      0.172618E+08   -0.9852126E+08    0.2928487E+09
 279      0.177296E+09   -0.7769755E+08    0.2310199E+09
 280      0.289736E+09   -0.5475129E+08    0.1726504E+09
 281      0.366150E+09   -0.2415979E+08    0.1186481E+09
 282      0.396399E+09    0.4351684E+07    0.6762863E+08
 283      0.399065E+09    0.1652152E+08    0.3135300E+08
 284      0.365615E+09    0.2837668E+08   -0.4478795E+07
 285      0.306075E+09    0.1932690E+08   -0.2993773E+08
 286      0.225450E+09    0.5888491E+07   -0.5102095E+08
 287      0.134880E+09   -0.1479564E+08   -0.9354241E+08
 288      0.139958E+09   -0.3025321E+08   -0.1467208E+09
 289      0.105676E+09   -0.4141368E+08   -0.2217819E+09
 290      0.155148E+08   -0.5596626E+08   -0.2968621E+09
 291     -0.133363E+09   -0.5064011E+08   -0.3167728E+09
 292     -0.338409E+09   -0.3871948E+08   -0.3389980E+09
 293     -0.573604E+09   -0.1608783E+08   -0.1923470E+09
 294     -0.786038E+09    0.1843072E+07   -0.3740404E+08
 295     -0.915062E+09    0.1176495E+08    0.4877153E+08
 296     -0.729541E+09   -0.2382433E+08    0.2052210E+09
 297     -0.461736E+09   -0.5943186E+08    0.3557464E+09
 298     -0.176151E+09   -0.4435231E+08    0.3242345E+09
 299      0.545285E+08   -0.2112901E+08    0.2925673E+09
 300      0.236990E+09    0.5161374E+08    0.2153346E+09
 301      0.353133E+09    0.1206701E+09    0.1422377E+09
 302      0.419601E+09    0.1833503E+09    0.9256772E+08
 303      0.444791E+09    0.2433591E+09    0.4568248E+08
 304      0.437505E+09    0.2687608E+09    0.2054231E+08
 305      0.399929E+09    0.2904316E+09   -0.3503439E+07
 306      0.333597E+09    0.2695784E+09   -0.1804452E+08
 307      0.251911E+09    0.2511815E+09   -0.2762781E+08
 308      0.188179E+09    0.2101218E+09   -0.7604676E+08
 309      0.217056E+09    0.1657118E+09   -0.1331816E+09
 310      0.179372E+09    0.1040831E+09   -0.2095047E+09
 311      0.695701E+08    0.3834265E+08   -0.2899317E+09
 312     -0.117185E+09    0.3039272E+07   -0.3287286E+09
 313     -0.399741E+09   -0.2658670E+08   -0.3701862E+09
 314     -0.730301E+09   -0.9920040E+07   -0.2137956E+09
 315     -0.106786E+10    0.8169864E+07   -0.4774784E+08
 316     -0.123659E+10   -0.1706263E+08    0.7654930E+08
 317     -0.876402E+09   -0.2111870E+08    0.2161949E+09
 318     -0.460983E+09   -0.3426996E+08    0.3350610E+09
 319     -0.113675E+09    0.4315188E+08    0.2469853E+09
 320      0.139302E+09    0.1349520E+09    0.1712861E+09
 321      0.302442E+09    0.2667471E+09    0.9597533E+08
 322      0.401170E+09    0.3960964E+09    0.3069876E+08
 323      0.441765E+09    0.4860457E+09    0.9346805E+07
 324      0.456541E+09    0.5731573E+09   -0.1094310E+08
 325      0.435464E+09    0.6016806E+09   -0.5864883E+07
 326      0.393420E+09    0.6294282E+09   -0.5183055E+05
 327      0.329964E+09    0.6058326E+09    0.8028911E+07
 328      0.248053E+09    0.5830072E+09    0.1942287E+08
 329      0.224553E+09    0.5098872E+09   -0.3334180E+07
 330      0.266052E+09    0.4346494E+09   -0.3185533E+08
 331      0.245603E+09    0.3175533E+09   -0.9625366E+08
 332      0.152832E+09    0.1970980E+09   -0.1669840E+09
 333     -0.502318E+08    0.9719875E+08   -0.2394271E+09
 334     -0.391128E+09    0.8912809E+07   -0.3267762E+09
 335     -0.870677E+09   -0.3582603E+06   -0.2066572E+09
 336     -0.142344E+10   -0.1588110E+08   -0.6406424E+08
 337     -0.159272E+10    0.3901448E+08    0.1287414E+09
 338     -0.102579E+10   -0.3850404E+07    0.2361583E+09
 339     -0.496373E+09   -0.5162094E+07    0.3306797E+09
 340     -0.298919E+08    0.2062510E+09    0.1798255E+09
 341      0.232546E+09    0.4006126E+09    0.3776577E+08
 342      0.373209E+09    0.6172445E+09   -0.2916085E+08
 343      0.451428E+09    0.8116065E+09   -0.8583675E+08
 344      0.464397E+09    0.9245076E+09   -0.7691890E+08
 345      0.467168E+09    0.1034575E+10   -0.6791010E+08
 346      0.431771E+09    0.1060946E+10   -0.3203468E+08
 347      0.386703E+09    0.1087698E+10    0.1787538E+07
 348      0.324941E+09    0.1049118E+10    0.3440203E+08
 349      0.243133E+09    0.1013074E+10    0.7066044E+08
 350      0.256213E+09    0.9146082E+09    0.7430644E+08
 351      0.317756E+09    0.8147179E+09    0.7525445E+08
 352      0.316892E+09    0.6398620E+09    0.2435971E+08
 353      0.243039E+09    0.4473683E+09   -0.3213711E+08
 354      0.362113E+08    0.2577674E+09   -0.1562540E+09
 355     -0.409463E+09    0.4738552E+08   -0.2945823E+09
 356     -0.101526E+10    0.1893834E+08   -0.2067508E+09
 357     -0.180913E+10    0.2966631E+08   -0.9934245E+08
 358     -0.199647E+10   -0.1082142E+09    0.1605732E+09
 359     -0.103321E+10    0.4099557E+08    0.1470807E+09
 360     -0.271335E+09    0.1780334E+09    0.6633174E+08
 361      0.103268E+09    0.5253860E+09   -0.1479618E+09
 362      0.292206E+09    0.8898892E+09   -0.2782171E+09
 363      0.369673E+09    0.1142378E+10   -0.2649057E+09
 364      0.412241E+09    0.1386359E+10   -0.2543050E+09
 365      0.404742E+09    0.1499067E+10   -0.1871299E+09
 366      0.396501E+09    0.1611489E+10   -0.1224455E+09
 367      0.360123E+09    0.1627085E+10   -0.4691666E+08
 368      0.322421E+09    0.1644697E+10    0.2619344E+08
 369      0.263330E+09    0.1590601E+10    0.8910258E+08
 370      0.191863E+09    0.1540072E+10    0.1523007E+09
 371      0.219363E+09    0.1425697E+10    0.1923405E+09
 372      0.293769E+09    0.1313778E+10    0.2350212E+09
 373      0.316016E+09    0.1097371E+10    0.2441144E+09
 374      0.293460E+09    0.8724718E+09    0.2588796E+09
 375      0.152618E+09    0.5398715E+09    0.1551042E+09
 376     -0.200130E+09    0.2174920E+09   -0.2089450E+08
 377     -0.995230E+09    0.6477177E+08   -0.9863587E+08
 378     -0.218893E+10   -0.9364196E+08   -0.1139572E+09
 379     -0.304369E+10    0.2551435E+09    0.6228659E+09
 380     -0.890937E+09    0.2465609E+09    0.1479084E+09
 381      0.258361E+08    0.4830222E+09   -0.3752870E+09
 382      0.235920E+09    0.1222431E+10   -0.5367915E+09
 383      0.353923E+09    0.1712659E+10   -0.6106609E+09
 384      0.355410E+09    0.1946520E+10   -0.5141805E+09
 385      0.365307E+09    0.2183803E+10   -0.4237097E+09
 386      0.338429E+09    0.2258191E+10   -0.2977047E+09
 387      0.321354E+09    0.2339444E+10   -0.1757918E+09
 388      0.285062E+09    0.2324372E+10   -0.6054530E+08
 389      0.252753E+09    0.2309933E+10    0.5387965E+08
 390      0.198813E+09    0.2237742E+10    0.1445918E+09
 391      0.131975E+09    0.2173392E+10    0.2333152E+09
 392      0.173992E+09    0.2066720E+10    0.3145880E+09
 393      0.263714E+09    0.1968514E+10    0.3995076E+09
 394      0.305449E+09    0.1758083E+10    0.4785929E+09
 395      0.345533E+09    0.1551564E+10    0.5681707E+09
 396      0.268907E+09    0.1120151E+10    0.5258987E+09
 397      0.765390E+08    0.4771045E+09    0.4039089E+09
 398     -0.835874E+09    0.2528163E+09   -0.6318889E+08
 399     -0.316186E+10    0.2299795E+09   -0.4665085E+09
 400     -0.251639E+10   -0.4601713E+09   -0.1333781E+09
 401     -0.298705E+09    0.8117275E+09   -0.7320843E+09
 402     -0.128859E+08    0.2040692E+10   -0.1158755E+10
 403      0.147254E+09    0.2452590E+10   -0.9624853E+09
 404      0.181728E+09    0.2878057E+10   -0.8438748E+09
 405      0.182986E+09    0.3004196E+10   -0.6589663E+09
 406      0.185151E+09    0.3145450E+10   -0.4825109E+09
 407      0.172009E+09    0.3156809E+10   -0.3133639E+09
 408      0.163719E+09    0.3173524E+10   -0.1458532E+09
 409      0.145247E+09    0.3117235E+10   -0.4869685E+07
 410      0.127367E+09    0.3063035E+10    0.1368475E+09
 411      0.101075E+09    0.2973253E+10    0.2349134E+09
 412      0.575930E+08    0.2886795E+10    0.3223918E+09
 413      0.848802E+08    0.2806731E+10    0.3994774E+09
 414      0.136170E+09    0.2738972E+10    0.4883827E+09
 415      0.162602E+09    0.2604535E+10    0.6343812E+09
 416      0.184940E+09    0.2478924E+10    0.7890370E+09
 417      0.175188E+09    0.2115742E+10    0.9168412E+09
 418      0.343619E+08    0.1752613E+10    0.1128459E+10
 419     -0.250463E+09    0.6927996E+09    0.7266418E+09
 420     -0.253750E+10   -0.3878147E+09    0.2060904E+09
 421     -0.133698E+10    0.4374624E+10   -0.1047623E+10
 422      0.127456E+09    0.4454404E+10   -0.1579691E+10
 423     -0.702872E+08    0.4482486E+10   -0.1772471E+10
 424      0.352293E+08    0.4390413E+10   -0.1313969E+10
 425      0.234762E+07    0.4382074E+10   -0.1036082E+10
 426      0.112178E+08    0.4321128E+10   -0.7727814E+09
 427      0.777668E+07    0.4276516E+10   -0.5244473E+09
 428      0.901594E+07    0.4191615E+10   -0.3157762E+09
 429      0.944964E+07    0.4111049E+10   -0.1072087E+09
 430      0.876879E+07    0.4000856E+10    0.5716302E+08
 431      0.673285E+07    0.3893157E+10    0.2226932E+09
 432      0.677162E+07    0.3773832E+10    0.3282766E+09
 433     -0.757427E+07    0.3646914E+10    0.4130569E+09
 434      0.297376E+07    0.3615276E+10    0.4785232E+09
 435      0.114452E+08    0.3603785E+10    0.5680931E+09
 436      0.218615E+08    0.3614694E+10    0.7720083E+09
 437      0.188614E+08    0.3629530E+10    0.9850254E+09
 438      0.631435E+08    0.3639184E+10    0.1259557E+10
 439     -0.324709E+08    0.3731408E+10    0.1723682E+10
 440      0.194932E+09    0.3691236E+10    0.1572841E+10
 441     -0.129890E+10    0.3578224E+10    0.1167556E+10
