   1     -0.742060E+09    0.1916791E+07   -0.5071860E+06
   2     -0.579107E+09   -0.2049727E+07   -0.2574309E+06
   3     -0.446839E+09   -0.7001835E+07    0.2988830E+05
   4     -0.306486E+09   -0.1893717E+08    0.2194596E+04
   5     -0.162920E+09   -0.3056891E+08   -0.6224489E+05
   6     -0.197005E+08   -0.3848817E+08   -0.9890689E+05
   7      0.117879E+09   -0.4628223E+08   -0.1342812E+06
   8      0.249554E+09   -0.4278314E+08   -0.1503284E+06
   9      0.368299E+09   -0.3882396E+08   -0.3561262E+06
  10      0.477037E+09   -0.1778111E+08   -0.4021798E+06
  11      0.565721E+09    0.9384982E+06   -0.2362036E+06
  12      0.652639E+09    0.5969026E+08   -0.8703612E+07
  13      0.661645E+09    0.1296837E+09   -0.1325804E+08
  14      0.565364E+09    0.1627766E+09   -0.3527295E+07
  15      0.426815E+09    0.1846430E+09    0.8676657E+06
  16      0.241911E+09    0.1715505E+09    0.1486549E+07
  17      0.137231E+08    0.1595848E+09    0.3673118E+07
  18     -0.272637E+09    0.1219486E+09    0.4545972E+07
  19     -0.583464E+09    0.8321197E+08    0.5505178E+07
  20     -0.944083E+09    0.3911345E+08    0.7005654E+07
  21     -0.136784E+10   -0.2747416E+07    0.8191710E+07
  22     -0.742164E+09    0.1634878E+07   -0.6341471E+06
  23     -0.585273E+09   -0.3204053E+07    0.4522047E+07
  24     -0.449706E+09   -0.8724384E+07    0.9981683E+07
  25     -0.306966E+09   -0.2004249E+08    0.1069828E+08
  26     -0.161220E+09   -0.3134726E+08    0.1106159E+08
  27     -0.159758E+08   -0.3925578E+08    0.7202755E+07
  28      0.123562E+09   -0.4702964E+08    0.3325755E+07
  29      0.256792E+09   -0.4355485E+08   -0.4070195E+07
  30      0.377424E+09   -0.4033137E+08   -0.1130571E+08
  31      0.487551E+09   -0.1866839E+08   -0.2210456E+08
  32      0.581607E+09    0.7613893E+07   -0.3642481E+08
  33      0.653650E+09    0.4114721E+08   -0.4038100E+08
  34      0.640330E+09    0.7035352E+08   -0.3648378E+08
  35      0.550681E+09    0.8297009E+08   -0.1689099E+08
  36      0.415314E+09    0.9618944E+08   -0.2337679E+07
  37      0.231251E+09    0.8994106E+08    0.7789548E+07
  38      0.209346E+07    0.8305930E+08    0.1956884E+08
  39     -0.278645E+09    0.6052618E+08    0.2677718E+08
  40     -0.585910E+09    0.3468244E+08    0.3619868E+08
  41     -0.934289E+09    0.1278856E+08    0.2593998E+08
  42     -0.131001E+10   -0.5365846E+07    0.1254595E+08
  43     -0.740794E+09    0.1719183E+07   -0.7951113E+06
  44     -0.591667E+09   -0.3934151E+07    0.9250381E+07
  45     -0.452448E+09   -0.1033688E+08    0.1981478E+08
  46     -0.307386E+09   -0.2245291E+08    0.2127039E+08
  47     -0.159474E+09   -0.3454719E+08    0.2210549E+08
  48     -0.121961E+08   -0.4347733E+08    0.1443241E+08
  49      0.129229E+09   -0.5226025E+08    0.6787007E+07
  50      0.264303E+09   -0.5015022E+08   -0.8063204E+07
  51      0.386412E+09   -0.4720778E+08   -0.2208968E+08
  52      0.499318E+09   -0.3030490E+08   -0.4423507E+08
  53      0.604784E+09   -0.1041318E+08   -0.7490962E+08
  54      0.652187E+09    0.7939910E+07   -0.7140157E+08
  55      0.617164E+09    0.2117784E+08   -0.5604723E+08
  56      0.533809E+09    0.2310854E+08   -0.2870355E+08
  57      0.401857E+09    0.2754328E+08   -0.5174143E+07
  58      0.219383E+09    0.2663181E+08    0.1439486E+08
  59     -0.115895E+08    0.2500346E+08    0.3534819E+08
  60     -0.285477E+09    0.1505328E+08    0.4907573E+08
  61     -0.589501E+09    0.4040672E+07    0.6627232E+08
  62     -0.921330E+09    0.6984211E+06    0.4287943E+08
  63     -0.124720E+10   -0.1461743E+07    0.1459996E+08
  64     -0.751864E+09    0.1445547E+07    0.1369749E+07
  65     -0.607870E+09   -0.5520938E+07    0.1606684E+08
  66     -0.461263E+09   -0.1310244E+08    0.3126206E+08
  67     -0.309239E+09   -0.2593536E+08    0.3340475E+08
  68     -0.154559E+09   -0.3881001E+08    0.3487125E+08
  69     -0.115529E+07   -0.4854657E+08    0.2347273E+08
  70      0.145708E+09   -0.5788467E+08    0.1198184E+08
  71      0.285216E+09   -0.5733498E+08   -0.9161072E+07
  72      0.412004E+09   -0.5581360E+08   -0.3173447E+08
  73      0.526593E+09   -0.4092537E+08   -0.5779540E+08
  74      0.618879E+09   -0.2641774E+08   -0.8268474E+08
  75      0.632378E+09   -0.2992771E+08   -0.6793558E+08
  76      0.596978E+09   -0.3416805E+08   -0.5139429E+08
  77      0.511727E+09   -0.3143523E+08   -0.3047992E+08
  78      0.379702E+09   -0.2776141E+08   -0.1032046E+08
  79      0.198012E+09   -0.2305359E+08    0.1007482E+08
  80     -0.311184E+08   -0.1897224E+08    0.3096234E+08
  81     -0.298941E+09   -0.1324956E+08    0.4398236E+08
  82     -0.591463E+09   -0.6843592E+07    0.5929291E+08
  83     -0.893917E+09   -0.2777155E+07    0.3705064E+08
  84     -0.118135E+10    0.7987593E+06    0.1171148E+08
  85     -0.764087E+09    0.2257819E+07    0.3423552E+07
  86     -0.623460E+09   -0.5693769E+07    0.2294801E+08
  87     -0.470067E+09   -0.1464668E+08    0.4287036E+08
  88     -0.311119E+09   -0.2973076E+08    0.4561416E+08
  89     -0.149746E+09   -0.4461026E+08    0.4774391E+08
  90      0.989080E+07   -0.5582473E+08    0.3253910E+08
  91      0.161904E+09   -0.6701023E+08    0.1760313E+08
  92      0.306305E+09   -0.6605091E+08   -0.1109835E+08
  93      0.441640E+09   -0.5962174E+08   -0.4529007E+08
  94      0.554569E+09   -0.5680086E+08   -0.7111897E+08
  95      0.618139E+09   -0.6280741E+08   -0.8446979E+08
  96      0.614030E+09   -0.7752632E+08   -0.6328180E+08
  97      0.578086E+09   -0.8797016E+08   -0.4960826E+08
  98      0.491027E+09   -0.8456803E+08   -0.3353748E+08
  99      0.358156E+09   -0.8054872E+08   -0.1613979E+08
 100      0.176736E+09   -0.6645664E+08    0.4959132E+07
 101     -0.495306E+08   -0.5343275E+08    0.2715665E+08
 102     -0.311066E+09   -0.3950519E+08    0.3866776E+08
 103     -0.591019E+09   -0.2184798E+08    0.5087044E+08
 104     -0.868839E+09   -0.6968271E+07    0.3253002E+08
 105     -0.111740E+10    0.4690988E+07    0.1189494E+08
 106     -0.798799E+09    0.2047513E+07    0.5757075E+07
 107     -0.650024E+09   -0.7149946E+07    0.3194055E+08
 108     -0.485357E+09   -0.1727739E+08    0.5834101E+08
 109     -0.314355E+09   -0.3400989E+08    0.6131021E+08
 110     -0.141320E+09   -0.5040943E+08    0.6364558E+08
 111      0.284310E+08   -0.6287868E+08    0.4430797E+08
 112      0.189782E+09   -0.7451262E+08    0.2405363E+08
 113      0.339936E+09   -0.7572519E+08   -0.9934783E+07
 114      0.472394E+09   -0.7533941E+08   -0.4492371E+08
 115      0.564119E+09   -0.8949911E+08   -0.5551183E+08
 116      0.605078E+09   -0.1079756E+09   -0.6099136E+08
 117      0.607849E+09   -0.1190112E+09   -0.5291711E+08
 118      0.570632E+09   -0.1272465E+09   -0.4737881E+08
 119      0.481272E+09   -0.1222593E+09   -0.3827037E+08
 120      0.344812E+09   -0.1173285E+09   -0.2879736E+08
 121      0.161448E+09   -0.9887313E+08   -0.1417150E+08
 122     -0.663713E+08   -0.7892706E+08    0.1613013E+07
 123     -0.320456E+09   -0.5159198E+08    0.1318288E+08
 124     -0.594344E+09   -0.2494137E+08    0.2533991E+08
 125     -0.859905E+09   -0.1078120E+08    0.1806916E+08
 126     -0.107957E+10    0.2589337E+07    0.8879773E+07
 127     -0.833400E+09    0.3023565E+07    0.7934467E+07
 128     -0.676519E+09   -0.7163482E+07    0.4092760E+08
 129     -0.500646E+09   -0.1893777E+08    0.7399863E+08
 130     -0.317582E+09   -0.3837170E+08    0.7716980E+08
 131     -0.133269E+09   -0.5717849E+08    0.8015906E+08
 132      0.474516E+08   -0.6999491E+08    0.5550065E+08
 133      0.221447E+09   -0.7840331E+08    0.2663545E+08
 134      0.374976E+09   -0.8673516E+08   -0.8785118E+07
 135      0.495612E+09   -0.1017157E+09   -0.3732851E+08
 136      0.568705E+09   -0.1303839E+09   -0.3763459E+08
 137      0.600117E+09   -0.1559304E+09   -0.4107219E+08
 138      0.601983E+09   -0.1649064E+09   -0.4420881E+08
 139      0.563088E+09   -0.1737733E+09   -0.4578569E+08
 140      0.471876E+09   -0.1660385E+09   -0.4323784E+08
 141      0.332924E+09   -0.1579024E+09   -0.4143217E+08
 142      0.146780E+09   -0.1322361E+09   -0.3343604E+08
 143     -0.818413E+08   -0.1054733E+09   -0.2528906E+08
 144     -0.331194E+09   -0.7178368E+08   -0.1259595E+08
 145     -0.597615E+09   -0.3565002E+08    0.7461142E+06
 146     -0.851119E+09   -0.1220825E+08    0.3852855E+07
 147     -0.104238E+10    0.7605022E+07    0.6391222E+07
 148     -0.893598E+09    0.2640619E+07    0.1068762E+08
 149     -0.718697E+09   -0.9267456E+07    0.5238335E+08
 150     -0.523139E+09   -0.2247627E+08    0.9387737E+08
 151     -0.321029E+09   -0.4305995E+08    0.9635624E+08
 152     -0.118787E+09   -0.6250340E+08    0.9735464E+08
 153      0.747019E+08   -0.7584973E+08    0.6888555E+08
 154      0.253174E+09   -0.8730927E+08    0.4002547E+08
 155      0.396822E+09   -0.1136712E+09    0.1748363E+08
 156      0.504160E+09   -0.1442253E+09   -0.1299333E+07
 157      0.578394E+09   -0.1698849E+09   -0.1274349E+08
 158      0.614236E+09   -0.1931216E+09   -0.2578876E+08
 159      0.613308E+09   -0.1993195E+09   -0.3763702E+08
 160      0.570408E+09   -0.2051848E+09   -0.4858150E+08
 161      0.479234E+09   -0.1925378E+09   -0.5529769E+08
 162      0.337238E+09   -0.1797943E+09   -0.6243639E+08
 163      0.146158E+09   -0.1516737E+09   -0.6219760E+08
 164     -0.834337E+08   -0.1225291E+09   -0.6265609E+08
 165     -0.344611E+09   -0.8298761E+08   -0.5129848E+08
 166     -0.610302E+09   -0.4204350E+08   -0.3918522E+08
 167     -0.871142E+09   -0.1747422E+08   -0.1870227E+08
 168     -0.105949E+10    0.4653552E+07    0.1711965E+07
 169     -0.953328E+09    0.3536862E+07    0.1353736E+08
 170     -0.760951E+09   -0.9527777E+07    0.6394661E+08
 171     -0.545907E+09   -0.2509226E+08    0.1143653E+09
 172     -0.324190E+09   -0.4679109E+08    0.1149827E+09
 173     -0.100263E+09   -0.6245228E+08    0.1107400E+09
 174      0.101906E+09   -0.8213595E+08    0.8312702E+08
 175      0.278544E+09   -0.1089238E+09    0.6158295E+08
 176      0.414606E+09   -0.1457214E+09    0.4729213E+08
 177      0.516474E+09   -0.1787881E+09    0.3164365E+08
 178      0.591779E+09   -0.1965516E+09    0.9912320E+07
 179      0.627449E+09   -0.2140655E+09   -0.1089471E+08
 180      0.625733E+09   -0.2201631E+09   -0.3116582E+08
 181      0.578588E+09   -0.2270482E+09   -0.5164473E+08
 182      0.487217E+09   -0.2151052E+09   -0.6829842E+08
 183      0.340703E+09   -0.2023347E+09   -0.8466069E+08
 184      0.145267E+09   -0.1701091E+09   -0.9158570E+08
 185     -0.860592E+08   -0.1375591E+09   -0.9957109E+08
 186     -0.356961E+09   -0.9420830E+08   -0.9034381E+08
 187     -0.625563E+09   -0.4602421E+08   -0.7955334E+08
 188     -0.890740E+09   -0.1595583E+08   -0.4099326E+08
 189     -0.107918E+10    0.8919254E+07   -0.3164278E+07
 190     -0.104609E+10    0.2946432E+07    0.1804984E+08
 191     -0.822257E+09   -0.1220952E+08    0.7832528E+08
 192     -0.574431E+09   -0.2862901E+08    0.1368954E+09
 193     -0.324714E+09   -0.5078022E+08    0.1356285E+09
 194     -0.845476E+08   -0.7162860E+08    0.1337684E+09
 195      0.118333E+09   -0.1037050E+09    0.1143539E+09
 196      0.294908E+09   -0.1365695E+09    0.9740554E+08
 197      0.434737E+09   -0.1615517E+09    0.7420337E+08
 198      0.542422E+09   -0.1853540E+09    0.5086754E+08
 199      0.617994E+09   -0.2000817E+09    0.2452920E+08
 200      0.653388E+09   -0.2153212E+09   -0.9839998E+06
 201      0.652330E+09   -0.2193352E+09   -0.2684621E+08
 202      0.606006E+09   -0.2233923E+09   -0.5303799E+08
 203      0.512646E+09   -0.2144814E+09   -0.7816335E+08
 204      0.362435E+09   -0.2060499E+09   -0.1031547E+09
 205      0.164763E+09   -0.1770548E+09   -0.1221056E+09
 206     -0.792765E+08   -0.1451820E+09   -0.1418471E+09
 207     -0.363012E+09   -0.9911447E+08   -0.1348790E+09
 208     -0.659126E+09   -0.5169166E+08   -0.1278493E+09
 209     -0.948332E+09   -0.2093665E+08   -0.6838645E+08
 210     -0.117353E+10    0.6579514E+07   -0.7922761E+07
 211     -0.113829E+10    0.3407601E+07    0.2309565E+08
 212     -0.883706E+09   -0.1223611E+08    0.9255458E+08
 213     -0.600710E+09   -0.2747130E+08    0.1572758E+09
 214     -0.325664E+09   -0.5493200E+08    0.1580362E+09
 215     -0.764623E+08   -0.8554211E+08    0.1646187E+09
 216      0.133055E+09   -0.1166997E+09    0.1484429E+09
 217      0.314106E+09   -0.1445282E+09    0.1302869E+09
 218      0.457762E+09   -0.1588372E+09    0.9974083E+08
 219      0.569081E+09   -0.1726726E+09    0.7034752E+08
 220      0.644490E+09   -0.1786506E+09    0.3965331E+08
 221      0.681471E+09   -0.1855283E+09    0.9314194E+07
 222      0.679435E+09   -0.1894564E+09   -0.2301612E+08
 223      0.634794E+09   -0.1939639E+09   -0.5545648E+08
 224      0.538266E+09   -0.1896304E+09   -0.8847343E+08
 225      0.385208E+09   -0.1856176E+09   -0.1217225E+09
 226      0.185757E+09   -0.1637168E+09   -0.1533766E+09
 227     -0.727761E+08   -0.1405159E+09   -0.1859385E+09
 228     -0.370917E+09   -0.9754130E+08   -0.1807983E+09
 229     -0.691957E+09   -0.4904961E+08   -0.1766826E+09
 230     -0.100828E+10   -0.1669186E+08   -0.9563921E+08
 231     -0.126580E+10    0.9942107E+07   -0.1179979E+08
 232     -0.127431E+10    0.2782425E+07    0.3007683E+08
 233     -0.964625E+09   -0.1544653E+08    0.1095611E+09
 234     -0.634394E+09   -0.3589526E+08    0.1849866E+09
 235     -0.333545E+09   -0.6710645E+08    0.1868116E+09
 236     -0.695342E+08   -0.9695070E+08    0.1914194E+09
 237      0.158643E+09   -0.1088199E+09    0.1618935E+09
 238      0.345196E+09   -0.1184949E+09    0.1331475E+09
 239      0.489668E+09   -0.1154419E+09    0.9947521E+08
 240      0.600524E+09   -0.1126982E+09    0.6727454E+08
 241      0.672710E+09   -0.1104349E+09    0.3903293E+08
 242      0.711490E+09   -0.1091444E+09    0.1186785E+08
 243      0.710491E+09   -0.1143176E+09   -0.1750334E+08
 244      0.670339E+09   -0.1205735E+09   -0.4710154E+08
 245      0.575479E+09   -0.1269381E+09   -0.8347435E+08
 246      0.429262E+09   -0.1328731E+09   -0.1217316E+09
 247      0.227369E+09   -0.1245748E+09   -0.1627968E+09
 248     -0.438001E+08   -0.1158624E+09   -0.2054448E+09
 249     -0.366403E+09   -0.8661933E+08   -0.2122188E+09
 250     -0.729533E+09   -0.5276544E+08   -0.2204290E+09
 251     -0.110986E+10   -0.2182847E+08   -0.1224598E+09
 252     -0.143811E+10    0.4844523E+07   -0.1976340E+08
 253     -0.140985E+10    0.6706060E+07    0.3595960E+08
 254     -0.104596E+10   -0.1705529E+08    0.1282938E+09
 255     -0.674546E+09   -0.4493290E+08    0.2184134E+09
 256     -0.344087E+09   -0.6639816E+08    0.2180057E+09
 257     -0.599236E+08   -0.8204483E+08    0.2168841E+09
 258      0.186428E+09   -0.6555382E+08    0.1749976E+09
 259      0.376641E+09   -0.4797932E+08    0.1365184E+09
 260      0.522845E+09   -0.2363486E+08    0.1002438E+09
 261      0.633203E+09   -0.8081230E+06    0.6519104E+08
 262      0.702607E+09    0.1198722E+08    0.3888102E+08
 263      0.740972E+09    0.2428424E+08    0.1426174E+08
 264      0.743213E+09    0.1621072E+08   -0.1159852E+08
 265      0.706110E+09    0.5281524E+07   -0.3768488E+08
 266      0.615366E+09   -0.1824304E+08   -0.7870281E+08
 267      0.474314E+09   -0.4164070E+08   -0.1222958E+09
 268      0.268314E+09   -0.6092710E+08   -0.1725760E+09
 269     -0.154579E+08   -0.8075984E+08   -0.2257244E+09
 270     -0.361980E+09   -0.6858971E+08   -0.2448098E+09
 271     -0.770023E+09   -0.4889920E+08   -0.2658748E+09
 272     -0.121255E+10   -0.1820955E+08   -0.1508158E+09
 273     -0.161469E+10    0.7440098E+07   -0.2921973E+08
 274     -0.159954E+10   -0.1291447E+07    0.4981546E+08
 275     -0.114832E+10   -0.2076261E+08    0.1479483E+09
 276     -0.708197E+09   -0.4563806E+08    0.2402737E+09
 277     -0.325951E+09   -0.3966982E+08    0.2101842E+09
 278     -0.178665E+08   -0.2591310E+08    0.1818741E+09
 279      0.231508E+09    0.2480772E+08    0.1291184E+09
 280      0.414419E+09    0.7539645E+08    0.8165973E+08
 281      0.550975E+09    0.1289072E+09    0.5244797E+08
 282      0.650733E+09    0.1818232E+09    0.2578183E+08
 283      0.712853E+09    0.2064395E+09    0.1785282E+08
 284      0.749797E+09    0.2291740E+09    0.1024168E+08
 285      0.753679E+09    0.2158670E+09    0.2845008E+07
 286      0.725854E+09    0.2019548E+09   -0.4295837E+07
 287      0.648580E+09    0.1548618E+09   -0.3306154E+08
 288      0.523141E+09    0.1043020E+09   -0.6384838E+08
 289      0.328000E+09    0.5013759E+08   -0.1227927E+09
 290      0.460556E+08   -0.1705616E+07   -0.1870298E+09
 291     -0.320971E+09   -0.1824153E+08   -0.2312916E+09
 292     -0.792077E+09   -0.2843499E+08   -0.2800303E+09
 293     -0.133460E+10   -0.1210907E+08   -0.1653152E+09
 294     -0.187950E+10   -0.5822544E+06   -0.3985664E+08
 295     -0.179234E+10    0.5626579E+07    0.6760787E+08
 296     -0.125534E+10   -0.1874409E+08    0.1698100E+09
 297     -0.749312E+09   -0.4054204E+08    0.2656812E+09
 298     -0.305222E+09    0.9459359E+07    0.2062088E+09
 299      0.234211E+08    0.6546094E+08    0.1494229E+09
 300      0.279377E+09    0.1729047E+09    0.8458669E+08
 301      0.455504E+09    0.2769073E+09    0.2569013E+08
 302      0.580846E+09    0.3649315E+09    0.4027895E+07
 303      0.668940E+09    0.4488705E+09   -0.1418626E+08
 304      0.722683E+09    0.4857992E+09   -0.2893968E+07
 305      0.760889E+09    0.5217537E+09    0.7562267E+07
 306      0.763961E+09    0.5006936E+09    0.1882714E+08
 307      0.747039E+09    0.4773258E+09    0.3125435E+08
 308      0.682453E+09    0.4041845E+09    0.1418185E+08
 309      0.574890E+09    0.3305870E+09   -0.5037383E+07
 310      0.392616E+09    0.2303556E+09   -0.7362328E+08
 311      0.108602E+09    0.1230293E+09   -0.1489614E+09
 312     -0.278705E+09    0.5040257E+08   -0.2203984E+09
 313     -0.823153E+09   -0.1599696E+08   -0.2972113E+09
 314     -0.146156E+10   -0.7954466E+07   -0.1815595E+09
 315     -0.214575E+10    0.3171447E+07   -0.5307922E+08
 316     -0.205772E+10   -0.2394710E+08    0.9800669E+08
 317     -0.133565E+10   -0.9750412E+07    0.1647140E+09
 318     -0.701060E+09   -0.2627606E+07    0.2109360E+09
 319     -0.218826E+09    0.1159139E+09    0.9217782E+08
 320      0.108749E+09    0.2469478E+09   -0.8625508E+07
 321      0.327554E+09    0.4131944E+09   -0.6838078E+08
 322      0.476165E+09    0.5764602E+09   -0.1183696E+09
 323      0.570299E+09    0.6950618E+09   -0.1067135E+09
 324      0.639499E+09    0.8108428E+09   -0.9374197E+08
 325      0.678964E+09    0.8589806E+09   -0.4734474E+08
 326      0.715469E+09    0.9073200E+09   -0.1010211E+07
 327      0.717957E+09    0.8800789E+09    0.4848976E+08
 328      0.716434E+09    0.8527041E+09    0.9810323E+08
 329      0.669634E+09    0.7512048E+09    0.1157648E+09
 330      0.596049E+09    0.6462611E+09    0.1332974E+09
 331      0.448376E+09    0.4836982E+09    0.8325319E+08
 332      0.207215E+09    0.3175064E+09    0.2404165E+08
 333     -0.174239E+09    0.1710431E+09   -0.8591509E+08
 334     -0.755197E+09    0.3534323E+08   -0.2168661E+09
 335     -0.154406E+10    0.8446745E+07   -0.1598399E+09
 336     -0.247537E+10   -0.2283585E+08   -0.7478711E+08
 337     -0.235861E+10    0.3074216E+08    0.1541158E+09
 338     -0.141968E+10    0.8554076E+07    0.1683383E+09
 339     -0.684358E+09    0.3440661E+08    0.1692208E+09
 340     -0.110811E+09    0.2950421E+09   -0.1454474E+08
 341      0.199998E+09    0.5305243E+09   -0.1802485E+09
 342      0.381049E+09    0.7810414E+09   -0.2273133E+09
 343      0.497704E+09    0.1009729E+10   -0.2663512E+09
 344      0.558577E+09    0.1153977E+10   -0.2202690E+09
 345      0.608452E+09    0.1296676E+10   -0.1741696E+09
 346      0.634289E+09    0.1348909E+10   -0.9102590E+08
 347      0.666046E+09    0.1401453E+10   -0.7567996E+07
 348      0.670883E+09    0.1370921E+10    0.7963204E+08
 349      0.684633E+09    0.1343328E+10    0.1666260E+09
 350      0.656143E+09    0.1219274E+10    0.2231080E+09
 351      0.618073E+09    0.1093125E+10    0.2807190E+09
 352      0.509559E+09    0.8680333E+09    0.2491534E+09
 353      0.312125E+09    0.6225615E+09    0.2105593E+09
 354     -0.485600E+08    0.3695834E+09    0.4288468E+08
 355     -0.710761E+09    0.9212400E+08   -0.1485010E+09
 356     -0.163205E+10    0.3324415E+08   -0.1462275E+09
 357     -0.284395E+10    0.1952048E+08   -0.1171594E+09
 358     -0.265104E+10   -0.1219567E+09    0.1851376E+09
 359     -0.131909E+10    0.6559207E+08    0.4953548E+08
 360     -0.406736E+09    0.2451846E+09   -0.1434612E+09
 361      0.355401E+08    0.6348814E+09   -0.3758348E+09
 362      0.255349E+09    0.1034025E+10   -0.5228850E+09
 363      0.358598E+09    0.1314571E+10   -0.4922560E+09
 364      0.433014E+09    0.1587975E+10   -0.4661682E+09
 365      0.463229E+09    0.1735833E+10   -0.3660987E+09
 366      0.494452E+09    0.1885685E+10   -0.2687834E+09
 367      0.510282E+09    0.1938867E+10   -0.1416567E+09
 368      0.534739E+09    0.1994944E+10   -0.1520944E+08
 369      0.543974E+09    0.1961455E+10    0.1156361E+09
 370      0.558913E+09    0.1930198E+10    0.2481746E+09
 371      0.548822E+09    0.1795851E+10    0.3616521E+09
 372      0.540614E+09    0.1664262E+10    0.4769422E+09
 373      0.477010E+09    0.1396910E+10    0.5203723E+09
 374      0.364217E+09    0.1119599E+10    0.5688520E+09
 375      0.107443E+09    0.7121102E+09    0.4267634E+09
 376     -0.420554E+09    0.3087025E+09    0.2069144E+09
 377     -0.149306E+10    0.9935614E+08    0.7183420E+07
 378     -0.314545E+10   -0.1093115E+09   -0.1285755E+09
 379     -0.358227E+10    0.2606431E+09    0.6412107E+09
 380     -0.105470E+10    0.2845148E+09    0.6952032E+07
 381     -0.729907E+08    0.5588974E+09   -0.6413703E+09
 382      0.176242E+09    0.1318761E+10   -0.7977670E+09
 383      0.309613E+09    0.1819640E+10   -0.8792455E+09
 384      0.323674E+09    0.2074748E+10   -0.7684765E+09
 385      0.358861E+09    0.2337425E+10   -0.6658170E+09
 386      0.362062E+09    0.2460556E+10   -0.5111143E+09
 387      0.375082E+09    0.2591220E+10   -0.3604774E+09
 388      0.382160E+09    0.2635072E+10   -0.1902747E+09
 389      0.401472E+09    0.2684754E+10   -0.2158039E+08
 390      0.413201E+09    0.2658678E+10    0.1551201E+09
 391      0.429279E+09    0.2636164E+10    0.3333114E+09
 392      0.436821E+09    0.2520691E+10    0.5044055E+09
 393      0.457750E+09    0.2411131E+10    0.6788982E+09
 394      0.433484E+09    0.2146335E+10    0.8072772E+09
 395      0.420578E+09    0.1890602E+10    0.9446988E+09
 396      0.262858E+09    0.1370441E+10    0.8742999E+09
 397     -0.644216E+08    0.6198018E+09    0.7241061E+09
 398     -0.120243E+10    0.3072113E+09    0.8853126E+08
 399     -0.407639E+10    0.2119385E+09   -0.4903217E+09
 400     -0.278964E+10   -0.4568925E+09   -0.1524506E+09
 401     -0.376602E+09    0.8435208E+09   -0.8722242E+09
 402     -0.761912E+08    0.2078551E+10   -0.1387518E+10
 403      0.107193E+09    0.2459358E+10   -0.1208827E+10
 404      0.150715E+09    0.2869065E+10   -0.1116942E+10
 405      0.158871E+09    0.3023338E+10   -0.9424731E+09
 406      0.173910E+09    0.3195957E+10   -0.7777319E+09
 407      0.178666E+09    0.3275487E+10   -0.5936761E+09
 408      0.184340E+09    0.3361126E+10   -0.4117587E+09
 409      0.190621E+09    0.3393936E+10   -0.2209112E+09
 410      0.201848E+09    0.3431124E+10   -0.3004257E+08
 411      0.209192E+09    0.3418234E+10    0.1734951E+09
 412      0.219122E+09    0.3409635E+10    0.3770887E+09
 413      0.225280E+09    0.3333596E+10    0.5892735E+09
 414      0.238251E+09    0.3263703E+10    0.8045613E+09
 415      0.230385E+09    0.3076339E+10    0.1012603E+10
 416      0.229043E+09    0.2903162E+10    0.1231771E+10
 417      0.175578E+09    0.2452390E+10    0.1353882E+10
 418     -0.369069E+08    0.1995838E+10    0.1572523E+10
 419     -0.431070E+09    0.8074195E+09    0.9864186E+09
 420     -0.307887E+10   -0.4001564E+09    0.2561316E+09
 421     -0.133820E+10    0.4507350E+10   -0.1068303E+10
 422      0.125490E+09    0.4405042E+10   -0.1701394E+10
 423     -0.847908E+08    0.4258998E+10   -0.1965508E+10
 424      0.204510E+08    0.4149702E+10   -0.1550742E+10
 425     -0.100618E+08    0.4116395E+10   -0.1321256E+10
 426     -0.173827E+07    0.4112280E+10   -0.1091860E+10
 427     -0.469345E+07    0.4122530E+10   -0.8779077E+09
 428      0.253493E+06    0.4145660E+10   -0.6673042E+09
 429     -0.273834E+06    0.4173632E+10   -0.4585181E+09
 430      0.426379E+07    0.4194747E+10   -0.2483343E+09
 431      0.699733E+07    0.4218646E+10   -0.3645749E+08
 432      0.104182E+08    0.4227161E+10    0.1917087E+09
 433      0.139469E+08    0.4238306E+10    0.4194394E+09
 434      0.186507E+08    0.4226252E+10    0.6698935E+09
 435      0.226482E+08    0.4217515E+10    0.9226834E+09
 436      0.313111E+08    0.4178141E+10    0.1201277E+10
 437      0.313132E+08    0.4150721E+10    0.1496706E+10
 438      0.704648E+08    0.4078552E+10    0.1784792E+10
 439     -0.308250E+08    0.4093341E+10    0.2288328E+10
 440      0.191644E+09    0.3914672E+10    0.1942439E+10
 441     -0.141734E+10    0.3655476E+10    0.1301863E+10
