   1      0.641560E+09    0.1417480E+08   -0.1977615E+07
   2      0.466317E+09   -0.2178668E+08    0.1305973E+07
   3      0.316709E+09   -0.6230129E+08    0.4265091E+07
   4      0.188893E+09   -0.1567065E+09    0.4396641E+07
   5      0.862740E+08   -0.2487062E+09    0.5104703E+07
   6     -0.401989E+07   -0.3611208E+09    0.6037415E+07
   7     -0.808193E+08   -0.4753862E+09    0.7122526E+07
   8     -0.150626E+09   -0.5718297E+09    0.5623579E+07
   9     -0.225026E+09   -0.6677376E+09    0.5490424E+07
  10     -0.290673E+09   -0.7172590E+09    0.3116956E+07
  11     -0.381211E+09   -0.7673740E+09   -0.5242967E+07
  12     -0.454721E+09   -0.6846611E+09   -0.1709352E+08
  13     -0.415393E+09   -0.5869409E+09   -0.1859998E+08
  14     -0.322232E+09   -0.4730579E+09   -0.3997458E+07
  15     -0.235124E+09   -0.3712389E+09    0.1798641E+07
  16     -0.138428E+09   -0.2798186E+09   -0.2373096E+06
  17     -0.185372E+08   -0.1869490E+09    0.2898433E+06
  18      0.125378E+09   -0.1151770E+09    0.1599694E+06
  19      0.311189E+09   -0.4257715E+08    0.4018494E+06
  20      0.536459E+09   -0.1570770E+08    0.7679693E+06
  21      0.840504E+09    0.9031207E+07    0.8153352E+06
  22      0.604267E+09    0.8797868E+07    0.2056751E+07
  23      0.433913E+09   -0.2397907E+08    0.3396796E+08
  24      0.293078E+09   -0.5875954E+08    0.6590364E+08
  25      0.173982E+09   -0.1370455E+09    0.8102567E+08
  26      0.774233E+08   -0.2161554E+09    0.9631086E+08
  27     -0.383861E+07   -0.3083055E+09    0.9656211E+08
  28     -0.742101E+08   -0.3995899E+09    0.9668731E+08
  29     -0.135241E+09   -0.4774232E+09    0.8168134E+08
  30     -0.203896E+09   -0.5553065E+09    0.6711641E+08
  31     -0.262558E+09   -0.5917835E+09    0.3863428E+08
  32     -0.336442E+09   -0.6301290E+09    0.7066212E+07
  33     -0.400022E+09   -0.6073986E+09   -0.4618129E+08
  34     -0.393295E+09   -0.5748899E+09   -0.9642077E+08
  35     -0.321564E+09   -0.4730441E+09   -0.9769470E+08
  36     -0.240932E+09   -0.3755694E+09   -0.9797272E+08
  37     -0.144064E+09   -0.2835148E+09   -0.9062618E+08
  38     -0.284089E+08   -0.1916604E+09   -0.8520929E+08
  39      0.109772E+09   -0.1200994E+09   -0.7006741E+08
  40      0.288922E+09   -0.4872648E+08   -0.5390344E+08
  41      0.509042E+09   -0.1920284E+08   -0.2688179E+08
  42      0.815834E+09    0.8625429E+07   -0.5364759E+06
  43      0.565181E+09    0.9955991E+07    0.5213722E+07
  44      0.400217E+09   -0.1713284E+08    0.6643015E+08
  45      0.268411E+09   -0.4741722E+08    0.1276522E+09
  46      0.158603E+09   -0.1147206E+09    0.1571514E+09
  47      0.679830E+08   -0.1805649E+09    0.1870541E+09
  48     -0.404923E+07   -0.2600832E+09    0.1874317E+09
  49     -0.658968E+08   -0.3402382E+09    0.1861001E+09
  50     -0.119367E+09   -0.4014282E+09    0.1566196E+09
  51     -0.181169E+09   -0.4616100E+09    0.1283219E+09
  52     -0.232649E+09   -0.4937226E+09    0.7443798E+08
  53     -0.289025E+09   -0.5221054E+09    0.2002038E+08
  54     -0.339183E+09   -0.5233732E+09   -0.6862846E+08
  55     -0.364674E+09   -0.5352037E+09   -0.1642951E+09
  56     -0.323844E+09   -0.4747968E+09   -0.1940310E+09
  57     -0.257422E+09   -0.3963138E+09   -0.2076778E+09
  58     -0.152439E+09   -0.2931798E+09   -0.1843022E+09
  59     -0.387287E+08   -0.1991070E+09   -0.1707030E+09
  60      0.936639E+08   -0.1246892E+09   -0.1401007E+09
  61      0.267108E+09   -0.4921376E+08   -0.1077373E+09
  62      0.481469E+09   -0.1845499E+08   -0.5397274E+08
  63      0.794229E+09    0.9939996E+07   -0.9155501E+06
  64      0.458169E+09    0.6332177E+07    0.7499709E+07
  65      0.316516E+09   -0.1719083E+08    0.8977415E+08
  66      0.206022E+09   -0.4213172E+08    0.1719908E+09
  67      0.118569E+09   -0.9816633E+08    0.2114135E+09
  68      0.486808E+08   -0.1553072E+09    0.2507586E+09
  69     -0.145673E+07   -0.2167457E+09    0.2477647E+09
  70     -0.421281E+08   -0.2766563E+09    0.2442061E+09
  71     -0.810473E+08   -0.3277766E+09    0.2055156E+09
  72     -0.124780E+09   -0.3789108E+09    0.1669007E+09
  73     -0.162848E+09   -0.4034422E+09    0.9842927E+08
  74     -0.206892E+09   -0.4257815E+09    0.2976153E+08
  75     -0.242457E+09   -0.4260098E+09   -0.5990692E+08
  76     -0.269469E+09   -0.4305418E+09   -0.1541858E+09
  77     -0.267430E+09   -0.4161220E+09   -0.2184421E+09
  78     -0.245156E+09   -0.3969744E+09   -0.2761010E+09
  79     -0.159758E+09   -0.3089099E+09   -0.2702347E+09
  80     -0.703792E+08   -0.2176432E+09   -0.2639694E+09
  81      0.470079E+08   -0.1370181E+09   -0.2160384E+09
  82      0.201583E+09   -0.5921337E+08   -0.1690889E+09
  83      0.398065E+09   -0.2404549E+08   -0.8670634E+08
  84      0.706077E+09    0.8951214E+07   -0.5235811E+07
  85      0.351218E+09    0.7235538E+07    0.9710687E+07
  86      0.233495E+09   -0.1200554E+08    0.1131167E+09
  87      0.143661E+09   -0.3403708E+08    0.2167608E+09
  88      0.785715E+08   -0.8211238E+08    0.2661033E+09
  89      0.300099E+08   -0.1286233E+09    0.3145522E+09
  90      0.270593E+07   -0.1798860E+09    0.3077085E+09
  91     -0.214579E+08   -0.2315990E+09    0.3026516E+09
  92     -0.421206E+08   -0.2712566E+09    0.2554419E+09
  93     -0.680746E+08   -0.3084404E+09    0.2047183E+09
  94     -0.941223E+08   -0.3240008E+09    0.1216984E+09
  95     -0.127033E+09   -0.3406381E+09    0.3980670E+08
  96     -0.151615E+09   -0.3434507E+09   -0.5744691E+08
  97     -0.181865E+09   -0.3460733E+09   -0.1544190E+09
  98     -0.205153E+09   -0.3309525E+09   -0.2377178E+09
  99     -0.214059E+09   -0.3188926E+09   -0.3271366E+09
 100     -0.164807E+09   -0.2828556E+09   -0.3483569E+09
 101     -0.104732E+09   -0.2376661E+09   -0.3602134E+09
 102     -0.298590E+07   -0.1515060E+09   -0.2968551E+09
 103      0.132383E+09   -0.6697141E+08   -0.2345631E+09
 104      0.314290E+09   -0.2528571E+08   -0.1213102E+09
 105      0.617693E+09    0.1195785E+08   -0.9759982E+07
 106      0.198374E+09    0.4631881E+07    0.1060565E+08
 107      0.113735E+09   -0.1183425E+08    0.1293689E+09
 108      0.556645E+08   -0.2973440E+08    0.2482106E+09
 109      0.242590E+08   -0.6666526E+08    0.3019439E+09
 110      0.823504E+07   -0.1032372E+09    0.3547405E+09
 111      0.111812E+08   -0.1431132E+09    0.3467559E+09
 112      0.933555E+07   -0.1826642E+09    0.3388995E+09
 113      0.137132E+08   -0.2110763E+09    0.2833398E+09
 114      0.110917E+08   -0.2398671E+09    0.2266465E+09
 115     -0.394549E+07   -0.2558298E+09    0.1355631E+09
 116     -0.263831E+08   -0.2692325E+09    0.4439500E+08
 117     -0.496340E+08   -0.2653678E+09   -0.5836509E+08
 118     -0.850064E+08   -0.2634448E+09   -0.1609365E+09
 119     -0.114207E+09   -0.2497093E+09   -0.2494427E+09
 120     -0.137101E+09   -0.2354026E+09   -0.3398022E+09
 121     -0.134621E+09   -0.2055718E+09   -0.3738547E+09
 122     -0.116098E+09   -0.1757825E+09   -0.4055276E+09
 123     -0.611476E+08   -0.1274663E+09   -0.3526282E+09
 124      0.310941E+08   -0.7288773E+08   -0.2991688E+09
 125      0.174787E+09   -0.2919379E+08   -0.1594120E+09
 126      0.421517E+09    0.8336470E+07   -0.1959596E+08
 127      0.477122E+08    0.4603514E+07    0.1222910E+08
 128     -0.591773E+07   -0.9380932E+07    0.1457351E+09
 129     -0.311371E+08   -0.2491919E+08    0.2788708E+09
 130     -0.301666E+08   -0.5608108E+08    0.3378527E+09
 131     -0.127933E+08   -0.8700815E+08    0.3957181E+09
 132      0.181868E+08   -0.1175701E+09    0.3860771E+09
 133      0.432094E+08   -0.1479785E+09    0.3758040E+09
 134      0.691314E+08   -0.1686024E+09    0.3117195E+09
 135      0.889244E+08   -0.1864680E+09    0.2486630E+09
 136      0.869812E+08   -0.1904769E+09    0.1494329E+09
 137      0.751575E+08   -0.1974567E+09    0.4920576E+08
 138      0.519964E+08   -0.1986397E+09   -0.5962249E+08
 139      0.138335E+08   -0.1971680E+09   -0.1686978E+09
 140     -0.256428E+08   -0.1822687E+09   -0.2647115E+09
 141     -0.689710E+08   -0.1692939E+09   -0.3607308E+09
 142     -0.102955E+09   -0.1459111E+09   -0.4041950E+09
 143     -0.123980E+09   -0.1200576E+09   -0.4477183E+09
 144     -0.114506E+09   -0.7883873E+08   -0.4031753E+09
 145     -0.680975E+08   -0.3588670E+08   -0.3586133E+09
 146      0.346439E+08   -0.1283024E+08   -0.1947261E+09
 147      0.214522E+09    0.6916437E+07   -0.2899196E+08
 148     -0.140512E+09    0.3083654E+07    0.1492751E+08
 149     -0.150115E+09   -0.1017592E+08    0.1583697E+09
 150     -0.131891E+09   -0.2516427E+08    0.3013250E+09
 151     -0.905324E+08   -0.4918957E+08    0.3602749E+09
 152     -0.323667E+08   -0.7205927E+08    0.4183463E+09
 153      0.300369E+08   -0.9036975E+08    0.4043698E+09
 154      0.889498E+08   -0.1080362E+09    0.3899476E+09
 155      0.136823E+09   -0.1165666E+09    0.3211924E+09
 156      0.175292E+09   -0.1251929E+09    0.2529388E+09
 157      0.188613E+09   -0.1284993E+09    0.1521389E+09
 158      0.184971E+09   -0.1314754E+09    0.5115749E+08
 159      0.163890E+09   -0.1285036E+09   -0.6131325E+08
 160      0.123258E+09   -0.1257527E+09   -0.1741757E+09
 161      0.726141E+08   -0.1184676E+09   -0.2725598E+09
 162      0.934695E+07   -0.1111249E+09   -0.3717824E+09
 163     -0.550288E+08   -0.9502440E+08   -0.4205620E+09
 164     -0.113791E+09   -0.7825972E+08   -0.4699783E+09
 165     -0.157785E+09   -0.5320989E+08   -0.4281171E+09
 166     -0.175077E+09   -0.2568701E+08   -0.3861062E+09
 167     -0.146004E+09   -0.8629116E+07   -0.2084383E+09
 168     -0.626060E+08    0.5461402E+07   -0.2786129E+08
 169     -0.329642E+09    0.3169288E+07    0.1762023E+08
 170     -0.293310E+09   -0.7216583E+07    0.1711053E+09
 171     -0.233423E+09   -0.1924174E+08    0.3242167E+09
 172     -0.150203E+09   -0.3858757E+08    0.3834036E+09
 173     -0.531014E+08   -0.5748046E+08    0.4419015E+09
 174      0.427819E+08   -0.6701447E+08    0.4229712E+09
 175      0.133623E+09   -0.7461228E+08    0.4032549E+09
 176      0.204832E+09   -0.7275696E+08    0.3303982E+09
 177      0.262023E+09   -0.7064442E+08    0.2582972E+09
 178      0.289809E+09   -0.6592184E+08    0.1554325E+09
 179      0.295137E+09   -0.6205718E+08    0.5166760E+08
 180      0.276938E+09   -0.6084618E+08   -0.6356950E+08
 181      0.232186E+09   -0.6016059E+08   -0.1781952E+09
 182      0.170908E+09   -0.6056558E+08   -0.2796304E+09
 183      0.893406E+08   -0.6088511E+08   -0.3827044E+09
 184     -0.825241E+07   -0.5347868E+08   -0.4374901E+09
 185     -0.103440E+09   -0.4469592E+08   -0.4930901E+09
 186     -0.202806E+09   -0.2888110E+08   -0.4536049E+09
 187     -0.281041E+09   -0.1216808E+08   -0.4140655E+09
 188     -0.327669E+09   -0.3943331E+07   -0.2223773E+09
 189     -0.330608E+09    0.2659800E+07   -0.2711297E+08
 190     -0.546492E+09    0.2025907E+07    0.2003280E+08
 191     -0.453728E+09   -0.7954789E+07    0.1801653E+09
 192     -0.340173E+09   -0.1976298E+08    0.3391709E+09
 193     -0.205211E+09   -0.3092842E+08    0.3930451E+09
 194     -0.667573E+08   -0.4040170E+08    0.4462725E+09
 195      0.678291E+08   -0.3727511E+08    0.4200822E+09
 196      0.185211E+09   -0.3328515E+08    0.3938575E+09
 197      0.278071E+09   -0.2165270E+08    0.3198310E+09
 198      0.349770E+09   -0.1006467E+08    0.2466614E+09
 199      0.389533E+09   -0.8752337E+06    0.1472036E+09
 200      0.404226E+09    0.7991934E+07    0.4728285E+08
 201      0.387119E+09    0.7956756E+07   -0.6268031E+08
 202      0.340895E+09    0.7504317E+07   -0.1728199E+09
 203      0.271642E+09    0.1974298E+07   -0.2732241E+09
 204      0.173286E+09   -0.4174077E+07   -0.3741645E+09
 205      0.499011E+08   -0.1080839E+08   -0.4324781E+09
 206     -0.859270E+08   -0.1664796E+08   -0.4920536E+09
 207     -0.239430E+09   -0.1375756E+08   -0.4569762E+09
 208     -0.391195E+09   -0.9246986E+07   -0.4219279E+09
 209     -0.526342E+09   -0.3295398E+07   -0.2271688E+09
 210     -0.626949E+09    0.1200311E+07   -0.2885765E+08
 211     -0.761288E+09    0.1348392E+07    0.2350113E+08
 212     -0.614540E+09   -0.8332560E+07    0.1901473E+09
 213     -0.446754E+09   -0.2046124E+08    0.3554582E+09
 214     -0.260380E+09   -0.2370222E+08    0.4029265E+09
 215     -0.805775E+08   -0.2316877E+08    0.4496563E+09
 216      0.923751E+08   -0.3398157E+07    0.4177850E+09
 217      0.237308E+09    0.1632316E+08    0.3859275E+09
 218      0.351420E+09    0.4146422E+08    0.3103743E+09
 219      0.438329E+09    0.6656266E+08    0.2358350E+09
 220      0.490481E+09    0.8474010E+08    0.1389506E+09
 221      0.512418E+09    0.1019948E+09    0.4328944E+08
 222      0.498157E+09    0.9803408E+08   -0.6138127E+08
 223      0.450072E+09    0.9242133E+08   -0.1673345E+09
 224      0.373724E+09    0.7256797E+08   -0.2675046E+09
 225      0.254713E+09    0.5368597E+08   -0.3672674E+09
 226      0.108716E+09    0.3496873E+08   -0.4281830E+09
 227     -0.704605E+08    0.1623738E+08   -0.4914588E+09
 228     -0.276462E+09    0.5996454E+07   -0.4603843E+09
 229     -0.502614E+09   -0.2709049E+07   -0.4305157E+09
 230     -0.723465E+09   -0.4265030E+06   -0.2330508E+09
 231     -0.925308E+09    0.9043143E+06   -0.3057675E+08
 232     -0.100160E+10   -0.7084606E+06    0.3011427E+08
 233     -0.781964E+09   -0.7145552E+07    0.1961135E+09
 234     -0.544720E+09   -0.1540986E+08    0.3595849E+09
 235     -0.296817E+09   -0.6995164E+07    0.3927422E+09
 236     -0.740121E+08    0.3315856E+07    0.4249643E+09
 237      0.130624E+09    0.3948546E+08    0.3824132E+09
 238      0.294712E+09    0.7774327E+08    0.3418895E+09
 239      0.421990E+09    0.1221648E+09    0.2700248E+09
 240      0.517110E+09    0.1664205E+09    0.1992044E+09
 241      0.573421E+09    0.1905181E+09    0.1172400E+09
 242      0.599111E+09    0.2125156E+09    0.3608216E+08
 243      0.590353E+09    0.2060673E+09   -0.5377267E+08
 244      0.544049E+09    0.1992651E+09   -0.1444868E+09
 245      0.465405E+09    0.1662473E+09   -0.2343847E+09
 246      0.336617E+09    0.1312308E+09   -0.3256885E+09
 247      0.173299E+09    0.9056928E+08   -0.3903230E+09
 248     -0.401134E+08    0.5070367E+08   -0.4567520E+09
 249     -0.297725E+09    0.2725629E+08   -0.4382620E+09
 250     -0.596607E+09    0.6705595E+07   -0.4214102E+09
 251     -0.919575E+09    0.3190607E+07   -0.2298235E+09
 252     -0.123880E+10   -0.1690515E+07   -0.3163693E+08
 253     -0.124173E+10   -0.1010363E+07    0.3787133E+08
 254     -0.949510E+09   -0.8719156E+07    0.2031097E+09
 255     -0.644401E+09   -0.1778735E+08    0.3647717E+09
 256     -0.335178E+09    0.7091326E+07    0.3844203E+09
 257     -0.673381E+08    0.3629502E+08    0.4029559E+09
 258      0.170342E+09    0.1013853E+09    0.3483034E+09
 259      0.351426E+09    0.1667186E+09    0.2980715E+09
 260      0.494372E+09    0.2328985E+09    0.2295516E+09
 261      0.595319E+09    0.2974348E+09    0.1625362E+09
 262      0.656104E+09    0.3329841E+09    0.9555735E+08
 263      0.688202E+09    0.3679051E+09    0.2807980E+08
 264      0.682755E+09    0.3578174E+09   -0.4649068E+08
 265      0.639958E+09    0.3448223E+09   -0.1215888E+09
 266      0.556317E+09    0.2903339E+09   -0.2008550E+09
 267      0.422315E+09    0.2342198E+09   -0.2825101E+09
 268      0.237740E+09    0.1642589E+09   -0.3521956E+09
 269     -0.941831E+07    0.9440618E+08   -0.4233005E+09
 270     -0.319491E+09    0.5103841E+08   -0.4185660E+09
 271     -0.692663E+09    0.1155379E+08   -0.4146741E+09
 272     -0.111722E+10    0.5034094E+07   -0.2269153E+09
 273     -0.154975E+10   -0.2175800E+07   -0.3282171E+08
 274     -0.150514E+10   -0.6231623E+07    0.5040433E+08
 275     -0.110536E+10   -0.5392192E+07    0.2024850E+09
 276     -0.705809E+09   -0.8595584E+07    0.3474451E+09
 277     -0.331960E+09    0.4235134E+08    0.3322089E+09
 278     -0.249392E+08    0.1008054E+09    0.3187348E+09
 279      0.225481E+09    0.1994009E+09    0.2560003E+09
 280      0.406731E+09    0.2980951E+09    0.1986119E+09
 281      0.546148E+09    0.3871029E+09    0.1461513E+09
 282      0.641412E+09    0.4738757E+09    0.9579962E+08
 283      0.697835E+09    0.5168439E+09    0.5533065E+08
 284      0.731638E+09    0.5586038E+09    0.1571183E+08
 285      0.728025E+09    0.5394725E+09   -0.2645248E+08
 286      0.694496E+09    0.5179116E+09   -0.6921024E+08
 287      0.615851E+09    0.4429050E+09   -0.1268461E+09
 288      0.493571E+09    0.3663126E+09   -0.1865325E+09
 289      0.307504E+09    0.2673232E+09   -0.2555611E+09
 290      0.457582E+08    0.1680093E+09   -0.3287854E+09
 291     -0.300689E+09    0.9462598E+08   -0.3503427E+09
 292     -0.753714E+09    0.2562172E+08   -0.3743879E+09
 293     -0.128561E+10    0.8899234E+07   -0.2116145E+09
 294     -0.186472E+10   -0.8842023E+07   -0.3957368E+08
 295     -0.176877E+10   -0.1490653E+07    0.6584007E+08
 296     -0.126432E+10   -0.5605227E+07    0.2039929E+09
 297     -0.775358E+09   -0.4387816E+07    0.3343397E+09
 298     -0.326536E+09    0.8877240E+08    0.2839976E+09
 299      0.160587E+08    0.1864683E+09    0.2363833E+09
 300      0.282609E+09    0.3359105E+09    0.1647076E+09
 301      0.465402E+09    0.4800810E+09    0.9873062E+08
 302      0.597695E+09    0.6007225E+09    0.6214280E+08
 303      0.689747E+09    0.7187219E+09    0.2807663E+08
 304      0.739727E+09    0.7718434E+09    0.1570154E+08
 305      0.773675E+09    0.8225400E+09    0.5009864E+07
 306      0.773291E+09    0.7979872E+09   -0.5666621E+07
 307      0.748842E+09    0.7731348E+09   -0.1706550E+08
 308      0.677409E+09    0.6742520E+09   -0.5198286E+08
 309      0.566225E+09    0.5707029E+09   -0.8924989E+08
 310      0.380543E+09    0.4223721E+09   -0.1589759E+09
 311      0.101077E+09    0.2684200E+09   -0.2340109E+09
 312     -0.281223E+09    0.1474332E+09   -0.2840566E+09
 313     -0.822267E+09    0.3091487E+08   -0.3377401E+09
 314     -0.145571E+10    0.1049579E+08   -0.1991879E+09
 315     -0.218508E+10   -0.4209603E+07   -0.4941604E+08
 316     -0.205213E+10   -0.2785174E+08    0.9300690E+08
 317     -0.136409E+10    0.3677208E+07    0.1808353E+09
 318     -0.736886E+09    0.2955158E+08    0.2475449E+09
 319     -0.245828E+09    0.1829834E+09    0.1353857E+09
 320      0.102584E+09    0.3483938E+09    0.3994659E+08
 321      0.334324E+09    0.5505662E+09   -0.2397325E+08
 322      0.493849E+09    0.7496774E+09   -0.7803556E+08
 323      0.595961E+09    0.8955854E+09   -0.7629967E+08
 324      0.672796E+09    0.1038530E+10   -0.7327046E+08
 325      0.709095E+09    0.1097492E+10   -0.3975572E+08
 326      0.740162E+09    0.1156058E+10   -0.6429211E+07
 327      0.741263E+09    0.1122859E+10    0.2914397E+08
 328      0.728972E+09    0.1088106E+10    0.6495317E+08
 329      0.673439E+09    0.9614897E+09    0.7375193E+08
 330      0.590471E+09    0.8322630E+09    0.8237320E+08
 331      0.433323E+09    0.6345113E+09    0.3434674E+08
 332      0.188030E+09    0.4324409E+09   -0.2196878E+08
 333     -0.194844E+09    0.2502623E+09   -0.1138477E+09
 334     -0.773106E+09    0.7809560E+08   -0.2231453E+09
 335     -0.154504E+10    0.2689501E+08   -0.1551805E+09
 336     -0.248752E+10   -0.2687489E+08   -0.6288959E+08
 337     -0.236862E+10    0.2712163E+08    0.1443240E+09
 338     -0.146630E+10    0.1960114E+08    0.1661259E+09
 339     -0.732504E+09    0.6047231E+08    0.1748652E+09
 340     -0.144122E+09    0.3453820E+09   -0.4811781E+07
 341      0.193809E+09    0.6053144E+09   -0.1684848E+09
 342      0.391576E+09    0.8834138E+09   -0.2184572E+09
 343      0.522039E+09    0.1140764E+10   -0.2603570E+09
 344      0.593880E+09    0.1307105E+10   -0.2173460E+09
 345      0.653141E+09    0.1470431E+10   -0.1749442E+09
 346      0.676487E+09    0.1531415E+10   -0.9547297E+08
 347      0.704757E+09    0.1592834E+10   -0.1660577E+08
 348      0.707293E+09    0.1550981E+10    0.6655743E+08
 349      0.706931E+09    0.1511005E+10    0.1507406E+09
 350      0.669308E+09    0.1364371E+10    0.2041926E+09
 351      0.614043E+09    0.1215534E+10    0.2593873E+09
 352      0.491301E+09    0.9633471E+09    0.2343816E+09
 353      0.281511E+09    0.6911239E+09    0.2011013E+09
 354     -0.881920E+08    0.4177152E+09    0.4926765E+08
 355     -0.749388E+09    0.1205219E+09   -0.1194779E+09
 356     -0.164083E+10    0.4627790E+08   -0.1173367E+09
 357     -0.281691E+10    0.1685925E+08   -0.9439767E+08
 358     -0.263415E+10   -0.1210129E+09    0.1728387E+09
 359     -0.136728E+10    0.6955965E+08    0.4204478E+08
 360     -0.451991E+09    0.2520011E+09   -0.1485547E+09
 361      0.735726E+07    0.6575240E+09   -0.3839416E+09
 362      0.248472E+09    0.1074116E+10   -0.5345934E+09
 363      0.372963E+09    0.1377658E+10   -0.5062475E+09
 364      0.454213E+09    0.1673502E+10   -0.4822361E+09
 365      0.495894E+09    0.1836540E+10   -0.3789164E+09
 366      0.536003E+09    0.2000912E+10   -0.2785874E+09
 367      0.549472E+09    0.2054650E+10   -0.1487512E+09
 368      0.571842E+09    0.2111054E+10   -0.1975764E+08
 369      0.576220E+09    0.2066266E+10    0.1141670E+09
 370      0.580367E+09    0.2023755E+10    0.2491595E+09
 371      0.560726E+09    0.1868014E+10    0.3635896E+09
 372      0.532033E+09    0.1712901E+10    0.4808344E+09
 373      0.457264E+09    0.1423094E+10    0.5255303E+09
 374      0.328561E+09    0.1125122E+10    0.5748556E+09
 375      0.579565E+08    0.7086436E+09    0.4412386E+09
 376     -0.466427E+09    0.2975595E+09    0.2347943E+09
 377     -0.150062E+10    0.9441468E+08    0.3344022E+08
 378     -0.303088E+10   -0.1086811E+09   -0.1078186E+09
 379     -0.353476E+10    0.2578487E+09    0.6262453E+09
 380     -0.111089E+10    0.2792215E+09   -0.2418208E+06
 381     -0.111137E+09    0.5482363E+09   -0.6517628E+09
 382      0.155135E+09    0.1319695E+10   -0.8238792E+09
 383      0.302782E+09    0.1838622E+10   -0.9172142E+09
 384      0.342376E+09    0.2113223E+10   -0.8061341E+09
 385      0.378269E+09    0.2392540E+10   -0.7039554E+09
 386      0.391184E+09    0.2524067E+10   -0.5405432E+09
 387      0.413765E+09    0.2663637E+10   -0.3805277E+09
 388      0.418433E+09    0.2702993E+10   -0.1996743E+09
 389      0.437226E+09    0.2746475E+10   -0.2105084E+08
 390      0.441410E+09    0.2700955E+10    0.1641626E+09
 391      0.451550E+09    0.2658767E+10    0.3505166E+09
 392      0.445579E+09    0.2515909E+10    0.5272014E+09
 393      0.445795E+09    0.2379744E+10    0.7075540E+09
 394      0.413535E+09    0.2095037E+10    0.8319316E+09
 395      0.376755E+09    0.1815781E+10    0.9670721E+09
 396      0.203417E+09    0.1301894E+10    0.8936151E+09
 397     -0.117443E+09    0.5707460E+09    0.7412349E+09
 398     -0.121672E+10    0.2907506E+09    0.1116767E+09
 399     -0.384893E+10    0.2189952E+09   -0.4610728E+09
 400     -0.275815E+10   -0.4612696E+09   -0.1484405E+09
 401     -0.408365E+09    0.8328461E+09   -0.8798415E+09
 402     -0.928160E+08    0.2068736E+10   -0.1418996E+10
 403      0.998783E+08    0.2475926E+10   -0.1254025E+10
 404      0.146845E+09    0.2905206E+10   -0.1173462E+10
 405      0.170533E+09    0.3071029E+10   -0.9922785E+09
 406      0.185510E+09    0.3254436E+10   -0.8204213E+09
 407      0.193754E+09    0.3331698E+10   -0.6229625E+09
 408      0.205868E+09    0.3415900E+10   -0.4266246E+09
 409      0.209549E+09    0.3434778E+10   -0.2176184E+09
 410      0.222475E+09    0.3457704E+10   -0.9071367E+07
 411      0.223833E+09    0.3417328E+10    0.2081516E+09
 412      0.232147E+09    0.3380402E+10    0.4257533E+09
 413      0.228645E+09    0.3272305E+10    0.6422293E+09
 414      0.231880E+09    0.3170571E+10    0.8605224E+09
 415      0.219664E+09    0.2961192E+10    0.1057997E+10
 416      0.202314E+09    0.2764934E+10    0.1266449E+10
 417      0.142419E+09    0.2322919E+10    0.1361159E+10
 418     -0.645343E+08    0.1878908E+10    0.1545868E+10
 419     -0.446380E+09    0.7495074E+09    0.9573023E+09
 420     -0.290774E+10   -0.4003921E+09    0.2369120E+09
 421     -0.133038E+10    0.4461065E+10   -0.1061657E+10
 422      0.121354E+09    0.4437925E+10   -0.1718736E+10
 423     -0.843801E+08    0.4362691E+10   -0.2020164E+10
 424      0.243149E+08    0.4263162E+10   -0.1614441E+10
 425     -0.115655E+08    0.4245800E+10   -0.1393292E+10
 426      0.164212E+07    0.4237522E+10   -0.1151967E+10
 427     -0.199142E+07    0.4243602E+10   -0.9234453E+09
 428      0.161836E+07    0.4247688E+10   -0.6946099E+09
 429      0.357143E+07    0.4256627E+10   -0.4661947E+09
 430      0.603373E+07    0.4249860E+10   -0.2311982E+09
 431      0.114868E+08    0.4246273E+10    0.5393586E+07
 432      0.118303E+08    0.4218298E+10    0.2529050E+09
 433      0.169653E+08    0.4191468E+10    0.5001238E+09
 434      0.179293E+08    0.4139112E+10    0.7533160E+09
 435      0.219547E+08    0.4091460E+10    0.1007116E+10
 436      0.293896E+08    0.4020683E+10    0.1268022E+10
 437      0.241690E+08    0.3961963E+10    0.1542994E+10
 438      0.640513E+08    0.3888989E+10    0.1782553E+10
 439     -0.348751E+08    0.3895723E+10    0.2223631E+10
 440      0.181456E+09    0.3788128E+10    0.1860197E+10
 441     -0.133818E+10    0.3607046E+10    0.1223377E+10
