   1     -0.275282E+09    0.6892560E+07    0.2020332E+07
   2     -0.328765E+09   -0.2242877E+08    0.2926176E+07
   3     -0.305919E+09   -0.5433402E+08    0.3299289E+07
   4     -0.246922E+09   -0.1054838E+09    0.2807547E+07
   5     -0.156985E+09   -0.1555768E+09    0.2787358E+07
   6     -0.516013E+08   -0.2048682E+09    0.2343042E+07
   7      0.586882E+08   -0.2529943E+09    0.1600587E+07
   8      0.160742E+09   -0.2842584E+09    0.9050908E+06
   9      0.258591E+09   -0.3154632E+09    0.7107566E+06
  10      0.336731E+09   -0.3282106E+09    0.1046477E+06
  11      0.391867E+09   -0.3405015E+09   -0.1182637E+05
  12      0.418571E+09   -0.3343102E+09    0.4461749E+06
  13      0.411690E+09   -0.3275072E+09   -0.6229874E+06
  14      0.374110E+09   -0.2943254E+09   -0.1815834E+07
  15      0.299140E+09   -0.2607893E+09   -0.1882760E+07
  16      0.175744E+09   -0.2160149E+09   -0.1343183E+07
  17      0.139871E+08   -0.1710496E+09   -0.1667394E+07
  18     -0.177375E+09   -0.1198747E+09   -0.2435152E+07
  19     -0.405644E+09   -0.6665407E+08   -0.3312851E+07
  20     -0.651680E+09   -0.2857553E+08   -0.3896788E+07
  21     -0.858933E+09    0.6720670E+07   -0.3745374E+07
  22     -0.310938E+09    0.5341091E+07    0.5351191E+07
  23     -0.345167E+09   -0.1440320E+08    0.2288471E+08
  24     -0.314013E+09   -0.3623091E+08    0.3920049E+08
  25     -0.251059E+09   -0.7708605E+08    0.4196286E+08
  26     -0.155876E+09   -0.1168117E+09    0.4549811E+08
  27     -0.483838E+08   -0.1565947E+09    0.4174709E+08
  28      0.646887E+08   -0.1961684E+09    0.3824548E+08
  29      0.168686E+09   -0.2268981E+09    0.3022310E+08
  30      0.267275E+09   -0.2570359E+09    0.2232831E+08
  31      0.347095E+09   -0.2694406E+09    0.1219648E+08
  32      0.400976E+09   -0.2816247E+09    0.2395998E+07
  33      0.429355E+09   -0.2729856E+09   -0.7937908E+07
  34      0.423091E+09   -0.2640479E+09   -0.1908829E+08
  35      0.382904E+09   -0.2376420E+09   -0.2847251E+08
  36      0.306159E+09   -0.2106697E+09   -0.3723143E+08
  37      0.179791E+09   -0.1697906E+09   -0.4154236E+08
  38      0.193079E+08   -0.1280216E+09   -0.4717926E+08
  39     -0.181232E+09   -0.8424432E+08   -0.4497418E+08
  40     -0.414017E+09   -0.3959825E+08   -0.4292779E+08
  41     -0.667242E+09   -0.1575880E+08   -0.2609598E+08
  42     -0.907159E+09    0.5839298E+07   -0.7782322E+07
  43     -0.348390E+09    0.5312668E+07    0.7124519E+07
  44     -0.362669E+09   -0.7186654E+07    0.4167293E+08
  45     -0.321711E+09   -0.2147218E+08    0.7447932E+08
  46     -0.254994E+09   -0.5685114E+08    0.8082988E+08
  47     -0.154630E+09   -0.9206844E+08    0.8855545E+08
  48     -0.446752E+08   -0.1299058E+09    0.8125864E+08
  49      0.708083E+08   -0.1661969E+09    0.7416131E+08
  50      0.176975E+09   -0.1893055E+09    0.5884864E+08
  51      0.276188E+09   -0.2123006E+09    0.4357800E+08
  52      0.357706E+09   -0.2238281E+09    0.2461426E+08
  53      0.410520E+09   -0.2360544E+09    0.5540112E+07
  54      0.441027E+09   -0.2296112E+09   -0.1642508E+08
  55      0.434331E+09   -0.2212105E+09   -0.3815886E+08
  56      0.391695E+09   -0.1968301E+09   -0.5488891E+08
  57      0.313784E+09   -0.1735447E+09   -0.7181861E+08
  58      0.183852E+09   -0.1379693E+09   -0.8159422E+08
  59      0.254017E+08   -0.1013497E+09   -0.9237572E+08
  60     -0.185109E+09   -0.6402220E+08   -0.8728354E+08
  61     -0.422655E+09   -0.2427598E+08   -0.8260503E+08
  62     -0.683329E+09   -0.7194336E+07   -0.4687633E+08
  63     -0.958954E+09    0.6627485E+07   -0.9372878E+07
  64     -0.416895E+09    0.3202494E+07    0.7161136E+07
  65     -0.408433E+09   -0.8907970E+07    0.5235536E+08
  66     -0.348560E+09   -0.2181142E+08    0.9664423E+08
  67     -0.267517E+09   -0.5047883E+08    0.1086800E+09
  68     -0.155833E+09   -0.7922667E+08    0.1210374E+09
  69     -0.351606E+08   -0.1100544E+09    0.1116986E+09
  70      0.859914E+08   -0.1408030E+09    0.1025303E+09
  71      0.198697E+09   -0.1649104E+09    0.8106956E+08
  72      0.300187E+09   -0.1884162E+09    0.5978918E+08
  73      0.384242E+09   -0.1966358E+09    0.3329055E+08
  74      0.439978E+09   -0.2038947E+09    0.6375824E+07
  75      0.470327E+09   -0.1975384E+09   -0.2243427E+08
  76      0.460753E+09   -0.1925062E+09   -0.5090773E+08
  77      0.416855E+09   -0.1723293E+09   -0.7554453E+08
  78      0.331121E+09   -0.1504666E+09   -0.9959378E+08
  79      0.198905E+09   -0.1183940E+09   -0.1129940E+09
  80      0.273063E+08   -0.8574534E+08   -0.1268312E+09
  81     -0.193502E+09   -0.5436246E+08   -0.1174564E+09
  82     -0.450361E+09   -0.2303719E+08   -0.1089999E+09
  83     -0.734945E+09   -0.8684744E+07   -0.5844210E+08
  84     -0.103881E+10    0.4416350E+07   -0.6533470E+07
  85     -0.483570E+09    0.3903053E+07    0.8191673E+07
  86     -0.453129E+09   -0.6484463E+07    0.6391592E+08
  87     -0.375901E+09   -0.1814403E+08    0.1191465E+09
  88     -0.280659E+09   -0.4494464E+08    0.1365543E+09
  89     -0.156240E+09   -0.7117108E+08    0.1529241E+09
  90     -0.262371E+08   -0.9986200E+08    0.1419387E+09
  91      0.101624E+09   -0.1285447E+09    0.1317087E+09
  92      0.220428E+09   -0.1493223E+09    0.1040128E+09
  93      0.324269E+09   -0.1696566E+09    0.7672390E+08
  94      0.410996E+09   -0.1785101E+09    0.4181515E+08
  95      0.469121E+09   -0.1873542E+09    0.6690958E+07
  96      0.498558E+09   -0.1817369E+09   -0.2849870E+08
  97      0.487752E+09   -0.1746706E+09   -0.6367863E+08
  98      0.442471E+09   -0.1559799E+09   -0.9613987E+08
  99      0.347533E+09   -0.1375444E+09   -0.1282869E+09
 100      0.214162E+09   -0.1070482E+09   -0.1447580E+09
 101      0.274489E+08   -0.7672770E+08   -0.1609724E+09
 102     -0.201621E+09   -0.4873186E+08   -0.1475226E+09
 103     -0.478083E+09   -0.1960551E+08   -0.1348002E+09
 104     -0.787128E+09   -0.7031165E+07   -0.7098597E+08
 105     -0.111312E+10    0.4049030E+07   -0.6018688E+07
 106     -0.575490E+09    0.3075997E+07    0.9434057E+07
 107     -0.518222E+09   -0.8660585E+07    0.7497396E+08
 108     -0.418919E+09   -0.2158231E+08    0.1400927E+09
 109     -0.300941E+09   -0.4635303E+08    0.1598453E+09
 110     -0.157843E+09   -0.7064672E+08    0.1789291E+09
 111     -0.152820E+08   -0.9590816E+08    0.1666494E+09
 112      0.124699E+09   -0.1206692E+09    0.1547023E+09
 113      0.252414E+09   -0.1396437E+09    0.1225166E+09
 114      0.361566E+09   -0.1585500E+09    0.9048565E+08
 115      0.452293E+09   -0.1660631E+09    0.4922138E+08
 116      0.511876E+09   -0.1731613E+09    0.7955410E+07
 117      0.539987E+09   -0.1672925E+09   -0.3402502E+08
 118      0.528074E+09   -0.1615879E+09   -0.7561896E+08
 119      0.480264E+09   -0.1445185E+09   -0.1127289E+09
 120      0.379271E+09   -0.1268777E+09   -0.1509088E+09
 121      0.232699E+09   -0.1015098E+09   -0.1703364E+09
 122      0.313638E+08   -0.7510766E+08   -0.1897152E+09
 123     -0.218984E+09   -0.4830891E+08   -0.1728176E+09
 124     -0.521237E+09   -0.2243391E+08   -0.1553830E+09
 125     -0.859780E+09   -0.9751592E+07   -0.8293526E+08
 126     -0.122238E+10    0.2538894E+07   -0.9219848E+07
 127     -0.668055E+09    0.3315654E+07    0.1140173E+08
 128     -0.582668E+09   -0.8334801E+07    0.8646366E+08
 129     -0.462713E+09   -0.2150052E+08    0.1615523E+09
 130     -0.320069E+09   -0.4617957E+08    0.1835133E+09
 131     -0.161349E+09   -0.6946388E+08    0.2050937E+09
 132     -0.412480E+07   -0.9345036E+08    0.1919561E+09
 133      0.147144E+09   -0.1182704E+09    0.1783118E+09
 134      0.284537E+09   -0.1335517E+09    0.1409662E+09
 135      0.399256E+09   -0.1471168E+09    0.1034361E+09
 136      0.493367E+09   -0.1512357E+09    0.5637273E+08
 137      0.555275E+09   -0.1565907E+09    0.9598465E+07
 138      0.581835E+09   -0.1548720E+09   -0.3897136E+08
 139      0.567931E+09   -0.1521618E+09   -0.8699569E+08
 140      0.518072E+09   -0.1373020E+09   -0.1299628E+09
 141      0.411267E+09   -0.1225758E+09   -0.1737693E+09
 142      0.250892E+09   -0.9799236E+08   -0.1963886E+09
 143      0.366010E+08   -0.7247759E+08   -0.2197965E+09
 144     -0.238264E+09   -0.4690252E+08   -0.1984996E+09
 145     -0.563418E+09   -0.1960608E+08   -0.1771916E+09
 146     -0.931106E+09   -0.5417021E+07   -0.9499564E+08
 147     -0.133366E+10    0.6144699E+07   -0.1030246E+08
 148     -0.785394E+09    0.3446753E+07    0.1286545E+08
 149     -0.667685E+09   -0.8569508E+07    0.9811856E+08
 150     -0.516854E+09   -0.2169280E+08    0.1824349E+09
 151     -0.343522E+09   -0.4543172E+08    0.2058296E+09
 152     -0.165108E+09   -0.6943674E+08    0.2290632E+09
 153      0.124686E+08   -0.8949520E+08    0.2113225E+09
 154      0.177429E+09   -0.1074406E+09    0.1935188E+09
 155      0.324752E+09   -0.1183042E+09    0.1523927E+09
 156      0.447325E+09   -0.1302394E+09    0.1114359E+09
 157      0.543438E+09   -0.1352020E+09    0.6052735E+08
 158      0.607572E+09   -0.1395067E+09    0.1047298E+08
 159      0.634680E+09   -0.1351726E+09   -0.4196341E+08
 160      0.619602E+09   -0.1307398E+09   -0.9492561E+08
 161      0.564882E+09   -0.1186594E+09   -0.1416277E+09
 162      0.450802E+09   -0.1067801E+09   -0.1886905E+09
 163      0.276452E+09   -0.8949840E+08   -0.2147623E+09
 164      0.441896E+08   -0.7223072E+08   -0.2411014E+09
 165     -0.259725E+09   -0.4909199E+08   -0.2217192E+09
 166     -0.614950E+09   -0.2377290E+08   -0.2024125E+09
 167     -0.102624E+10   -0.9307721E+07   -0.1074973E+09
 168     -0.147344E+10    0.3152798E+07   -0.1041608E+08
 169     -0.899884E+09    0.2991955E+07    0.1446186E+08
 170     -0.753468E+09   -0.9598358E+07    0.1098139E+09
 171     -0.569353E+09   -0.2406104E+08    0.2035515E+09
 172     -0.368515E+09   -0.4631706E+08    0.2284489E+09
 173     -0.167332E+09   -0.6617680E+08    0.2530848E+09
 174      0.289330E+08   -0.8146271E+08    0.2312223E+09
 175      0.207914E+09   -0.9847288E+08    0.2101559E+09
 176      0.364974E+09   -0.1059705E+09    0.1645763E+09
 177      0.495433E+09   -0.1106887E+09    0.1193606E+09
 178      0.594188E+09   -0.1088173E+09    0.6467510E+08
 179      0.659972E+09   -0.1084895E+09    0.1083162E+08
 180      0.688051E+09   -0.1077586E+09   -0.4530769E+08
 181      0.672663E+09   -0.1074645E+09   -0.1026468E+09
 182      0.611281E+09   -0.1026448E+09   -0.1533617E+09
 183      0.490629E+09   -0.9719218E+08   -0.2042474E+09
 184      0.301187E+09   -0.8274807E+08   -0.2333024E+09
 185      0.507871E+08   -0.6784188E+08   -0.2623981E+09
 186     -0.279355E+09   -0.4726242E+08   -0.2452424E+09
 187     -0.668478E+09   -0.2475431E+08   -0.2273015E+09
 188     -0.112166E+10   -0.8945258E+07   -0.1205873E+09
 189     -0.161319E+10    0.4581819E+07   -0.1232157E+08
 190     -0.104356E+10    0.2757830E+07    0.1925167E+08
 191     -0.858719E+09   -0.1149947E+08    0.1230985E+09
 192     -0.628496E+09   -0.2768613E+08    0.2251548E+09
 193     -0.392290E+09   -0.4751735E+08    0.2459862E+09
 194     -0.162775E+09   -0.6603658E+08    0.2666285E+09
 195      0.539636E+08   -0.7376728E+08    0.2390830E+09
 196      0.246611E+09   -0.7965004E+08    0.2121012E+09
 197      0.412691E+09   -0.7610516E+08    0.1630790E+09
 198      0.546591E+09   -0.7341833E+08    0.1152091E+09
 199      0.647805E+09   -0.7020551E+08    0.6188864E+08
 200      0.714646E+09   -0.6702598E+08    0.9057552E+07
 201      0.743254E+09   -0.6602388E+08   -0.4525882E+08
 202      0.729251E+09   -0.6569846E+08   -0.1000268E+09
 203      0.662816E+09   -0.6775080E+08   -0.1516341E+09
 204      0.537792E+09   -0.7062804E+08   -0.2038450E+09
 205      0.336572E+09   -0.6572653E+08   -0.2398046E+09
 206      0.645514E+08   -0.5864706E+08   -0.2765599E+09
 207     -0.293022E+09   -0.4046386E+08   -0.2622143E+09
 208     -0.730748E+09   -0.2133636E+08   -0.2477092E+09
 209     -0.123612E+10   -0.8423955E+07   -0.1327726E+09
 210     -0.179265E+10    0.2743539E+07   -0.1514677E+08
 211     -0.118781E+10    0.2365288E+07    0.2453998E+08
 212     -0.964292E+09   -0.1190361E+08    0.1369711E+09
 213     -0.688996E+09   -0.2806245E+08    0.2471382E+09
 214     -0.415678E+09   -0.4127259E+08    0.2644470E+09
 215     -0.159848E+09   -0.5227345E+08    0.2818974E+09
 216      0.794291E+08   -0.4692357E+08    0.2473880E+09
 217      0.285977E+09   -0.4055016E+08    0.2130224E+09
 218      0.460750E+09   -0.2590312E+08    0.1619688E+09
 219      0.597935E+09   -0.1184097E+08    0.1131216E+09
 220      0.702249E+09   -0.4344471E+07    0.6022407E+08
 221      0.769956E+09    0.2461819E+07    0.7724468E+07
 222      0.799200E+09   -0.5438662E+06   -0.4541475E+08
 223      0.784778E+09   -0.4273493E+07   -0.9831965E+08
 224      0.715437E+09   -0.1511292E+08   -0.1505895E+09
 225      0.584962E+09   -0.2617608E+08   -0.2041600E+09
 226      0.373698E+09   -0.3253419E+08   -0.2472568E+09
 227      0.775395E+08   -0.3864249E+08   -0.2915569E+09
 228     -0.308481E+09   -0.3224401E+08   -0.2798216E+09
 229     -0.793536E+09   -0.2280576E+08   -0.2686110E+09
 230     -0.135136E+10   -0.8503076E+07   -0.1450755E+09
 231     -0.197120E+10    0.3444494E+07   -0.1777044E+08
 232     -0.137671E+10   -0.2218695E+06    0.3415047E+08
 233     -0.107960E+10   -0.1244979E+08    0.1486470E+09
 234     -0.747938E+09   -0.2666098E+08    0.2598589E+09
 235     -0.426579E+09   -0.2929536E+08    0.2656141E+09
 236     -0.138537E+09   -0.2961540E+08    0.2709159E+09
 237      0.118584E+09   -0.7268163E+07    0.2265273E+09
 238      0.333902E+09    0.1646243E+08    0.1843744E+09
 239      0.506554E+09    0.4522972E+08    0.1357867E+09
 240      0.643721E+09    0.7359462E+08    0.8933494E+08
 241      0.746138E+09    0.9064061E+08    0.4626488E+08
 242      0.812941E+09    0.1063647E+09    0.4242691E+07
 243      0.843420E+09    0.9937239E+08   -0.3784693E+08
 244      0.831467E+09    0.9127869E+08   -0.8049058E+08
 245      0.764291E+09    0.6768593E+08   -0.1277741E+09
 246      0.635021E+09    0.4322310E+08   -0.1759270E+09
 247      0.422225E+09    0.1602909E+08   -0.2227549E+09
 248      0.108834E+09   -0.1087916E+08   -0.2724693E+09
 249     -0.308865E+09   -0.1739429E+08   -0.2749473E+09
 250     -0.844971E+09   -0.1977580E+08   -0.2790543E+09
 251     -0.147925E+10   -0.8216173E+07   -0.1546154E+09
 252     -0.218963E+10    0.6161954E+06   -0.2389190E+08
 253     -0.156653E+10    0.2710599E+07    0.4283137E+08
 254     -0.119532E+10   -0.1119117E+08    0.1614553E+09
 255     -0.808876E+09   -0.2821010E+08    0.2754322E+09
 256     -0.439171E+09   -0.1528295E+08    0.2680710E+09
 257     -0.117273E+09    0.3888820E+07    0.2611726E+09
 258      0.158107E+09    0.5350017E+08    0.2073983E+09
 259      0.382315E+09    0.1023772E+09    0.1570034E+09
 260      0.553597E+09    0.1555042E+09    0.1096746E+09
 261      0.690777E+09    0.2083082E+09    0.6465938E+08
 262      0.790239E+09    0.2344393E+09    0.3234543E+08
 263      0.857011E+09    0.2583549E+09    0.8630287E+06
 264      0.888099E+09    0.2478121E+09   -0.3010328E+08
 265      0.880852E+09    0.2355887E+09   -0.6184932E+08
 266      0.814144E+09    0.1917290E+09   -0.1046566E+09
 267      0.685731E+09    0.1470350E+09   -0.1477744E+09
 268      0.470486E+09    0.9445144E+08   -0.1986937E+09
 269      0.141001E+09    0.4014021E+08   -0.2541486E+09
 270     -0.309036E+09    0.1135449E+08   -0.2718650E+09
 271     -0.898389E+09   -0.1206064E+08   -0.2912515E+09
 272     -0.160898E+10   -0.5280587E+07   -0.1648018E+09
 273     -0.241061E+10   -0.9334755E+05   -0.3087643E+08
 274     -0.178993E+10   -0.5970185E+07    0.5652473E+08
 275     -0.131023E+10   -0.1060134E+08    0.1667144E+09
 276     -0.835270E+09   -0.1912262E+08    0.2684220E+09
 277     -0.412613E+09    0.2012976E+08    0.2274056E+09
 278     -0.651682E+08    0.6619810E+08    0.1901886E+09
 279      0.211815E+09    0.1526967E+09    0.1278575E+09
 280      0.427721E+09    0.2394374E+09    0.7111239E+08
 281      0.585580E+09    0.3167100E+09    0.3775890E+08
 282      0.711119E+09    0.3917729E+09    0.6709595E+07
 283      0.799232E+09    0.4286804E+09   -0.1167231E+07
 284      0.864864E+09    0.4645597E+09   -0.8306181E+07
 285      0.895093E+09    0.4481540E+09   -0.1266500E+08
 286      0.897750E+09    0.4301502E+09   -0.1704377E+08
 287      0.839908E+09    0.3641472E+09   -0.3961842E+08
 288      0.727385E+09    0.2955274E+09   -0.6374367E+08
 289      0.523963E+09    0.2089813E+09   -0.1160277E+09
 290      0.199855E+09    0.1227902E+09   -0.1737407E+09
 291     -0.269812E+09    0.6253405E+08   -0.2165567E+09
 292     -0.914685E+09    0.7138855E+07   -0.2650151E+09
 293     -0.172351E+10    0.1174562E+07   -0.1590312E+09
 294     -0.266927E+10   -0.6837969E+07   -0.4127015E+08
 295     -0.201571E+10   -0.3297570E+06    0.7490771E+08
 296     -0.142845E+10   -0.9361435E+07    0.1741149E+09
 297     -0.870465E+09   -0.1315929E+08    0.2643934E+09
 298     -0.383961E+09    0.7277672E+08    0.1906804E+09
 299     -0.133932E+08    0.1627349E+09    0.1212992E+09
 300      0.268703E+09    0.3007306E+09    0.4857492E+08
 301      0.473796E+09    0.4337015E+09   -0.1608966E+08
 302      0.618598E+09    0.5421567E+09   -0.3420398E+08
 303      0.732199E+09    0.6477002E+09   -0.5121148E+08
 304      0.808251E+09    0.6956801E+09   -0.3465993E+08
 305      0.872040E+09    0.7419506E+09   -0.1693762E+08
 306      0.902429E+09    0.7207189E+09    0.5664614E+07
 307      0.913886E+09    0.6985985E+09    0.2882177E+08
 308      0.866954E+09    0.6079822E+09    0.2693743E+08
 309      0.771871E+09    0.5138226E+09    0.2294381E+08
 310      0.582016E+09    0.3780642E+09   -0.3273218E+08
 311      0.258787E+09    0.2366186E+09   -0.9473255E+08
 312     -0.230273E+09    0.1278626E+09   -0.1645299E+09
 313     -0.937118E+09    0.2237481E+08   -0.2428237E+09
 314     -0.184226E+10    0.6619910E+07   -0.1553601E+09
 315     -0.293025E+10   -0.3094692E+07   -0.5337799E+08
 316     -0.227555E+10   -0.2802652E+08    0.1032873E+09
 317     -0.149193E+10    0.2373315E+07    0.1533635E+09
 318     -0.803155E+09    0.2722365E+08    0.1812381E+09
 319     -0.285327E+09    0.1758921E+09    0.4781942E+08
 320      0.791255E+08    0.3360647E+09   -0.6572278E+08
 321      0.320948E+09    0.5268718E+09   -0.1288285E+09
 322      0.489033E+09    0.7142267E+09   -0.1818319E+09
 323      0.601935E+09    0.8520301E+09   -0.1638915E+09
 324      0.694165E+09    0.9865976E+09   -0.1452651E+09
 325      0.753804E+09    0.1042689E+10   -0.8814240E+08
 326      0.810557E+09    0.1099382E+10   -0.3097538E+08
 327      0.840349E+09    0.1071781E+10    0.3494647E+08
 328      0.860737E+09    0.1043360E+10    0.1016965E+09
 329      0.832164E+09    0.9286873E+09    0.1418596E+09
 330      0.770172E+09    0.8116998E+09    0.1819116E+09
 331      0.618150E+09    0.6231286E+09    0.1517514E+09
 332      0.343360E+09    0.4280733E+09    0.1132201E+09
 333     -0.126188E+09    0.2448917E+09    0.3617719E+07
 334     -0.849890E+09    0.7175808E+08   -0.1277242E+09
 335     -0.188240E+10    0.2229584E+08   -0.1132986E+09
 336     -0.319496E+10   -0.2920724E+08   -0.7285261E+08
 337     -0.256917E+10    0.2592164E+08    0.1571147E+09
 338     -0.155816E+10    0.1927221E+08    0.1403759E+09
 339     -0.767887E+09    0.6303235E+08    0.1100468E+09
 340     -0.165124E+09    0.3472051E+09   -0.8778841E+08
 341      0.175636E+09    0.6035389E+09   -0.2661414E+09
 342      0.377975E+09    0.8721119E+09   -0.3128090E+09
 343      0.505979E+09    0.1118460E+10   -0.3519663E+09
 344      0.583775E+09    0.1273056E+10   -0.2960041E+09
 345      0.653629E+09    0.1427086E+10   -0.2404577E+09
 346      0.697686E+09    0.1490670E+10   -0.1418476E+09
 347      0.746941E+09    0.1554702E+10   -0.4356424E+08
 348      0.776035E+09    0.1524043E+10    0.6690663E+08
 349      0.806874E+09    0.1495416E+10    0.1783934E+09
 350      0.796787E+09    0.1361989E+10    0.2621557E+09
 351      0.769948E+09    0.1227240E+10    0.3471540E+09
 352      0.658443E+09    0.9846580E+09    0.3436477E+09
 353      0.434609E+09    0.7216563E+09    0.3343673E+09
 354      0.105158E+07    0.4400241E+09    0.1668236E+09
 355     -0.789726E+09    0.1297892E+09   -0.2365389E+08
 356     -0.192711E+10    0.4804550E+08   -0.7912236E+08
 357     -0.349821E+10    0.1478606E+08   -0.1125934E+09
 358     -0.281129E+10   -0.1234220E+09    0.1849869E+09
 359     -0.142139E+10    0.7392534E+08    0.1241991E+08
 360     -0.469369E+09    0.2641064E+09   -0.2161567E+09
 361     -0.637395E+07    0.6653201E+09   -0.4601595E+09
 362      0.234059E+09    0.1074941E+10   -0.6194691E+09
 363      0.354869E+09    0.1364013E+10   -0.5879806E+09
 364      0.434971E+09    0.1645579E+10   -0.5610753E+09
 365      0.478771E+09    0.1802807E+10   -0.4518231E+09
 366      0.526294E+09    0.1962391E+10   -0.3455188E+09
 367      0.556963E+09    0.2023051E+10   -0.2023098E+09
 368      0.594861E+09    0.2086968E+10   -0.5963729E+08
 369      0.621405E+09    0.2059070E+10    0.9757245E+08
 370      0.652693E+09    0.2034208E+10    0.2563798E+09
 371      0.657730E+09    0.1900031E+10    0.4013819E+09
 372      0.657640E+09    0.1767587E+10    0.5496856E+09
 373      0.593814E+09    0.1488497E+10    0.6251117E+09
 374      0.460624E+09    0.1200629E+10    0.7070527E+09
 375      0.150854E+09    0.7707300E+09    0.5728912E+09
 376     -0.476808E+09    0.3407295E+09    0.3604686E+09
 377     -0.172024E+10    0.1111246E+09    0.9039276E+08
 378     -0.366888E+10   -0.1150109E+09   -0.1216713E+09
 379     -0.368355E+10    0.2649045E+09    0.6335826E+09
 380     -0.112288E+10    0.2905070E+09   -0.3906346E+08
 381     -0.113059E+09    0.5643535E+09   -0.7244326E+09
 382      0.146341E+09    0.1320370E+10   -0.8933728E+09
 383      0.291847E+09    0.1820194E+10   -0.9874688E+09
 384      0.318788E+09    0.2076063E+10   -0.8744079E+09
 385      0.355848E+09    0.2339094E+10   -0.7714607E+09
 386      0.367479E+09    0.2467580E+10   -0.6083600E+09
 387      0.394102E+09    0.2604665E+10   -0.4486301E+09
 388      0.412168E+09    0.2658589E+10   -0.2604088E+09
 389      0.440090E+09    0.2716686E+10   -0.7329439E+08
 390      0.463734E+09    0.2699247E+10    0.1309738E+09
 391      0.494562E+09    0.2687386E+10    0.3369150E+09
 392      0.513663E+09    0.2577215E+10    0.5453318E+09
 393      0.538940E+09    0.2473435E+10    0.7585438E+09
 394      0.520688E+09    0.2208028E+10    0.9228548E+09
 395      0.490143E+09    0.1950675E+10    0.1098303E+10
 396      0.298904E+09    0.1419381E+10    0.1041173E+10
 397     -0.968708E+08    0.6549271E+09    0.9053810E+09
 398     -0.135976E+10    0.3223705E+09    0.1874681E+09
 399     -0.447206E+10    0.2094627E+09   -0.4852671E+09
 400     -0.283009E+10   -0.4579602E+09   -0.1557678E+09
 401     -0.412189E+09    0.8363129E+09   -0.9096039E+09
 402     -0.936397E+08    0.2064205E+10   -0.1458521E+10
 403      0.925022E+08    0.2432448E+10   -0.1292854E+10
 404      0.140842E+09    0.2828025E+10   -0.1215668E+10
 405      0.155822E+09    0.2974578E+10   -0.1043933E+10
 406      0.172656E+09    0.3140572E+10   -0.8823827E+09
 407      0.179604E+09    0.3221937E+10   -0.6950086E+09
 408      0.193517E+09    0.3310359E+10   -0.5094385E+09
 409      0.204129E+09    0.3353433E+10   -0.3026750E+09
 410      0.220097E+09    0.3401567E+10   -0.9619313E+08
 411      0.233676E+09    0.3404243E+10    0.1332625E+09
 412      0.251007E+09    0.3411008E+10    0.3634985E+09
 413      0.263297E+09    0.3351129E+10    0.6144190E+09
 414      0.278752E+09    0.3298752E+10    0.8685060E+09
 415      0.275662E+09    0.3121306E+10    0.1119179E+10
 416      0.264146E+09    0.2957582E+10    0.1382814E+10
 417      0.193664E+09    0.2502902E+10    0.1523026E+10
 418     -0.540193E+08    0.2042019E+10    0.1765029E+10
 419     -0.511399E+09    0.8306850E+09    0.1101085E+10
 420     -0.328688E+10   -0.4020187E+09    0.2775032E+09
 421     -0.132527E+10    0.4515210E+10   -0.1065888E+10
 422      0.123447E+09    0.4401875E+10   -0.1731862E+10
 423     -0.814785E+08    0.4239362E+10   -0.2027269E+10
 424      0.211986E+08    0.4103981E+10   -0.1624610E+10
 425     -0.112931E+08    0.4049298E+10   -0.1410781E+10
 426     -0.207213E+07    0.4030885E+10   -0.1189431E+10
 427     -0.458786E+07    0.4024554E+10   -0.9814883E+09
 428     -0.197715E+07    0.4039470E+10   -0.7728867E+09
 429     -0.627089E+06    0.4060797E+10   -0.5654141E+09
 430      0.219550E+07    0.4093669E+10   -0.3420592E+09
 431      0.570602E+07    0.4128821E+10   -0.1183453E+09
 432      0.943467E+07    0.4162732E+10    0.1349640E+09
 433      0.133799E+08    0.4200573E+10    0.3883773E+09
 434      0.188907E+08    0.4220408E+10    0.6784035E+09
 435      0.239233E+08    0.4244693E+10    0.9708242E+09
 436      0.343014E+08    0.4229309E+10    0.1298780E+10
 437      0.334372E+08    0.4227581E+10    0.1645167E+10
 438      0.713732E+08    0.4156353E+10    0.1957205E+10
 439     -0.316795E+08    0.4172884E+10    0.2492822E+10
 440      0.186200E+09    0.3974530E+10    0.2069438E+10
 441     -0.143107E+10    0.3690738E+10    0.1335081E+10
