   1     -0.139882E+09    0.9268634E+07   -0.2710651E+07
   2     -0.234759E+09   -0.9143659E+07   -0.6075417E+06
   3     -0.292884E+09   -0.3072127E+08    0.1490530E+07
   4     -0.296810E+09   -0.8839253E+08    0.2162179E+07
   5     -0.236261E+09   -0.1457655E+09    0.2790518E+07
   6     -0.140275E+09   -0.2018913E+09    0.1448954E+07
   7     -0.263761E+08   -0.2551221E+09    0.9655754E+06
   8      0.100793E+09   -0.2945985E+09    0.1806391E+07
   9      0.219105E+09   -0.3346972E+09    0.1384940E+07
  10      0.324345E+09   -0.3482645E+09    0.2564588E+06
  11      0.401936E+09   -0.3607720E+09   -0.2402830E+06
  12      0.454367E+09   -0.3480266E+09   -0.4611225E+06
  13      0.468713E+09   -0.3353588E+09   -0.6376788E+06
  14      0.444356E+09   -0.3004803E+09   -0.8534448E+06
  15      0.375484E+09   -0.2650792E+09   -0.1279114E+07
  16      0.260243E+09   -0.2123212E+09   -0.1828190E+07
  17      0.861382E+08   -0.1580558E+09   -0.1674878E+07
  18     -0.138400E+09   -0.1044918E+09   -0.1175746E+07
  19     -0.417850E+09   -0.4802489E+08   -0.2601648E+07
  20     -0.757079E+09   -0.1602926E+08   -0.7279920E+06
  21     -0.104117E+10    0.1131900E+08    0.2327920E+07
  22     -0.157491E+09    0.5793750E+07   -0.3125902E+06
  23     -0.256647E+09   -0.1582215E+08    0.2051704E+08
  24     -0.307889E+09   -0.3951854E+08    0.4207028E+08
  25     -0.302640E+09   -0.8797810E+08    0.4901527E+08
  26     -0.236867E+09   -0.1355103E+09    0.5495815E+08
  27     -0.135957E+09   -0.1856560E+09    0.5037200E+08
  28     -0.178020E+08   -0.2358066E+09    0.4551299E+08
  29      0.110095E+09   -0.2705213E+09    0.3550100E+08
  30      0.230769E+09   -0.3043086E+09    0.2576975E+08
  31      0.336988E+09   -0.3177907E+09    0.1305901E+08
  32      0.413539E+09   -0.3309137E+09    0.6548565E+06
  33      0.466705E+09   -0.3202761E+09   -0.1132396E+08
  34      0.478703E+09   -0.3091589E+09   -0.2317171E+08
  35      0.454690E+09   -0.2767704E+09   -0.3304021E+08
  36      0.383492E+09   -0.2437284E+09   -0.4331298E+08
  37      0.265174E+09   -0.1964416E+09   -0.4841750E+08
  38      0.878515E+08   -0.1487109E+09   -0.5375437E+08
  39     -0.142320E+09   -0.9837852E+08   -0.4995838E+08
  40     -0.430600E+09   -0.4748557E+08   -0.4608399E+08
  41     -0.775742E+09   -0.2053465E+08   -0.2588746E+08
  42     -0.108262E+10    0.4743751E+07   -0.5191214E+07
  43     -0.175005E+09    0.6901475E+07    0.1905131E+07
  44     -0.279004E+09   -0.1351354E+08    0.4191108E+08
  45     -0.323794E+09   -0.3614935E+08    0.8285031E+08
  46     -0.308698E+09   -0.8193022E+08    0.9605795E+08
  47     -0.237429E+09   -0.1275299E+09    0.1076837E+09
  48     -0.131820E+09   -0.1737615E+09    0.9954098E+08
  49     -0.750293E+07   -0.2185628E+09    0.9011429E+08
  50      0.119462E+09   -0.2488053E+09    0.6900644E+08
  51      0.242790E+09   -0.2782636E+09    0.4957576E+08
  52      0.350168E+09   -0.2880664E+09    0.2559472E+08
  53      0.425684E+09   -0.2976407E+09    0.1343646E+07
  54      0.479557E+09   -0.2871177E+09   -0.2229284E+08
  55      0.489192E+09   -0.2768549E+09   -0.4564579E+08
  56      0.465381E+09   -0.2471153E+09   -0.6554058E+08
  57      0.391376E+09   -0.2169543E+09   -0.8508120E+08
  58      0.270096E+09   -0.1747892E+09   -0.9490873E+08
  59      0.903970E+08   -0.1304392E+09   -0.1065506E+09
  60     -0.146688E+09   -0.8517692E+08   -0.9856225E+08
  61     -0.444329E+09   -0.3856653E+08   -0.8984592E+08
  62     -0.794192E+09   -0.1290165E+08   -0.5103600E+08
  63     -0.112774E+10    0.9307412E+07   -0.1097942E+08
  64     -0.244899E+09    0.5053092E+07    0.5234432E+07
  65     -0.336426E+09   -0.1453269E+08    0.6150148E+08
  66     -0.360812E+09   -0.3619774E+08    0.1178311E+09
  67     -0.324685E+09   -0.7611841E+08    0.1340739E+09
  68     -0.237328E+09   -0.1149301E+09    0.1492046E+09
  69     -0.120774E+09   -0.1524569E+09    0.1368316E+09
  70      0.162293E+08   -0.1898535E+09    0.1245705E+09
  71      0.147552E+09   -0.2178042E+09    0.9570836E+08
  72      0.275106E+09   -0.2448023E+09    0.6715186E+08
  73      0.382561E+09   -0.2535204E+09    0.3432376E+08
  74      0.461657E+09   -0.2622923E+09    0.1152379E+07
  75      0.511064E+09   -0.2536136E+09   -0.3118530E+08
  76      0.520463E+09   -0.2446349E+09   -0.6292689E+08
  77      0.493613E+09   -0.2200378E+09   -0.9075400E+08
  78      0.412726E+09   -0.1948584E+09   -0.1184093E+09
  79      0.285147E+09   -0.1555226E+09   -0.1332650E+09
  80      0.964098E+08   -0.1156838E+09   -0.1491429E+09
  81     -0.160211E+09   -0.7594919E+08   -0.1371892E+09
  82     -0.475364E+09   -0.3530037E+08   -0.1261345E+09
  83     -0.848898E+09   -0.1426381E+08   -0.7028982E+08
  84     -0.123597E+10    0.4916422E+07   -0.1189980E+08
  85     -0.315790E+09    0.5194615E+07    0.8544716E+07
  86     -0.393834E+09   -0.1145882E+08    0.8069427E+08
  87     -0.397187E+09   -0.2992865E+08    0.1523398E+09
  88     -0.340380E+09   -0.6474583E+08    0.1717312E+09
  89     -0.237352E+09   -0.9925584E+08    0.1905846E+09
  90     -0.109147E+09   -0.1350751E+09    0.1743659E+09
  91      0.376926E+08   -0.1693549E+09    0.1588593E+09
  92      0.176637E+09   -0.1913529E+09    0.1225610E+09
  93      0.307093E+09   -0.2142517E+09    0.8622525E+08
  94      0.415177E+09   -0.2246597E+09    0.4379921E+08
  95      0.497913E+09   -0.2333994E+09    0.9377970E+06
  96      0.542277E+09   -0.2252057E+09   -0.4001238E+08
  97      0.551545E+09   -0.2172929E+09   -0.8077566E+08
  98      0.521762E+09   -0.1935880E+09   -0.1161466E+09
  99      0.434926E+09   -0.1694176E+09   -0.1522822E+09
 100      0.300199E+09   -0.1365618E+09   -0.1716017E+09
 101      0.100899E+09   -0.1043630E+09   -0.1900933E+09
 102     -0.173149E+09   -0.6901935E+08   -0.1761546E+09
 103     -0.506232E+09   -0.2927194E+08   -0.1635169E+09
 104     -0.904555E+09   -0.8693014E+07   -0.8938273E+08
 105     -0.134146E+10    0.7706808E+07   -0.1277124E+08
 106     -0.433380E+09    0.3845440E+07    0.1133924E+08
 107     -0.478712E+09   -0.1156477E+08    0.9575537E+08
 108     -0.448527E+09   -0.2847114E+08    0.1791012E+09
 109     -0.362450E+09   -0.5933273E+08    0.2007567E+09
 110     -0.237705E+09   -0.8968257E+08    0.2222996E+09
 111     -0.892671E+08   -0.1177291E+09    0.2021499E+09
 112      0.682372E+08   -0.1449169E+09    0.1821112E+09
 113      0.218206E+09   -0.1633742E+09    0.1407989E+09
 114      0.352837E+09   -0.1814860E+09    0.9963281E+08
 115      0.464657E+09   -0.1871387E+09    0.5049869E+08
 116      0.545575E+09   -0.1934273E+09    0.2407867E+07
 117      0.590406E+09   -0.1893024E+09   -0.4509553E+08
 118      0.599103E+09   -0.1841243E+09   -0.9370700E+08
 119      0.562071E+09   -0.1654765E+09   -0.1348500E+09
 120      0.471936E+09   -0.1470130E+09   -0.1765711E+09
 121      0.321771E+09   -0.1187380E+09   -0.1993536E+09
 122      0.105686E+09   -0.8918577E+08   -0.2214850E+09
 123     -0.187496E+09   -0.5840567E+08   -0.2063062E+09
 124     -0.553933E+09   -0.2764389E+08   -0.1924162E+09
 125     -0.993009E+09   -0.1128191E+08   -0.1043218E+09
 126     -0.148624E+10    0.3858783E+07   -0.1327537E+08
 127     -0.550116E+09    0.4718450E+07    0.1365547E+08
 128     -0.563716E+09   -0.9128955E+07    0.1110250E+09
 129     -0.499547E+09   -0.2522323E+08    0.2068940E+09
 130     -0.384627E+09   -0.5285575E+08    0.2303113E+09
 131     -0.237617E+09   -0.7878462E+08    0.2535909E+09
 132     -0.694659E+08   -0.1013197E+09    0.2296190E+09
 133      0.100023E+09   -0.1235382E+09    0.2058962E+09
 134      0.258827E+09   -0.1373547E+09    0.1593339E+09
 135      0.399921E+09   -0.1510425E+09    0.1126789E+09
 136      0.514082E+09   -0.1569316E+09    0.5711624E+08
 137      0.592327E+09   -0.1618184E+09    0.3227177E+07
 138      0.639211E+09   -0.1546533E+09   -0.5077570E+08
 139      0.646805E+09   -0.1491627E+09   -0.1055265E+09
 140      0.602776E+09   -0.1368372E+09   -0.1531003E+09
 141      0.508690E+09   -0.1224078E+09   -0.2014195E+09
 142      0.342856E+09   -0.9958656E+08   -0.2274119E+09
 143      0.111576E+09   -0.7734363E+08   -0.2541072E+09
 144     -0.202469E+09   -0.4886280E+08   -0.2371089E+09
 145     -0.601273E+09   -0.1829693E+08   -0.2201156E+09
 146     -0.108168E+10   -0.5376204E+07   -0.1186972E+09
 147     -0.163012E+10    0.5177329E+07   -0.1429609E+08
 148     -0.702487E+09    0.2149499E+07    0.1679346E+08
 149     -0.669853E+09   -0.9553831E+07    0.1226852E+09
 150     -0.561397E+09   -0.2220305E+08    0.2268239E+09
 151     -0.409616E+09   -0.4304800E+08    0.2503782E+09
 152     -0.233491E+09   -0.6360523E+08    0.2736360E+09
 153     -0.433464E+08   -0.8081370E+08    0.2460216E+09
 154      0.140481E+09   -0.9750172E+08    0.2189838E+09
 155      0.309035E+09   -0.1057084E+09    0.1677084E+09
 156      0.455057E+09   -0.1131620E+09    0.1173288E+09
 157      0.571144E+09   -0.1153059E+09    0.6029253E+08
 158      0.651428E+09   -0.1181769E+09    0.2945626E+07
 159      0.696835E+09   -0.1150753E+09   -0.5446844E+08
 160      0.700929E+09   -0.1113525E+09   -0.1111550E+09
 161      0.654463E+09   -0.1023916E+09   -0.1614852E+09
 162      0.550877E+09   -0.9466237E+08   -0.2122995E+09
 163      0.373732E+09   -0.7985042E+08   -0.2430872E+09
 164      0.123288E+09   -0.6264890E+08   -0.2752823E+09
 165     -0.221031E+09   -0.4211508E+08   -0.2575293E+09
 166     -0.661225E+09   -0.2197229E+08   -0.2399172E+09
 167     -0.119138E+10   -0.9344577E+07   -0.1297477E+09
 168     -0.181087E+10    0.2384020E+07   -0.1624060E+08
 169     -0.854687E+09    0.3512392E+07    0.2057349E+08
 170     -0.775673E+09   -0.9025915E+07    0.1349308E+09
 171     -0.622762E+09   -0.2339366E+08    0.2465428E+09
 172     -0.435128E+09   -0.3951382E+08    0.2702411E+09
 173     -0.229866E+09   -0.5443654E+08    0.2942307E+09
 174     -0.172400E+08   -0.6214602E+08    0.2625541E+09
 175      0.180345E+09   -0.6851363E+08    0.2319068E+09
 176      0.360305E+09   -0.6913853E+08    0.1764747E+09
 177      0.509635E+09   -0.6981362E+08    0.1216343E+09
 178      0.627960E+09   -0.6691588E+08    0.6300238E+08
 179      0.711899E+09   -0.6542294E+08    0.4516085E+07
 180      0.755154E+09   -0.6679050E+08   -0.5710388E+08
 181      0.754948E+09   -0.6713527E+08   -0.1179162E+09
 182      0.705964E+09   -0.6419444E+08   -0.1704431E+09
 183      0.592245E+09   -0.6095143E+08   -0.2236445E+09
 184      0.405827E+09   -0.5262518E+08   -0.2592937E+09
 185      0.133607E+09   -0.4549293E+08   -0.2959691E+09
 186     -0.239969E+09   -0.3226444E+08   -0.2775579E+09
 187     -0.721101E+09   -0.1493628E+08   -0.2608983E+09
 188     -0.130081E+10   -0.3247943E+07   -0.1413816E+09
 189     -0.199283E+10    0.5239282E+07   -0.1707458E+08
 190     -0.103995E+10    0.6976303E+06    0.2515173E+08
 191     -0.893760E+09   -0.8285593E+07    0.1440669E+09
 192     -0.688399E+09   -0.1851505E+08    0.2603174E+09
 193     -0.457885E+09   -0.2965892E+08    0.2795799E+09
 194     -0.217810E+09   -0.3946789E+08    0.2984302E+09
 195      0.167657E+08   -0.3782125E+08    0.2610810E+09
 196      0.228547E+09   -0.3540603E+08    0.2248125E+09
 197      0.414352E+09   -0.2638737E+08    0.1691300E+09
 198      0.567837E+09   -0.1823350E+08    0.1146216E+09
 199      0.684337E+09   -0.1245026E+08    0.5734822E+08
 200      0.769109E+09   -0.5540788E+07    0.1312672E+07
 201      0.813584E+09   -0.5506926E+07   -0.5501971E+08
 202      0.811240E+09   -0.7702589E+07   -0.1117427E+09
 203      0.759439E+09   -0.1481806E+08   -0.1646632E+09
 204      0.641598E+09   -0.2146671E+08   -0.2186838E+09
 205      0.444859E+09   -0.2421232E+08   -0.2572387E+09
 206      0.151572E+09   -0.2632596E+08   -0.2968393E+09
 207     -0.254399E+09   -0.1978750E+08   -0.2841054E+09
 208     -0.778176E+09   -0.1195155E+08   -0.2731244E+09
 209     -0.142956E+10   -0.4758439E+07   -0.1478177E+09
 210     -0.219149E+10    0.1221370E+07   -0.1711742E+08
 211     -0.122526E+10    0.2511653E+07    0.2940342E+08
 212     -0.101155E+10   -0.7025187E+07    0.1534087E+09
 213     -0.756085E+09   -0.1893550E+08    0.2748954E+09
 214     -0.480582E+09   -0.2115792E+08    0.2895523E+09
 215     -0.206018E+09   -0.2057856E+08    0.3034073E+09
 216      0.507122E+08   -0.4909352E+07    0.2606048E+09
 217      0.277539E+09    0.1151328E+08    0.2189689E+09
 218      0.468144E+09    0.3234684E+08    0.1623108E+09
 219      0.626379E+09    0.5359438E+08    0.1077047E+09
 220      0.742154E+09    0.6646912E+08    0.5234009E+08
 221      0.826353E+09    0.7691777E+08   -0.2036112E+07
 222      0.871573E+09    0.7282221E+08   -0.5366615E+08
 223      0.868869E+09    0.6932200E+08   -0.1061051E+09
 224      0.813489E+09    0.5384690E+08   -0.1592652E+09
 225      0.692407E+09    0.3725919E+08   -0.2135669E+09
 226      0.483237E+09    0.1919843E+08   -0.2555849E+09
 227      0.169903E+09    0.9841589E+06   -0.2986596E+09
 228     -0.269053E+09   -0.6397592E+07   -0.2908336E+09
 229     -0.836067E+09   -0.1105381E+08   -0.2845053E+09
 230     -0.155950E+10   -0.4633722E+07   -0.1549190E+09
 231     -0.238798E+10    0.3831266E+06   -0.2008200E+08
 232     -0.143108E+10   -0.1470650E+07    0.3591958E+08
 233     -0.113531E+10   -0.7812862E+07    0.1592239E+09
 234     -0.814438E+09   -0.1586864E+08    0.2781461E+09
 235     -0.486617E+09   -0.5807951E+07    0.2782336E+09
 236     -0.179919E+09    0.6916833E+07    0.2790562E+09
 237      0.959162E+08    0.4078076E+08    0.2289624E+09
 238      0.329479E+09    0.7536990E+08    0.1810531E+09
 239      0.518569E+09    0.1125295E+09    0.1283324E+09
 240      0.673465E+09    0.1489445E+09    0.7786030E+08
 241      0.786194E+09    0.1683559E+09    0.3507780E+08
 242      0.867911E+09    0.1871009E+09   -0.6932825E+07
 243      0.911888E+09    0.1798935E+09   -0.4582995E+08
 244      0.913631E+09    0.1708120E+09   -0.8497599E+08
 245      0.860455E+09    0.1403877E+09   -0.1301474E+09
 246      0.741115E+09    0.1096038E+09   -0.1765804E+09
 247      0.527909E+09    0.7291688E+08   -0.2206617E+09
 248      0.199192E+09    0.3622672E+08   -0.2670113E+09
 249     -0.265184E+09    0.1573026E+08   -0.2716749E+09
 250     -0.889142E+09   -0.2481511E+07   -0.2780143E+09
 251     -0.168377E+10   -0.2041480E+07   -0.1554002E+09
 252     -0.261611E+10   -0.2504694E+07   -0.2690421E+08
 253     -0.163652E+10   -0.1066436E+07    0.4427118E+08
 254     -0.125995E+10   -0.6989904E+07    0.1657378E+09
 255     -0.874146E+09   -0.1408020E+08    0.2823776E+09
 256     -0.493538E+09    0.1135437E+08    0.2687877E+09
 257     -0.154708E+09    0.4087371E+08    0.2560103E+09
 258      0.141436E+09    0.1020193E+09    0.1983531E+09
 259      0.382076E+09    0.1630739E+09    0.1434665E+09
 260      0.569804E+09    0.2220469E+09    0.9456316E+08
 261      0.721266E+09    0.2797280E+09    0.4862396E+08
 262      0.830173E+09    0.3084505E+09    0.1812501E+08
 263      0.910392E+09    0.3348303E+09   -0.1179724E+08
 264      0.952913E+09    0.3236623E+09   -0.3768358E+08
 265      0.958804E+09    0.3126498E+09   -0.6346853E+08
 266      0.908550E+09    0.2648442E+09   -0.1004716E+09
 267      0.790033E+09    0.2132961E+09   -0.1389003E+09
 268      0.573934E+09    0.1502890E+09   -0.1871507E+09
 269      0.227147E+09    0.8815553E+08   -0.2381151E+09
 270     -0.261401E+09    0.4622572E+08   -0.2544821E+09
 271     -0.945203E+09    0.7397065E+07   -0.2737462E+09
 272     -0.180906E+10    0.3482261E+07   -0.1560912E+09
 273     -0.284577E+10   -0.9609059E+06   -0.3139291E+08
 274     -0.186112E+10   -0.7233297E+07    0.5736706E+08
 275     -0.137042E+10   -0.5118791E+07    0.1638641E+09
 276     -0.898014E+09   -0.5974107E+07    0.2620545E+09
 277     -0.462237E+09    0.4588765E+08    0.2172318E+09
 278     -0.991278E+08    0.1035216E+09    0.1759376E+09
 279      0.197765E+09    0.1970039E+09    0.1105875E+09
 280      0.429584E+09    0.2904752E+09    0.5078698E+08
 281      0.601053E+09    0.3726553E+09    0.1751466E+08
 282      0.739384E+09    0.4530461E+09   -0.1311887E+08
 283      0.836566E+09    0.4926820E+09   -0.1814709E+08
 284      0.913054E+09    0.5312056E+09   -0.2242751E+08
 285      0.954006E+09    0.5153255E+09   -0.2078122E+08
 286      0.966808E+09    0.4976089E+09   -0.1899600E+08
 287      0.926412E+09    0.4299810E+09   -0.3337188E+08
 288      0.823242E+09    0.3606553E+09   -0.4915182E+08
 289      0.621370E+09    0.2639069E+09   -0.9433943E+08
 290      0.279558E+09    0.1658413E+09   -0.1450424E+09
 291     -0.225393E+09    0.9103026E+08   -0.1853768E+09
 292     -0.954111E+09    0.2008834E+08   -0.2320537E+09
 293     -0.190854E+10    0.5239572E+07   -0.1422850E+09
 294     -0.307796E+10   -0.1003963E+08   -0.4084313E+08
 295     -0.208653E+10   -0.1824780E+07    0.7346984E+08
 296     -0.148402E+10   -0.3780236E+07    0.1640284E+09
 297     -0.928843E+09    0.5638806E+05    0.2455500E+09
 298     -0.430381E+09    0.9360809E+08    0.1693098E+09
 299     -0.443263E+08    0.1902313E+09    0.9780154E+08
 300      0.257504E+09    0.3356168E+09    0.2314006E+08
 301      0.476892E+09    0.4769352E+09   -0.4343564E+08
 302      0.633758E+09    0.5913742E+09   -0.6008134E+08
 303      0.757282E+09    0.7017198E+09   -0.7496442E+08
 304      0.843242E+09    0.7510949E+09   -0.5422819E+08
 305      0.915003E+09    0.7994021E+09   -0.3292256E+08
 306      0.955305E+09    0.7787908E+09   -0.2938865E+07
 307      0.974955E+09    0.7575823E+09    0.2727682E+08
 308      0.945701E+09    0.6659779E+09    0.3476604E+08
 309      0.858241E+09    0.5708014E+09    0.4143760E+08
 310      0.671197E+09    0.4282726E+09   -0.4487573E+06
 311      0.335324E+09    0.2786627E+09   -0.5102997E+08
 312     -0.189447E+09    0.1566133E+09   -0.1194525E+09
 313     -0.969878E+09    0.3707356E+08   -0.1937026E+09
 314     -0.201036E+10    0.1120551E+08   -0.1305845E+09
 315     -0.331647E+10   -0.7071471E+07   -0.5521285E+08
 316     -0.232215E+10   -0.2856630E+08    0.9949229E+08
 317     -0.153712E+10    0.5969770E+07    0.1390098E+09
 318     -0.857366E+09    0.3515335E+08    0.1580654E+09
 319     -0.328976E+09    0.1873468E+09    0.2291105E+08
 320      0.505307E+08    0.3513593E+09   -0.9439391E+08
 321      0.311020E+09    0.5468436E+09   -0.1590826E+09
 322      0.490984E+09    0.7377663E+09   -0.2132204E+09
 323      0.615333E+09    0.8776248E+09   -0.1934523E+09
 324      0.715045E+09    0.1015056E+10   -0.1730536E+09
 325      0.784494E+09    0.1075524E+10   -0.1114443E+09
 326      0.846638E+09    0.1135960E+10   -0.4947013E+08
 327      0.885218E+09    0.1109933E+10    0.2437769E+08
 328      0.913249E+09    0.1083663E+10    0.9850812E+08
 329      0.898697E+09    0.9679868E+09    0.1504334E+09
 330      0.840689E+09    0.8490847E+09    0.2034152E+09
 331      0.692506E+09    0.6567335E+09    0.1873750E+09
 332      0.409362E+09    0.4587669E+09    0.1632624E+09
 333     -0.895612E+08    0.2669586E+09    0.5793026E+08
 334     -0.877595E+09    0.8448973E+08   -0.6902698E+08
 335     -0.202155E+10    0.2862137E+08   -0.8190306E+08
 336     -0.353502E+10   -0.2915355E+08   -0.7143102E+08
 337     -0.258944E+10    0.2845171E+08    0.1491989E+09
 338     -0.159280E+10    0.2083903E+08    0.1223096E+09
 339     -0.819880E+09    0.6203574E+08    0.8380094E+08
 340     -0.205985E+09    0.3451825E+09   -0.1161402E+09
 341      0.149986E+09    0.6014952E+09   -0.2989644E+09
 342      0.368583E+09    0.8704795E+09   -0.3468661E+09
 343      0.507836E+09    0.1118720E+10   -0.3872926E+09
 344      0.595004E+09    0.1279406E+10   -0.3295595E+09
 345      0.672538E+09    0.1438314E+10   -0.2726207E+09
 346      0.723352E+09    0.1502843E+10   -0.1688639E+09
 347      0.776748E+09    0.1568298E+10   -0.6483615E+08
 348      0.812891E+09    0.1540497E+10    0.5357971E+08
 349      0.851175E+09    0.1515169E+10    0.1725663E+09
 350      0.850052E+09    0.1383675E+10    0.2708367E+09
 351      0.824872E+09    0.1250584E+10    0.3715223E+09
 352      0.719904E+09    0.1007393E+10    0.3820149E+09
 353      0.486483E+09    0.7442493E+09    0.3887466E+09
 354      0.329934E+08    0.4575012E+09    0.2301937E+09
 355     -0.809089E+09    0.1386646E+09    0.4595850E+08
 356     -0.203991E+10    0.4956436E+08   -0.4125850E+08
 357     -0.378483E+10    0.1150750E+08   -0.1085308E+09
 358     -0.279389E+10   -0.1216910E+09    0.1764773E+09
 359     -0.145269E+10    0.7079179E+08   -0.5466727E+06
 360     -0.513656E+09    0.2548989E+09   -0.2340632E+09
 361     -0.386896E+08    0.6509456E+09   -0.4856303E+09
 362      0.211849E+09    0.1057274E+10   -0.6529155E+09
 363      0.348378E+09    0.1349767E+10   -0.6243882E+09
 364      0.437779E+09    0.1634067E+10   -0.6007328E+09
 365      0.487855E+09    0.1794502E+10   -0.4897207E+09
 366      0.542441E+09    0.1957683E+10   -0.3815864E+09
 367      0.575917E+09    0.2021629E+10   -0.2322102E+09
 368      0.618891E+09    0.2088665E+10   -0.8371009E+08
 369      0.649482E+09    0.2062314E+10    0.8190863E+08
 370      0.686306E+09    0.2038716E+10    0.2494627E+09
 371      0.695566E+09    0.1904503E+10    0.4087252E+09
 372      0.697444E+09    0.1773355E+10    0.5713428E+09
 373      0.639378E+09    0.1494828E+10    0.6628338E+09
 374      0.495940E+09    0.1206347E+10    0.7617880E+09
 375      0.173129E+09    0.7761520E+09    0.6361687E+09
 376     -0.488176E+09    0.3462852E+09    0.4329706E+09
 377     -0.180366E+10    0.1136573E+09    0.1304446E+09
 378     -0.388176E+10   -0.1159074E+09   -0.1186608E+09
 379     -0.363103E+10    0.2662475E+09    0.6290117E+09
 380     -0.115311E+10    0.2812427E+09   -0.4336184E+08
 381     -0.149735E+09    0.5442464E+09   -0.7327736E+09
 382      0.124596E+09    0.1300822E+10   -0.9154819E+09
 383      0.273668E+09    0.1801593E+10   -0.1022678E+10
 384      0.316400E+09    0.2061294E+10   -0.9146335E+09
 385      0.359410E+09    0.2328458E+10   -0.8159739E+09
 386      0.375217E+09    0.2459968E+10   -0.6511256E+09
 387      0.406200E+09    0.2598896E+10   -0.4894299E+09
 388      0.425074E+09    0.2653330E+10   -0.2948164E+09
 389      0.457232E+09    0.2713587E+10   -0.1014338E+09
 390      0.483092E+09    0.2695258E+10    0.1129437E+09
 391      0.516457E+09    0.2682219E+10    0.3291523E+09
 392      0.536741E+09    0.2571270E+10    0.5516075E+09
 393      0.564771E+09    0.2466866E+10    0.7775540E+09
 394      0.548292E+09    0.2204245E+10    0.9594568E+09
 395      0.510263E+09    0.1949354E+10    0.1154348E+10
 396      0.312916E+09    0.1420371E+10    0.1103453E+10
 397     -0.103905E+09    0.6586488E+09    0.9769393E+09
 398     -0.141292E+10    0.3260262E+09    0.2295248E+09
 399     -0.461096E+10    0.2127037E+09   -0.4813328E+09
 400     -0.280023E+10   -0.4621621E+09   -0.1501581E+09
 401     -0.428826E+09    0.8276996E+09   -0.9104383E+09
 402     -0.113050E+09    0.2053524E+10   -0.1473364E+10
 403      0.829063E+08    0.2433193E+10   -0.1322476E+10
 404      0.132239E+09    0.2838101E+10   -0.1257088E+10
 405      0.155503E+09    0.2989330E+10   -0.1087913E+10
 406      0.175341E+09    0.3159202E+10   -0.9280255E+09
 407      0.184168E+09    0.3238507E+10   -0.7366849E+09
 408      0.199649E+09    0.3325444E+10   -0.5472194E+09
 409      0.211076E+09    0.3364054E+10   -0.3337212E+09
 410      0.227929E+09    0.3407333E+10   -0.1205480E+09
 411      0.243241E+09    0.3405500E+10    0.1190045E+09
 412      0.261379E+09    0.3407916E+10    0.3592280E+09
 413      0.273990E+09    0.3345339E+10    0.6225166E+09
 414      0.292341E+09    0.3290283E+10    0.8891137E+09
 415      0.287307E+09    0.3112453E+10    0.1153972E+10
 416      0.272801E+09    0.2950780E+10    0.1432291E+10
 417      0.200437E+09    0.2501835E+10    0.1579777E+10
 418     -0.596972E+08    0.2045979E+10    0.1831439E+10
 419     -0.540770E+09    0.8327827E+09    0.1141469E+10
 420     -0.335195E+10   -0.4038768E+09    0.2840390E+09
 421     -0.131867E+10    0.4511216E+10   -0.1056095E+10
 422      0.121903E+09    0.4440364E+10   -0.1732446E+10
 423     -0.838508E+08    0.4318124E+10   -0.2048444E+10
 424      0.220167E+08    0.4194671E+10   -0.1660872E+10
 425     -0.112017E+08    0.4151355E+10   -0.1457436E+10
 426     -0.108534E+07    0.4124823E+10   -0.1235932E+10
 427     -0.319071E+07    0.4112713E+10   -0.1026951E+10
 428     -0.113380E+07    0.4115452E+10   -0.8123590E+09
 429     -0.186693E+06    0.4122618E+10   -0.5996764E+09
 430      0.291226E+07    0.4138164E+10   -0.3687308E+09
 431      0.486579E+07    0.4158179E+10   -0.1379046E+09
 432      0.920594E+07    0.4180159E+10    0.1245312E+09
 433      0.128166E+08    0.4206231E+10    0.3876988E+09
 434      0.173412E+08    0.4222092E+10    0.6880406E+09
 435      0.244894E+08    0.4243457E+10    0.9927725E+09
 436      0.315017E+08    0.4232631E+10    0.1332066E+10
 437      0.309554E+08    0.4237382E+10    0.1687264E+10
 438      0.702464E+08    0.4173916E+10    0.2008244E+10
 439     -0.341138E+08    0.4189467E+10    0.2555556E+10
 440      0.180997E+09    0.3991705E+10    0.2104434E+10
 441     -0.142399E+10    0.3714083E+10    0.1336752E+10
