   1     -0.693417E+09    0.3046699E+07   -0.2528594E+06
   2     -0.587199E+09   -0.6659852E+07   -0.5916949E+05
   3     -0.461076E+09   -0.1742103E+08    0.6991703E+05
   4     -0.326027E+09   -0.3869595E+08    0.9815992E+04
   5     -0.184439E+09   -0.5961507E+08    0.1610517E+05
   6     -0.417290E+08   -0.8073000E+08    0.2444060E+05
   7      0.974758E+08   -0.1015777E+09    0.3368775E+05
   8      0.231239E+09   -0.1148500E+09    0.4203693E+05
   9      0.353957E+09   -0.1278984E+09    0.6662378E+05
  10      0.466642E+09   -0.1282698E+09   -0.2523858E+05
  11      0.563147E+09   -0.1290474E+09   -0.3948461E+06
  12      0.647631E+09   -0.1084211E+09   -0.1991199E+07
  13      0.699391E+09   -0.8417206E+08   -0.2321948E+07
  14      0.636098E+09   -0.6345560E+08   -0.2089105E+06
  15      0.516809E+09   -0.4554855E+08    0.2487377E+06
  16      0.337643E+09   -0.3490480E+08    0.1122675E+07
  17      0.905138E+08   -0.2557584E+08    0.2896697E+07
  18     -0.229562E+09   -0.2117185E+08    0.1462893E+07
  19     -0.624935E+09   -0.1471820E+08   -0.1220022E+06
  20     -0.108671E+10   -0.6433905E+07   -0.3890457E+06
  21     -0.151448E+10    0.1153062E+07   -0.7640745E+06
  22     -0.706597E+09    0.2480239E+07    0.1921207E+07
  23     -0.594917E+09   -0.7572062E+07    0.9884236E+07
  24     -0.466163E+09   -0.1845356E+08    0.1768711E+08
  25     -0.328522E+09   -0.3923420E+08    0.1996005E+08
  26     -0.184539E+09   -0.5987193E+08    0.2231862E+08
  27     -0.397002E+08   -0.8071399E+08    0.2016421E+08
  28      0.101295E+09   -0.1012989E+09    0.1798843E+08
  29      0.236499E+09   -0.1143410E+09    0.1260484E+08
  30      0.360307E+09   -0.1271429E+09    0.7267020E+07
  31      0.473779E+09   -0.1274448E+09    0.1114749E+05
  32      0.571513E+09   -0.1271910E+09   -0.7961782E+07
  33      0.656786E+09   -0.1130728E+09   -0.1646000E+08
  34      0.694338E+09   -0.9800237E+08   -0.2214868E+08
  35      0.633368E+09   -0.7992597E+08   -0.1730835E+08
  36      0.515838E+09   -0.6330446E+08   -0.1485002E+08
  37      0.336024E+09   -0.4857190E+08   -0.1362629E+08
  38      0.892143E+08   -0.3247930E+08   -0.1212321E+08
  39     -0.232829E+09   -0.2041949E+08   -0.9297908E+07
  40     -0.626802E+09   -0.9961736E+07   -0.7145855E+07
  41     -0.108582E+10   -0.5137901E+07   -0.6155946E+07
  42     -0.153579E+10    0.3486611E+06   -0.4326963E+07
  43     -0.720078E+09    0.3097308E+07    0.3968341E+07
  44     -0.602466E+09   -0.6735810E+07    0.1983050E+08
  45     -0.471149E+09   -0.1763767E+08    0.3536750E+08
  46     -0.330976E+09   -0.3921663E+08    0.3992123E+08
  47     -0.184597E+09   -0.6043797E+08    0.4465356E+08
  48     -0.376479E+08   -0.8165735E+08    0.4034087E+08
  49      0.105130E+09   -0.1025905E+09    0.3598880E+08
  50      0.241771E+09   -0.1157073E+09    0.2521516E+08
  51      0.366649E+09   -0.1284316E+09    0.1445629E+08
  52      0.480902E+09   -0.1289026E+09    0.2149127E+06
  53      0.579879E+09   -0.1290104E+09   -0.1487663E+08
  54      0.667409E+09   -0.1173889E+09   -0.3053394E+08
  55      0.688087E+09   -0.1050239E+09   -0.4234540E+08
  56      0.629580E+09   -0.8715020E+08   -0.3484141E+08
  57      0.513988E+09   -0.7025316E+08   -0.2996342E+08
  58      0.334642E+09   -0.5425542E+08   -0.2846186E+08
  59      0.886453E+08   -0.3743617E+08   -0.2760545E+08
  60     -0.237472E+09   -0.2351576E+08   -0.2027053E+08
  61     -0.627082E+09   -0.9288152E+07   -0.1456349E+08
  62     -0.108358E+10   -0.2756709E+07   -0.1187698E+08
  63     -0.156054E+10    0.2883796E+07   -0.6863902E+07
  64     -0.758667E+09    0.2591103E+07    0.5492211E+07
  65     -0.626043E+09   -0.7493337E+07    0.2971818E+08
  66     -0.486602E+09   -0.1849546E+08    0.5358451E+08
  67     -0.338322E+09   -0.3991183E+08    0.6041840E+08
  68     -0.184675E+09   -0.6111466E+08    0.6738209E+08
  69     -0.312968E+08   -0.8210306E+08    0.6063914E+08
  70      0.116832E+09   -0.1027932E+09    0.5385035E+08
  71      0.257736E+09   -0.1154713E+09    0.3750051E+08
  72      0.385730E+09   -0.1279021E+09    0.2113737E+08
  73      0.501970E+09   -0.1274929E+09   -0.2191891E+06
  74      0.601569E+09   -0.1255645E+09   -0.2280165E+08
  75      0.684606E+09   -0.1155548E+09   -0.3932213E+08
  76      0.687711E+09   -0.1075749E+09   -0.5217781E+08
  77      0.627851E+09   -0.9413700E+08   -0.4962868E+08
  78      0.512818E+09   -0.7850721E+08   -0.4931872E+08
  79      0.332448E+09   -0.5863771E+08   -0.4693880E+08
  80      0.838357E+08   -0.4083271E+08   -0.4390604E+08
  81     -0.245720E+09   -0.2542090E+08   -0.3640262E+08
  82     -0.635140E+09   -0.7396004E+07   -0.2976129E+08
  83     -0.109436E+10   -0.1378775E+07   -0.1641512E+08
  84     -0.159189E+10    0.2933357E+07   -0.2326423E+07
  85     -0.798847E+09    0.3422026E+07    0.6785026E+07
  86     -0.649099E+09   -0.5825801E+07    0.3968955E+08
  87     -0.501897E+09   -0.1649178E+08    0.7207375E+08
  88     -0.345727E+09   -0.3935054E+08    0.8102653E+08
  89     -0.184659E+09   -0.6147303E+08    0.9017499E+08
  90     -0.249445E+08   -0.8267743E+08    0.8100921E+08
  91      0.128604E+09   -0.1035920E+09    0.7181146E+08
  92      0.273782E+09   -0.1159928E+09    0.4980610E+08
  93      0.404995E+09   -0.1283482E+09    0.2796325E+08
  94      0.523155E+09   -0.1272873E+09   -0.1040476E+07
  95      0.625052E+09   -0.1236771E+09   -0.3294439E+08
  96      0.699452E+09   -0.1119419E+09   -0.4938875E+08
  97      0.688559E+09   -0.1035123E+09   -0.6089081E+08
  98      0.627049E+09   -0.9363651E+08   -0.6331755E+08
  99      0.512545E+09   -0.8262408E+08   -0.6780981E+08
 100      0.329625E+09   -0.6503685E+08   -0.6525479E+08
 101      0.766251E+08   -0.4493934E+08   -0.6105424E+08
 102     -0.251240E+09   -0.2702592E+08   -0.5209292E+08
 103     -0.645913E+09   -0.1168812E+08   -0.4338461E+08
 104     -0.110670E+10   -0.5117687E+07   -0.2128932E+08
 105     -0.161835E+10    0.1852402E+07    0.3013156E+06
 106     -0.847953E+09    0.3603783E+07    0.4898474E+07
 107     -0.694004E+09   -0.5349232E+07    0.4831132E+08
 108     -0.527395E+09   -0.1573025E+08    0.9158942E+08
 109     -0.357014E+09   -0.3864031E+08    0.1024636E+09
 110     -0.184072E+09   -0.6075320E+08    0.1130760E+09
 111     -0.135229E+08   -0.8128821E+08    0.1009663E+09
 112      0.148751E+09   -0.1014750E+09    0.8874230E+08
 113      0.300758E+09   -0.1130861E+09    0.6113624E+08
 114      0.436770E+09   -0.1241557E+09    0.3346769E+08
 115      0.558545E+09   -0.1235392E+09   -0.1928448E+07
 116      0.658192E+09   -0.1226860E+09   -0.3865924E+08
 117      0.711282E+09   -0.1175619E+09   -0.5489042E+08
 118      0.698017E+09   -0.1131141E+09   -0.6777320E+08
 119      0.636154E+09   -0.1006124E+09   -0.7532746E+08
 120      0.517165E+09   -0.8693427E+08   -0.8404569E+08
 121      0.328350E+09   -0.6833182E+08   -0.8320893E+08
 122      0.711313E+08   -0.4980562E+08   -0.8293065E+08
 123     -0.263550E+09   -0.3089663E+08   -0.6991082E+08
 124     -0.666197E+09   -0.1206961E+08   -0.5627423E+08
 125     -0.113411E+10   -0.4669055E+07   -0.2854893E+08
 126     -0.165272E+10    0.2249601E+07   -0.4660175E+06
 127     -0.892317E+09    0.1884755E+07    0.3632275E+07
 128     -0.740825E+09   -0.5895304E+07    0.5657313E+08
 129     -0.553158E+09   -0.1413814E+08    0.1105950E+09
 130     -0.367355E+09   -0.3600212E+08    0.1244840E+09
 131     -0.183335E+09   -0.5831283E+08    0.1364964E+09
 132     -0.228691E+07   -0.7839272E+08    0.1211933E+09
 133      0.168945E+09   -0.9762590E+08    0.1059077E+09
 134      0.327713E+09   -0.1075473E+09    0.7266257E+08
 135      0.468844E+09   -0.1172966E+09    0.3866644E+08
 136      0.596105E+09   -0.1154209E+09   -0.3792376E+07
 137      0.687613E+09   -0.1133825E+09   -0.4311242E+08
 138      0.723393E+09   -0.1141113E+09   -0.5868842E+08
 139      0.707390E+09   -0.1145806E+09   -0.7572698E+08
 140      0.645089E+09   -0.1020577E+09   -0.8834688E+08
 141      0.521605E+09   -0.9036397E+08   -0.1009165E+09
 142      0.326887E+09   -0.7114855E+08   -0.1017995E+09
 143      0.685128E+08   -0.5069565E+08   -0.1034956E+09
 144     -0.277932E+09   -0.3199798E+08   -0.8796874E+08
 145     -0.684851E+09   -0.1197296E+08   -0.7127571E+08
 146     -0.116147E+10   -0.3125305E+07   -0.3527372E+08
 147     -0.168717E+10    0.3805999E+07    0.8618848E+06
 148     -0.956104E+09    0.1209118E+07    0.7944075E+07
 149     -0.800240E+09   -0.7533719E+07    0.6479406E+08
 150     -0.595687E+09   -0.1592738E+08    0.1230512E+09
 151     -0.384820E+09   -0.3298669E+08    0.1423538E+09
 152     -0.180686E+09   -0.5215854E+08    0.1589301E+09
 153      0.165540E+08   -0.7104568E+08    0.1383694E+09
 154      0.198768E+09   -0.8828835E+08    0.1182186E+09
 155      0.365593E+09   -0.9410412E+08    0.7912494E+08
 156      0.512360E+09   -0.9733871E+08    0.3869773E+08
 157      0.635171E+09   -0.9969496E+08   -0.1212510E+06
 158      0.711268E+09   -0.1066228E+09   -0.3510284E+08
 159      0.745810E+09   -0.1096583E+09   -0.5688237E+08
 160      0.729549E+09   -0.1103712E+09   -0.8031518E+08
 161      0.662476E+09   -0.1012584E+09   -0.9809046E+08
 162      0.533337E+09   -0.9160458E+08   -0.1157364E+09
 163      0.331631E+09   -0.7313035E+08   -0.1202684E+09
 164      0.604745E+08   -0.5446520E+08   -0.1236046E+09
 165     -0.294180E+09   -0.3615112E+08   -0.1059056E+09
 166     -0.714962E+09   -0.1770689E+08   -0.8856604E+08
 167     -0.120552E+10   -0.7434323E+07   -0.4416527E+08
 168     -0.173609E+10    0.2105700E+07    0.1062649E+06
 169     -0.102254E+10    0.2858922E+07    0.1178465E+08
 170     -0.857273E+09   -0.8679160E+07    0.7352159E+08
 171     -0.638765E+09   -0.2216229E+08    0.1361058E+09
 172     -0.404310E+09   -0.3733055E+08    0.1586846E+09
 173     -0.179395E+09   -0.5026473E+08    0.1797956E+09
 174      0.365482E+08   -0.6116893E+08    0.1553358E+09
 175      0.229142E+09   -0.7141866E+08    0.1299613E+09
 176      0.404668E+09   -0.7531978E+08    0.8543408E+08
 177      0.556067E+09   -0.8132004E+08    0.4126792E+08
 178      0.670424E+09   -0.9243238E+08    0.6704963E+07
 179      0.738020E+09   -0.1016809E+09   -0.2660596E+08
 180      0.768879E+09   -0.1031722E+09   -0.5550157E+08
 181      0.752421E+09   -0.1057081E+09   -0.8448211E+08
 182      0.680775E+09   -0.9677849E+08   -0.1083603E+09
 183      0.544789E+09   -0.8693991E+08   -0.1320411E+09
 184      0.336760E+09   -0.7110999E+08   -0.1388618E+09
 185      0.499051E+08   -0.5493394E+08   -0.1446547E+09
 186     -0.309929E+09   -0.3407472E+08   -0.1246629E+09
 187     -0.745744E+09   -0.1280356E+08   -0.1047528E+09
 188     -0.124918E+10   -0.4150628E+07   -0.5288224E+08
 189     -0.178640E+10    0.3442757E+07   -0.1197182E+07
 190     -0.111952E+10    0.2477286E+07    0.1602172E+08
 191     -0.927369E+09   -0.1069016E+08    0.8620670E+08
 192     -0.684816E+09   -0.2580592E+08    0.1562264E+09
 193     -0.423157E+09   -0.4323801E+08    0.1725756E+09
 194     -0.174960E+09   -0.5817902E+08    0.1877022E+09
 195      0.623796E+08   -0.6263752E+08    0.1606262E+09
 196      0.267265E+09   -0.6726080E+08    0.1328102E+09
 197      0.447343E+09   -0.7072236E+08    0.8898859E+08
 198      0.593686E+09   -0.7440978E+08    0.4773977E+08
 199      0.704193E+09   -0.7767723E+08    0.1222401E+08
 200      0.773355E+09   -0.8165983E+08   -0.2322843E+08
 201      0.800508E+09   -0.8204332E+08   -0.5481496E+08
 202      0.783014E+09   -0.8139328E+08   -0.8635076E+08
 203      0.707164E+09   -0.7834083E+08   -0.1119697E+09
 204      0.566492E+09   -0.7629066E+08   -0.1383919E+09
 205      0.347220E+09   -0.6614423E+08   -0.1495982E+09
 206      0.484411E+08   -0.5470465E+08   -0.1609134E+09
 207     -0.329197E+09   -0.3726323E+08   -0.1422831E+09
 208     -0.785031E+09   -0.1921645E+08   -0.1221236E+09
 209     -0.130778E+10   -0.7925105E+07   -0.6238819E+08
 210     -0.186161E+10    0.2205244E+07   -0.2790748E+07
 211     -0.121512E+10    0.3005171E+07    0.2115429E+08
 212     -0.998370E+09   -0.1327207E+08    0.9944348E+08
 213     -0.730259E+09   -0.3166594E+08    0.1764177E+09
 214     -0.441587E+09   -0.4675532E+08    0.1880921E+09
 215     -0.169252E+09   -0.5974363E+08    0.1983352E+09
 216      0.864365E+08   -0.5939078E+08    0.1670996E+09
 217      0.304663E+09   -0.5712449E+08    0.1370721E+09
 218      0.488850E+09   -0.5180967E+08    0.9440467E+08
 219      0.631764E+09   -0.4865980E+08    0.5325862E+08
 220      0.740315E+09   -0.4449909E+08    0.1571962E+08
 221      0.808329E+09   -0.3957255E+08   -0.2064189E+08
 222      0.834130E+09   -0.3945555E+08   -0.5504179E+08
 223      0.812835E+09   -0.4075471E+08   -0.8879964E+08
 224      0.733798E+09   -0.4305477E+08   -0.1161995E+09
 225      0.588817E+09   -0.4508006E+08   -0.1449952E+09
 226      0.357701E+09   -0.4611458E+08   -0.1604726E+09
 227      0.481668E+08   -0.4684777E+08   -0.1773211E+09
 228     -0.350042E+09   -0.3431654E+08   -0.1603174E+09
 229     -0.824381E+09   -0.1834095E+08   -0.1413860E+09
 230     -0.136725E+10   -0.5255092E+07   -0.7255497E+08
 231     -0.193620E+10    0.4802484E+07   -0.3407478E+07
 232     -0.135257E+10    0.1664362E+07    0.2951663E+08
 233     -0.108527E+10   -0.1415948E+08    0.1148563E+09
 234     -0.770774E+09   -0.3288706E+08    0.1973177E+09
 235     -0.447294E+09   -0.4508413E+08    0.1972740E+09
 236     -0.146957E+09   -0.5390520E+08    0.1968817E+09
 237      0.121060E+09   -0.4191920E+08    0.1563795E+09
 238      0.344613E+09   -0.2898365E+08    0.1180622E+09
 239      0.527174E+09   -0.7690937E+07    0.7678366E+08
 240      0.669255E+09    0.1304423E+08    0.3708120E+08
 241      0.772083E+09    0.2507471E+08    0.4985430E+07
 242      0.838272E+09    0.3680188E+08   -0.2624909E+08
 243      0.861821E+09    0.3430050E+08   -0.5183119E+08
 244      0.838797E+09    0.2996523E+08   -0.7717728E+08
 245      0.761387E+09    0.1466292E+08   -0.1028082E+09
 246      0.612472E+09   -0.7593466E+06   -0.1288117E+09
 247      0.378530E+09   -0.1335389E+08   -0.1486213E+09
 248      0.594168E+08   -0.2566771E+08   -0.1706123E+09
 249     -0.358550E+09   -0.2332138E+08   -0.1641605E+09
 250     -0.864195E+09   -0.1777048E+08   -0.1558802E+09
 251     -0.144341E+10   -0.7328630E+07   -0.8134537E+08
 252     -0.203268E+10    0.8660779E+06   -0.6254445E+07
 253     -0.148963E+10    0.3658438E+07    0.3716082E+08
 254     -0.117357E+10   -0.1439828E+08    0.1308601E+09
 255     -0.813723E+09   -0.3553603E+08    0.2207985E+09
 256     -0.453955E+09   -0.3707929E+08    0.2087927E+09
 257     -0.126487E+09   -0.3297964E+08    0.1968983E+09
 258      0.157042E+09    0.2433006E+07    0.1472611E+09
 259      0.385485E+09    0.3781724E+08    0.1002709E+09
 260      0.567307E+09    0.7930267E+08    0.5862445E+08
 261      0.706667E+09    0.1199118E+09    0.1990166E+08
 262      0.804985E+09    0.1413834E+09   -0.5063244E+07
 263      0.869906E+09    0.1600274E+09   -0.3000386E+08
 264      0.889155E+09    0.1518639E+09   -0.4849757E+08
 265      0.867228E+09    0.1450237E+09   -0.6708208E+08
 266      0.789620E+09    0.1143560E+09   -0.8893488E+08
 267      0.637594E+09    0.7994939E+08   -0.1119407E+09
 268      0.399805E+09    0.4251758E+08   -0.1384629E+09
 269      0.684949E+08    0.6186038E+07   -0.1659945E+09
 270     -0.366561E+09   -0.8916244E+07   -0.1687947E+09
 271     -0.908322E+09   -0.2010825E+08   -0.1705113E+09
 272     -0.152076E+10   -0.7922922E+07   -0.9112778E+08
 273     -0.212933E+10    0.2419158E+07   -0.1074418E+08
 274     -0.167632E+10   -0.3863033E+07    0.5220494E+08
 275     -0.126905E+10   -0.1585369E+08    0.1430695E+09
 276     -0.834068E+09   -0.3226614E+08    0.2268347E+09
 277     -0.424313E+09   -0.9678338E+07    0.1850422E+09
 278     -0.758367E+08    0.1970268E+08    0.1455767E+09
 279      0.207885E+09    0.8699669E+08    0.8585363E+08
 280      0.429493E+09    0.1547004E+09    0.3107114E+08
 281      0.595803E+09    0.2177605E+09    0.1764676E+06
 282      0.723367E+09    0.2789979E+09   -0.2807904E+08
 283      0.811289E+09    0.3097921E+09   -0.3292945E+08
 284      0.871226E+09    0.3397088E+09   -0.3656636E+08
 285      0.889135E+09    0.3257587E+09   -0.3355669E+08
 286      0.871984E+09    0.3097993E+09   -0.3092723E+08
 287      0.797559E+09    0.2562602E+09   -0.3676322E+08
 288      0.660252E+09    0.2010671E+09   -0.4385657E+08
 289      0.430979E+09    0.1325328E+09   -0.7399365E+08
 290      0.100987E+09    0.6464323E+08   -0.1075843E+09
 291     -0.344124E+09    0.2518636E+08   -0.1326910E+09
 292     -0.920733E+09   -0.9322075E+07   -0.1609240E+09
 293     -0.159556E+10   -0.5372563E+07   -0.9442436E+08
 294     -0.226494E+10   -0.4222111E+07   -0.2136606E+08
 295     -0.186740E+10    0.3434566E+07    0.7037912E+08
 296     -0.136691E+10   -0.1366442E+08    0.1573960E+09
 297     -0.864030E+09   -0.2718215E+08    0.2369050E+09
 298     -0.393147E+09    0.3656122E+08    0.1650642E+09
 299     -0.263136E+08    0.1052904E+09    0.9683002E+08
 300      0.262128E+09    0.2217109E+09    0.2577584E+08
 301      0.475451E+09    0.3342208E+09   -0.3940191E+08
 302      0.625515E+09    0.4308427E+09   -0.5884307E+08
 303      0.742192E+09    0.5237646E+09   -0.7597311E+08
 304      0.818016E+09    0.5631153E+09   -0.6064946E+08
 305      0.871818E+09    0.6015202E+09   -0.4386006E+08
 306      0.889547E+09    0.5777699E+09   -0.1718817E+08
 307      0.876842E+09    0.5513936E+09    0.9174714E+07
 308      0.807527E+09    0.4695422E+09    0.1651159E+08
 309      0.683460E+09    0.3874628E+09    0.2323421E+08
 310      0.465143E+09    0.2762189E+09   -0.9509788E+07
 311      0.134872E+09    0.1565145E+09   -0.4838498E+08
 312     -0.321691E+09    0.7431365E+08   -0.1005316E+09
 313     -0.938103E+09   -0.3213535E+06   -0.1563874E+09
 314     -0.167439E+10   -0.7661054E+06   -0.9887510E+08
 315     -0.240358E+10    0.1597236E+07   -0.3299216E+08
 316     -0.211173E+10   -0.2435079E+08    0.9794477E+08
 317     -0.142856E+10   -0.5333260E+07    0.1474267E+09
 318     -0.799699E+09    0.6725438E+07    0.1753798E+09
 319     -0.295153E+09    0.1318846E+09    0.4421330E+08
 320      0.648637E+08    0.2697465E+09   -0.6842704E+08
 321      0.315632E+09    0.4426135E+09   -0.1329327E+09
 322      0.494585E+09    0.6119419E+09   -0.1876033E+09
 323      0.611799E+09    0.7325704E+09   -0.1730050E+09
 324      0.706682E+09    0.8508393E+09   -0.1572031E+09
 325      0.766668E+09    0.8953795E+09   -0.1024368E+09
 326      0.812715E+09    0.9390401E+09   -0.4795253E+08
 327      0.827650E+09    0.9059238E+09    0.1721272E+08
 328      0.823377E+09    0.8730228E+09    0.8335756E+08
 329      0.770671E+09    0.7633510E+09    0.1258193E+09
 330      0.672428E+09    0.6499689E+09    0.1683805E+09
 331      0.487579E+09    0.4850546E+09    0.1501581E+09
 332      0.203526E+09    0.3180718E+09    0.1239502E+09
 333     -0.234881E+09    0.1742571E+09    0.3155115E+08
 334     -0.864004E+09    0.3964710E+08   -0.7654985E+08
 335     -0.169862E+10    0.1008677E+08   -0.7458711E+08
 336     -0.257971E+10   -0.2328885E+08   -0.5261056E+08
 337     -0.238766E+10    0.3087778E+08    0.1506794E+09
 338     -0.149442E+10    0.1115664E+08    0.1458379E+09
 339     -0.767423E+09    0.3959041E+08    0.1270796E+09
 340     -0.176248E+09    0.3006825E+09   -0.6820645E+08
 341      0.162494E+09    0.5360281E+09   -0.2462069E+09
 342      0.373973E+09    0.7876894E+09   -0.2978933E+09
 343      0.514392E+09    0.1018087E+10   -0.3398566E+09
 344      0.597794E+09    0.1160299E+10   -0.2888156E+09
 345      0.669018E+09    0.1300268E+10   -0.2385365E+09
 346      0.713460E+09    0.1348109E+10   -0.1439026E+09
 347      0.753285E+09    0.1397244E+10   -0.5047398E+08
 348      0.764410E+09    0.1354859E+10    0.5354953E+08
 349      0.769270E+09    0.1313885E+10    0.1589678E+09
 350      0.732933E+09    0.1179547E+10    0.2396352E+09
 351      0.663418E+09    0.1042967E+10    0.3218181E+09
 352      0.515901E+09    0.8154422E+09    0.3173494E+09
 353      0.277314E+09    0.5690453E+09    0.3067835E+09
 354     -0.128558E+09    0.3315585E+09    0.1576117E+09
 355     -0.818370E+09    0.7267482E+08   -0.8016048E+07
 356     -0.172751E+10    0.2810962E+08   -0.5795386E+08
 357     -0.278611E+10    0.2494189E+08   -0.9066946E+08
 358     -0.264360E+10   -0.1200538E+09    0.1808269E+09
 359     -0.137945E+10    0.6327942E+08    0.3100757E+08
 360     -0.470617E+09    0.2374449E+09   -0.1788328E+09
 361     -0.164815E+08    0.6224380E+09   -0.4259974E+09
 362      0.227417E+09    0.1018753E+10   -0.5879104E+09
 363      0.355460E+09    0.1298581E+10   -0.5618792E+09
 364      0.445224E+09    0.1570809E+10   -0.5391812E+09
 365      0.495718E+09    0.1715922E+10   -0.4316007E+09
 366      0.545052E+09    0.1862677E+10   -0.3273286E+09
 367      0.575045E+09    0.1906012E+10   -0.1864436E+09
 368      0.607082E+09    0.1951797E+10   -0.4571249E+08
 369      0.616635E+09    0.1901609E+10    0.1053019E+09
 370      0.625773E+09    0.1854072E+10    0.2573409E+09
 371      0.602219E+09    0.1703541E+10    0.3923740E+09
 372      0.566992E+09    0.1554632E+10    0.5298502E+09
 373      0.467145E+09    0.1285829E+10    0.5881524E+09
 374      0.314087E+09    0.1008907E+10    0.6523427E+09
 375      0.195254E+08    0.6264483E+09    0.5157390E+09
 376     -0.522340E+09    0.2525342E+09    0.3050747E+09
 377     -0.155054E+10    0.7596967E+08    0.6753969E+08
 378     -0.295921E+10   -0.1042495E+09   -0.1106757E+09
 379     -0.353931E+10    0.2637821E+09    0.6396471E+09
 380     -0.110407E+10    0.2780542E+09   -0.2899368E+07
 381     -0.115720E+09    0.5417131E+09   -0.6661647E+09
 382      0.139384E+09    0.1298700E+10   -0.8442644E+09
 383      0.291336E+09    0.1799328E+10   -0.9449134E+09
 384      0.324773E+09    0.2054774E+10   -0.8372891E+09
 385      0.368980E+09    0.2316352E+10   -0.7386557E+09
 386      0.386597E+09    0.2434705E+10   -0.5744143E+09
 387      0.416983E+09    0.2561212E+10   -0.4139256E+09
 388      0.433242E+09    0.2592310E+10   -0.2261679E+09
 389      0.456334E+09    0.2627862E+10   -0.3768924E+08
 390      0.466723E+09    0.2577282E+10    0.1607443E+09
 391      0.478244E+09    0.2529778E+10    0.3599602E+09
 392      0.467587E+09    0.2389496E+10    0.5496664E+09
 393      0.466210E+09    0.2257101E+10    0.7419872E+09
 394      0.408277E+09    0.1983199E+10    0.8740508E+09
 395      0.353388E+09    0.1714627E+10    0.1016133E+10
 396      0.168143E+09    0.1227213E+10    0.9332058E+09
 397     -0.163085E+09    0.5237032E+09    0.7717902E+09
 398     -0.122874E+10    0.2718195E+09    0.1201994E+09
 399     -0.374245E+10    0.2270450E+09   -0.4769620E+09
 400     -0.276303E+10   -0.4631715E+09   -0.1457138E+09
 401     -0.404378E+09    0.8360710E+09   -0.8804243E+09
 402     -0.964802E+08    0.2072950E+10   -0.1418094E+10
 403      0.896626E+08    0.2463845E+10   -0.1259383E+10
 404      0.141246E+09    0.2880059E+10   -0.1185423E+10
 405      0.159750E+09    0.3034635E+10   -0.1011165E+10
 406      0.180728E+09    0.3207499E+10   -0.8466867E+09
 407      0.190397E+09    0.3279981E+10   -0.6506270E+09
 408      0.207585E+09    0.3359746E+10   -0.4558874E+09
 409      0.217288E+09    0.3374798E+10   -0.2395859E+09
 410      0.229610E+09    0.3393970E+10   -0.2320185E+08
 411      0.237916E+09    0.3352669E+10    0.2070255E+09
 412      0.244231E+09    0.3314615E+10    0.4380543E+09
 413      0.240802E+09    0.3203644E+10    0.6668174E+09
 414      0.241876E+09    0.3097496E+10    0.8985671E+09
 415      0.214794E+09    0.2889188E+10    0.1096836E+10
 416      0.188200E+09    0.2696380E+10    0.1303856E+10
 417      0.122667E+09    0.2272013E+10    0.1381820E+10
 418     -0.945227E+08    0.1849963E+10    0.1544954E+10
 419     -0.449654E+09    0.7382168E+09    0.9473553E+09
 420     -0.285333E+10   -0.3992570E+09    0.2202525E+09
 421     -0.132988E+10    0.4516340E+10   -0.1056595E+10
 422      0.121664E+09    0.4462177E+10   -0.1709999E+10
 423     -0.851474E+08    0.4359266E+10   -0.2001940E+10
 424      0.206082E+08    0.4253014E+10   -0.1604455E+10
 425     -0.112951E+08    0.4225184E+10   -0.1390751E+10
 426     -0.156862E+07    0.4216220E+10   -0.1159261E+10
 427     -0.293103E+07    0.4221805E+10   -0.9418302E+09
 428     -0.187221E+06    0.4230499E+10   -0.7167681E+09
 429      0.302690E+07    0.4245087E+10   -0.4920387E+09
 430      0.613850E+07    0.4246048E+10   -0.2489552E+09
 431      0.849149E+07    0.4249700E+10   -0.6614481E+07
 432      0.132301E+08    0.4224119E+10    0.2536149E+09
 433      0.154111E+08    0.4200330E+10    0.5149669E+09
 434      0.186816E+08    0.4143246E+10    0.7806348E+09
 435      0.211178E+08    0.4089665E+10    0.1049954E+10
 436      0.254579E+08    0.4009853E+10    0.1303832E+10
 437      0.192611E+08    0.3942296E+10    0.1568976E+10
 438      0.596466E+08    0.3872900E+10    0.1784308E+10
 439     -0.453309E+08    0.3885389E+10    0.2189812E+10
 440      0.185164E+09    0.3808672E+10    0.1827906E+10
 441     -0.133087E+10    0.3657185E+10    0.1200528E+10
