   1      0.390761E+09   -0.1044900E+08   -0.4815137E+07
   2      0.432556E+09    0.4040051E+08   -0.7994685E+07
   3      0.364735E+09    0.9672169E+08   -0.1009316E+08
   4      0.264819E+09    0.1698029E+09   -0.8632680E+07
   5      0.143233E+09    0.2392830E+09   -0.8307898E+07
   6      0.157638E+08    0.2927983E+09   -0.7743287E+07
   7     -0.121787E+09    0.3459461E+09   -0.7278959E+07
   8     -0.240500E+09    0.3649216E+09   -0.7165404E+07
   9     -0.323795E+09    0.3851618E+09   -0.7742508E+07
  10     -0.392877E+09    0.3554245E+09   -0.5505560E+07
  11     -0.410758E+09    0.3197988E+09   -0.5197869E+07
  12     -0.413380E+09    0.2470595E+09    0.3588266E+07
  13     -0.390291E+09    0.1732886E+09    0.1929202E+08
  14     -0.276021E+09    0.6958173E+08    0.2435185E+08
  15     -0.158237E+09   -0.3454420E+08    0.2152216E+08
  16     -0.342640E+08   -0.5541674E+08    0.8317693E+07
  17      0.853870E+08   -0.6379060E+08   -0.1545662E+06
  18      0.200597E+09   -0.3945123E+08    0.1000250E+07
  19      0.316781E+09   -0.2099966E+08   -0.2227565E+05
  20      0.442241E+09   -0.7620653E+07   -0.3798905E+06
  21      0.633118E+09    0.4177010E+07    0.5300580E+06
  22      0.449870E+09   -0.5475917E+07   -0.1084584E+08
  23      0.451007E+09    0.1754749E+08   -0.3238578E+08
  24      0.374181E+09    0.4333722E+08   -0.5211895E+08
  25      0.263851E+09    0.8719126E+08   -0.5006200E+08
  26      0.139181E+09    0.1310690E+09   -0.5019906E+08
  27      0.470431E+06    0.1621611E+09   -0.3624328E+08
  28     -0.137875E+09    0.1911614E+09   -0.2170697E+08
  29     -0.259315E+09    0.1865755E+09   -0.2536348E+07
  30     -0.346921E+09    0.1812358E+09    0.1722039E+08
  31     -0.415986E+09    0.1354019E+09    0.4098271E+08
  32     -0.434141E+09    0.8653184E+08    0.6768494E+08
  33     -0.416936E+09    0.5996148E+07    0.7437531E+08
  34     -0.363430E+09   -0.7666842E+08    0.7274924E+08
  35     -0.248026E+09   -0.9309751E+08    0.4026664E+08
  36     -0.132425E+09   -0.9841842E+08    0.1104973E+08
  37     -0.190115E+08   -0.7619821E+08   -0.5790538E+07
  38      0.905627E+08   -0.5915500E+08   -0.2045795E+08
  39      0.198998E+09   -0.3953649E+08   -0.1841949E+08
  40      0.312917E+09   -0.1967177E+08   -0.1758838E+08
  41      0.436088E+09   -0.8722296E+07   -0.1077824E+08
  42      0.613441E+09    0.1505614E+07   -0.3568659E+07
  43      0.516050E+09   -0.4604636E+07   -0.1422249E+08
  44      0.472552E+09    0.3161220E+07   -0.5510150E+08
  45      0.385086E+09    0.1392405E+08   -0.9378847E+08
  46      0.262629E+09    0.3384375E+08   -0.9066821E+08
  47      0.136236E+09    0.5075674E+08   -0.9018708E+08
  48     -0.156095E+08    0.5603394E+08   -0.6443442E+08
  49     -0.154958E+09    0.6425040E+08   -0.3744533E+08
  50     -0.278125E+09    0.4395703E+08    0.1906735E+07
  51     -0.369209E+09    0.2215264E+08    0.4088473E+08
  52     -0.447831E+09   -0.4818453E+08    0.9460175E+08
  53     -0.473330E+09   -0.1372267E+09    0.1576109E+09
  54     -0.420832E+09   -0.1731237E+09    0.1442216E+09
  55     -0.328448E+09   -0.1775469E+09    0.1101144E+09
  56     -0.215568E+09   -0.1375196E+09    0.4798754E+08
  57     -0.105080E+09   -0.1137482E+09   -0.2504362E+07
  58     -0.283441E+07   -0.9171725E+08   -0.2147666E+08
  59      0.962491E+08   -0.6682654E+08   -0.4064396E+08
  60      0.197894E+09   -0.4233351E+08   -0.3789392E+08
  61      0.308795E+09   -0.1682680E+08   -0.3544105E+08
  62      0.431328E+09   -0.5178988E+07   -0.2079911E+08
  63      0.591503E+09    0.4618530E+07   -0.6345928E+07
  64      0.594405E+09    0.9498567E+06   -0.1112131E+08
  65      0.515017E+09   -0.1624180E+07   -0.5112503E+08
  66      0.403730E+09   -0.4846084E+07   -0.9007015E+08
  67      0.260499E+09   -0.8765384E+07   -0.8669972E+08
  68      0.115378E+09   -0.1018511E+08   -0.8299585E+08
  69     -0.508594E+08   -0.2622991E+08   -0.4701241E+08
  70     -0.201197E+09   -0.4286177E+08   -0.1263869E+08
  71     -0.335785E+09   -0.8554543E+08    0.4520602E+08
  72     -0.441345E+09   -0.1380367E+09    0.1129038E+09
  73     -0.490091E+09   -0.2012408E+09    0.1549724E+09
  74     -0.462424E+09   -0.2525278E+09    0.1819533E+09
  75     -0.362394E+09   -0.2225746E+09    0.1202697E+09
  76     -0.262672E+09   -0.1943851E+09    0.6066893E+08
  77     -0.164878E+09   -0.1647720E+09    0.1174709E+08
  78     -0.716315E+08   -0.1367812E+09   -0.3402033E+08
  79      0.165988E+08   -0.1068472E+09   -0.5281117E+08
  80      0.102799E+09   -0.7622851E+08   -0.7138707E+08
  81      0.191924E+09   -0.4838196E+08   -0.6506546E+08
  82      0.291407E+09   -0.2016965E+08   -0.5884876E+08
  83      0.405967E+09   -0.7623959E+07   -0.3178561E+08
  84      0.548639E+09    0.3756122E+07   -0.4803823E+07
  85      0.668633E+09    0.2547099E+07   -0.1103876E+08
  86      0.555677E+09   -0.5180821E+07   -0.4860381E+08
  87      0.422537E+09   -0.1282993E+08   -0.8568433E+08
  88      0.260305E+09   -0.3486953E+08   -0.8209895E+08
  89      0.928022E+08   -0.5629775E+08   -0.7716897E+08
  90     -0.859277E+08   -0.8896673E+08   -0.2974334E+08
  91     -0.245664E+09   -0.1207698E+09    0.1325271E+08
  92     -0.395642E+09   -0.1845483E+09    0.9240126E+08
  93     -0.537188E+09   -0.2664748E+09    0.1976308E+09
  94     -0.521078E+09   -0.2994092E+09    0.2065681E+09
  95     -0.424004E+09   -0.3020749E+09    0.1754368E+09
  96     -0.302394E+09   -0.2546326E+09    0.9346948E+08
  97     -0.206385E+09   -0.2223570E+09    0.2845495E+08
  98     -0.119281E+09   -0.1902822E+09   -0.1688726E+08
  99     -0.398357E+08   -0.1572257E+09   -0.6304579E+08
 100      0.351771E+08   -0.1222688E+09   -0.8298332E+08
 101      0.108870E+09   -0.8629650E+08   -0.1024996E+09
 102      0.185663E+09   -0.5448959E+08   -0.9228435E+08
 103      0.274695E+09   -0.2218381E+08   -0.8186668E+08
 104      0.379251E+09   -0.8133722E+07   -0.4301744E+08
 105      0.509906E+09    0.4473316E+07   -0.4401166E+07
 106      0.716474E+09    0.3446488E+07   -0.8731811E+07
 107      0.584116E+09   -0.1010466E+08   -0.3495663E+08
 108      0.430172E+09   -0.2391572E+08   -0.6092586E+08
 109      0.249717E+09   -0.5751914E+08   -0.4752188E+08
 110      0.584419E+08   -0.9158349E+08   -0.3396714E+08
 111     -0.139746E+09   -0.1419852E+09    0.1998530E+08
 112     -0.315989E+09   -0.1936753E+09    0.7804299E+08
 113     -0.487534E+09   -0.2649958E+09    0.1636343E+09
 114     -0.572013E+09   -0.3370554E+09    0.2452118E+09
 115     -0.457843E+09   -0.3229526E+09    0.1910890E+09
 116     -0.343415E+09   -0.3036562E+09    0.1309204E+09
 117     -0.237711E+09   -0.2734795E+09    0.6207271E+08
 118     -0.148980E+09   -0.2454093E+09   -0.2586130E+07
 119     -0.712091E+08   -0.2101766E+09   -0.5206459E+08
 120     -0.447435E+07   -0.1750277E+09   -0.1011294E+09
 121      0.551808E+08   -0.1362753E+09   -0.1216439E+09
 122      0.111511E+09   -0.9695416E+08   -0.1418137E+09
 123      0.169991E+09   -0.6216510E+08   -0.1263234E+09
 124      0.240418E+09   -0.2714168E+08   -0.1102468E+09
 125      0.326806E+09   -0.1083650E+08   -0.5799928E+08
 126      0.444316E+09    0.4233931E+07   -0.6096302E+07
 127      0.761756E+09    0.5739597E+07   -0.6996803E+07
 128      0.612615E+09   -0.9509122E+07   -0.2176483E+08
 129      0.437528E+09   -0.2517857E+08   -0.3735432E+08
 130      0.237219E+09   -0.6685813E+08   -0.1398369E+08
 131      0.256528E+08   -0.1079706E+09    0.9535740E+07
 132     -0.192275E+09   -0.1737041E+09    0.7170353E+08
 133     -0.386717E+09   -0.2514164E+09    0.1486427E+09
 134     -0.590893E+09   -0.3131755E+09    0.2310637E+09
 135     -0.564337E+09   -0.3556405E+09    0.2752569E+09
 136     -0.395395E+09   -0.3329240E+09    0.1757817E+09
 137     -0.275785E+09   -0.3174690E+09    0.1012368E+09
 138     -0.174099E+09   -0.2892435E+09    0.3401619E+08
 139     -0.909421E+08   -0.2617595E+09   -0.3509025E+08
 140     -0.228605E+08   -0.2259204E+09   -0.8714869E+08
 141      0.306752E+08   -0.1896772E+09   -0.1391820E+09
 142      0.748694E+08   -0.1482886E+09   -0.1603945E+09
 143      0.113870E+09   -0.1061806E+09   -0.1812926E+09
 144      0.153933E+09   -0.6776003E+08   -0.1605099E+09
 145      0.205835E+09   -0.2844355E+08   -0.1389685E+09
 146      0.274787E+09   -0.1031136E+08   -0.7300939E+08
 147      0.377704E+09    0.5833479E+07   -0.7348173E+07
 148      0.767867E+09    0.6011983E+07   -0.6666591E+07
 149      0.611031E+09   -0.1350453E+08   -0.2525849E+07
 150      0.422027E+09   -0.3457532E+08    0.8921823E+06
 151      0.202824E+09   -0.8560813E+08    0.3518855E+08
 152     -0.262033E+08   -0.1345684E+09    0.6896330E+08
 153     -0.265117E+09   -0.2050978E+09    0.1439812E+09
 154     -0.498754E+09   -0.2888405E+09    0.2431849E+09
 155     -0.600543E+09   -0.3362260E+09    0.2662322E+09
 156     -0.464826E+09   -0.3617457E+09    0.2510368E+09
 157     -0.318268E+09   -0.3358440E+09    0.1596774E+09
 158     -0.199619E+09   -0.3202355E+09    0.8263970E+08
 159     -0.100714E+09   -0.2950870E+09    0.8523451E+07
 160     -0.248064E+08   -0.2693734E+09   -0.6575906E+08
 161      0.327159E+08   -0.2341641E+09   -0.1223605E+09
 162      0.715046E+08   -0.1987046E+09   -0.1789576E+09
 163      0.971705E+08   -0.1567651E+09   -0.2022195E+09
 164      0.113508E+09   -0.1141496E+09   -0.2252856E+09
 165      0.127771E+09   -0.7393058E+08   -0.1999891E+09
 166      0.151526E+09   -0.3303877E+08   -0.1737387E+09
 167      0.192151E+09   -0.1305473E+08   -0.9129260E+08
 168      0.271897E+09    0.5159227E+07   -0.9016750E+07
 169      0.773468E+09    0.7263775E+07   -0.5490247E+07
 170      0.608886E+09   -0.1469853E+08    0.1722203E+08
 171      0.405027E+09   -0.3829316E+08    0.3930593E+08
 172      0.169570E+09   -0.9073349E+08    0.8382044E+08
 173     -0.809163E+08   -0.1432439E+09    0.1285397E+09
 174     -0.338355E+09   -0.2170059E+09    0.2152039E+09
 175     -0.631117E+09   -0.2951546E+09    0.3319389E+09
 176     -0.584135E+09   -0.3236367E+09    0.3019804E+09
 177     -0.388719E+09   -0.3420475E+09    0.2342208E+09
 178     -0.242932E+09   -0.3263061E+09    0.1452365E+09
 179     -0.122597E+09   -0.3146407E+09    0.6312314E+08
 180     -0.270806E+08   -0.2909251E+09   -0.1690873E+08
 181      0.419935E+08   -0.2675189E+09   -0.9663912E+08
 182      0.886369E+08   -0.2346217E+09   -0.1577716E+09
 183      0.112499E+09   -0.2015496E+09   -0.2190361E+09
 184      0.119385E+09   -0.1607424E+09   -0.2443947E+09
 185      0.112884E+09   -0.1190610E+09   -0.2696923E+09
 186      0.101259E+09   -0.7726699E+08   -0.2398105E+09
 187      0.968299E+08   -0.3377669E+08   -0.2088013E+09
 188      0.109191E+09   -0.1204280E+08   -0.1095589E+09
 189      0.166547E+09    0.6926838E+07   -0.1034509E+08
 190      0.733137E+09    0.6960673E+07   -0.4972735E+07
 191      0.565784E+09   -0.1492680E+08    0.3965133E+08
 192      0.357133E+09   -0.3821185E+08    0.8336918E+08
 193      0.114785E+09   -0.9670936E+08    0.1399041E+09
 194     -0.153631E+09   -0.1566302E+09    0.2008379E+09
 195     -0.430274E+09   -0.2331791E+09    0.2879089E+09
 196     -0.668723E+09   -0.3088395E+09    0.3755204E+09
 197     -0.489578E+09   -0.3128934E+09    0.3065498E+09
 198     -0.307257E+09   -0.3138758E+09    0.2284681E+09
 199     -0.154832E+09   -0.3025297E+09    0.1353173E+09
 200     -0.353831E+08   -0.2918218E+09    0.4622787E+08
 201      0.559174E+08   -0.2703400E+09   -0.3748035E+08
 202      0.117706E+09   -0.2495471E+09   -0.1211175E+09
 203      0.153115E+09   -0.2212566E+09   -0.1861692E+09
 204      0.161629E+09   -0.1929572E+09   -0.2516191E+09
 205      0.147707E+09   -0.1566993E+09   -0.2810358E+09
 206      0.113824E+09   -0.1195007E+09   -0.3107374E+09
 207      0.684148E+08   -0.7952077E+08   -0.2794418E+09
 208      0.234401E+08   -0.3804786E+08   -0.2470143E+09
 209     -0.890019E+07   -0.1507734E+08   -0.1303350E+09
 210      0.126997E+08    0.5482178E+07   -0.1313465E+08
 211      0.696341E+09    0.9711797E+07   -0.5823251E+07
 212      0.521454E+09   -0.1589315E+08    0.6190723E+08
 213      0.310495E+09   -0.4491092E+08    0.1285301E+09
 214      0.582259E+08   -0.1050808E+09    0.1961283E+09
 215     -0.223700E+09   -0.1651683E+09    0.2710414E+09
 216     -0.530026E+09   -0.2222003E+09    0.3604971E+09
 217     -0.671582E+09   -0.2762362E+09    0.4231131E+09
 218     -0.408539E+09   -0.2794623E+09    0.3131868E+09
 219     -0.221001E+09   -0.2806290E+09    0.2226983E+09
 220     -0.654184E+08   -0.2636905E+09    0.1257643E+09
 221      0.533925E+08   -0.2484409E+09    0.2946191E+08
 222      0.139960E+09   -0.2295125E+09   -0.5809744E+08
 223      0.194384E+09   -0.2113059E+09   -0.1457684E+09
 224      0.218330E+09   -0.1906861E+09   -0.2149162E+09
 225      0.211182E+09   -0.1703139E+09   -0.2847304E+09
 226      0.176159E+09   -0.1425349E+09   -0.3183123E+09
 227      0.114401E+09   -0.1136695E+09   -0.3525059E+09
 228      0.350100E+08   -0.7741229E+08   -0.3196364E+09
 229     -0.507697E+08   -0.3838056E+08   -0.2856720E+09
 230     -0.127687E+09   -0.1407067E+08   -0.1513759E+09
 231     -0.140698E+09    0.6979731E+07   -0.1602196E+08
 232      0.605270E+09    0.6331111E+07   -0.1853095E+07
 233      0.430607E+09   -0.2081284E+08    0.8874826E+08
 234      0.231736E+09   -0.5045179E+08    0.1789986E+09
 235     -0.151350E+08   -0.1093653E+09    0.2527489E+09
 236     -0.293152E+09   -0.1718524E+09    0.3352405E+09
 237     -0.606763E+09   -0.2135640E+09    0.3963839E+09
 238     -0.551394E+09   -0.2466636E+09    0.4269429E+09
 239     -0.309613E+09   -0.2325707E+09    0.3038646E+09
 240     -0.119876E+09   -0.2193794E+09    0.2016862E+09
 241      0.305680E+08   -0.1963703E+09    0.1058894E+09
 242      0.144686E+09   -0.1749382E+09    0.1040731E+08
 243      0.224193E+09   -0.1587800E+09   -0.7317272E+08
 244      0.272461E+09   -0.1437763E+09   -0.1568632E+09
 245      0.287101E+09   -0.1341777E+09   -0.2251253E+09
 246      0.268281E+09   -0.1250959E+09   -0.2944786E+09
 247      0.214535E+09   -0.1112722E+09   -0.3337318E+09
 248      0.124702E+09   -0.9626308E+08   -0.3744327E+09
 249      0.521957E+07   -0.6933282E+08   -0.3473113E+09
 250     -0.135148E+09   -0.3938302E+08   -0.3197870E+09
 251     -0.278094E+09   -0.1600363E+08   -0.1722859E+09
 252     -0.358987E+09    0.4254895E+07   -0.2204690E+08
 253      0.510851E+09    0.1108847E+08    0.2092501E+07
 254      0.341694E+09   -0.1877149E+08    0.1153970E+09
 255      0.148692E+09   -0.5106560E+08    0.2293583E+09
 256     -0.893506E+08   -0.1159805E+09    0.3136322E+09
 257     -0.366075E+09   -0.1925850E+09    0.4110648E+09
 258     -0.678701E+09   -0.2200117E+09    0.4343426E+09
 259     -0.443474E+09   -0.2191047E+09    0.4223566E+09
 260     -0.206991E+09   -0.1634779E+09    0.2920467E+09
 261     -0.178220E+08   -0.1222981E+09    0.1812312E+09
 262      0.127680E+09   -0.9036198E+08    0.8590922E+08
 263      0.237095E+09   -0.5843128E+08   -0.8749189E+07
 264      0.309565E+09   -0.4591613E+08   -0.8824575E+08
 265      0.351700E+09   -0.3490548E+08   -0.1678995E+09
 266      0.357118E+09   -0.4153887E+08   -0.2355250E+09
 267      0.326271E+09   -0.4946414E+08   -0.3046122E+09
 268      0.253720E+09   -0.5764113E+08   -0.3500725E+09
 269      0.134406E+09   -0.6520830E+08   -0.3976849E+09
 270     -0.254061E+08   -0.5303757E+08   -0.3762928E+09
 271     -0.221564E+09   -0.3626085E+08   -0.3550252E+09
 272     -0.429396E+09   -0.1379403E+08   -0.1938083E+09
 273     -0.578884E+09    0.5711799E+07   -0.2854941E+08
 274      0.344450E+09    0.6939293E+07    0.7145737E+07
 275      0.203319E+09   -0.2515805E+08    0.1465323E+09
 276      0.431429E+08   -0.6376318E+08    0.2837228E+09
 277     -0.163204E+09   -0.1108597E+09    0.3578838E+09
 278     -0.441966E+09   -0.1585453E+09    0.4514180E+09
 279     -0.620987E+09   -0.1443697E+09    0.4158602E+09
 280     -0.332266E+09   -0.1146251E+09    0.3477613E+09
 281     -0.101208E+09   -0.4312515E+08    0.2298336E+09
 282      0.771541E+08    0.2147171E+08    0.1251227E+09
 283      0.208709E+09    0.6636142E+08    0.4454985E+08
 284      0.308660E+09    0.1096918E+09   -0.3445502E+08
 285      0.372320E+09    0.1176185E+09   -0.9485865E+08
 286      0.411624E+09    0.1238465E+09   -0.1553386E+09
 287      0.414076E+09    0.9711505E+08   -0.2099529E+09
 288      0.382805E+09    0.6874801E+08   -0.2663139E+09
 289      0.302960E+09    0.3038125E+08   -0.3153470E+09
 290      0.166751E+09   -0.7390612E+07   -0.3684599E+09
 291     -0.314471E+08   -0.2049091E+08   -0.3669753E+09
 292     -0.293948E+09   -0.2728031E+08   -0.3680374E+09
 293     -0.596469E+09   -0.1165898E+08   -0.2070200E+09
 294     -0.872443E+09   -0.2926744E+06   -0.3794502E+08
 295      0.183941E+09    0.1671882E+08    0.1316379E+08
 296      0.619526E+08   -0.2496362E+08    0.1782921E+09
 297     -0.700920E+08   -0.7013526E+08    0.3422499E+09
 298     -0.240122E+09   -0.9352843E+08    0.4041812E+09
 299     -0.522532E+09   -0.1103865E+09    0.4858393E+09
 300     -0.552091E+09   -0.3933751E+08    0.3988966E+09
 301     -0.223401E+09    0.3738376E+08    0.2816683E+09
 302      0.513115E+07    0.1396620E+09    0.1692277E+09
 303      0.172830E+09    0.2358437E+09    0.6731566E+08
 304      0.290300E+09    0.2954060E+09    0.2745037E+07
 305      0.380562E+09    0.3526248E+09   -0.6026048E+08
 306      0.435420E+09    0.3549503E+09   -0.1010054E+09
 307      0.472281E+09    0.3556143E+09   -0.1417422E+09
 308      0.472438E+09    0.3036036E+09   -0.1832230E+09
 309      0.441215E+09    0.2484890E+09   -0.2264839E+09
 310      0.355469E+09    0.1674496E+09   -0.2808417E+09
 311      0.198947E+09    0.8265191E+08   -0.3403633E+09
 312     -0.363355E+08    0.3043423E+08   -0.3609278E+09
 313     -0.373557E+09   -0.1618765E+08   -0.3850592E+09
 314     -0.766492E+09   -0.6602692E+07   -0.2217873E+09
 315     -0.116898E+10    0.5313588E+07   -0.4890339E+08
 316     -0.848092E+08   -0.5747391E+07    0.3540351E+08
 317     -0.118987E+09   -0.3464904E+08    0.2117057E+09
 318     -0.134454E+09   -0.7935057E+08    0.3744180E+09
 319     -0.249363E+09   -0.5218036E+08    0.3689540E+09
 320     -0.523733E+09   -0.6271066E+07    0.3887128E+09
 321     -0.405242E+09    0.1278728E+09    0.2731233E+09
 322     -0.109524E+09    0.2662169E+09    0.1365462E+09
 323      0.871407E+08    0.4009923E+09    0.4545651E+08
 324      0.228404E+09    0.5307639E+09   -0.3499738E+08
 325      0.321813E+09    0.6016725E+09   -0.6391795E+08
 326      0.397380E+09    0.6707102E+09   -0.9226098E+08
 327      0.442487E+09    0.6669037E+09   -0.9573426E+08
 328      0.479289E+09    0.6621480E+09   -0.9902038E+08
 329      0.484252E+09    0.5848519E+09   -0.1064448E+09
 330      0.468527E+09    0.5050422E+09   -0.1144583E+09
 331      0.398710E+09    0.3729183E+09   -0.1538167E+09
 332      0.261844E+09    0.2376177E+09   -0.2010940E+09
 333      0.148310E+08    0.1226883E+09   -0.2576369E+09
 334     -0.374087E+09    0.1963950E+08   -0.3297605E+09
 335     -0.907964E+09    0.3823839E+07   -0.2084173E+09
 336     -0.152275E+10   -0.1776224E+08   -0.6489949E+08
 337     -0.379233E+09    0.5499442E+08    0.7860700E+08
 338     -0.298189E+09   -0.3075459E+08    0.2529413E+09
 339     -0.241553E+09   -0.9042438E+08    0.4243857E+09
 340     -0.236434E+09    0.3380227E+08    0.3454363E+09
 341     -0.526378E+09    0.1558377E+09    0.2814880E+09
 342     -0.253985E+09    0.3907123E+09    0.1400278E+09
 343      0.958224E+07    0.6091556E+09   -0.1717334E+08
 344      0.170340E+09    0.7767976E+09   -0.8325395E+08
 345      0.283394E+09    0.9382528E+09   -0.1399886E+09
 346      0.351534E+09    0.1015910E+10   -0.1320377E+09
 347      0.412176E+09    0.1093000E+10   -0.1244082E+09
 348      0.447468E+09    0.1083527E+10   -0.8944073E+08
 349      0.484662E+09    0.1074624E+10   -0.5414794E+08
 350      0.495152E+09    0.9759974E+09   -0.2577153E+08
 351      0.497068E+09    0.8755506E+09    0.3282911E+07
 352      0.446551E+09    0.6883868E+09   -0.1986503E+08
 353      0.331296E+09    0.4836519E+09   -0.5014049E+08
 354      0.854727E+08    0.2803486E+09   -0.1604976E+09
 355     -0.401911E+09    0.5621707E+08   -0.2857453E+09
 356     -0.105384E+10    0.2188148E+08   -0.2023181E+09
 357     -0.190556E+10    0.2767352E+08   -0.1000070E+09
 358     -0.836532E+09   -0.7904771E+08    0.1171110E+09
 359     -0.434825E+09   -0.1739368E+08    0.2426288E+09
 360     -0.776900E+08    0.1435592E+08    0.3000780E+09
 361     -0.109790E+09    0.2513524E+09    0.1032324E+09
 362     -0.418584E+09    0.5294339E+09   -0.1841057E+08
 363     -0.127773E+09    0.8207076E+09   -0.1304904E+09
 364      0.706904E+08    0.1102511E+10   -0.2451482E+09
 365      0.179269E+09    0.1278757E+10   -0.2540243E+09
 366      0.257282E+09    0.1452033E+10   -0.2593188E+09
 367      0.301116E+09    0.1526374E+10   -0.2056699E+09
 368      0.345289E+09    0.1601849E+10   -0.1532898E+09
 369      0.371283E+09    0.1588467E+10   -0.7478709E+08
 370      0.404546E+09    0.1577129E+10    0.4044600E+07
 371      0.419084E+09    0.1470020E+10    0.8410811E+08
 372      0.436331E+09    0.1364002E+10    0.1666869E+09
 373      0.415346E+09    0.1138047E+10    0.2071720E+09
 374      0.359464E+09    0.9043252E+09    0.2519155E+09
 375      0.188365E+09    0.5601010E+09    0.1610027E+09
 376     -0.195838E+09    0.2262890E+09   -0.2761856E+07
 377     -0.102674E+10    0.6782982E+08   -0.8947980E+08
 378     -0.226503E+10   -0.9583809E+08   -0.1147550E+09
 379     -0.192891E+10    0.2785646E+09    0.5923303E+09
 380     -0.438890E+09    0.1474287E+09    0.3434184E+09
 381      0.192842E+09    0.2289263E+09    0.1106011E+08
 382      0.219889E+08    0.8325759E+09   -0.2144232E+09
 383     -0.309099E+09    0.1227287E+10   -0.3485382E+09
 384     -0.154625E+08    0.1508768E+10   -0.4197224E+09
 385      0.124189E+09    0.1793406E+10   -0.4809065E+09
 386      0.180041E+09    0.1945459E+10   -0.4296459E+09
 387      0.224977E+09    0.2097267E+10   -0.3792202E+09
 388      0.245495E+09    0.2153907E+10   -0.2795421E+09
 389      0.273758E+09    0.2214107E+10   -0.1816731E+09
 390      0.290592E+09    0.2200276E+10   -0.5932395E+08
 391      0.319325E+09    0.2190016E+10    0.6322324E+08
 392      0.336625E+09    0.2096745E+10    0.1970205E+09
 393      0.368636E+09    0.2009617E+10    0.3337967E+09
 394      0.373760E+09    0.1790500E+10    0.4487086E+09
 395      0.388984E+09    0.1577321E+10    0.5719562E+09
 396      0.290731E+09    0.1137579E+10    0.5415568E+09
 397      0.766546E+08    0.4849629E+09    0.4321933E+09
 398     -0.859077E+09    0.2554401E+09   -0.4933455E+08
 399     -0.321813E+10    0.2292785E+09   -0.4709973E+09
 400     -0.190136E+10   -0.4385460E+09   -0.8954827E+08
 401     -0.624268E+08    0.6644285E+09   -0.4185968E+09
 402      0.113211E+09    0.1728449E+10   -0.6039963E+09
 403      0.445131E+08    0.2005171E+10   -0.5102012E+09
 404     -0.188219E+09    0.2303163E+10   -0.5439260E+09
 405     -0.312418E+07    0.2471118E+10   -0.6052598E+09
 406      0.615784E+08    0.2654376E+10   -0.6147001E+09
 407      0.909456E+08    0.2742190E+10   -0.5192467E+09
 408      0.112563E+09    0.2829252E+10   -0.4319271E+09
 409      0.122839E+09    0.2858283E+10   -0.3100783E+09
 410      0.137211E+09    0.2890123E+10   -0.1898624E+09
 411      0.146049E+09    0.2879732E+10   -0.4716606E+08
 412      0.161087E+09    0.2872251E+10    0.9541955E+08
 413      0.170831E+09    0.2815829E+10    0.2594899E+09
 414      0.188458E+09    0.2764637E+10    0.4250119E+09
 415      0.195624E+09    0.2623433E+10    0.6053638E+09
 416      0.205266E+09    0.2495546E+10    0.7946810E+09
 417      0.184501E+09    0.2129417E+10    0.9337122E+09
 418      0.319127E+08    0.1764833E+10    0.1157148E+10
 419     -0.263123E+09    0.6988540E+09    0.7437505E+09
 420     -0.256602E+10   -0.3895180E+09    0.2066706E+09
 421     -0.125182E+10    0.4253738E+10   -0.9670060E+09
 422      0.159930E+09    0.4438574E+10   -0.1169060E+10
 423     -0.159577E+08    0.4536603E+10   -0.1041744E+10
 424      0.411796E+08    0.4055856E+10   -0.7158143E+09
 425     -0.617783E+08    0.3700665E+10   -0.6913449E+09
 426      0.965058E+07    0.3673768E+10   -0.7618618E+09
 427      0.841344E+06    0.3658318E+10   -0.7310579E+09
 428      0.564441E+07    0.3641128E+10   -0.5968023E+09
 429      0.433215E+07    0.3629311E+10   -0.4785874E+09
 430      0.467766E+07    0.3621291E+10   -0.3367906E+09
 431      0.522487E+07    0.3614790E+10   -0.1967846E+09
 432      0.611569E+07    0.3610967E+10   -0.3569728E+08
 433      0.754536E+07    0.3608534E+10    0.1250732E+09
 434      0.988003E+07    0.3608633E+10    0.3158138E+09
 435      0.120854E+08    0.3611389E+10    0.5074657E+09
 436      0.203946E+08    0.3617238E+10    0.7431042E+09
 437      0.164715E+08    0.3634668E+10    0.9915177E+09
 438      0.600831E+08    0.3648051E+10    0.1276076E+10
 439     -0.368366E+08    0.3743542E+10    0.1750314E+10
 440      0.191302E+09    0.3712123E+10    0.1587543E+10
 441     -0.129942E+10    0.3608475E+10    0.1166326E+10
