   1      0.846773E+09    0.3790959E+07   -0.1677083E+07
   2      0.760492E+09   -0.1172302E+07   -0.1726917E+07
   3      0.631719E+09   -0.7401604E+07   -0.2249096E+07
   4      0.462847E+09   -0.2644961E+08   -0.2936582E+07
   5      0.247449E+09   -0.4424503E+08   -0.3755137E+07
   6     -0.162343E+08   -0.6758392E+08   -0.2856574E+07
   7     -0.307608E+09   -0.9104720E+08   -0.2123568E+07
   8     -0.610398E+09   -0.1154845E+09    0.1554178E+06
   9     -0.908349E+09   -0.1453856E+09    0.7436094E+07
  10     -0.783960E+09   -0.1806914E+09    0.6448527E+07
  11     -0.626258E+09   -0.2070151E+09    0.5781978E+06
  12     -0.479731E+09   -0.1925271E+09    0.1339805E+06
  13     -0.345601E+09   -0.1812894E+09    0.2505914E+06
  14     -0.216420E+09   -0.1570863E+09    0.1814424E+06
  15     -0.932844E+08   -0.1325049E+09    0.1861503E+06
  16      0.294140E+08   -0.1019720E+09    0.1928817E+06
  17      0.154528E+09   -0.7125698E+08    0.1924825E+06
  18      0.285967E+09   -0.4468551E+08    0.1871160E+06
  19      0.430401E+09   -0.1804584E+08    0.9644666E+05
  20      0.588708E+09   -0.6682085E+07    0.1721760E+06
  21      0.769718E+09    0.3647960E+07    0.3445522E+06
  22      0.838098E+09    0.2651059E+07   -0.6906564E+05
  23      0.750909E+09   -0.8416017E+07    0.9079089E+07
  24      0.625054E+09   -0.1966004E+08    0.1820545E+08
  25      0.456362E+09   -0.4708230E+08    0.2418494E+08
  26      0.246143E+09   -0.7603208E+08    0.2992826E+08
  27     -0.158954E+08   -0.1097246E+09    0.2919849E+08
  28     -0.304193E+09   -0.1422110E+09    0.2798726E+08
  29     -0.608035E+09   -0.1683232E+09    0.2528844E+08
  30     -0.908741E+09   -0.1945714E+09    0.2544478E+08
  31     -0.767422E+09   -0.1996760E+09    0.1305690E+08
  32     -0.615741E+09   -0.2045719E+09   -0.1865946E+07
  33     -0.471644E+09   -0.1944475E+09   -0.1050823E+08
  34     -0.338811E+09   -0.1835161E+09   -0.1877094E+08
  35     -0.211345E+09   -0.1589386E+09   -0.2391876E+08
  36     -0.902290E+08   -0.1342453E+09   -0.2911201E+08
  37      0.300482E+08   -0.1036142E+09   -0.2986277E+08
  38      0.152449E+09   -0.7283670E+08   -0.3055008E+08
  39      0.281041E+09   -0.4618542E+08   -0.2573018E+08
  40      0.422756E+09   -0.1972146E+08   -0.2078176E+08
  41      0.578685E+09   -0.7943700E+07   -0.1082771E+08
  42      0.758072E+09    0.3085389E+07   -0.9826585E+06
  43      0.830228E+09    0.5826793E+07    0.8429978E+06
  44      0.742532E+09   -0.8266996E+07    0.2017340E+08
  45      0.618697E+09   -0.2486908E+08    0.4000087E+08
  46      0.450355E+09   -0.6182620E+08    0.5167975E+08
  47      0.244567E+09   -0.9701400E+08    0.6347820E+08
  48     -0.159021E+08   -0.1379141E+09    0.6206190E+08
  49     -0.301453E+09   -0.1807324E+09    0.5900111E+08
  50     -0.608433E+09   -0.2040039E+09    0.4958194E+08
  51     -0.909141E+09   -0.2229307E+09    0.4082985E+08
  52     -0.750138E+09   -0.2197400E+09    0.1826284E+08
  53     -0.604678E+09   -0.2189674E+09   -0.4230758E+07
  54     -0.463277E+09   -0.2064532E+09   -0.2107074E+08
  55     -0.331997E+09   -0.1932019E+09   -0.3764454E+08
  56     -0.206293E+09   -0.1673502E+09   -0.4790127E+08
  57     -0.872448E+08   -0.1410872E+09   -0.5828087E+08
  58      0.306162E+08   -0.1087541E+09   -0.5977554E+08
  59      0.150332E+09   -0.7617881E+08   -0.6113906E+08
  60      0.276134E+09   -0.4784013E+08   -0.5148056E+08
  61      0.415247E+09   -0.1937915E+08   -0.4157777E+08
  62      0.568869E+09   -0.7157856E+07   -0.2165744E+08
  63      0.746767E+09    0.3929510E+07   -0.1943735E+07
  64      0.788633E+09    0.4686040E+07    0.1792459E+07
  65      0.707928E+09   -0.1248245E+08    0.3742721E+08
  66      0.589739E+09   -0.3062329E+08    0.7369410E+08
  67      0.433059E+09   -0.7191812E+08    0.9244531E+08
  68      0.234275E+09   -0.1145061E+09    0.1116456E+09
  69     -0.957197E+07   -0.1603414E+09    0.1065989E+09
  70     -0.282528E+09   -0.2064835E+09    0.9946159E+08
  71     -0.582013E+09   -0.2295085E+09    0.7007901E+08
  72     -0.876393E+09   -0.2480242E+09    0.4005440E+08
  73     -0.724438E+09   -0.2413353E+09    0.1238720E+08
  74     -0.579433E+09   -0.2370011E+09   -0.1349076E+08
  75     -0.440256E+09   -0.2217349E+09   -0.3626535E+08
  76     -0.312228E+09   -0.2061326E+09   -0.5945217E+08
  77     -0.191083E+09   -0.1786842E+09   -0.7505964E+08
  78     -0.779945E+08   -0.1507628E+09   -0.9064246E+08
  79      0.326397E+08   -0.1167218E+09   -0.9310363E+08
  80      0.144061E+09   -0.8240879E+08   -0.9536888E+08
  81      0.261017E+09   -0.5236199E+08   -0.8056710E+08
  82      0.391534E+09   -0.2243228E+08   -0.6533328E+08
  83      0.537575E+09   -0.8995675E+07   -0.3402841E+08
  84      0.710185E+09    0.3531022E+07   -0.3049678E+07
  85      0.747698E+09    0.7324436E+07    0.2310283E+07
  86      0.672266E+09   -0.1036646E+08    0.5432047E+08
  87      0.561533E+09   -0.3014365E+08    0.1064822E+09
  88      0.415356E+09   -0.7767831E+08    0.1334419E+09
  89      0.224439E+09   -0.1258722E+09    0.1609999E+09
  90     -0.225130E+07   -0.1753704E+09    0.1502071E+09
  91     -0.263338E+09   -0.2239079E+09    0.1383887E+09
  92     -0.552630E+09   -0.2526307E+09    0.9175096E+08
  93     -0.846302E+09   -0.2778938E+09    0.4152256E+08
  94     -0.699707E+09   -0.2673839E+09    0.6835436E+07
  95     -0.555054E+09   -0.2592104E+09   -0.2313073E+08
  96     -0.417631E+09   -0.2422825E+09   -0.5160643E+08
  97     -0.292572E+09   -0.2247314E+09   -0.8144388E+08
  98     -0.175947E+09   -0.1947579E+09   -0.1023804E+09
  99     -0.688150E+08   -0.1643575E+09   -0.1231796E+09
 100      0.345728E+08   -0.1273196E+09   -0.1265963E+09
 101      0.137696E+09   -0.8989374E+08   -0.1297500E+09
 102      0.245839E+09   -0.5659411E+08   -0.1097539E+09
 103      0.367829E+09   -0.2292429E+08   -0.8913756E+08
 104      0.506589E+09   -0.8341753E+07   -0.4637019E+08
 105      0.673600E+09    0.4745705E+07   -0.4048088E+07
 106      0.664577E+09    0.4957092E+07    0.4387630E+07
 107      0.602077E+09   -0.1512738E+08    0.7415379E+08
 108      0.508982E+09   -0.3644433E+08    0.1445392E+09
 109      0.379099E+09   -0.8362551E+08    0.1805371E+09
 110      0.215124E+09   -0.1313981E+09    0.2159216E+09
 111      0.135663E+08   -0.1839176E+09    0.2009529E+09
 112     -0.224745E+09   -0.2377852E+09    0.1861374E+09
 113     -0.486234E+09   -0.2697445E+09    0.1213227E+09
 114     -0.764297E+09   -0.2968046E+09    0.4716247E+08
 115     -0.667741E+09   -0.2887388E+09   -0.2849863E+06
 116     -0.518912E+09   -0.2824484E+09   -0.3660177E+08
 117     -0.381505E+09   -0.2628907E+09   -0.7087207E+08
 118     -0.260302E+09   -0.2433078E+09   -0.1078103E+09
 119     -0.150360E+09   -0.2111696E+09   -0.1342201E+09
 120     -0.527195E+08   -0.1786597E+09   -0.1605080E+09
 121      0.387110E+08   -0.1392390E+09   -0.1654285E+09
 122      0.127571E+09   -0.9938395E+08   -0.1700886E+09
 123      0.219922E+09   -0.6337106E+08   -0.1448075E+09
 124      0.325711E+09   -0.2715918E+08   -0.1186388E+09
 125      0.449245E+09   -0.1063511E+08   -0.6145841E+08
 126      0.608150E+09    0.4543428E+07   -0.4834543E+07
 127      0.579551E+09    0.8320242E+07    0.6272095E+07
 128      0.532974E+09   -0.1238208E+08    0.9402582E+08
 129      0.455062E+09   -0.3642056E+08    0.1834099E+09
 130      0.343210E+09   -0.8986309E+08    0.2274475E+09
 131      0.206568E+09   -0.1413513E+09    0.2695212E+09
 132      0.280491E+08   -0.1965212E+09    0.2524199E+09
 133     -0.184507E+09   -0.2527378E+09    0.2351602E+09
 134     -0.418917E+09   -0.2863160E+09    0.1499033E+09
 135     -0.678121E+09   -0.3168988E+09    0.5158128E+08
 136     -0.638588E+09   -0.3119290E+09   -0.6585371E+07
 137     -0.482514E+09   -0.3071292E+09   -0.4878980E+08
 138     -0.345059E+09   -0.2849402E+09   -0.8991058E+08
 139     -0.227832E+09   -0.2631964E+09   -0.1344185E+09
 140     -0.124710E+09   -0.2287418E+09   -0.1663142E+09
 141     -0.366221E+08   -0.1940270E+09   -0.1981480E+09
 142      0.427635E+08   -0.1518136E+09   -0.2045608E+09
 143      0.117326E+09   -0.1090216E+09   -0.2107116E+09
 144      0.193873E+09   -0.6924548E+08   -0.1801261E+09
 145      0.283478E+09   -0.2855842E+08   -0.1483414E+09
 146      0.391708E+09   -0.1025728E+08   -0.7646928E+08
 147      0.543844E+09    0.5937689E+07   -0.5327803E+07
 148      0.447223E+09    0.6604689E+07    0.6921411E+07
 149      0.423394E+09   -0.1642410E+08    0.1166412E+09
 150      0.371201E+09   -0.4135116E+08    0.2277378E+09
 151      0.293669E+09   -0.9418732E+08    0.2787272E+09
 152      0.192921E+09   -0.1477564E+09    0.3287177E+09
 153      0.502356E+08   -0.2032539E+09    0.3062358E+09
 154     -0.121110E+09   -0.2572150E+09    0.2829214E+09
 155     -0.320233E+09   -0.2930149E+09    0.1850534E+09
 156     -0.542133E+09   -0.3290269E+09    0.7256629E+08
 157     -0.584653E+09   -0.3301787E+09   -0.6792066E+07
 158     -0.429552E+09   -0.3282140E+09   -0.6784461E+08
 159     -0.295323E+09   -0.3016659E+09   -0.1140995E+09
 160     -0.183071E+09   -0.2771044E+09   -0.1647639E+09
 161     -0.885476E+08   -0.2415751E+09   -0.2016367E+09
 162     -0.126405E+08   -0.2058177E+09   -0.2387509E+09
 163      0.505352E+08   -0.1625280E+09   -0.2475949E+09
 164      0.104734E+09   -0.1185350E+09   -0.2562688E+09
 165      0.157578E+09   -0.7691142E+08   -0.2210065E+09
 166      0.220782E+09   -0.3464822E+08   -0.1844211E+09
 167      0.301755E+09   -0.1370722E+08   -0.9556546E+08
 168      0.441568E+09    0.5386580E+07   -0.7285891E+07
 169      0.317147E+09    0.7645389E+07    0.8825174E+07
 170      0.312850E+09   -0.1611048E+08    0.1394651E+09
 171      0.288408E+09   -0.4220798E+08    0.2707570E+09
 172      0.243220E+09   -0.9550503E+08    0.3302197E+09
 173      0.177424E+09   -0.1490613E+09    0.3900689E+09
 174      0.752981E+08   -0.2040591E+09    0.3606233E+09
 175     -0.592359E+08   -0.2560762E+09    0.3307977E+09
 176     -0.221043E+09   -0.2989071E+09    0.2230084E+09
 177     -0.404546E+09   -0.3494146E+09    0.9888320E+08
 178     -0.530779E+09   -0.3570097E+09   -0.7916834E+07
 179     -0.376619E+09   -0.3496321E+09   -0.9264817E+08
 180     -0.245304E+09   -0.3117019E+09   -0.1397330E+09
 181     -0.137852E+09   -0.2828419E+09   -0.1951472E+09
 182     -0.521673E+08   -0.2484593E+09   -0.2374762E+09
 183      0.114103E+08   -0.2130027E+09   -0.2798523E+09
 184      0.581938E+08   -0.1698431E+09   -0.2911101E+09
 185      0.918893E+08   -0.1257203E+09   -0.3022738E+09
 186      0.120920E+09   -0.8192786E+08   -0.2621474E+09
 187      0.157792E+09   -0.3668843E+08   -0.2206074E+09
 188      0.211658E+09   -0.1366055E+08   -0.1148397E+09
 189      0.339439E+09    0.6771510E+07   -0.9467933E+07
 190      0.127627E+09    0.6501122E+07    0.1302374E+08
 191      0.160536E+09   -0.1899098E+08    0.1643848E+09
 192      0.179759E+09   -0.4758942E+08    0.3165956E+09
 193      0.180692E+09   -0.9927811E+08    0.3789946E+09
 194      0.162520E+09   -0.1479609E+09    0.4398446E+09
 195      0.109434E+09   -0.1939491E+09    0.4074744E+09
 196      0.143837E+08   -0.2406193E+09    0.3746819E+09
 197     -0.107627E+09   -0.2784294E+09    0.2625437E+09
 198     -0.255217E+09   -0.3205143E+09    0.1407524E+09
 199     -0.394170E+09   -0.3317320E+09   -0.1446135E+07
 200     -0.323679E+09   -0.3329539E+09   -0.1229978E+09
 201     -0.189213E+09   -0.3006554E+09   -0.1678731E+09
 202     -0.854611E+08   -0.2736180E+09   -0.2243397E+09
 203     -0.724675E+07   -0.2413229E+09   -0.2699887E+09
 204      0.438132E+08   -0.2090252E+09   -0.3159874E+09
 205      0.721423E+08   -0.1693323E+09   -0.3312590E+09
 206      0.802859E+08   -0.1285502E+09   -0.3467211E+09
 207      0.770868E+08   -0.8566369E+08   -0.3046324E+09
 208      0.749850E+08   -0.4127032E+08   -0.2612967E+09
 209      0.865994E+08   -0.1643821E+08   -0.1375550E+09
 210      0.179182E+09    0.5864439E+07   -0.1347413E+08
 211     -0.621932E+08    0.8334216E+07    0.1651276E+08
 212      0.838405E+07   -0.1762468E+08    0.1897227E+09
 213      0.691252E+08   -0.4757905E+08    0.3641087E+09
 214      0.118267E+09   -0.9446570E+08    0.4286621E+09
 215      0.149420E+09   -0.1379613E+09    0.4898230E+09
 216      0.140342E+09   -0.1725046E+09    0.4551720E+09
 217      0.903804E+08   -0.2056339E+09    0.4199653E+09
 218      0.572475E+07   -0.2324377E+09    0.3017763E+09
 219     -0.108224E+09   -0.2619487E+09    0.1801268E+09
 220     -0.244940E+09   -0.2817098E+09    0.7106311E+07
 221     -0.278343E+09   -0.2974383E+09   -0.1513773E+09
 222     -0.135731E+09   -0.2680558E+09   -0.1976110E+09
 223     -0.320594E+08   -0.2408774E+09   -0.2532140E+09
 224      0.381097E+08   -0.2154604E+09   -0.3026259E+09
 225      0.766418E+08   -0.1905482E+09   -0.3527270E+09
 226      0.860946E+08   -0.1582736E+09   -0.3721582E+09
 227      0.682912E+08   -0.1248438E+09   -0.3920386E+09
 228      0.325513E+08   -0.8435988E+08   -0.3478912E+09
 229     -0.845132E+07   -0.4084185E+08   -0.3026920E+09
 230     -0.389193E+08   -0.1480512E+08   -0.1603550E+09
 231      0.185068E+08    0.7690242E+07   -0.1693739E+08
 232     -0.318061E+09    0.5028390E+07    0.2335890E+08
 233     -0.184540E+09   -0.2074404E+08    0.2146467E+09
 234     -0.550246E+08   -0.5027900E+08    0.4048005E+09
 235      0.608498E+08   -0.8551389E+08    0.4606412E+09
 236      0.146780E+09   -0.1175732E+09    0.5153613E+09
 237      0.180748E+09   -0.1326879E+09    0.4710868E+09
 238      0.176124E+09   -0.1449569E+09    0.4268737E+09
 239      0.119682E+09   -0.1498349E+09    0.3119848E+09
 240      0.358956E+08   -0.1566150E+09    0.1960281E+09
 241     -0.696870E+08   -0.1793156E+09    0.3179767E+08
 242     -0.145780E+09   -0.2050539E+09   -0.1369512E+09
 243     -0.781653E+08   -0.1952419E+09   -0.2116809E+09
 244      0.208059E+08   -0.1804827E+09   -0.2745150E+09
 245      0.866912E+08   -0.1628562E+09   -0.3182828E+09
 246      0.116517E+09   -0.1483495E+09   -0.3677905E+09
 247      0.109991E+09   -0.1293497E+09   -0.3927456E+09
 248      0.657703E+08   -0.1091590E+09   -0.4191952E+09
 249     -0.900687E+07   -0.7731603E+08   -0.3805638E+09
 250     -0.104195E+09   -0.4222827E+08   -0.3413004E+09
 251     -0.199637E+09   -0.1687381E+08   -0.1831058E+09
 252     -0.211839E+09    0.5047877E+07   -0.2231906E+08
 253     -0.573128E+09    0.5857168E+07    0.3185683E+08
 254     -0.378821E+09   -0.1992077E+08    0.2407050E+09
 255     -0.180687E+09   -0.4913759E+08    0.4469470E+09
 256      0.227575E+07   -0.6726580E+08    0.4948490E+09
 257      0.141818E+09   -0.7952098E+08    0.5425600E+09
 258      0.223941E+09   -0.6112970E+08    0.4880918E+09
 259      0.261881E+09   -0.4240781E+08    0.4348590E+09
 260      0.234851E+09   -0.2678230E+08    0.3226657E+09
 261      0.183402E+09   -0.9883374E+07    0.2109029E+09
 262      0.985354E+08   -0.2519213E+08    0.5785099E+08
 263      0.953668E+07   -0.5772942E+08   -0.1113984E+09
 264     -0.170047E+08   -0.8484806E+08   -0.2242013E+09
 265      0.647461E+08   -0.8780940E+08   -0.3068598E+09
 266      0.135542E+09   -0.7295901E+08   -0.3366680E+09
 267      0.157604E+09   -0.7252519E+08   -0.3823745E+09
 268      0.134479E+09   -0.7663522E+08   -0.4145002E+09
 269      0.626708E+08   -0.7885826E+08   -0.4477337E+09
 270     -0.514448E+08   -0.6179702E+08   -0.4145383E+09
 271     -0.202110E+09   -0.3950447E+08   -0.3811682E+09
 272     -0.361725E+09   -0.1443336E+08   -0.2065383E+09
 273     -0.442582E+09    0.7107718E+07   -0.2788852E+08
 274     -0.910016E+09   -0.1732165E+07    0.4748832E+08
 275     -0.592127E+09   -0.1918817E+08    0.2580965E+09
 276     -0.286495E+09   -0.4179826E+08    0.4613638E+09
 277     -0.254240E+08   -0.2843190E+08    0.4789159E+09
 278      0.167253E+09   -0.7473178E+07    0.4988849E+09
 279      0.283033E+09    0.5076497E+08    0.4349402E+09
 280      0.340351E+09    0.1109261E+09    0.3758659E+09
 281      0.330620E+09    0.1601428E+09    0.2814773E+09
 282      0.296037E+09    0.2066924E+09    0.1874789E+09
 283      0.221313E+09    0.2029239E+09    0.6708931E+08
 284      0.157097E+09    0.1925952E+09   -0.5946569E+08
 285      0.100613E+09    0.1413541E+09   -0.1777260E+09
 286      0.112104E+09    0.9594845E+08   -0.2838549E+09
 287      0.170244E+09    0.7261380E+08   -0.3139544E+09
 288      0.194979E+09    0.4694557E+08   -0.3495536E+09
 289      0.169964E+09    0.1317202E+08   -0.3835079E+09
 290      0.827333E+08   -0.2094125E+08   -0.4231262E+09
 291     -0.694425E+08   -0.2922085E+08   -0.4099080E+09
 292     -0.287455E+09   -0.3106784E+08   -0.3989568E+09
 293     -0.545092E+09   -0.1310036E+08   -0.2221800E+09
 294     -0.751015E+09    0.2957010E+06   -0.3724904E+08
 295     -0.124959E+10    0.4888273E+07    0.6569575E+08
 296     -0.808914E+09   -0.1529658E+08    0.2785928E+09
 297     -0.399867E+09   -0.3336382E+08    0.4822494E+09
 298     -0.513139E+08    0.2989498E+08    0.4669051E+09
 299      0.192866E+09    0.1022520E+09    0.4560388E+09
 300      0.345826E+09    0.2237923E+09    0.3823407E+09
 301      0.419579E+09    0.3391494E+09    0.3150639E+09
 302      0.428194E+09    0.4251741E+09    0.2383856E+09
 303      0.406535E+09    0.5093430E+09    0.1628670E+09
 304      0.344998E+09    0.5232114E+09    0.7432402E+08
 305      0.290984E+09    0.5333637E+09   -0.1529370E+08
 306      0.225125E+09    0.4580631E+09   -0.1243503E+09
 307      0.179421E+09    0.3736675E+09   -0.2411623E+09
 308      0.203497E+09    0.2921537E+09   -0.2900761E+09
 309      0.226022E+09    0.2239249E+09   -0.3241874E+09
 310      0.207826E+09    0.1535908E+09   -0.3545590E+09
 311      0.102440E+09    0.7165550E+08   -0.3988082E+09
 312     -0.861219E+08    0.2250532E+08   -0.4085795E+09
 313     -0.380483E+09   -0.2019602E+08   -0.4209564E+09
 314     -0.731613E+09   -0.7724220E+07   -0.2395110E+09
 315     -0.106248E+10    0.6650417E+07   -0.4814286E+08
 316     -0.166222E+10   -0.2611440E+08    0.9474107E+08
 317     -0.986425E+09   -0.3776933E+07    0.2644491E+09
 318     -0.414735E+09    0.1259035E+08    0.4111104E+09
 319     -0.400842E+07    0.1495927E+09    0.3334232E+09
 320      0.259335E+09    0.2995591E+09    0.2751338E+09
 321      0.399575E+09    0.4811375E+09    0.2140829E+09
 322      0.464077E+09    0.6599005E+09    0.1619996E+09
 323      0.465828E+09    0.7789328E+09    0.1280061E+09
 324      0.444330E+09    0.8942858E+09    0.9412702E+08
 325      0.388751E+09    0.9172176E+09    0.5489426E+08
 326      0.343809E+09    0.9388182E+09    0.1391874E+08
 327      0.291074E+09    0.8647253E+09   -0.4358715E+08
 328      0.261365E+09    0.7841007E+09   -0.1060284E+09
 329      0.245889E+09    0.6382802E+09   -0.1555302E+09
 330      0.253163E+09    0.5001313E+09   -0.1960942E+09
 331      0.239496E+09    0.3684125E+09   -0.2239074E+09
 332      0.155234E+09    0.2311450E+09   -0.2614238E+09
 333     -0.457190E+08    0.1180506E+09   -0.3062920E+09
 334     -0.393656E+09    0.1610646E+08   -0.3679065E+09
 335     -0.891351E+09    0.2221613E+07   -0.2282319E+09
 336     -0.144396E+10   -0.1771355E+08   -0.6542286E+08
 337     -0.211311E+10    0.2676703E+08    0.1509817E+09
 338     -0.116606E+10    0.1788780E+08    0.2594038E+09
 339     -0.462219E+09    0.5771758E+08    0.3514769E+09
 340      0.659888E+08    0.3406338E+09    0.2069840E+09
 341      0.331862E+09    0.5992845E+09    0.8186835E+08
 342      0.457439E+09    0.8658697E+09    0.3956065E+08
 343      0.511088E+09    0.1110583E+10    0.4179400E+07
 344      0.501028E+09    0.1252394E+10    0.1555930E+08
 345      0.481445E+09    0.1391270E+10    0.2607069E+08
 346      0.429441E+09    0.1423051E+10    0.3544062E+08
 347      0.395747E+09    0.1456925E+10    0.4293829E+08
 348      0.348954E+09    0.1383447E+10    0.3414209E+08
 349      0.332461E+09    0.1307878E+10    0.2492897E+08
 350      0.297010E+09    0.1127864E+10   -0.8571147E+07
 351      0.296789E+09    0.9396497E+09   -0.4316702E+08
 352      0.276276E+09    0.7063634E+09   -0.8275225E+08
 353      0.210549E+09    0.4731451E+09   -0.1211471E+09
 354      0.110169E+08    0.2798871E+09   -0.2140405E+09
 355     -0.434867E+09    0.5629527E+08   -0.3266934E+09
 356     -0.105531E+10    0.2156534E+08   -0.2248212E+09
 357     -0.185721E+10    0.2771520E+08   -0.1021559E+09
 358     -0.252170E+10   -0.1229817E+09    0.1770766E+09
 359     -0.113809E+10    0.7627637E+08    0.1235759E+09
 360     -0.237079E+09    0.2707576E+09    0.9979521E+07
 361      0.174119E+09    0.6852238E+09   -0.1806034E+09
 362      0.360828E+09    0.1107715E+10   -0.2842623E+09
 363      0.425515E+09    0.1402923E+10   -0.2413437E+09
 364      0.454207E+09    0.1690655E+10   -0.2034253E+09
 365      0.430893E+09    0.1836267E+10   -0.1276501E+09
 366      0.414675E+09    0.1983354E+10   -0.5583794E+08
 367      0.370502E+09    0.2014440E+10    0.6069698E+07
 368      0.344324E+09    0.2046467E+10    0.6632485E+08
 369      0.307811E+09    0.1973316E+10    0.1095341E+09
 370      0.299048E+09    0.1902018E+10    0.1526836E+09
 371      0.281344E+09    0.1723927E+10    0.1781369E+09
 372      0.290711E+09    0.1545833E+10    0.2061610E+09
 373      0.280352E+09    0.1251256E+10    0.2094931E+09
 374      0.251346E+09    0.9486318E+09    0.2199834E+09
 375      0.114155E+09    0.5792102E+09    0.1267961E+09
 376     -0.235933E+09    0.2265925E+09   -0.3970287E+08
 377     -0.104260E+10    0.6964556E+08   -0.1094398E+09
 378     -0.225541E+10   -0.9607023E+08   -0.1167376E+09
 379     -0.355834E+10    0.2570108E+09    0.6120425E+09
 380     -0.951770E+09    0.3033204E+09    0.6170532E+08
 381      0.515013E+08    0.5935811E+09   -0.5132221E+09
 382      0.275531E+09    0.1366633E+10   -0.6291547E+09
 383      0.385794E+09    0.1890427E+10   -0.6638920E+09
 384      0.380363E+09    0.2159844E+10   -0.5308171E+09
 385      0.387241E+09    0.2434873E+10   -0.4087316E+09
 386      0.354337E+09    0.2556689E+10   -0.2690325E+09
 387      0.343362E+09    0.2684571E+10   -0.1343439E+09
 388      0.308933E+09    0.2706629E+10   -0.2040958E+08
 389      0.288454E+09    0.2732564E+10    0.9305778E+08
 390      0.264134E+09    0.2664383E+10    0.1873793E+09
 391      0.260224E+09    0.2598635E+10    0.2813771E+09
 392      0.255794E+09    0.2435563E+10    0.3629193E+09
 393      0.269681E+09    0.2277732E+10    0.4485398E+09
 394      0.277072E+09    0.1988893E+10    0.5169195E+09
 395      0.302549E+09    0.1706880E+10    0.5917310E+09
 396      0.222167E+09    0.1212447E+10    0.5348198E+09
 397      0.316684E+08    0.5074616E+09    0.4007163E+09
 398     -0.893594E+09    0.2638408E+09   -0.6683073E+08
 399     -0.325182E+10    0.2228460E+09   -0.4707519E+09
 400     -0.277943E+10   -0.4557061E+09   -0.1710105E+09
 401     -0.325593E+09    0.8387578E+09   -0.8318337E+09
 402     -0.368288E+07    0.2080315E+10   -0.1292819E+10
 403      0.162021E+09    0.2485164E+10   -0.1061827E+10
 404      0.189159E+09    0.2908995E+10   -0.9226318E+09
 405      0.190663E+09    0.3078147E+10   -0.7233389E+09
 406      0.192537E+09    0.3266955E+10   -0.5331693E+09
 407      0.177513E+09    0.3350715E+10   -0.3551083E+09
 408      0.174530E+09    0.3441225E+10   -0.1790225E+09
 409      0.158761E+09    0.3451638E+10   -0.2749910E+08
 410      0.147140E+09    0.3462526E+10    0.1223255E+09
 411      0.137243E+09    0.3404512E+10    0.2490114E+09
 412      0.134150E+09    0.3349448E+10    0.3752881E+09
 413      0.134707E+09    0.3223093E+10    0.4956640E+09
 414      0.139130E+09    0.3100396E+10    0.6169363E+09
 415      0.149192E+09    0.2884959E+10    0.7473092E+09
 416      0.165414E+09    0.2684426E+10    0.8882512E+09
 417      0.151082E+09    0.2254961E+10    0.9934197E+09
 418      0.103611E+08    0.1823581E+10    0.1185328E+10
 419     -0.285633E+09    0.7221187E+09    0.7568510E+09
 420     -0.259492E+10   -0.3967271E+09    0.2082688E+09
 421     -0.135147E+10    0.4406624E+10   -0.1097564E+10
 422      0.128407E+09    0.4320390E+10   -0.1688549E+10
 423     -0.694348E+08    0.4179015E+10   -0.1909289E+10
 424      0.311389E+08    0.4072057E+10   -0.1427908E+10
 425     -0.716851E+07    0.4062950E+10   -0.1148525E+10
 426      0.537314E+07    0.4109935E+10   -0.8929735E+09
 427      0.352584E+07    0.4165671E+10   -0.6465969E+09
 428      0.587374E+07    0.4205586E+10   -0.4325812E+09
 429      0.991058E+07    0.4246464E+10   -0.2191661E+09
 430      0.121009E+08    0.4244152E+10   -0.3054630E+08
 431      0.110958E+08    0.4242260E+10    0.1544777E+09
 432      0.140465E+08    0.4195239E+10    0.3115498E+09
 433      0.134207E+08    0.4149961E+10    0.4689660E+09
 434      0.172066E+08    0.4071495E+10    0.6250674E+09
 435      0.138912E+08    0.3994164E+10    0.7797723E+09
 436      0.228099E+08    0.3915765E+10    0.9599649E+09
 437      0.194972E+08    0.3850779E+10    0.1157503E+10
 438      0.604536E+08    0.3788130E+10    0.1401464E+10
 439     -0.348255E+08    0.3806949E+10    0.1840568E+10
 440      0.185615E+09    0.3723590E+10    0.1638340E+10
 441     -0.131712E+10    0.3570408E+10    0.1177063E+10
