   1      0.644442E+08    0.1035899E+08   -0.2999423E+06
   2     -0.262679E+08   -0.2134673E+08    0.1994469E+07
   3     -0.721941E+08   -0.5646270E+08    0.3554201E+07
   4     -0.785652E+08   -0.1238103E+09    0.3459986E+07
   5     -0.595154E+08   -0.1901561E+09    0.4264551E+07
   6     -0.308581E+08   -0.2617946E+09    0.3750313E+07
   7      0.518249E+07   -0.3318405E+09    0.2904076E+07
   8      0.428795E+08   -0.3843456E+09    0.2426642E+07
   9      0.769290E+08   -0.4373552E+09    0.2430981E+07
  10      0.110144E+09   -0.4621995E+09    0.1147642E+07
  11      0.116348E+09   -0.4856369E+09   -0.1305888E+05
  12      0.124665E+09   -0.4726389E+09   -0.9083046E+06
  13      0.110042E+09   -0.4589939E+09   -0.1852664E+07
  14      0.847834E+08   -0.4119042E+09   -0.2546249E+07
  15      0.459989E+08   -0.3641169E+09   -0.3154153E+07
  16      0.460411E+07   -0.2962015E+09   -0.2424694E+07
  17     -0.512049E+08   -0.2284814E+09   -0.2919855E+07
  18     -0.979760E+08   -0.1498049E+09   -0.5009907E+07
  19     -0.127692E+09   -0.6515555E+08   -0.6227657E+07
  20     -0.143050E+09   -0.2188778E+08   -0.1829836E+07
  21     -0.108609E+09    0.1436273E+08    0.2439012E+07
  22      0.284385E+08    0.6617106E+07    0.3946437E+07
  23     -0.495897E+08   -0.1884532E+08    0.2754223E+08
  24     -0.854544E+08   -0.4672515E+08    0.5024942E+08
  25     -0.854612E+08   -0.1018994E+09    0.5648030E+08
  26     -0.625408E+08   -0.1558964E+09    0.6375435E+08
  27     -0.278505E+08   -0.2140158E+09    0.6100635E+08
  28      0.129186E+08   -0.2723714E+09    0.5775316E+08
  29      0.539058E+08   -0.3176321E+09    0.4642881E+08
  30      0.907641E+08   -0.3613263E+09    0.3511783E+08
  31      0.123534E+09   -0.3809026E+09    0.2092515E+08
  32      0.134309E+09   -0.4009998E+09    0.6277177E+07
  33      0.140519E+09   -0.3923004E+09   -0.1048332E+08
  34      0.125458E+09   -0.3830150E+09   -0.2653417E+08
  35      0.993950E+08   -0.3448003E+09   -0.4096841E+08
  36      0.573957E+08   -0.3052635E+09   -0.5565196E+08
  37      0.105034E+08   -0.2441126E+09   -0.6212289E+08
  38     -0.473772E+08   -0.1823122E+09   -0.6920736E+08
  39     -0.101340E+09   -0.1198362E+09   -0.6624127E+08
  40     -0.144133E+09   -0.5626747E+08   -0.6235221E+08
  41     -0.173773E+09   -0.2275236E+08   -0.3244668E+08
  42     -0.144793E+09    0.7789197E+07   -0.2536286E+07
  43     -0.103893E+08    0.6953317E+07    0.7558440E+07
  44     -0.739479E+08   -0.1279417E+08    0.5274765E+08
  45     -0.989198E+08   -0.3452737E+08    0.9641441E+08
  46     -0.921672E+08   -0.8080814E+08    0.1090536E+09
  47     -0.655638E+08   -0.1269813E+09    0.1231011E+09
  48     -0.247163E+08   -0.1770633E+09    0.1177940E+09
  49      0.213400E+08   -0.2258977E+09    0.1120955E+09
  50      0.656257E+08   -0.2644651E+09    0.9040943E+08
  51      0.106148E+09   -0.3036843E+09    0.6826449E+08
  52      0.136545E+09   -0.3221710E+09    0.4067425E+08
  53      0.154242E+09   -0.3389166E+09    0.1227481E+08
  54      0.156600E+09   -0.3297040E+09   -0.1993628E+08
  55      0.142546E+09   -0.3197110E+09   -0.5146651E+08
  56      0.114021E+09   -0.2865953E+09   -0.7887135E+08
  57      0.703228E+08   -0.2551910E+09   -0.1067307E+09
  58      0.167997E+08   -0.2047417E+09   -0.1218503E+09
  59     -0.439728E+08   -0.1508822E+09   -0.1360326E+09
  60     -0.104649E+09   -0.9802158E+08   -0.1267152E+09
  61     -0.161446E+09   -0.4496622E+08   -0.1176482E+09
  62     -0.206299E+09   -0.1682736E+08   -0.6280791E+08
  63     -0.182187E+09    0.8397450E+07   -0.7169824E+07
  64     -0.983405E+08    0.4446863E+07    0.8315699E+07
  65     -0.134300E+09   -0.1099917E+08    0.6795053E+08
  66     -0.136038E+09   -0.2751621E+08    0.1262668E+09
  67     -0.113382E+09   -0.6612103E+08    0.1462143E+09
  68     -0.708335E+08   -0.1051595E+09    0.1668155E+09
  69     -0.168591E+08   -0.1477515E+09    0.1585377E+09
  70      0.401355E+08   -0.1894209E+09    0.1504182E+09
  71      0.939599E+08   -0.2223818E+09    0.1226137E+09
  72      0.141214E+09   -0.2556356E+09    0.9499615E+08
  73      0.176097E+09   -0.2708676E+09    0.5514112E+08
  74      0.199003E+09   -0.2849528E+09    0.1477547E+08
  75      0.198340E+09   -0.2770300E+09   -0.2755468E+08
  76      0.185775E+09   -0.2695983E+09   -0.6990842E+08
  77      0.150474E+09   -0.2410304E+09   -0.1069536E+09
  78      0.102416E+09   -0.2104163E+09   -0.1443170E+09
  79      0.354308E+08   -0.1676698E+09   -0.1634054E+09
  80     -0.398886E+08   -0.1254414E+09   -0.1826034E+09
  81     -0.119635E+09   -0.8217736E+08   -0.1680947E+09
  82     -0.202340E+09   -0.3845378E+08   -0.1539549E+09
  83     -0.278928E+09   -0.1598466E+08   -0.8365660E+08
  84     -0.294211E+09    0.4871402E+07   -0.1177971E+08
  85     -0.183564E+09    0.5277685E+07    0.8726074E+07
  86     -0.194165E+09   -0.7825828E+07    0.8321157E+08
  87     -0.173407E+09   -0.2298551E+08    0.1569547E+09
  88     -0.134999E+09   -0.5695884E+08    0.1835710E+09
  89     -0.758348E+08   -0.8945284E+08    0.2100162E+09
  90     -0.876698E+07   -0.1255065E+09    0.1998399E+09
  91      0.587049E+08   -0.1620645E+09    0.1896157E+09
  92      0.121974E+09   -0.1887755E+09    0.1547065E+09
  93      0.173938E+09   -0.2146408E+09    0.1212078E+09
  94      0.217876E+09   -0.2275250E+09    0.6995994E+08
  95      0.241965E+09   -0.2402809E+09    0.1781671E+08
  96      0.240516E+09   -0.2329412E+09   -0.3558994E+08
  97      0.227180E+09   -0.2240888E+09   -0.8909642E+08
  98      0.187764E+09   -0.1990349E+09   -0.1356272E+09
  99      0.132665E+09   -0.1757521E+09   -0.1823637E+09
 100      0.534185E+08   -0.1396803E+09   -0.2049593E+09
 101     -0.352876E+08   -0.1013045E+09   -0.2284804E+09
 102     -0.134932E+09   -0.6557013E+08   -0.2095401E+09
 103     -0.242827E+09   -0.2870305E+08   -0.1913290E+09
 104     -0.350324E+09   -0.9548943E+07   -0.1043172E+09
 105     -0.407582E+09    0.6830498E+07   -0.1492409E+08
 106     -0.297922E+09    0.3203892E+07    0.9907548E+07
 107     -0.280220E+09   -0.9642116E+07    0.9539720E+08
 108     -0.230930E+09   -0.2345133E+08    0.1803093E+09
 109     -0.165685E+09   -0.5132777E+08    0.2103943E+09
 110     -0.840952E+08   -0.7915699E+08    0.2401504E+09
 111      0.210751E+07   -0.1086486E+09    0.2287324E+09
 112      0.861982E+08   -0.1379368E+09    0.2173172E+09
 113      0.163033E+09   -0.1604330E+09    0.1759988E+09
 114      0.223124E+09   -0.1815813E+09    0.1345944E+09
 115      0.275794E+09   -0.1878553E+09    0.7792271E+08
 116      0.301126E+09   -0.1954826E+09    0.2175204E+08
 117      0.303392E+09   -0.1924132E+09   -0.4009658E+08
 118      0.285242E+09   -0.1882160E+09   -0.1024061E+09
 119      0.240882E+09   -0.1686882E+09   -0.1547693E+09
 120      0.173113E+09   -0.1489129E+09   -0.2071043E+09
 121      0.812646E+08   -0.1189214E+09   -0.2348189E+09
 122     -0.305431E+08   -0.8773473E+08   -0.2629696E+09
 123     -0.159363E+09   -0.5515956E+08   -0.2395987E+09
 124     -0.298667E+09   -0.2309833E+08   -0.2175477E+09
 125     -0.452601E+09   -0.9089330E+07   -0.1175562E+09
 126     -0.563270E+09    0.3873671E+07   -0.1481860E+08
 127     -0.412480E+09    0.3443941E+07    0.1188129E+08
 128     -0.365487E+09   -0.7401232E+07    0.1076902E+09
 129     -0.288521E+09   -0.1926040E+08    0.2031736E+09
 130     -0.196107E+09   -0.4502447E+08    0.2377059E+09
 131     -0.928629E+08   -0.7106833E+08    0.2716318E+09
 132      0.129463E+08   -0.9657962E+08    0.2577659E+09
 133      0.113179E+09   -0.1208167E+09    0.2441780E+09
 134      0.204722E+09   -0.1344207E+09    0.1968939E+09
 135      0.274131E+09   -0.1485739E+09    0.1487787E+09
 136      0.332018E+09   -0.1572445E+09    0.8619751E+08
 137      0.360392E+09   -0.1642110E+09    0.2470696E+08
 138      0.366463E+09   -0.1582745E+09   -0.4442230E+08
 139      0.343717E+09   -0.1540961E+09   -0.1139287E+09
 140      0.293755E+09   -0.1408039E+09   -0.1737090E+09
 141      0.213960E+09   -0.1252325E+09   -0.2340170E+09
 142      0.109495E+09   -0.9801124E+08   -0.2651847E+09
 143     -0.260115E+08   -0.7213031E+08   -0.2969471E+09
 144     -0.184728E+09   -0.4773285E+08   -0.2698718E+09
 145     -0.354452E+09   -0.2188555E+08   -0.2430098E+09
 146     -0.554507E+09   -0.8526792E+07   -0.1310112E+09
 147     -0.717055E+09    0.3377673E+07   -0.1663956E+08
 148     -0.555967E+09    0.3080539E+07    0.1385093E+08
 149     -0.470220E+09   -0.8999418E+07    0.1188378E+09
 150     -0.358506E+09   -0.2249027E+08    0.2230254E+09
 151     -0.232479E+09   -0.4473057E+08    0.2585250E+09
 152     -0.100771E+09   -0.6614592E+08    0.2935074E+09
 153      0.297144E+08   -0.8419863E+08    0.2756680E+09
 154      0.148386E+09   -0.1013946E+09    0.2578190E+09
 155      0.254760E+09   -0.1124561E+09    0.2074177E+09
 156      0.335153E+09   -0.1238534E+09    0.1572150E+09
 157      0.397905E+09   -0.1272283E+09    0.9041250E+08
 158      0.430787E+09   -0.1305482E+09    0.2411638E+08
 159      0.439507E+09   -0.1268711E+09   -0.4811214E+08
 160      0.414028E+09   -0.1226742E+09   -0.1206775E+09
 161      0.357806E+09   -0.1105649E+09   -0.1845549E+09
 162      0.267830E+09   -0.9886141E+08   -0.2494459E+09
 163      0.141728E+09   -0.8186046E+08   -0.2829900E+09
 164     -0.177633E+08   -0.6435049E+08   -0.3166423E+09
 165     -0.212062E+09   -0.4255105E+08   -0.2909693E+09
 166     -0.428014E+09   -0.1899913E+08   -0.2645291E+09
 167     -0.676002E+09   -0.6568885E+07   -0.1418185E+09
 168     -0.907878E+09    0.3804455E+07   -0.1736857E+08
 169     -0.698983E+09    0.2113443E+07    0.1665528E+08
 170     -0.574872E+09   -0.8624357E+07    0.1303461E+09
 171     -0.427840E+09   -0.2036339E+08    0.2429559E+09
 172     -0.269246E+09   -0.3841499E+08    0.2793519E+09
 173     -0.108068E+09   -0.5580070E+08    0.3150998E+09
 174      0.461874E+08   -0.6886570E+08    0.2941757E+09
 175      0.184519E+09   -0.8208732E+08    0.2734877E+09
 176      0.304000E+09   -0.8773302E+08    0.2194491E+09
 177      0.397051E+09   -0.9190573E+08    0.1649926E+09
 178      0.464125E+09   -0.9024401E+08    0.9404103E+08
 179      0.502189E+09   -0.8935359E+08    0.2418828E+08
 180      0.512716E+09   -0.8604207E+08   -0.5206857E+08
 181      0.484727E+09   -0.8348147E+08   -0.1281095E+09
 182      0.421919E+09   -0.7995564E+08   -0.1957166E+09
 183      0.321828E+09   -0.7563157E+08   -0.2643046E+09
 184      0.173244E+09   -0.6450551E+08   -0.3008450E+09
 185     -0.977231E+07   -0.5263501E+08   -0.3380512E+09
 186     -0.238186E+09   -0.3416802E+08   -0.3131141E+09
 187     -0.503555E+09   -0.1549755E+08   -0.2861428E+09
 188     -0.797225E+09   -0.6115395E+07   -0.1525553E+09
 189     -0.109873E+10    0.2310173E+07   -0.1799660E+08
 190     -0.869500E+09    0.2592738E+07    0.1992631E+08
 191     -0.695774E+09   -0.8662266E+07    0.1406894E+09
 192     -0.503240E+09   -0.2193093E+08    0.2600632E+09
 193     -0.303678E+09   -0.3746604E+08    0.2924475E+09
 194     -0.110036E+09   -0.5116146E+08    0.3243840E+09
 195      0.701163E+08   -0.5477803E+08    0.2982839E+09
 196      0.226741E+09   -0.5739659E+08    0.2728319E+09
 197      0.359229E+09   -0.5242770E+08    0.2161731E+09
 198      0.463399E+09   -0.4808698E+08    0.1598270E+09
 199      0.533204E+09   -0.4359685E+08    0.8992428E+08
 200      0.576407E+09   -0.3861058E+08    0.2045820E+08
 201      0.586875E+09   -0.3651838E+08   -0.5303460E+08
 202      0.557079E+09   -0.3526894E+08   -0.1264621E+09
 203      0.490437E+09   -0.3661635E+08   -0.1938879E+09
 204      0.378300E+09   -0.3889281E+08   -0.2617433E+09
 205      0.215152E+09   -0.3722211E+08   -0.3033722E+09
 206      0.313282E+07   -0.3376496E+08   -0.3461459E+09
 207     -0.261574E+09   -0.2486321E+08   -0.3227801E+09
 208     -0.582340E+09   -0.1479927E+08   -0.2994267E+09
 209     -0.935975E+09   -0.5120314E+07   -0.1606761E+09
 210     -0.131457E+10    0.2851844E+07   -0.1879183E+08
 211     -0.103842E+10    0.1392114E+07    0.2351169E+08
 212     -0.817090E+09   -0.9686839E+07    0.1515448E+09
 213     -0.579204E+09   -0.2186507E+08    0.2777695E+09
 214     -0.338399E+09   -0.3080741E+08    0.3067303E+09
 215     -0.112890E+09   -0.3867260E+08    0.3350767E+09
 216      0.941133E+08   -0.3058103E+08    0.3030728E+09
 217      0.268678E+09   -0.2157423E+08    0.2720147E+09
 218      0.415581E+09   -0.3029223E+07    0.2125812E+09
 219      0.528585E+09    0.1639465E+08    0.1545952E+09
 220      0.603727E+09    0.2921154E+08    0.8609145E+08
 221      0.650549E+09    0.3958019E+08    0.1797217E+08
 222      0.661664E+09    0.3498202E+08   -0.5319692E+08
 223      0.630796E+09    0.3090266E+08   -0.1256065E+09
 224      0.558829E+09    0.1949803E+08   -0.1929764E+09
 225      0.434480E+09    0.7302583E+07   -0.2599412E+09
 226      0.257989E+09   -0.5688277E+07   -0.3061832E+09
 227      0.159882E+08   -0.1856274E+08   -0.3543239E+09
 228     -0.286719E+09   -0.1407589E+08   -0.3337646E+09
 229     -0.658989E+09   -0.7221547E+07   -0.3138789E+09
 230     -0.107648E+10   -0.2079709E+07   -0.1686300E+09
 231     -0.152735E+10    0.1574865E+07   -0.1882438E+08
 232     -0.123629E+10    0.2306879E+06    0.3097559E+08
 233     -0.948644E+09   -0.1010071E+08    0.1608723E+09
 234     -0.649783E+09   -0.2297612E+08    0.2878343E+09
 235     -0.359953E+09   -0.2242692E+08    0.3042821E+09
 236     -0.973511E+08   -0.1870942E+08    0.3201379E+09
 237      0.130557E+09    0.8020697E+07    0.2784673E+09
 238      0.318603E+09    0.3618123E+08    0.2390088E+09
 239      0.470502E+09    0.6909960E+08    0.1823315E+09
 240      0.586263E+09    0.1008933E+09    0.1272484E+09
 241      0.662352E+09    0.1193563E+09    0.6944000E+08
 242      0.710773E+09    0.1375153E+09    0.1222998E+08
 243      0.722098E+09    0.1332209E+09   -0.4674217E+08
 244      0.695375E+09    0.1265520E+09   -0.1060067E+09
 245      0.620793E+09    0.9900722E+08   -0.1673426E+09
 246      0.494889E+09    0.7182568E+08   -0.2300522E+09
 247      0.307853E+09    0.4517961E+08   -0.2796983E+09
 248      0.440241E+08    0.1841368E+08   -0.3312565E+09
 249     -0.298321E+09    0.3082635E+07   -0.3225682E+09
 250     -0.725705E+09   -0.9424445E+07   -0.3145945E+09
 251     -0.122273E+10   -0.4432677E+07   -0.1717598E+09
 252     -0.176348E+10   -0.1001730E+07   -0.2361012E+08
 253     -0.143395E+10    0.6906258E+06    0.3841056E+08
 254     -0.108106E+10   -0.9780399E+07    0.1711272E+09
 255     -0.722430E+09   -0.2178140E+08    0.3000830E+09
 256     -0.382340E+09   -0.6094898E+07    0.3034692E+09
 257     -0.825726E+08    0.1330563E+08    0.3070435E+09
 258      0.168096E+09    0.6386906E+08    0.2553563E+09
 259      0.368535E+09    0.1152403E+09    0.2065762E+09
 260      0.526028E+09    0.1703628E+09    0.1527991E+09
 261      0.645201E+09    0.2242306E+09    0.1009132E+09
 262      0.721316E+09    0.2521176E+09    0.5334260E+08
 263      0.772527E+09    0.2779605E+09    0.5870805E+07
 264      0.782886E+09    0.2683607E+09   -0.4102519E+08
 265      0.759355E+09    0.2587604E+09   -0.8714801E+08
 266      0.684583E+09    0.2167824E+09   -0.1417309E+09
 267      0.556713E+09    0.1706504E+09   -0.1988920E+09
 268      0.358373E+09    0.1119733E+09   -0.2539464E+09
 269      0.703674E+08    0.5484973E+08   -0.3103936E+09
 270     -0.310221E+09    0.2750488E+08   -0.3129027E+09
 271     -0.795813E+09    0.4252280E+07   -0.3174500E+09
 272     -0.136899E+10    0.3234221E+07   -0.1754513E+09
 273     -0.200278E+10    0.5932848E+06   -0.2720429E+08
 274     -0.166358E+10   -0.6076313E+07    0.5258142E+08
 275     -0.120755E+10   -0.9404700E+07    0.1744827E+09
 276     -0.763493E+09   -0.1630692E+08    0.2890763E+09
 277     -0.366805E+09    0.2496106E+08    0.2614332E+09
 278     -0.389353E+08    0.7260711E+08    0.2369009E+09
 279      0.221411E+09    0.1576700E+09    0.1764433E+09
 280      0.417937E+09    0.2428452E+09    0.1203651E+09
 281      0.564895E+09    0.3218169E+09    0.7939258E+08
 282      0.676139E+09    0.3993779E+09    0.4115939E+08
 283      0.745770E+09    0.4379097E+09    0.1870839E+08
 284      0.795386E+09    0.4747724E+09   -0.3151257E+07
 285      0.805777E+09    0.4575390E+09   -0.2319050E+08
 286      0.788846E+09    0.4384611E+09   -0.4341091E+08
 287      0.722283E+09    0.3730775E+09   -0.7788684E+08
 288      0.607660E+09    0.3065219E+09   -0.1144980E+09
 289      0.414301E+09    0.2194603E+09   -0.1690990E+09
 290      0.118910E+09    0.1304649E+09   -0.2271380E+09
 291     -0.282930E+09    0.6668765E+08   -0.2568668E+09
 292     -0.830079E+09    0.9551916E+07   -0.2907429E+09
 293     -0.150032E+10    0.2653387E+07   -0.1668482E+09
 294     -0.225353E+10   -0.6722531E+07   -0.3342652E+08
 295     -0.189649E+10    0.5421235E+05    0.7002123E+08
 296     -0.133631E+10   -0.7899196E+07    0.1801580E+09
 297     -0.812787E+09   -0.1113440E+08    0.2825598E+09
 298     -0.350137E+09    0.7244660E+08    0.2231391E+09
 299      0.377138E+07    0.1607484E+09    0.1677021E+09
 300      0.277191E+09    0.2987630E+09    0.9770607E+08
 301      0.469840E+09    0.4318907E+09    0.3335229E+08
 302      0.605028E+09    0.5398162E+09    0.6089624E+07
 303      0.707666E+09    0.6443304E+09   -0.1851878E+08
 304      0.770308E+09    0.6918885E+09   -0.1592009E+08
 305      0.816984E+09    0.7383421E+09   -0.1213330E+08
 306      0.828923E+09    0.7160067E+09   -0.4305618E+07
 307      0.819882E+09    0.6924470E+09    0.2575595E+07
 308      0.760717E+09    0.6020786E+09   -0.1260422E+08
 309      0.660785E+09    0.5073458E+09   -0.2933513E+08
 310      0.472988E+09    0.3723985E+09   -0.8458452E+08
 311      0.168076E+09    0.2340893E+09   -0.1448980E+09
 312     -0.253648E+09    0.1303363E+09   -0.2031328E+09
 313     -0.871747E+09    0.2791024E+08   -0.2662522E+09
 314     -0.163589E+10    0.8819933E+07   -0.1604206E+09
 315     -0.250569E+10   -0.3564631E+07   -0.4372957E+08
 316     -0.215835E+10   -0.2676103E+08    0.9635679E+08
 317     -0.141239E+10    0.2123878E+07    0.1602880E+09
 318     -0.762341E+09    0.2506844E+08    0.2040366E+09
 319     -0.263027E+09    0.1677304E+09    0.8483727E+08
 320      0.895627E+08    0.3222025E+09   -0.1682256E+08
 321      0.328906E+09    0.5122305E+09   -0.7941377E+08
 322      0.490656E+09    0.6991452E+09   -0.1321022E+09
 323      0.596480E+09    0.8358210E+09   -0.1223200E+09
 324      0.680953E+09    0.9697899E+09   -0.1120879E+09
 325      0.728508E+09    0.1024725E+10   -0.6759598E+08
 326      0.769592E+09    0.1078916E+10   -0.2281391E+08
 327      0.781849E+09    0.1047796E+10    0.2790699E+08
 328      0.784181E+09    0.1016047E+10    0.7882900E+08
 329      0.740121E+09    0.8990615E+09    0.1041298E+09
 330      0.667872E+09    0.7800622E+09    0.1299546E+09
 331      0.511329E+09    0.5949793E+09    0.9635724E+08
 332      0.250913E+09    0.4045541E+09    0.5346098E+08
 333     -0.162891E+09    0.2305035E+09   -0.4283938E+08
 334     -0.806451E+09    0.6580461E+08   -0.1562852E+09
 335     -0.169385E+10    0.2025811E+08   -0.1211364E+09
 336     -0.276290E+10   -0.2738448E+08   -0.6254507E+08
 337     -0.245165E+10    0.2788373E+08    0.1477175E+09
 338     -0.149160E+10    0.1698264E+08    0.1486183E+09
 339     -0.745437E+09    0.5476306E+08    0.1381866E+09
 340     -0.154774E+09    0.3320212E+09   -0.4539610E+08
 341      0.180282E+09    0.5834013E+09   -0.2127450E+09
 342      0.385835E+09    0.8485009E+09   -0.2612514E+09
 343      0.512007E+09    0.1092102E+10   -0.3016809E+09
 344      0.586691E+09    0.1248802E+10   -0.2537523E+09
 345      0.653560E+09    0.1403819E+10   -0.2072922E+09
 346      0.683848E+09    0.1463831E+10   -0.1196141E+09
 347      0.721759E+09    0.1524873E+10   -0.3250353E+08
 348      0.732683E+09    0.1489382E+10    0.6217948E+08
 349      0.746986E+09    0.1455114E+10    0.1584062E+09
 350      0.719298E+09    0.1314996E+10    0.2262887E+09
 351      0.675661E+09    0.1171711E+10    0.2961408E+09
 352      0.554748E+09    0.9301081E+09    0.2841003E+09
 353      0.341493E+09    0.6712081E+09    0.2641202E+09
 354     -0.532732E+08    0.4056265E+09    0.1117010E+09
 355     -0.766597E+09    0.1139695E+09   -0.5882379E+08
 356     -0.175614E+10    0.4340186E+08   -0.8962570E+08
 357     -0.305440E+10    0.1813459E+08   -0.9973404E+08
 358     -0.269799E+10   -0.1205155E+09    0.1760286E+09
 359     -0.137729E+10    0.6865135E+08    0.2734280E+08
 360     -0.461558E+09    0.2491129E+09   -0.1777259E+09
 361     -0.216794E+07    0.6435072E+09   -0.4140405E+09
 362      0.236721E+09    0.1048831E+10   -0.5668924E+09
 363      0.365404E+09    0.1341615E+10   -0.5380407E+09
 364      0.445950E+09    0.1626751E+10   -0.5138147E+09
 365      0.486934E+09    0.1784709E+10   -0.4099806E+09
 366      0.534286E+09    0.1944137E+10   -0.3084268E+09
 367      0.551324E+09    0.1998367E+10   -0.1737926E+09
 368      0.584237E+09    0.2056146E+10   -0.4065947E+08
 369      0.590358E+09    0.2017513E+10    0.1034030E+09
 370      0.610146E+09    0.1981216E+10    0.2489118E+09
 371      0.596913E+09    0.1835558E+10    0.3765721E+09
 372      0.581337E+09    0.1691783E+10    0.5071775E+09
 373      0.506334E+09    0.1411866E+10    0.5658527E+09
 374      0.377276E+09    0.1122364E+10    0.6305517E+09
 375      0.901467E+08    0.7093377E+09    0.4997392E+09
 376     -0.472636E+09    0.3017189E+09    0.2942435E+09
 377     -0.158402E+10    0.9627640E+08    0.6185483E+08
 378     -0.324337E+10   -0.1092308E+09   -0.1117037E+09
 379     -0.357708E+10    0.2627515E+09    0.6275931E+09
 380     -0.110511E+10    0.2804523E+09   -0.1277315E+08
 381     -0.119299E+09    0.5447563E+09   -0.6714825E+09
 382      0.146129E+09    0.1304881E+10   -0.8417812E+09
 383      0.293566E+09    0.1812328E+10   -0.9365029E+09
 384      0.332830E+09    0.2079556E+10   -0.8273342E+09
 385      0.372905E+09    0.2352566E+10   -0.7272412E+09
 386      0.381050E+09    0.2481165E+10   -0.5665324E+09
 387      0.408356E+09    0.2617599E+10   -0.4079072E+09
 388      0.416549E+09    0.2660421E+10   -0.2260524E+09
 389      0.442442E+09    0.2706904E+10   -0.4601349E+08
 390      0.444728E+09    0.2668199E+10    0.1473432E+09
 391      0.469191E+09    0.2634569E+10    0.3416608E+09
 392      0.469030E+09    0.2503734E+10    0.5303086E+09
 393      0.482160E+09    0.2379407E+10    0.7220516E+09
 394      0.447468E+09    0.2103500E+10    0.8637866E+09
 395      0.415055E+09    0.1833992E+10    0.1016468E+10
 396      0.234282E+09    0.1322438E+10    0.9480931E+09
 397     -0.113885E+09    0.5892168E+09    0.8022399E+09
 398     -0.126607E+10    0.2979690E+09    0.1407195E+09
 399     -0.404415E+10    0.2177518E+09   -0.4690813E+09
 400     -0.277489E+10   -0.4611357E+09   -0.1502958E+09
 401     -0.406216E+09    0.8300796E+09   -0.8862911E+09
 402     -0.983341E+08    0.2059572E+10   -0.1425505E+10
 403      0.933624E+08    0.2457585E+10   -0.1263924E+10
 404      0.142591E+09    0.2880732E+10   -0.1187379E+10
 405      0.164526E+09    0.3044464E+10   -0.1010261E+10
 406      0.183607E+09    0.3225470E+10   -0.8421289E+09
 407      0.188025E+09    0.3302386E+10   -0.6481373E+09
 408      0.202200E+09    0.3386837E+10   -0.4560695E+09
 409      0.208879E+09    0.3409177E+10   -0.2475068E+09
 410      0.223011E+09    0.3435004E+10   -0.3882621E+08
 411      0.224902E+09    0.3404085E+10    0.1818766E+09
 412      0.239408E+09    0.3378030E+10    0.4028182E+09
 413      0.240746E+09    0.3284289E+10    0.6319507E+09
 414      0.250633E+09    0.3196001E+10    0.8636377E+09
 415      0.235584E+09    0.2996879E+10    0.1079458E+10
 416      0.223743E+09    0.2813074E+10    0.1306495E+10
 417      0.158891E+09    0.2370879E+10    0.1416278E+10
 418     -0.638628E+08    0.1924541E+10    0.1619351E+10
 419     -0.469124E+09    0.7724487E+09    0.1004540E+10
 420     -0.302556E+10   -0.4007601E+09    0.2488631E+09
 421     -0.132243E+10    0.4480010E+10   -0.1057931E+10
 422      0.120222E+09    0.4438915E+10   -0.1714864E+10
 423     -0.856118E+08    0.4350270E+10   -0.2014061E+10
 424      0.212123E+08    0.4257061E+10   -0.1616510E+10
 425     -0.115044E+08    0.4240769E+10   -0.1402257E+10
 426     -0.367209E+06    0.4231712E+10   -0.1166518E+10
 427     -0.154511E+07    0.4237516E+10   -0.9429487E+09
 428      0.179784E+06    0.4241666E+10   -0.7189524E+09
 429      0.223956E+07    0.4250412E+10   -0.4975004E+09
 430      0.565357E+07    0.4247011E+10   -0.2642040E+09
 431      0.885632E+07    0.4246718E+10   -0.2946193E+08
 432      0.104858E+08    0.4228000E+10    0.2169723E+09
 433      0.149181E+08    0.4211981E+10    0.4631887E+09
 434      0.180062E+08    0.4175158E+10    0.7295007E+09
 435      0.228411E+08    0.4142577E+10    0.9985903E+09
 436      0.282307E+08    0.4089079E+10    0.1278267E+10
 437      0.275170E+08    0.4049043E+10    0.1573478E+10
 438      0.655878E+08    0.3978223E+10    0.1837993E+10
 439     -0.353337E+08    0.3990956E+10    0.2308109E+10
 440      0.182924E+09    0.3854452E+10    0.1924194E+10
 441     -0.136503E+10    0.3638870E+10    0.1255992E+10
