   1     -0.318865E+09    0.1089812E+08   -0.1307951E+07
   2     -0.314480E+09   -0.1795064E+08    0.1085983E+07
   3     -0.286835E+09   -0.5073213E+08    0.3682701E+07
   4     -0.217533E+09   -0.1228342E+09    0.3976991E+07
   5     -0.126580E+09   -0.1918799E+09    0.3738642E+07
   6     -0.228299E+08   -0.2671701E+09    0.4326099E+07
   7      0.858250E+08   -0.3432993E+09    0.5086626E+07
   8      0.189077E+09   -0.4099951E+09    0.4254643E+07
   9      0.273346E+09   -0.4756076E+09    0.4059993E+07
  10      0.338508E+09   -0.5161089E+09    0.3215103E+07
  11      0.378410E+09   -0.5553719E+09    0.1714812E+07
  12      0.385538E+09   -0.5584705E+09    0.1073830E+07
  13      0.361645E+09   -0.5630917E+09    0.9881223E+06
  14      0.303730E+09   -0.5300649E+09   -0.7927910E+06
  15      0.207221E+09   -0.4936704E+09   -0.3598761E+07
  16      0.770980E+08   -0.4142170E+09   -0.4329063E+07
  17     -0.761528E+08   -0.3350621E+09   -0.4235170E+07
  18     -0.248974E+09   -0.2372983E+09   -0.5637500E+07
  19     -0.397581E+09   -0.1324590E+09   -0.8491372E+07
  20     -0.498471E+09   -0.5408093E+08   -0.7035221E+07
  21     -0.455434E+09    0.1601550E+08   -0.4325254E+07
  22     -0.350630E+09    0.6772939E+07    0.2677202E+07
  23     -0.339039E+09   -0.1948395E+08    0.2704904E+08
  24     -0.301772E+09   -0.4756861E+08    0.5092538E+08
  25     -0.226623E+09   -0.1046551E+09    0.5943543E+08
  26     -0.129318E+09   -0.1620152E+09    0.6813619E+08
  27     -0.206618E+08   -0.2257521E+09    0.6577397E+08
  28      0.915671E+08   -0.2877493E+09    0.6347657E+08
  29      0.197823E+09   -0.3377146E+09    0.5458865E+08
  30      0.284091E+09   -0.3876492E+09    0.4594392E+08
  31      0.352239E+09   -0.4170484E+09    0.3243713E+08
  32      0.393347E+09   -0.4465819E+09    0.1889305E+08
  33      0.402246E+09   -0.4491611E+09    0.2275816E+07
  34      0.379831E+09   -0.4508519E+09   -0.1452021E+08
  35      0.323323E+09   -0.4173602E+09   -0.3388132E+08
  36      0.224594E+09   -0.3835550E+09   -0.5346425E+08
  37      0.915947E+08   -0.3203844E+09   -0.6791651E+08
  38     -0.677881E+08   -0.2551443E+09   -0.8237556E+08
  39     -0.245933E+09   -0.1738747E+09   -0.8482704E+08
  40     -0.409787E+09   -0.8858389E+08   -0.9037921E+08
  41     -0.533916E+09   -0.3539541E+08   -0.5467191E+08
  42     -0.549834E+09    0.1167825E+08   -0.1546196E+08
  43     -0.384557E+09    0.7683800E+07    0.5828860E+07
  44     -0.364837E+09   -0.1342835E+08    0.5296546E+08
  45     -0.316569E+09   -0.3751567E+08    0.9859854E+08
  46     -0.236478E+09   -0.8619561E+08    0.1146045E+09
  47     -0.132221E+09   -0.1324685E+09    0.1315540E+09
  48     -0.179451E+08   -0.1812917E+09    0.1265750E+09
  49      0.974350E+08   -0.2307519E+09    0.1221355E+09
  50      0.207005E+09   -0.2747351E+09    0.1053093E+09
  51      0.295959E+09   -0.3178314E+09    0.8787427E+08
  52      0.366429E+09   -0.3402666E+09    0.6138646E+08
  53      0.409362E+09   -0.3620207E+09    0.3521230E+08
  54      0.419660E+09   -0.3566916E+09    0.2494170E+07
  55      0.398829E+09   -0.3516935E+09   -0.3036989E+08
  56      0.344598E+09   -0.3241580E+09   -0.6686086E+08
  57      0.242458E+09   -0.2956304E+09   -0.1032345E+09
  58      0.107331E+09   -0.2409636E+09   -0.1318104E+09
  59     -0.589732E+08   -0.1838884E+09   -0.1612589E+09
  60     -0.242258E+09   -0.1180404E+09   -0.1637032E+09
  61     -0.422147E+09   -0.5063612E+08   -0.1707349E+09
  62     -0.571850E+09   -0.1781127E+08   -0.1000758E+09
  63     -0.652195E+09    0.1078440E+08   -0.2357231E+08
  64     -0.468217E+09    0.4640880E+07    0.6970015E+07
  65     -0.428915E+09   -0.1176834E+08    0.6941410E+08
  66     -0.355714E+09   -0.2978022E+08    0.1310877E+09
  67     -0.258261E+09   -0.6864960E+08    0.1514019E+09
  68     -0.137730E+09   -0.1067046E+09    0.1714194E+09
  69     -0.122447E+08   -0.1467849E+09    0.1651401E+09
  70      0.112210E+09   -0.1866894E+09    0.1595623E+09
  71      0.230700E+09   -0.2172533E+09    0.1360725E+09
  72      0.326594E+09   -0.2474773E+09    0.1126278E+09
  73      0.402413E+09   -0.2638834E+09    0.7709593E+08
  74      0.449497E+09   -0.2803554E+09    0.4190298E+08
  75      0.464814E+09   -0.2777216E+09   -0.2089470E+07
  76      0.446597E+09   -0.2734628E+09   -0.4707295E+08
  77      0.390251E+09   -0.2468510E+09   -0.9193951E+08
  78      0.285973E+09   -0.2212071E+09   -0.1369290E+09
  79      0.145357E+09   -0.1798028E+09   -0.1737148E+09
  80     -0.367892E+08   -0.1365125E+09   -0.2115519E+09
  81     -0.243532E+09   -0.8864937E+08   -0.2103417E+09
  82     -0.459299E+09   -0.3954847E+08   -0.2121066E+09
  83     -0.668942E+09   -0.1488954E+08   -0.1198260E+09
  84     -0.834821E+09    0.6924976E+07   -0.2221968E+08
  85     -0.550736E+09    0.4209243E+07    0.8992904E+07
  86     -0.492518E+09   -0.9916520E+07    0.8598968E+08
  87     -0.396270E+09   -0.2534525E+08    0.1627739E+09
  88     -0.279027E+09   -0.5470874E+08    0.1881426E+09
  89     -0.143029E+09   -0.8412194E+08    0.2128011E+09
  90     -0.665323E+07   -0.1161479E+09    0.2044633E+09
  91      0.127769E+09   -0.1468158E+09    0.1961048E+09
  92      0.254439E+09   -0.1696276E+09    0.1660705E+09
  93      0.356146E+09   -0.1924867E+09    0.1368617E+09
  94      0.438859E+09   -0.2026010E+09    0.9267843E+08
  95      0.488750E+09   -0.2121493E+09    0.4876937E+08
  96      0.510573E+09   -0.2063568E+09   -0.5953202E+07
  97      0.495134E+09   -0.2020069E+09   -0.6235566E+08
  98      0.434248E+09   -0.1845049E+09   -0.1169729E+09
  99      0.329702E+09   -0.1640138E+09   -0.1712235E+09
 100      0.182755E+09   -0.1322852E+09   -0.2144579E+09
 101     -0.135640E+08   -0.1007368E+09   -0.2605210E+09
 102     -0.246189E+09   -0.6301242E+08   -0.2570681E+09
 103     -0.498044E+09   -0.2525808E+08   -0.2536590E+09
 104     -0.764962E+09   -0.9842488E+07   -0.1410475E+09
 105     -0.101147E+10    0.4242505E+07   -0.2402730E+08
 106     -0.668542E+09    0.2687206E+07    0.1135209E+08
 107     -0.578613E+09   -0.8237287E+07    0.9679785E+08
 108     -0.452796E+09   -0.2001196E+08    0.1812623E+09
 109     -0.307071E+09   -0.4207926E+08    0.2089327E+09
 110     -0.151598E+09   -0.6371880E+08    0.2366210E+09
 111      0.266742E+07   -0.8650198E+08    0.2267245E+09
 112      0.150890E+09   -0.1095373E+09    0.2171366E+09
 113      0.288622E+09   -0.1272786E+09    0.1827468E+09
 114      0.399129E+09   -0.1442462E+09    0.1483846E+09
 115      0.488806E+09   -0.1502219E+09    0.9864485E+08
 116      0.544923E+09   -0.1558993E+09    0.4885167E+08
 117      0.570788E+09   -0.1514889E+09   -0.1044943E+08
 118      0.557906E+09   -0.1474639E+09   -0.6966354E+08
 119      0.495998E+09   -0.1332480E+09   -0.1310419E+09
 120      0.386160E+09   -0.1179917E+09   -0.1930775E+09
 121      0.228122E+09   -0.9232792E+08   -0.2380072E+09
 122      0.149425E+08   -0.6694894E+08   -0.2850364E+09
 123     -0.253200E+09   -0.4511085E+08   -0.2797434E+09
 124     -0.557398E+09   -0.2158938E+08   -0.2752401E+09
 125     -0.889268E+09   -0.7745895E+07   -0.1523462E+09
 126     -0.123342E+10    0.4124486E+07   -0.2464927E+08
 127     -0.786063E+09    0.2336067E+07    0.1369143E+08
 128     -0.664196E+09   -0.5950304E+07    0.1073902E+09
 129     -0.508591E+09   -0.1550754E+08    0.2001049E+09
 130     -0.335303E+09   -0.3196710E+08    0.2297723E+09
 131     -0.159644E+09   -0.4705260E+08    0.2589119E+09
 132      0.115048E+08   -0.5998495E+08    0.2483822E+09
 133      0.173484E+09   -0.7311914E+08    0.2389908E+09
 134      0.323656E+09   -0.8463374E+08    0.2004141E+09
 135      0.443280E+09   -0.9626950E+08    0.1611541E+09
 136      0.538067E+09   -0.1020493E+09    0.1055851E+09
 137      0.601440E+09   -0.1079295E+09    0.5041726E+08
 138      0.630425E+09   -0.1045743E+09   -0.1460445E+08
 139      0.619168E+09   -0.9980488E+08   -0.7879187E+08
 140      0.558736E+09   -0.8971195E+08   -0.1451136E+09
 141      0.442733E+09   -0.8073796E+08   -0.2137877E+09
 142      0.272750E+09   -0.6605323E+08   -0.2623099E+09
 143      0.409074E+08   -0.4978276E+08   -0.3109100E+09
 144     -0.259377E+09   -0.2803308E+08   -0.3034406E+09
 145     -0.615720E+09   -0.6391217E+07   -0.2977871E+09
 146     -0.101334E+10   -0.1091909E+07   -0.1632047E+09
 147     -0.145368E+10    0.3172640E+07   -0.2345903E+08
 148     -0.925976E+09    0.1165824E+07    0.1608621E+08
 149     -0.762261E+09   -0.6120455E+07    0.1139774E+09
 150     -0.569976E+09   -0.1384529E+08    0.2101575E+09
 151     -0.365798E+09   -0.2300983E+08    0.2388264E+09
 152     -0.166752E+09   -0.3227055E+08    0.2679396E+09
 153      0.224591E+08   -0.3991162E+08    0.2551849E+09
 154      0.199262E+09   -0.4609875E+08    0.2430147E+09
 155      0.361073E+09   -0.5019382E+08    0.2054225E+09
 156      0.493863E+09   -0.5629330E+08    0.1678586E+09
 157      0.597334E+09   -0.6001272E+08    0.1084803E+09
 158      0.665306E+09   -0.6173474E+08    0.4935810E+08
 159      0.697903E+09   -0.5788089E+08   -0.1738870E+08
 160      0.686142E+09   -0.5483857E+08   -0.8378980E+08
 161      0.626815E+09   -0.4909783E+08   -0.1503472E+09
 162      0.507847E+09   -0.4350049E+08   -0.2187579E+09
 163      0.323182E+09   -0.3543028E+08   -0.2699896E+09
 164      0.672648E+08   -0.2641101E+08   -0.3220398E+09
 165     -0.267897E+09   -0.1726191E+08   -0.3135511E+09
 166     -0.680973E+09   -0.8314733E+07   -0.3062943E+09
 167     -0.115436E+10   -0.3270652E+07   -0.1672445E+09
 168     -0.168917E+10    0.1354947E+07   -0.2282936E+08
 169     -0.106335E+10    0.2568964E+07    0.1764391E+08
 170     -0.860246E+09   -0.3679458E+07    0.1206182E+09
 171     -0.629350E+09   -0.1129952E+08    0.2207285E+09
 172     -0.396591E+09   -0.2383933E+08    0.2488739E+09
 173     -0.174918E+09   -0.3556166E+08    0.2789004E+09
 174      0.334399E+08   -0.3952757E+08    0.2632320E+09
 175      0.224477E+09   -0.4290056E+08    0.2474471E+09
 176      0.396429E+09   -0.3484971E+08    0.2094369E+09
 177      0.543089E+09   -0.2509297E+08    0.1730133E+09
 178      0.658488E+09   -0.1825089E+08    0.1114061E+09
 179      0.730005E+09   -0.1384400E+08    0.4849511E+08
 180      0.765719E+09   -0.1166696E+08   -0.2020928E+08
 181      0.754327E+09   -0.8524658E+07   -0.8840494E+08
 182      0.694322E+09   -0.7737174E+07   -0.1563276E+09
 183      0.572182E+09   -0.7435144E+07   -0.2250473E+09
 184      0.374251E+09   -0.9167198E+07   -0.2780424E+09
 185      0.939208E+08   -0.1089022E+08   -0.3322706E+09
 186     -0.277373E+09   -0.7570664E+07   -0.3231681E+09
 187     -0.746130E+09   -0.2535742E+07   -0.3157634E+09
 188     -0.129483E+10    0.3175535E+06   -0.1720617E+09
 189     -0.192401E+10    0.1823255E+07   -0.2250597E+08
 190     -0.121537E+10    0.1734354E+06    0.2169573E+08
 191     -0.967332E+09   -0.8297873E+07    0.1277187E+09
 192     -0.690288E+09   -0.1755995E+08    0.2315165E+09
 193     -0.425413E+09   -0.2588781E+08    0.2566880E+09
 194     -0.175881E+09   -0.3380923E+08    0.2822747E+09
 195      0.538436E+08   -0.2956249E+08    0.2591266E+09
 196      0.257923E+09   -0.2452793E+08    0.2366098E+09
 197      0.437065E+09   -0.8086380E+07    0.1930595E+09
 198      0.589584E+09    0.9821167E+07    0.1513608E+09
 199      0.714801E+09    0.2730185E+08    0.9707094E+08
 200      0.794106E+09    0.4293498E+08    0.4134154E+08
 201      0.828718E+09    0.4497009E+08   -0.2196259E+08
 202      0.820539E+09    0.4622004E+08   -0.8421017E+08
 203      0.760467E+09    0.3832506E+08   -0.1492155E+09
 204      0.634088E+09    0.3086197E+08   -0.2152146E+09
 205      0.428125E+09    0.2106683E+08   -0.2678552E+09
 206      0.124434E+09    0.1091475E+08   -0.3224775E+09
 207     -0.282527E+09    0.5070798E+07   -0.3182686E+09
 208     -0.809910E+09    0.1998776E+06   -0.3152721E+09
 209     -0.143936E+10    0.1417098E+05   -0.1721724E+09
 210     -0.216835E+10   -0.5232261E+06   -0.2302581E+08
 211     -0.136934E+10    0.2272163E+07    0.2645586E+08
 212     -0.107377E+10   -0.6612908E+07    0.1360162E+09
 213     -0.753604E+09   -0.1783389E+08    0.2438439E+09
 214     -0.454655E+09   -0.2305585E+08    0.2652845E+09
 215     -0.176803E+09   -0.2555285E+08    0.2861167E+09
 216      0.743897E+08   -0.9074635E+07    0.2556892E+09
 217      0.292133E+09    0.8281175E+07    0.2264268E+09
 218      0.479650E+09    0.3587760E+08    0.1782274E+09
 219      0.637527E+09    0.6346950E+08    0.1314261E+09
 220      0.769249E+09    0.8702414E+08    0.8212278E+08
 221      0.858419E+09    0.1095480E+09    0.3287368E+08
 222      0.892174E+09    0.1130567E+09   -0.2434984E+08
 223      0.886936E+09    0.1165761E+09   -0.8118340E+08
 224      0.827278E+09    0.1009241E+09   -0.1423665E+09
 225      0.696922E+09    0.8267120E+08   -0.2049748E+09
 226      0.481286E+09    0.5650307E+08   -0.2584136E+09
 227      0.155505E+09    0.3183932E+08   -0.3143760E+09
 228     -0.288356E+09    0.1645873E+08   -0.3138888E+09
 229     -0.874119E+09    0.1822808E+07   -0.3146741E+09
 230     -0.158410E+10    0.7563125E+06   -0.1729838E+09
 231     -0.241214E+10   -0.5195383E+06   -0.2425415E+08
 232     -0.154170E+10   -0.8364258E+06    0.3222428E+08
 233     -0.118567E+10   -0.7930191E+07    0.1424279E+09
 234     -0.813038E+09   -0.1705851E+08    0.2502743E+09
 235     -0.467293E+09   -0.1097592E+08    0.2579553E+09
 236     -0.159146E+09   -0.2265656E+07    0.2649206E+09
 237      0.109779E+09    0.3096968E+08    0.2243196E+09
 238      0.335621E+09    0.6530821E+08    0.1858709E+09
 239      0.524446E+09    0.1074068E+09    0.1391169E+09
 240      0.681355E+09    0.1490075E+09    0.9400461E+08
 241      0.808449E+09    0.1790922E+09    0.5387563E+08
 242      0.897343E+09    0.2089517E+09    0.1553291E+08
 243      0.934683E+09    0.2100580E+09   -0.2413612E+08
 244      0.934547E+09    0.2087185E+09   -0.6479463E+08
 245      0.878084E+09    0.1795015E+09   -0.1139885E+09
 246      0.753893E+09    0.1496709E+09   -0.1645937E+09
 247      0.534772E+09    0.1079500E+09   -0.2180977E+09
 248      0.198695E+09    0.6566627E+08   -0.2749407E+09
 249     -0.280350E+09    0.3558119E+08   -0.2862068E+09
 250     -0.920076E+09    0.8300534E+07   -0.2998681E+09
 251     -0.171988E+10    0.2999084E+07   -0.1679274E+09
 252     -0.265950E+10   -0.3140161E+07   -0.2764320E+08
 253     -0.171261E+10   -0.1030159E+07    0.3971522E+08
 254     -0.129957E+10   -0.7519185E+07    0.1494864E+09
 255     -0.874683E+09   -0.1478181E+08    0.2567931E+09
 256     -0.480583E+09    0.8522777E+07    0.2520435E+09
 257     -0.141622E+09    0.3470125E+08    0.2459413E+09
 258      0.145898E+09    0.9350036E+08    0.1944116E+09
 259      0.379533E+09    0.1529833E+09    0.1461942E+09
 260      0.569894E+09    0.2166598E+09    0.1002985E+09
 261      0.725960E+09    0.2793740E+09    0.5621994E+08
 262      0.849985E+09    0.3174863E+09    0.2609077E+08
 263      0.935936E+09    0.3540299E+09   -0.1450780E+07
 264      0.976882E+09    0.3502363E+09   -0.2348322E+08
 265      0.982168E+09    0.3445070E+09   -0.4664721E+08
 266      0.929805E+09    0.2973090E+09   -0.8526177E+08
 267      0.810684E+09    0.2482883E+09   -0.1252237E+09
 268      0.589392E+09    0.1809836E+09   -0.1788072E+09
 269      0.241157E+09    0.1129532E+09   -0.2367029E+09
 270     -0.272399E+09    0.6334065E+08   -0.2603764E+09
 271     -0.969105E+09    0.1542246E+08   -0.2862093E+09
 272     -0.185666E+10    0.4573710E+07   -0.1631818E+09
 273     -0.290822E+10   -0.4838853E+07   -0.3195364E+08
 274     -0.190308E+10   -0.7568953E+07    0.5388418E+08
 275     -0.139997E+10   -0.5850737E+07    0.1480934E+09
 276     -0.902829E+09   -0.6797597E+07    0.2361771E+09
 277     -0.458125E+09    0.4485520E+08    0.2013378E+09
 278     -0.932737E+08    0.1015460E+09    0.1685355E+09
 279      0.197763E+09    0.1934102E+09    0.1081197E+09
 280      0.425118E+09    0.2855438E+09    0.5235824E+08
 281      0.601090E+09    0.3728243E+09    0.1864794E+08
 282      0.744559E+09    0.4594025E+09   -0.1264995E+08
 283      0.853788E+09    0.5047324E+09   -0.1526884E+08
 284      0.932500E+09    0.5472593E+09   -0.1569636E+08
 285      0.974360E+09    0.5337366E+09   -0.1017907E+08
 286      0.987980E+09    0.5197093E+09   -0.5195553E+07
 287      0.947854E+09    0.4541646E+09   -0.1968837E+08
 288      0.845376E+09    0.3860223E+09   -0.3570682E+08
 289      0.640016E+09    0.2880086E+09   -0.8405416E+08
 290      0.297803E+09    0.1881979E+09   -0.1375067E+09
 291     -0.227407E+09    0.1062893E+09   -0.1849018E+09
 292     -0.978458E+09    0.2950645E+08   -0.2382947E+09
 293     -0.195734E+10    0.1044673E+08   -0.1448842E+09
 294     -0.315066E+10   -0.9648082E+07   -0.3994373E+08
 295     -0.209543E+10   -0.9234153E+06    0.6975422E+08
 296     -0.150236E+10   -0.2949888E+07    0.1481098E+09
 297     -0.938962E+09   -0.7089299E+06    0.2204591E+09
 298     -0.435020E+09    0.8994683E+08    0.1538153E+09
 299     -0.476563E+08    0.1865688E+09    0.9046058E+08
 300      0.252540E+09    0.3359736E+09    0.2127874E+08
 301      0.472634E+09    0.4799982E+09   -0.4302862E+08
 302      0.633775E+09    0.5954178E+09   -0.6276809E+08
 303      0.762972E+09    0.7057760E+09   -0.7946811E+08
 304      0.856332E+09    0.7544541E+09   -0.5480604E+08
 305      0.928897E+09    0.8033143E+09   -0.2853195E+08
 306      0.972735E+09    0.7872757E+09    0.4339722E+07
 307      0.994757E+09    0.7706532E+09    0.3691254E+08
 308      0.966482E+09    0.6817492E+09    0.4714322E+08
 309      0.882660E+09    0.5883734E+09    0.5603080E+08
 310      0.694142E+09    0.4446716E+09    0.1110979E+08
 311      0.354625E+09    0.2958018E+09   -0.3957706E+08
 312     -0.181256E+09    0.1698453E+09   -0.1123732E+09
 313     -0.994325E+09    0.4257712E+08   -0.1936267E+09
 314     -0.206208E+10    0.1219374E+08   -0.1289478E+09
 315     -0.339528E+10   -0.8348625E+07   -0.5110212E+08
 316     -0.230080E+10   -0.2759665E+08    0.9560655E+08
 317     -0.154717E+10    0.3132861E+07    0.1261386E+09
 318     -0.873660E+09    0.2806261E+08    0.1384075E+09
 319     -0.338545E+09    0.1770881E+09    0.1002186E+08
 320      0.400180E+08    0.3378479E+09   -0.1022027E+09
 321      0.302578E+09    0.5351027E+09   -0.1637403E+09
 322      0.488337E+09    0.7288258E+09   -0.2157836E+09
 323      0.615802E+09    0.8707814E+09   -0.1970247E+09
 324      0.720378E+09    0.1009786E+10   -0.1772268E+09
 325      0.793613E+09    0.1072393E+10   -0.1129873E+09
 326      0.858311E+09    0.1135325E+10   -0.4838612E+08
 327      0.900050E+09    0.1113274E+10    0.2803659E+08
 328      0.929383E+09    0.1090245E+10    0.1054295E+09
 329      0.917145E+09    0.9776946E+09    0.1596127E+09
 330      0.864338E+09    0.8637448E+09    0.2143404E+09
 331      0.715082E+09    0.6723370E+09    0.1994711E+09
 332      0.427722E+09    0.4734355E+09    0.1767282E+09
 333     -0.779686E+08    0.2769899E+09    0.6925738E+08
 334     -0.894501E+09    0.8930660E+08   -0.6096617E+08
 335     -0.207058E+10    0.2945356E+08   -0.7803435E+08
 336     -0.361117E+10   -0.3124435E+08   -0.7018488E+08
 337     -0.253605E+10    0.2892442E+08    0.1465548E+09
 338     -0.159507E+10    0.1673479E+08    0.1127637E+09
 339     -0.841977E+09    0.5300510E+08    0.6886318E+08
 340     -0.221169E+09    0.3295511E+09   -0.1251086E+09
 341      0.134249E+09    0.5798700E+09   -0.3046316E+09
 342      0.356950E+09    0.8507037E+09   -0.3533111E+09
 343      0.504109E+09    0.1100723E+10   -0.3926526E+09
 344      0.595949E+09    0.1265310E+10   -0.3348475E+09
 345      0.676940E+09    0.1427673E+10   -0.2783382E+09
 346      0.729350E+09    0.1496549E+10   -0.1729279E+09
 347      0.786827E+09    0.1567105E+10   -0.6793280E+08
 348      0.824944E+09    0.1543467E+10    0.5373584E+08
 349      0.862687E+09    0.1522177E+10    0.1769406E+09
 350      0.867988E+09    0.1393901E+10    0.2768952E+09
 351      0.846988E+09    0.1263024E+10    0.3791432E+09
 352      0.740313E+09    0.1017518E+10    0.3953570E+09
 353      0.506705E+09    0.7521737E+09    0.4067444E+09
 354      0.474016E+08    0.4624202E+09    0.2455793E+09
 355     -0.820041E+09    0.1410122E+09    0.5938729E+08
 356     -0.208425E+10    0.5134426E+08   -0.3522483E+08
 357     -0.386382E+10    0.1271763E+08   -0.1089395E+09
 358     -0.273621E+10   -0.1203510E+09    0.1776752E+09
 359     -0.145135E+10    0.6366937E+08   -0.2052708E+07
 360     -0.534306E+09    0.2379065E+09   -0.2390792E+09
 361     -0.573022E+08    0.6292925E+09   -0.4900470E+09
 362      0.201265E+09    0.1032633E+10   -0.6575775E+09
 363      0.337906E+09    0.1326979E+10   -0.6320245E+09
 364      0.433262E+09    0.1613450E+10   -0.6101854E+09
 365      0.489243E+09    0.1779338E+10   -0.4994631E+09
 366      0.545299E+09    0.1947463E+10   -0.3915877E+09
 367      0.580683E+09    0.2015905E+10   -0.2407492E+09
 368      0.627277E+09    0.2087632E+10   -0.9097989E+08
 369      0.656360E+09    0.2064644E+10    0.7899160E+08
 370      0.696788E+09    0.2044880E+10    0.2499645E+09
 371      0.709364E+09    0.1913134E+10    0.4129207E+09
 372      0.715155E+09    0.1783452E+10    0.5803579E+09
 373      0.653868E+09    0.1504794E+10    0.6767421E+09
 374      0.516335E+09    0.1217533E+10    0.7804703E+09
 375      0.187311E+09    0.7844990E+09    0.6549771E+09
 376     -0.492505E+09    0.3500116E+09    0.4508424E+09
 377     -0.183569E+10    0.1141541E+09    0.1382221E+09
 378     -0.396512E+10   -0.1177271E+09   -0.1193357E+09
 379     -0.357439E+10    0.2653887E+09    0.6363804E+09
 380     -0.114854E+10    0.2737585E+09   -0.3451003E+08
 381     -0.167983E+09    0.5285735E+09   -0.7244236E+09
 382      0.103962E+09    0.1280659E+10   -0.9148177E+09
 383      0.267465E+09    0.1780250E+10   -0.1027955E+10
 384      0.307970E+09    0.2046215E+10   -0.9245469E+09
 385      0.355234E+09    0.2318641E+10   -0.8306212E+09
 386      0.377013E+09    0.2453254E+10   -0.6658314E+09
 387      0.408248E+09    0.2595443E+10   -0.5047011E+09
 388      0.427995E+09    0.2652228E+10   -0.3079658E+09
 389      0.463994E+09    0.2713549E+10   -0.1126049E+09
 390      0.484084E+09    0.2698277E+10    0.1061611E+09
 391      0.526741E+09    0.2688770E+10    0.3262433E+09
 392      0.544986E+09    0.2580002E+10    0.5541760E+09
 393      0.577224E+09    0.2478623E+10    0.7876558E+09
 394      0.558405E+09    0.2216460E+10    0.9747833E+09
 395      0.530996E+09    0.1962584E+10    0.1173561E+10
 396      0.325912E+09    0.1433169E+10    0.1126687E+10
 397     -0.999513E+08    0.6681213E+09    0.1003535E+10
 398     -0.142951E+10    0.3302673E+09    0.2387711E+09
 399     -0.471108E+10    0.2140326E+09   -0.4876084E+09
 400     -0.277254E+10   -0.4612540E+09   -0.1435082E+09
 401     -0.427108E+09    0.8286322E+09   -0.9006782E+09
 402     -0.123544E+09    0.2054215E+10   -0.1461988E+10
 403      0.719656E+08    0.2437305E+10   -0.1322302E+10
 404      0.127835E+09    0.2846219E+10   -0.1264917E+10
 405      0.151505E+09    0.2998796E+10   -0.1098242E+10
 406      0.172309E+09    0.3169314E+10   -0.9418294E+09
 407      0.184967E+09    0.3247641E+10   -0.7498533E+09
 408      0.201033E+09    0.3333315E+10   -0.5596714E+09
 409      0.211738E+09    0.3369015E+10   -0.3443182E+09
 410      0.231960E+09    0.3409994E+10   -0.1290593E+09
 411      0.242645E+09    0.3407412E+10    0.1122823E+09
 412      0.266492E+09    0.3409915E+10    0.3544886E+09
 413      0.278013E+09    0.3350929E+10    0.6224403E+09
 414      0.297040E+09    0.3299503E+10    0.8934711E+09
 415      0.293556E+09    0.3129542E+10    0.1163894E+10
 416      0.285279E+09    0.2975053E+10    0.1448524E+10
 417      0.207626E+09    0.2526736E+10    0.1602652E+10
 418     -0.565886E+08    0.2072834E+10    0.1862521E+10
 419     -0.543015E+09    0.8465849E+09    0.1162599E+10
 420     -0.342290E+10   -0.4046403E+09    0.2924171E+09
 421     -0.131745E+10    0.4508923E+10   -0.1047491E+10
 422      0.120564E+09    0.4461383E+10   -0.1719527E+10
 423     -0.876871E+08    0.4365212E+10   -0.2034384E+10
 424      0.197722E+08    0.4250976E+10   -0.1660179E+10
 425     -0.137793E+08    0.4212297E+10   -0.1465725E+10
 426     -0.157592E+07    0.4178589E+10   -0.1245025E+10
 427     -0.508103E+07    0.4160820E+10   -0.1038535E+10
 428     -0.137050E+07    0.4149326E+10   -0.8232593E+09
 429      0.160715E+06    0.4142673E+10   -0.6082636E+09
 430      0.181133E+07    0.4146339E+10   -0.3764669E+09
 431      0.581039E+07    0.4153613E+10   -0.1439378E+09
 432      0.787555E+07    0.4170772E+10    0.1183224E+09
 433      0.126214E+08    0.4192390E+10    0.3805783E+09
 434      0.178294E+08    0.4213489E+10    0.6850694E+09
 435      0.228523E+08    0.4240213E+10    0.9912132E+09
 436      0.334657E+08    0.4241921E+10    0.1335602E+10
 437      0.345973E+08    0.4259566E+10    0.1700494E+10
 438      0.725169E+08    0.4207415E+10    0.2030968E+10
 439     -0.321048E+08    0.4240817E+10    0.2589840E+10
 440      0.188888E+09    0.4040429E+10    0.2140138E+10
 441     -0.145242E+10    0.3753176E+10    0.1367696E+10
