   1      0.190195E+09    0.6083564E+07    0.3085584E+07
   2      0.911080E+08   -0.2606014E+08    0.2866124E+07
   3      0.375377E+08   -0.6042900E+08    0.2493798E+07
   4      0.445937E+07   -0.1139905E+09    0.1496344E+07
   5     -0.112081E+08   -0.1664423E+09    0.9568967E+06
   6     -0.104510E+08   -0.2222926E+09    0.1425962E+07
   7     -0.995044E+07   -0.2783611E+09    0.1180177E+07
   8     -0.146808E+08   -0.3178560E+09    0.6718716E+06
   9     -0.870512E+07   -0.3571876E+09    0.5946805E+06
  10     -0.826143E+05   -0.3676257E+09   -0.8440083E+06
  11     -0.129527E+08   -0.3761956E+09   -0.1568677E+07
  12     -0.119587E+08   -0.3590987E+09   -0.7778711E+06
  13     -0.272865E+08   -0.3424965E+09   -0.7713680E+06
  14     -0.294443E+08   -0.2996890E+09   -0.1444702E+07
  15     -0.423983E+08   -0.2556214E+09   -0.1631090E+07
  16     -0.529773E+08   -0.2005087E+09   -0.1305750E+07
  17     -0.510451E+08   -0.1452745E+09   -0.1180558E+07
  18     -0.354194E+08   -0.9597463E+08   -0.6383927E+06
  19     -0.846433E+07   -0.4693235E+08   -0.5964391E+06
  20      0.429515E+08   -0.1998200E+08   -0.1423870E+07
  21      0.148093E+09    0.5570137E+07   -0.1986426E+07
  22      0.147833E+09    0.6658375E+07    0.6356749E+07
  23      0.735766E+08   -0.1590601E+08    0.2578050E+08
  24      0.257715E+08   -0.4087058E+08    0.4425276E+08
  25     -0.742737E+06   -0.9063443E+08    0.4872419E+08
  26     -0.124205E+08   -0.1395227E+09    0.5399061E+08
  27     -0.739805E+07   -0.1899591E+09    0.5089321E+08
  28     -0.361753E+07   -0.2402577E+09    0.4800109E+08
  29     -0.291967E+07   -0.2776209E+09    0.3674965E+08
  30      0.399690E+07   -0.3134652E+09    0.2518257E+08
  31      0.129241E+08   -0.3263050E+09    0.1177265E+08
  32      0.177715E+07   -0.3395973E+09   -0.1747673E+07
  33      0.662953E+06   -0.3254742E+09   -0.1508723E+08
  34     -0.127913E+08   -0.3102705E+09   -0.2896241E+08
  35     -0.202100E+08   -0.2719395E+09   -0.3925968E+08
  36     -0.367053E+08   -0.2334932E+09   -0.4855924E+08
  37     -0.497047E+08   -0.1824645E+09   -0.5133445E+08
  38     -0.542300E+08   -0.1304390E+09   -0.5413644E+08
  39     -0.430282E+08   -0.8301796E+08   -0.4629551E+08
  40     -0.218875E+08   -0.3573594E+08   -0.3880642E+08
  41      0.272538E+08   -0.1411068E+08   -0.2183370E+08
  42      0.114050E+09    0.5837769E+07   -0.4592725E+07
  43      0.102534E+09    0.5323501E+07    0.8778719E+07
  44      0.555329E+08   -0.1049281E+08    0.4762690E+08
  45      0.143676E+08   -0.2739092E+08    0.8481827E+08
  46     -0.603491E+07   -0.7023904E+08    0.9579944E+08
  47     -0.130860E+08   -0.1141346E+09    0.1078514E+09
  48     -0.369677E+07   -0.1646465E+09    0.1009462E+09
  49      0.299356E+07   -0.2138218E+09    0.9481253E+08
  50      0.972695E+07   -0.2489747E+09    0.7265912E+08
  51      0.171993E+08   -0.2840880E+09    0.4976291E+08
  52      0.256797E+08   -0.2976020E+09    0.2428808E+08
  53      0.174789E+08   -0.3106741E+09   -0.1691984E+07
  54      0.132222E+08   -0.2998344E+09   -0.2924910E+08
  55      0.290210E+07   -0.2878782E+09   -0.5727726E+08
  56     -0.113629E+08   -0.2525182E+09   -0.7715007E+08
  57     -0.308798E+08   -0.2162847E+09   -0.9597328E+08
  58     -0.470239E+08   -0.1695603E+09   -0.1008284E+09
  59     -0.571306E+08   -0.1236912E+09   -0.1059396E+09
  60     -0.508671E+08   -0.7907745E+08   -0.9194598E+08
  61     -0.358578E+08   -0.3269266E+08   -0.7750072E+08
  62      0.116394E+08   -0.1158362E+08   -0.4181413E+08
  63      0.787711E+08    0.6939618E+07   -0.5870901E+07
  64      0.226004E+08    0.5301512E+07    0.7343355E+07
  65      0.136842E+07   -0.9706836E+07    0.6137848E+08
  66     -0.198260E+08   -0.2648000E+08    0.1145299E+09
  67     -0.252614E+08   -0.6509154E+08    0.1327661E+09
  68     -0.168158E+08   -0.1026624E+09    0.1511785E+09
  69      0.367665E+07   -0.1450436E+09    0.1436408E+09
  70      0.214135E+08   -0.1879249E+09    0.1364684E+09
  71      0.404597E+08   -0.2239585E+09    0.1069753E+09
  72      0.522836E+08   -0.2596487E+09    0.7710420E+08
  73      0.628952E+08   -0.2755294E+09    0.3901596E+08
  74      0.583624E+08   -0.2902134E+09    0.9004885E+06
  75      0.523732E+08   -0.2801899E+09   -0.3858820E+08
  76      0.390893E+08   -0.2702666E+09   -0.7795028E+08
  77      0.166270E+08   -0.2409379E+09   -0.1067716E+09
  78     -0.990413E+07   -0.2109079E+09   -0.1358697E+09
  79     -0.395215E+08   -0.1651568E+09   -0.1447577E+09
  80     -0.605884E+08   -0.1183878E+09   -0.1534773E+09
  81     -0.722272E+08   -0.7529411E+08   -0.1334245E+09
  82     -0.710225E+08   -0.3231456E+08   -0.1133283E+09
  83     -0.430900E+08   -0.1241520E+08   -0.5970542E+08
  84      0.782958E+07    0.5733559E+07   -0.5473836E+07
  85     -0.530721E+08    0.4379056E+07    0.6776844E+07
  86     -0.529756E+08   -0.9017811E+07    0.7589480E+08
  87     -0.542882E+08   -0.2334044E+08    0.1447744E+09
  88     -0.439545E+08   -0.5921090E+08    0.1696775E+09
  89     -0.209904E+08   -0.9598833E+08    0.1939088E+09
  90      0.102989E+08   -0.1369976E+09    0.1856169E+09
  91      0.394986E+08   -0.1764883E+09    0.1780068E+09
  92      0.707465E+08   -0.2082646E+09    0.1417258E+09
  93      0.876888E+08   -0.2402130E+09    0.1044880E+09
  94      0.100938E+09   -0.2559189E+09    0.5421658E+08
  95      0.985686E+08   -0.2717409E+09    0.4160673E+07
  96      0.921380E+08   -0.2660520E+09   -0.4780881E+08
  97      0.739538E+08   -0.2584035E+09   -0.9940120E+08
  98      0.448313E+08   -0.2289127E+09   -0.1366467E+09
  99      0.106187E+08   -0.2012119E+09   -0.1741472E+09
 100     -0.309909E+08   -0.1613379E+09   -0.1891534E+09
 101     -0.656490E+08   -0.1180167E+09   -0.2033195E+09
 102     -0.942577E+08   -0.7407203E+08   -0.1749328E+09
 103     -0.104789E+09   -0.3163766E+08   -0.1478527E+09
 104     -0.982756E+08   -0.1238954E+08   -0.7782748E+08
 105     -0.612628E+08    0.5509022E+07   -0.6586540E+07
 106     -0.159564E+09    0.3721272E+07    0.8866231E+07
 107     -0.134204E+09   -0.1057641E+08    0.8971816E+08
 108     -0.111904E+09   -0.2561953E+08    0.1707045E+09
 109     -0.756588E+08   -0.5991765E+08    0.2029554E+09
 110     -0.288466E+08   -0.9494787E+08    0.2338146E+09
 111      0.202923E+08   -0.1336734E+09    0.2224259E+09
 112      0.660404E+08   -0.1715662E+09    0.2116872E+09
 113      0.113277E+09   -0.1994410E+09    0.1694500E+09
 114      0.140352E+09   -0.2270649E+09    0.1268163E+09
 115      0.159443E+09   -0.2406204E+09    0.6807103E+08
 116      0.161919E+09   -0.2535353E+09    0.8865100E+07
 117      0.153508E+09   -0.2476561E+09   -0.5295163E+08
 118      0.128900E+09   -0.2422920E+09   -0.1141241E+09
 119      0.910284E+08   -0.2189689E+09   -0.1607215E+09
 120      0.443886E+08   -0.1937417E+09   -0.2074694E+09
 121     -0.111208E+08   -0.1544119E+09   -0.2268333E+09
 122     -0.710171E+08   -0.1159381E+09   -0.2463073E+09
 123     -0.126785E+09   -0.7468683E+08   -0.2155125E+09
 124     -0.163546E+09   -0.3156784E+08   -0.1835244E+09
 125     -0.186787E+09   -0.1178249E+08   -0.9564350E+08
 126     -0.172921E+09    0.5552817E+07   -0.7970473E+07
 127     -0.267408E+09    0.5887178E+07    0.9889125E+07
 128     -0.214081E+09   -0.9185250E+07    0.1039773E+09
 129     -0.170040E+09   -0.2683912E+08    0.1983907E+09
 130     -0.108106E+09   -0.6194660E+08    0.2366628E+09
 131     -0.366007E+08   -0.9542266E+08    0.2733396E+09
 132      0.306747E+08   -0.1284497E+09    0.2592905E+09
 133      0.931761E+08   -0.1599359E+09    0.2450306E+09
 134      0.155655E+09   -0.1841108E+09    0.1973613E+09
 135      0.192201E+09   -0.2103294E+09    0.1506594E+09
 136      0.218606E+09   -0.2247968E+09    0.8208752E+08
 137      0.225856E+09   -0.2372749E+09    0.1242024E+08
 138      0.214683E+09   -0.2331718E+09   -0.5849586E+08
 139      0.183270E+09   -0.2297164E+09   -0.1280170E+09
 140      0.138183E+09   -0.2088862E+09   -0.1848813E+09
 141      0.783177E+08   -0.1870006E+09   -0.2426214E+09
 142      0.759516E+07   -0.1513417E+09   -0.2650240E+09
 143     -0.749489E+08   -0.1148639E+09   -0.2884824E+09
 144     -0.158830E+09   -0.7610111E+08   -0.2559469E+09
 145     -0.224512E+09   -0.3607197E+08   -0.2204522E+09
 146     -0.275337E+09   -0.1309514E+08   -0.1138024E+09
 147     -0.282989E+09    0.7118674E+07   -0.7976624E+07
 148     -0.404049E+09    0.4247030E+07    0.1089766E+08
 149     -0.323278E+09   -0.1159928E+08    0.1194611E+09
 150     -0.243230E+09   -0.2907147E+08    0.2276968E+09
 151     -0.148340E+09   -0.6106344E+08    0.2670357E+09
 152     -0.459513E+08   -0.9227012E+08    0.3055704E+09
 153      0.469034E+08   -0.1224968E+09    0.2882954E+09
 154      0.132476E+09   -0.1524538E+09    0.2701945E+09
 155      0.206408E+09   -0.1724281E+09    0.2172722E+09
 156      0.256875E+09   -0.1910068E+09    0.1651837E+09
 157      0.292802E+09   -0.1987572E+09    0.9150974E+08
 158      0.303423E+09   -0.2079921E+09    0.1803900E+08
 159      0.292186E+09   -0.2078374E+09   -0.5946164E+08
 160      0.255938E+09   -0.2064466E+09   -0.1372970E+09
 161      0.203286E+09   -0.1884751E+09   -0.2020316E+09
 162      0.127226E+09   -0.1707932E+09   -0.2667886E+09
 163      0.346585E+08   -0.1407514E+09   -0.2952369E+09
 164     -0.722807E+08   -0.1097210E+09   -0.3244883E+09
 165     -0.194393E+09   -0.7377865E+08   -0.2909538E+09
 166     -0.300835E+09   -0.3634020E+08   -0.2560916E+09
 167     -0.399179E+09   -0.1449220E+08   -0.1343113E+09
 168     -0.441438E+09    0.4913730E+07   -0.1177980E+08
 169     -0.538614E+09    0.4371185E+07    0.1340251E+08
 170     -0.433176E+09   -0.1229177E+08    0.1351447E+09
 171     -0.315856E+09   -0.3091652E+08    0.2561362E+09
 172     -0.188582E+09   -0.6136974E+08    0.2978076E+09
 173     -0.558060E+08   -0.9077078E+08    0.3391055E+09
 174      0.629243E+08   -0.1150040E+09    0.3184830E+09
 175      0.172337E+09   -0.1380156E+09    0.2968656E+09
 176      0.257551E+09   -0.1509421E+09    0.2375018E+09
 177      0.322970E+09   -0.1639936E+09    0.1787039E+09
 178      0.366535E+09   -0.1688658E+09    0.1005016E+09
 179      0.380844E+09   -0.1732336E+09    0.2336631E+08
 180      0.370616E+09   -0.1715780E+09   -0.6057573E+08
 181      0.330975E+09   -0.1715535E+09   -0.1460945E+09
 182      0.267861E+09   -0.1644893E+09   -0.2189215E+09
 183      0.176445E+09   -0.1560834E+09   -0.2912671E+09
 184      0.619808E+08   -0.1322549E+09   -0.3259771E+09
 185     -0.704735E+08   -0.1073945E+09   -0.3613163E+09
 186     -0.230655E+09   -0.7371202E+08   -0.3267955E+09
 187     -0.376545E+09   -0.3875594E+08   -0.2913109E+09
 188     -0.522386E+09   -0.1559261E+08   -0.1549917E+09
 189     -0.603140E+09    0.5168040E+07   -0.1737135E+08
 190     -0.718864E+09    0.3391431E+07    0.1933254E+08
 191     -0.566756E+09   -0.1430351E+08    0.1520134E+09
 192     -0.399387E+09   -0.3423428E+08    0.2832807E+09
 193     -0.228865E+09   -0.6007641E+08    0.3215734E+09
 194     -0.605974E+08   -0.8404213E+08    0.3593871E+09
 195      0.886512E+08   -0.9683813E+08    0.3318717E+09
 196      0.218741E+09   -0.1088530E+09    0.3048092E+09
 197      0.319305E+09   -0.1123080E+09    0.2421475E+09
 198      0.395960E+09   -0.1152670E+09    0.1799020E+09
 199      0.443880E+09   -0.1154260E+09    0.1019484E+09
 200      0.464320E+09   -0.1164229E+09    0.2431372E+08
 201      0.454574E+09   -0.1177520E+09   -0.5916133E+08
 202      0.416780E+09   -0.1195549E+09   -0.1433094E+09
 203      0.344005E+09   -0.1179374E+09   -0.2200276E+09
 204      0.240622E+09   -0.1163825E+09   -0.2971654E+09
 205      0.103632E+09   -0.1032033E+09   -0.3399301E+09
 206     -0.596552E+08   -0.8895194E+08   -0.3834284E+09
 207     -0.261738E+09   -0.6195706E+08   -0.3539038E+09
 208     -0.465480E+09   -0.3201616E+08   -0.3236041E+09
 209     -0.671726E+09   -0.1183096E+08   -0.1734340E+09
 210     -0.834160E+09    0.5060303E+07   -0.2117932E+08
 211     -0.900079E+09    0.4276072E+07    0.2469743E+08
 212     -0.700170E+09   -0.1286464E+08    0.1692409E+09
 213     -0.484012E+09   -0.3308368E+08    0.3118990E+09
 214     -0.269665E+09   -0.5395372E+08    0.3465721E+09
 215     -0.652309E+08   -0.7140243E+08    0.3804295E+09
 216      0.114800E+09   -0.7003949E+08    0.3457506E+09
 217      0.263876E+09   -0.6736014E+08    0.3130716E+09
 218      0.382113E+09   -0.5658789E+08    0.2473971E+09
 219      0.469184E+09   -0.4702140E+08    0.1818337E+09
 220      0.521997E+09   -0.4087314E+08    0.1038006E+09
 221      0.549650E+09   -0.3462594E+08    0.2560816E+08
 222      0.538980E+09   -0.3609832E+08   -0.5828234E+08
 223      0.502439E+09   -0.3865597E+08   -0.1420891E+09
 224      0.421003E+09   -0.4982846E+08   -0.2218050E+09
 225      0.305738E+09   -0.6202229E+08   -0.3028761E+09
 226      0.145852E+09   -0.6577961E+08   -0.3543403E+09
 227     -0.496083E+08   -0.6793733E+08   -0.4060809E+09
 228     -0.292854E+09   -0.5156395E+08   -0.3816226E+09
 229     -0.555723E+09   -0.3115276E+08   -0.3575530E+09
 230     -0.823044E+09   -0.1068409E+08   -0.1918172E+09
 231     -0.106176E+10    0.5898153E+07   -0.2265814E+08
 232     -0.113011E+10    0.1216009E+07    0.3319698E+08
 233     -0.852407E+09   -0.1489191E+08    0.1842387E+09
 234     -0.565624E+09   -0.3410176E+08    0.3315159E+09
 235     -0.294341E+09   -0.4046645E+08    0.3509344E+09
 236     -0.520047E+08   -0.4287634E+08    0.3709038E+09
 237      0.154607E+09   -0.2254190E+08    0.3272206E+09
 238      0.317205E+09   -0.1265356E+07    0.2853555E+09
 239      0.444772E+09    0.2802014E+08    0.2216926E+09
 240      0.535683E+09    0.5677904E+08    0.1598143E+09
 241      0.591777E+09    0.7204099E+08    0.9109074E+08
 242      0.622703E+09    0.8627530E+08    0.2279402E+08
 243      0.612904E+09    0.7730913E+08   -0.4933128E+08
 244      0.579899E+09    0.6680112E+08   -0.1220926E+09
 245      0.498108E+09    0.4201968E+08   -0.1975812E+09
 246      0.377328E+09    0.1681406E+08   -0.2741708E+09
 247      0.204729E+09   -0.6766205E+07   -0.3325009E+09
 248     -0.192863E+08   -0.2949639E+08   -0.3931666E+09
 249     -0.305278E+09   -0.3013554E+08   -0.3828635E+09
 250     -0.635331E+09   -0.2694466E+08   -0.3746156E+09
 251     -0.997194E+09   -0.1139345E+08   -0.2055148E+09
 252     -0.134386E+10    0.1186877E+07   -0.2977516E+08
 253     -0.136026E+10    0.1636517E+07    0.4324373E+08
 254     -0.100626E+10   -0.1438583E+08    0.2008684E+09
 255     -0.648460E+09   -0.3291404E+08    0.3528140E+09
 256     -0.319278E+09   -0.2054903E+08    0.3563174E+09
 257     -0.403472E+08   -0.2648533E+07    0.3623080E+09
 258      0.194939E+09    0.5033642E+08    0.3094705E+09
 259      0.372755E+09    0.1036326E+09    0.2583948E+09
 260      0.508087E+09    0.1559136E+09    0.1966123E+09
 261      0.602329E+09    0.2059866E+09    0.1378897E+09
 262      0.663470E+09    0.2311695E+09    0.7832119E+08
 263      0.694604E+09    0.2558406E+09    0.1986645E+08
 264      0.687449E+09    0.2438009E+09   -0.3964794E+08
 265      0.658698E+09    0.2295352E+09   -0.1010466E+09
 266      0.576935E+09    0.1834718E+09   -0.1732739E+09
 267      0.448650E+09    0.1359407E+09   -0.2461106E+09
 268      0.264102E+09    0.8239061E+08   -0.3112417E+09
 269      0.122566E+08    0.2845252E+08   -0.3811266E+09
 270     -0.318746E+09    0.4894139E+07   -0.3855338E+09
 271     -0.716534E+09   -0.1374789E+08   -0.3917425E+09
 272     -0.117132E+10   -0.5833713E+07   -0.2196980E+09
 273     -0.163290E+10    0.3536853E+06   -0.3923656E+08
 274     -0.164098E+10   -0.6374220E+07    0.5915679E+08
 275     -0.115676E+10   -0.1035900E+08    0.2055512E+09
 276     -0.697020E+09   -0.1789100E+08    0.3426844E+09
 277     -0.303678E+09    0.2383598E+08    0.3136883E+09
 278      0.549219E+07    0.7187600E+08    0.2892358E+09
 279      0.249634E+09    0.1604432E+09    0.2264610E+09
 280      0.425824E+09    0.2494147E+09    0.1693102E+09
 281      0.553078E+09    0.3290278E+09    0.1232877E+09
 282      0.641696E+09    0.4075321E+09    0.7915290E+08
 283      0.698539E+09    0.4431656E+09    0.4684109E+08
 284      0.727891E+09    0.4756231E+09    0.1543347E+08
 285      0.725085E+09    0.4551831E+09   -0.1882706E+08
 286      0.704371E+09    0.4346024E+09   -0.5333121E+08
 287      0.631980E+09    0.3651091E+09   -0.1043736E+09
 288      0.514952E+09    0.2921949E+09   -0.1577195E+09
 289      0.334247E+09    0.2042292E+09   -0.2270692E+09
 290      0.757510E+08    0.1172492E+09   -0.3015101E+09
 291     -0.291457E+09    0.5985527E+08   -0.3330151E+09
 292     -0.763127E+09    0.8471411E+07   -0.3694161E+09
 293     -0.133322E+10    0.3276806E+07   -0.2138074E+09
 294     -0.197108E+10   -0.5045866E+07   -0.4589225E+08
 295     -0.192677E+10   -0.1406798E+07    0.7859627E+08
 296     -0.130892E+10   -0.7193241E+07    0.2122542E+09
 297     -0.754540E+09   -0.7721489E+07    0.3365673E+09
 298     -0.287060E+09    0.8210175E+08    0.2750669E+09
 299      0.521076E+08    0.1763203E+09    0.2182089E+09
 300      0.307618E+09    0.3199054E+09    0.1444325E+09
 301      0.480181E+09    0.4591819E+09    0.7831169E+08
 302      0.599043E+09    0.5738083E+09    0.4840442E+08
 303      0.682896E+09    0.6837583E+09    0.1992233E+08
 304      0.731452E+09    0.7280690E+09    0.1601351E+08
 305      0.763272E+09    0.7716630E+09    0.1232476E+08
 306      0.763283E+09    0.7439385E+09    0.3523542E+07
 307      0.749789E+09    0.7142429E+09   -0.3978468E+07
 308      0.687333E+09    0.6196934E+09   -0.3448391E+08
 309      0.583979E+09    0.5225797E+09   -0.6760763E+08
 310      0.409086E+09    0.3833134E+09   -0.1420317E+09
 311      0.138105E+09    0.2371435E+09   -0.2216023E+09
 312     -0.261924E+09    0.1283068E+09   -0.2835448E+09
 313     -0.816149E+09    0.2600874E+08   -0.3527501E+09
 314     -0.150118E+10    0.1014859E+08   -0.2098093E+09
 315     -0.230633E+10   -0.1667725E+07   -0.5268973E+08
 316     -0.223247E+10   -0.2822409E+08    0.1032931E+09
 317     -0.140415E+10    0.7019629E+07    0.1857647E+09
 318     -0.709719E+09    0.3678834E+08    0.2467753E+09
 319     -0.198947E+09    0.1925624E+09    0.1250042E+09
 320      0.141069E+09    0.3602829E+09    0.2243270E+08
 321      0.359288E+09    0.5592827E+09   -0.4026628E+08
 322      0.502145E+09    0.7543870E+09   -0.9262709E+08
 323      0.590767E+09    0.8927045E+09   -0.8319550E+08
 324      0.659527E+09    0.1027908E+10   -0.7289577E+08
 325      0.695388E+09    0.1082274E+10   -0.3461919E+08
 326      0.727829E+09    0.1137138E+10    0.3234173E+07
 327      0.730082E+09    0.1102603E+10    0.4073783E+08
 328      0.727701E+09    0.1066461E+10    0.7869379E+08
 329      0.683286E+09    0.9432528E+09    0.8764251E+08
 330      0.609580E+09    0.8183450E+09    0.9606235E+08
 331      0.465689E+09    0.6279199E+09    0.4548099E+08
 332      0.229492E+09    0.4322526E+09   -0.1324755E+08
 333     -0.162796E+09    0.2504410E+09   -0.1152838E+09
 334     -0.763637E+09    0.7676301E+08   -0.2358325E+09
 335     -0.159469E+10    0.2409092E+08   -0.1656505E+09
 336     -0.263559E+10   -0.2947587E+08   -0.7006956E+08
 337     -0.256699E+10    0.2356508E+08    0.1532845E+09
 338     -0.150417E+10    0.2585804E+08    0.1668654E+09
 339     -0.696409E+09    0.7976400E+08    0.1683990E+09
 340     -0.879110E+08    0.3753281E+09   -0.1797816E+08
 341      0.234033E+09    0.6420869E+09   -0.1864631E+09
 342      0.415736E+09    0.9158083E+09   -0.2310723E+09
 343      0.523751E+09    0.1167063E+10   -0.2666570E+09
 344      0.581300E+09    0.1323963E+10   -0.2164879E+09
 345      0.632254E+09    0.1480650E+10   -0.1671389E+09
 346      0.658717E+09    0.1538431E+10   -0.8485292E+08
 347      0.688170E+09    0.1595726E+10   -0.3498172E+07
 348      0.694424E+09    0.1556422E+10    0.8007001E+08
 349      0.704502E+09    0.1519319E+10    0.1640996E+09
 350      0.679593E+09    0.1377276E+10    0.2153015E+09
 351      0.637391E+09    0.1232748E+10    0.2668089E+09
 352      0.525580E+09    0.9832586E+09    0.2398512E+09
 353      0.328315E+09    0.7145209E+09    0.2068017E+09
 354     -0.437312E+08    0.4333056E+09    0.4856079E+08
 355     -0.738443E+09    0.1261705E+09   -0.1286428E+09
 356     -0.168966E+10    0.4791450E+08   -0.1294921E+09
 357     -0.300472E+10    0.1584810E+08   -0.1080241E+09
 358     -0.281597E+10   -0.1262474E+09    0.1796898E+09
 359     -0.139113E+10    0.8133382E+08    0.2784755E+08
 360     -0.421277E+09    0.2841109E+09   -0.1773921E+09
 361      0.560724E+08    0.7000959E+09   -0.4033592E+09
 362      0.286259E+09    0.1121682E+10   -0.5475766E+09
 363      0.386841E+09    0.1415240E+10   -0.5110381E+09
 364      0.449940E+09    0.1701894E+10   -0.4774474E+09
 365      0.480600E+09    0.1857720E+10   -0.3713089E+09
 366      0.513982E+09    0.2015636E+10   -0.2688748E+09
 367      0.531337E+09    0.2071422E+10   -0.1391373E+09
 368      0.557303E+09    0.2129967E+10   -0.1031429E+08
 369      0.564987E+09    0.2091782E+10    0.1212234E+09
 370      0.581279E+09    0.2056550E+10    0.2539127E+09
 371      0.571260E+09    0.1909035E+10    0.3677684E+09
 372      0.558227E+09    0.1761872E+10    0.4845179E+09
 373      0.488676E+09    0.1471633E+10    0.5312247E+09
 374      0.372623E+09    0.1173484E+10    0.5837744E+09
 375      0.102788E+09    0.7489026E+09    0.4509521E+09
 376     -0.451760E+09    0.3272546E+09    0.2429075E+09
 377     -0.154063E+10    0.1076350E+09    0.3424564E+08
 378     -0.323930E+10   -0.1103237E+09   -0.1138879E+09
 379     -0.369381E+10    0.2614335E+09    0.6267810E+09
 380     -0.111392E+10    0.2945865E+09   -0.3466413E+08
 381     -0.907362E+08    0.5782921E+09   -0.7069313E+09
 382      0.190859E+09    0.1350665E+10   -0.8512328E+09
 383      0.339209E+09    0.1864821E+10   -0.9243077E+09
 384      0.343499E+09    0.2126585E+10   -0.8013652E+09
 385      0.368392E+09    0.2394792E+10   -0.6867841E+09
 386      0.372884E+09    0.2522257E+10   -0.5241618E+09
 387      0.392547E+09    0.2658275E+10   -0.3659059E+09
 388      0.399712E+09    0.2705594E+10   -0.1903792E+09
 389      0.424923E+09    0.2758349E+10   -0.1549939E+08
 390      0.432930E+09    0.2728729E+10    0.1652516E+09
 391      0.454815E+09    0.2702230E+10    0.3470137E+09
 392      0.457042E+09    0.2571859E+10    0.5246169E+09
 393      0.472567E+09    0.2448481E+10    0.7061872E+09
 394      0.443168E+09    0.2169559E+10    0.8374016E+09
 395      0.419870E+09    0.1896277E+10    0.9789211E+09
 396      0.248468E+09    0.1368477E+10    0.9130852E+09
 397     -0.972064E+08    0.6174951E+09    0.7692672E+09
 398     -0.124922E+10    0.3088315E+09    0.1274419E+09
 399     -0.407377E+10    0.2130245E+09   -0.4605769E+09
 400     -0.283435E+10   -0.4580637E+09   -0.1590835E+09
 401     -0.407259E+09    0.8354494E+09   -0.9073597E+09
 402     -0.843603E+08    0.2062554E+10   -0.1451268E+10
 403      0.113253E+09    0.2444643E+10   -0.1265302E+10
 404      0.167845E+09    0.2855785E+10   -0.1165434E+10
 405      0.167550E+09    0.3010006E+10   -0.9787290E+09
 406      0.179147E+09    0.3183142E+10   -0.8051381E+09
 407      0.182729E+09    0.3271677E+10   -0.6162782E+09
 408      0.194654E+09    0.3367296E+10   -0.4284403E+09
 409      0.199454E+09    0.3408213E+10   -0.2285244E+09
 410      0.214992E+09    0.3453071E+10   -0.2851966E+08
 411      0.220340E+09    0.3438415E+10    0.1850876E+09
 412      0.233524E+09    0.3426929E+10    0.3990329E+09
 413      0.235745E+09    0.3338903E+10    0.6211732E+09
 414      0.246858E+09    0.3257165E+10    0.8455798E+09
 415      0.236008E+09    0.3052956E+10    0.1058004E+10
 416      0.227937E+09    0.2862284E+10    0.1282188E+10
 417      0.166839E+09    0.2403363E+10    0.1397757E+10
 418     -0.528704E+08    0.1939492E+10    0.1608044E+10
 419     -0.463765E+09    0.7779298E+09    0.1001962E+10
 420     -0.303761E+10   -0.4024427E+09    0.2553458E+09
 421     -0.132607E+10    0.4505607E+10   -0.1069298E+10
 422      0.123194E+09    0.4395219E+10   -0.1732483E+10
 423     -0.834836E+08    0.4237797E+10   -0.2028017E+10
 424      0.205607E+08    0.4090352E+10   -0.1610211E+10
 425     -0.611799E+07    0.4018676E+10   -0.1373229E+10
 426     -0.236157E+07    0.4022550E+10   -0.1132824E+10
 427     -0.421414E+07    0.4044888E+10   -0.9133898E+09
 428     -0.122127E+07    0.4089896E+10   -0.7006302E+09
 429      0.177810E+07    0.4138141E+10   -0.4872587E+09
 430      0.460188E+07    0.4175759E+10   -0.2637636E+09
 431      0.938430E+07    0.4215774E+10   -0.3945595E+08
 432      0.124688E+08    0.4227182E+10    0.2053655E+09
 433      0.168394E+08    0.4239949E+10    0.4500216E+09
 434      0.200014E+08    0.4214554E+10    0.7136533E+09
 435      0.253775E+08    0.4192527E+10    0.9795332E+09
 436      0.322684E+08    0.4130340E+10    0.1263381E+10
 437      0.307491E+08    0.4082833E+10    0.1563209E+10
 438      0.681238E+08    0.3995471E+10    0.1836473E+10
 439     -0.313442E+08    0.3981848E+10    0.2319115E+10
 440      0.179656E+09    0.3829338E+10    0.1933105E+10
 441     -0.136584E+10    0.3608011E+10    0.1261811E+10
