   1      0.579165E+09   -0.1185776E+07   -0.2731402E+07
   2      0.523397E+09    0.1361428E+08   -0.3232483E+07
   3      0.413905E+09    0.2908409E+08   -0.3285952E+07
   4      0.284500E+09    0.4177218E+08   -0.2837817E+07
   5      0.141945E+09    0.5429094E+08   -0.3329765E+07
   6     -0.112514E+08    0.6647950E+08   -0.3322662E+07
   7     -0.149795E+09    0.7746657E+08   -0.2004303E+07
   8     -0.277361E+09    0.7978113E+08   -0.2793541E+07
   9     -0.382699E+09    0.8589135E+08   -0.4978859E+07
  10     -0.453400E+09    0.7822928E+08   -0.2645734E+07
  11     -0.484082E+09    0.6756089E+08   -0.2005594E+07
  12     -0.473673E+09    0.3015595E+08    0.2757417E+07
  13     -0.438883E+09   -0.1705569E+08    0.1442716E+08
  14     -0.304649E+09   -0.6617873E+08    0.1100575E+08
  15     -0.158849E+09   -0.9937291E+08    0.1766603E+07
  16     -0.243751E+08   -0.7597901E+08    0.5004849E+06
  17      0.100132E+09   -0.5744842E+08    0.3621465E+06
  18      0.226201E+09   -0.3583026E+08    0.2441432E+06
  19      0.360187E+09   -0.1429491E+08    0.1972402E+06
  20      0.505864E+09   -0.5051930E+07    0.2597366E+06
  21      0.672644E+09    0.3004381E+07    0.2995654E+06
  22      0.596911E+09   -0.7036518E+06   -0.4282948E+07
  23      0.524432E+09    0.2210600E+07   -0.6905566E+07
  24      0.414790E+09    0.5709848E+07   -0.8915009E+07
  25      0.283394E+09    0.1120343E+08   -0.7312903E+07
  26      0.140365E+09    0.1610281E+08   -0.6280752E+07
  27     -0.126400E+08    0.1684952E+08   -0.4437536E+07
  28     -0.154293E+09    0.1860550E+08   -0.2270915E+07
  29     -0.281360E+09    0.1459152E+08    0.2285985E+07
  30     -0.388236E+09    0.9519443E+07    0.6141080E+07
  31     -0.463885E+09   -0.8854011E+07    0.1571256E+08
  32     -0.493592E+09   -0.2805100E+08    0.2704866E+08
  33     -0.482319E+09   -0.6257278E+08    0.3480408E+08
  34     -0.420149E+09   -0.9862299E+08    0.3798410E+08
  35     -0.280319E+09   -0.9917500E+08    0.1183415E+08
  36     -0.145621E+09   -0.9607532E+08   -0.1116534E+08
  37     -0.186620E+08   -0.7782389E+08   -0.1711873E+08
  38      0.101643E+09   -0.5932913E+08   -0.2294417E+08
  39      0.223731E+09   -0.3748365E+08   -0.2038591E+08
  40      0.354169E+09   -0.1615540E+08   -0.1766163E+08
  41      0.496624E+09   -0.6194507E+07   -0.8697092E+07
  42      0.665657E+09    0.2790195E+07   -0.9377375E+05
  43      0.617797E+09    0.5853914E+06   -0.5260759E+07
  44      0.526420E+09   -0.1285781E+07   -0.1010402E+08
  45      0.416511E+09   -0.3180345E+07   -0.1406962E+08
  46      0.282466E+09   -0.1005806E+08   -0.1118540E+08
  47      0.138901E+09   -0.1663227E+08   -0.9319994E+07
  48     -0.139517E+08   -0.2314398E+08   -0.6007024E+07
  49     -0.158946E+09   -0.2962468E+08   -0.2988590E+07
  50     -0.286315E+09   -0.4344352E+08    0.7833176E+07
  51     -0.394799E+09   -0.5766754E+08    0.1909677E+08
  52     -0.474253E+09   -0.8519561E+08    0.3548739E+08
  53     -0.508303E+09   -0.1193507E+09    0.5985279E+08
  54     -0.495773E+09   -0.1387810E+09    0.6657810E+08
  55     -0.395097E+09   -0.1458154E+09    0.5476375E+08
  56     -0.254515E+09   -0.1248527E+09    0.9786931E+07
  57     -0.131483E+09   -0.1101353E+09   -0.2393973E+08
  58     -0.123562E+08   -0.8800585E+08   -0.3472555E+08
  59      0.103383E+09   -0.6455964E+08   -0.4598403E+08
  60      0.221406E+09   -0.4085678E+08   -0.4086103E+08
  61      0.348331E+09   -0.1685532E+08   -0.3540451E+08
  62      0.487476E+09   -0.6122457E+07   -0.1744533E+08
  63      0.659792E+09    0.3380874E+07   -0.1455560E+06
  64      0.627733E+09    0.1333352E+07   -0.2928089E+07
  65      0.527472E+09   -0.5332870E+07   -0.3146730E+07
  66      0.413210E+09   -0.1231206E+08   -0.2473101E+07
  67      0.278220E+09   -0.2595148E+08    0.2856809E+07
  68      0.136102E+09   -0.3952879E+08    0.6819685E+07
  69     -0.193008E+08   -0.5818332E+08    0.1181358E+08
  70     -0.165693E+09   -0.7674990E+08    0.1653582E+08
  71     -0.299721E+09   -0.9725657E+08    0.2852111E+08
  72     -0.414579E+09   -0.1172357E+09    0.4201863E+08
  73     -0.493608E+09   -0.1415506E+09    0.6252617E+08
  74     -0.534712E+09   -0.1708341E+09    0.8971138E+08
  75     -0.464213E+09   -0.1748028E+09    0.6529365E+08
  76     -0.342096E+09   -0.1709634E+09    0.2735955E+08
  77     -0.218905E+09   -0.1472121E+09   -0.1307828E+08
  78     -0.106280E+09   -0.1265922E+09   -0.4765763E+08
  79      0.132873E+07   -0.1000561E+09   -0.6103096E+08
  80      0.105950E+09   -0.7284795E+08   -0.7427272E+08
  81      0.212992E+09   -0.4691834E+08   -0.6587359E+08
  82      0.329572E+09   -0.2095103E+08   -0.5682942E+08
  83      0.458924E+09   -0.8400108E+07   -0.2880394E+08
  84      0.633463E+09    0.3152709E+07   -0.1522466E+07
  85      0.635161E+09    0.4004410E+07   -0.2038352E+07
  86      0.528459E+09   -0.4978996E+07    0.3478065E+07
  87      0.410162E+09   -0.1548500E+08    0.9321893E+07
  88      0.274475E+09   -0.3764100E+08    0.1624174E+08
  89      0.132884E+09   -0.5818441E+08    0.2313238E+08
  90     -0.249921E+08   -0.8636693E+08    0.3086829E+08
  91     -0.172625E+09   -0.1165142E+09    0.3794630E+08
  92     -0.311703E+09   -0.1432954E+09    0.4816181E+08
  93     -0.434358E+09   -0.1666344E+09    0.6076792E+08
  94     -0.517653E+09   -0.1953724E+09    0.9026398E+08
  95     -0.556421E+09   -0.2274882E+09    0.1163064E+09
  96     -0.424252E+09   -0.2115115E+09    0.6167494E+08
  97     -0.297107E+09   -0.1934832E+09    0.6632828E+07
  98     -0.184846E+09   -0.1695468E+09   -0.3326273E+08
  99     -0.822208E+08   -0.1455265E+09   -0.7187066E+08
 100      0.144467E+08   -0.1143329E+09   -0.8752930E+08
 101      0.108296E+09   -0.8268140E+08   -0.1028855E+09
 102      0.204513E+09   -0.5310892E+08   -0.9101772E+08
 103      0.310839E+09   -0.2310489E+08   -0.7837953E+08
 104      0.430570E+09   -0.8704421E+07   -0.4025986E+08
 105      0.607349E+09    0.4269624E+07   -0.2888227E+07
 106      0.619721E+09    0.2863092E+07   -0.1433133E+07
 107      0.513263E+09   -0.8349737E+07    0.1478786E+08
 108      0.395278E+09   -0.1989145E+08    0.3152837E+08
 109      0.263492E+09   -0.4854231E+08    0.4441890E+08
 110      0.120952E+09   -0.7836273E+08    0.5708543E+08
 111     -0.313778E+08   -0.1124866E+09    0.6468287E+08
 112     -0.182189E+09   -0.1446017E+09    0.7196415E+08
 113     -0.320025E+09   -0.1781687E+09    0.8137414E+08
 114     -0.449156E+09   -0.2157816E+09    0.9463951E+08
 115     -0.542187E+09   -0.2356485E+09    0.1100813E+09
 116     -0.496161E+09   -0.2507676E+09    0.1117977E+09
 117     -0.361946E+09   -0.2342596E+09    0.4326928E+08
 118     -0.245932E+09   -0.2184848E+09   -0.1635051E+08
 119     -0.141710E+09   -0.1906048E+09   -0.6034951E+08
 120     -0.511848E+08   -0.1629905E+09   -0.1041282E+09
 121      0.314359E+08   -0.1284885E+09   -0.1216744E+09
 122      0.109107E+09   -0.9348537E+08   -0.1389172E+09
 123      0.187999E+09   -0.6082551E+08   -0.1227909E+09
 124      0.276873E+09   -0.2796175E+08   -0.1059872E+09
 125      0.380031E+09   -0.1139926E+08   -0.5554883E+08
 126      0.545848E+09    0.3907403E+07   -0.5611348E+07
 127      0.604106E+09    0.5580568E+07   -0.8622618E+06
 128      0.498536E+09   -0.7713801E+07    0.2579304E+08
 129      0.378837E+09   -0.2329117E+08    0.5373568E+08
 130      0.252343E+09   -0.5984532E+08    0.7279179E+08
 131      0.109864E+09   -0.9361591E+08    0.8998992E+08
 132     -0.379228E+08   -0.1335255E+09    0.9827612E+08
 133     -0.191290E+09   -0.1744972E+09    0.1055176E+09
 134     -0.330288E+09   -0.2144783E+09    0.1166900E+09
 135     -0.463167E+09   -0.2634684E+09    0.1369662E+09
 136     -0.563087E+09   -0.2864743E+09    0.1275548E+09
 137     -0.432514E+09   -0.2913516E+09    0.1005587E+09
 138     -0.303123E+09   -0.2600607E+09    0.2605451E+08
 139     -0.193289E+09   -0.2388611E+09   -0.3924557E+08
 140     -0.986295E+08   -0.2102144E+09   -0.8779085E+08
 141     -0.201305E+08   -0.1800889E+09   -0.1365224E+09
 142      0.481743E+08   -0.1422662E+09   -0.1560352E+09
 143      0.109691E+09   -0.1037712E+09   -0.1752058E+09
 144      0.171283E+09   -0.6710154E+08   -0.1547614E+09
 145      0.242876E+09   -0.2961115E+08   -0.1337705E+09
 146      0.329717E+09   -0.1105054E+08   -0.7084718E+08
 147      0.483755E+09    0.5543792E+07   -0.8149071E+07
 148      0.558907E+09    0.4978180E+07   -0.3503955E+06
 149      0.456086E+09   -0.1263948E+08    0.4278490E+08
 150      0.344799E+09   -0.3126385E+08    0.8621717E+08
 151      0.227862E+09   -0.7033669E+08    0.1115196E+09
 152      0.968135E+08   -0.1105118E+09    0.1358016E+09
 153     -0.461801E+08   -0.1573936E+09    0.1432121E+09
 154     -0.192232E+09   -0.2030186E+09    0.1490027E+09
 155     -0.338671E+09   -0.2401205E+09    0.1545036E+09
 156     -0.481352E+09   -0.2786419E+09    0.1731721E+09
 157     -0.509592E+09   -0.2878582E+09    0.1350566E+09
 158     -0.361314E+09   -0.2928990E+09    0.8038211E+08
 159     -0.234063E+09   -0.2720946E+09    0.6337143E+07
 160     -0.130012E+09   -0.2534749E+09   -0.6350069E+08
 161     -0.451829E+08   -0.2231222E+09   -0.1181878E+09
 162      0.193041E+08   -0.1924602E+09   -0.1726349E+09
 163      0.696855E+08   -0.1530902E+09   -0.1951650E+09
 164      0.109300E+09   -0.1130411E+09   -0.2174217E+09
 165      0.146063E+09   -0.7390678E+08   -0.1930658E+09
 166      0.191014E+09   -0.3414349E+08   -0.1681833E+09
 167      0.251546E+09   -0.1369409E+08   -0.8962765E+08
 168      0.374706E+09    0.4961778E+07   -0.1095320E+08
 169      0.515176E+09    0.6945890E+07    0.4345213E+06
 170      0.412810E+09   -0.1172973E+08    0.5977267E+08
 171      0.312506E+09   -0.3321958E+08    0.1188761E+09
 172      0.202609E+09   -0.8352292E+08    0.1512046E+09
 173      0.825880E+08   -0.1324740E+09    0.1832060E+09
 174     -0.540977E+08   -0.1784877E+09    0.1877094E+09
 175     -0.194408E+09   -0.2237839E+09    0.1913943E+09
 176     -0.346195E+09   -0.2567027E+09    0.1907998E+09
 177     -0.502337E+09   -0.2901185E+09    0.2027608E+09
 178     -0.451570E+09   -0.2937393E+09    0.1430480E+09
 179     -0.293018E+09   -0.2951195E+09    0.6755782E+08
 180     -0.164929E+09   -0.2767049E+09   -0.1199333E+08
 181     -0.665270E+08   -0.2594548E+09   -0.8833830E+08
 182      0.849660E+07   -0.2298037E+09   -0.1487289E+09
 183      0.587808E+08   -0.2000310E+09   -0.2091168E+09
 184      0.910832E+08   -0.1603835E+09   -0.2347040E+09
 185      0.108636E+09   -0.1198598E+09   -0.2600918E+09
 186      0.120508E+09   -0.7814712E+08   -0.2317138E+09
 187      0.138830E+09   -0.3486823E+08   -0.2028470E+09
 188      0.173292E+09   -0.1265488E+08   -0.1084060E+09
 189      0.265459E+09    0.6813199E+07   -0.1348996E+08
 190      0.425077E+09    0.5932600E+07    0.3160794E+07
 191      0.333613E+09   -0.1734193E+08    0.8212671E+08
 192      0.254831E+09   -0.4260155E+08    0.1615766E+09
 193      0.164988E+09   -0.9161527E+08    0.1997452E+09
 194      0.665025E+08   -0.1406530E+09    0.2360900E+09
 195     -0.514631E+08   -0.1891192E+09    0.2337354E+09
 196     -0.187284E+09   -0.2372307E+09    0.2320410E+09
 197     -0.333272E+09   -0.2658068E+09    0.2182045E+09
 198     -0.485903E+09   -0.2920197E+09    0.2116830E+09
 199     -0.363444E+09   -0.2875239E+09    0.1396373E+09
 200     -0.208874E+09   -0.2832308E+09    0.5702115E+08
 201     -0.840555E+08   -0.2660631E+09   -0.2781973E+08
 202      0.863952E+07   -0.2496850E+09   -0.1097876E+09
 203      0.732335E+08   -0.2231598E+09   -0.1753168E+09
 204      0.108597E+09   -0.1965357E+09   -0.2411627E+09
 205      0.120271E+09   -0.1599142E+09   -0.2715766E+09
 206      0.110649E+09   -0.1223130E+09   -0.3021265E+09
 207      0.891790E+08   -0.8118829E+08   -0.2723361E+09
 208      0.682568E+08   -0.3859961E+08   -0.2419978E+09
 209      0.607073E+08   -0.1517646E+08   -0.1295949E+09
 210      0.103337E+09    0.5721364E+07   -0.1616328E+08
 211      0.335547E+09    0.9495356E+07    0.4991502E+07
 212      0.254523E+09   -0.1527418E+08    0.1046090E+09
 213      0.196302E+09   -0.4446595E+08    0.2046681E+09
 214      0.126747E+09   -0.1002503E+09    0.2480120E+09
 215      0.500150E+08   -0.1527893E+09    0.2891422E+09
 216     -0.494168E+08   -0.1955718E+09    0.2811930E+09
 217     -0.179895E+09   -0.2377010E+09    0.2750451E+09
 218     -0.319410E+09   -0.2616562E+09    0.2483831E+09
 219     -0.464488E+09   -0.2837199E+09    0.2218585E+09
 220     -0.277428E+09   -0.2666102E+09    0.1346587E+09
 221     -0.123363E+09   -0.2510737E+09    0.4501613E+08
 222     -0.199207E+07   -0.2358193E+09   -0.4393538E+08
 223      0.847383E+08   -0.2207890E+09   -0.1313612E+09
 224      0.138682E+09   -0.2001951E+09   -0.2022944E+09
 225      0.158815E+09   -0.1798226E+09   -0.2737867E+09
 226      0.149577E+09   -0.1499551E+09   -0.3091542E+09
 227      0.112292E+09   -0.1189741E+09   -0.3449731E+09
 228      0.572484E+08   -0.8003325E+08   -0.3136402E+09
 229     -0.312635E+07   -0.3823797E+08   -0.2816683E+09
 230     -0.525424E+08   -0.1365346E+08   -0.1509069E+09
 231     -0.582823E+08    0.7433223E+07   -0.1863370E+08
 232      0.183024E+09    0.6444265E+07    0.1023346E+08
 233      0.131190E+09   -0.2349075E+08    0.1331441E+09
 234      0.112942E+09   -0.5726084E+08    0.2565272E+09
 235      0.864570E+08   -0.1098417E+09    0.2974052E+09
 236      0.447892E+08   -0.1604505E+09    0.3348186E+09
 237     -0.302783E+08   -0.1933029E+09    0.3132255E+09
 238     -0.145815E+09   -0.2245319E+09    0.2939754E+09
 239     -0.283324E+09   -0.2263811E+09    0.2535006E+09
 240     -0.382351E+09   -0.2260557E+09    0.2092146E+09
 241     -0.188546E+09   -0.2075488E+09    0.1169623E+09
 242     -0.340575E+08   -0.1904777E+09    0.2815998E+08
 243      0.832945E+08   -0.1756997E+09   -0.5734100E+08
 244      0.165185E+09   -0.1622026E+09   -0.1423927E+09
 245      0.210378E+09   -0.1511210E+09   -0.2139364E+09
 246      0.218699E+09   -0.1404189E+09   -0.2863826E+09
 247      0.190230E+09   -0.1229600E+09   -0.3280585E+09
 248      0.124253E+09   -0.1042630E+09   -0.3710294E+09
 249      0.285901E+08   -0.7352342E+08   -0.3450132E+09
 250     -0.865960E+08   -0.3971010E+08   -0.3186481E+09
 251     -0.201204E+09   -0.1567149E+08   -0.1722099E+09
 252     -0.279578E+09    0.4999515E+07   -0.2291295E+08
 253      0.304686E+08    0.1129963E+08    0.1554413E+08
 254      0.765195E+07   -0.2073816E+08    0.1622710E+09
 255      0.267083E+08   -0.5788931E+08    0.3095485E+09
 256      0.452036E+08   -0.1094617E+09    0.3490035E+09
 257      0.394372E+08   -0.1569764E+09    0.3836946E+09
 258     -0.104329E+08   -0.1711071E+09    0.3463799E+09
 259     -0.110845E+09   -0.1830143E+09    0.3125596E+09
 260     -0.246570E+09   -0.1632405E+09    0.2570691E+09
 261     -0.298100E+09   -0.1412145E+09    0.1963482E+09
 262     -0.988664E+08   -0.1114468E+09    0.1012288E+09
 263      0.561912E+08   -0.8472121E+08    0.1173166E+08
 264      0.169512E+09   -0.7298356E+08   -0.7079610E+08
 265      0.246766E+09   -0.6262644E+08   -0.1533747E+09
 266      0.283320E+09   -0.6607575E+08   -0.2257833E+09
 267      0.279506E+09   -0.7078676E+08   -0.2993882E+09
 268      0.231725E+09   -0.7377863E+08   -0.3479204E+09
 269      0.135658E+09   -0.7613773E+08   -0.3984584E+09
 270     -0.913590E+06   -0.5902687E+08   -0.3777170E+09
 271     -0.172162E+09   -0.3712486E+08   -0.3568439E+09
 272     -0.351221E+09   -0.1354628E+08   -0.1941207E+09
 273     -0.501019E+09    0.6687048E+07   -0.2748228E+08
 274     -0.208710E+09    0.4496522E+07    0.2653184E+08
 275     -0.161859E+09   -0.2875971E+08    0.1945482E+09
 276     -0.644577E+08   -0.6903803E+08    0.3594875E+09
 277      0.239508E+08   -0.1011180E+09    0.3771049E+09
 278      0.660465E+08   -0.1263585E+09    0.3922785E+09
 279      0.426288E+08   -0.1129354E+09    0.3345008E+09
 280     -0.454126E+08   -0.9780291E+08    0.2805084E+09
 281     -0.183512E+09   -0.5163740E+08    0.2143314E+09
 282     -0.212306E+09   -0.3473687E+07    0.1464716E+09
 283     -0.210319E+08    0.3692687E+08    0.6618817E+08
 284      0.129800E+09    0.7427477E+08   -0.1066648E+08
 285      0.237477E+09    0.8202677E+08   -0.7718084E+08
 286      0.312924E+09    0.8831420E+08   -0.1434426E+09
 287      0.346231E+09    0.6611637E+08   -0.2044535E+09
 288      0.340886E+09    0.4229431E+08   -0.2668994E+09
 289      0.284256E+09    0.1026534E+08   -0.3192845E+09
 290      0.169652E+09   -0.2118030E+08   -0.3756048E+09
 291     -0.711370E+07   -0.2869967E+08   -0.3738362E+09
 292     -0.246554E+09   -0.2990034E+08   -0.3741586E+09
 293     -0.523064E+09   -0.1249841E+08   -0.2089774E+09
 294     -0.791173E+09    0.4470322E+06   -0.3604882E+08
 295     -0.448897E+09    0.1451708E+08    0.4011250E+08
 296     -0.333990E+09   -0.2705880E+08    0.2293852E+09
 297     -0.164207E+09   -0.7024589E+08    0.4157265E+09
 298      0.471879E+07   -0.7735547E+08    0.4102560E+09
 299      0.905703E+08   -0.7623049E+08    0.4021831E+09
 300      0.994909E+08   -0.1201974E+08    0.3230152E+09
 301      0.231884E+08    0.4897004E+08    0.2472057E+09
 302     -0.118223E+09    0.1261886E+09    0.1708110E+09
 303     -0.127432E+09    0.2046871E+09    0.9518289E+08
 304      0.571244E+08    0.2587620E+09    0.3012166E+08
 305      0.203559E+09    0.3088542E+09   -0.3305261E+08
 306      0.305771E+09    0.3115596E+09   -0.8296902E+08
 307      0.379841E+09    0.3130276E+09   -0.1323750E+09
 308      0.410622E+09    0.2670312E+09   -0.1819330E+09
 309      0.404205E+09    0.2178270E+09   -0.2328885E+09
 310      0.340095E+09    0.1441922E+09   -0.2908715E+09
 311      0.203477E+09    0.6675615E+08   -0.3538616E+09
 312     -0.121329E+08    0.2053926E+08   -0.3731587E+09
 313     -0.328325E+09   -0.2010567E+08   -0.3954481E+09
 314     -0.697929E+09   -0.7944796E+07   -0.2255337E+09
 315     -0.108429E+10    0.6380576E+07   -0.4641139E+08
 316     -0.805416E+09   -0.1183698E+08    0.6524762E+08
 317     -0.524654E+09   -0.2655667E+08    0.2504652E+09
 318     -0.202144E+09   -0.5209485E+08    0.4177549E+09
 319      0.451062E+08   -0.1085727E+07    0.3573772E+09
 320      0.170666E+09    0.6371739E+08    0.3070346E+09
 321      0.181415E+09    0.1763971E+09    0.2178754E+09
 322      0.101657E+09    0.2888465E+09    0.1368611E+09
 323     -0.489593E+08    0.3946990E+09    0.7126840E+08
 324     -0.808167E+08    0.5011155E+09    0.7244749E+07
 325      0.929959E+08    0.5626897E+09   -0.2635569E+08
 326      0.231031E+09    0.6217965E+09   -0.6062974E+08
 327      0.325346E+09    0.6189644E+09   -0.7824024E+08
 328      0.398264E+09    0.6154808E+09   -0.9455601E+08
 329      0.431548E+09    0.5451832E+09   -0.1114673E+09
 330      0.437929E+09    0.4721299E+09   -0.1285683E+09
 331      0.386861E+09    0.3478700E+09   -0.1713155E+09
 332      0.267084E+09    0.2203661E+09   -0.2218809E+09
 333      0.367410E+08    0.1116590E+09   -0.2758145E+09
 334     -0.334053E+09    0.1481747E+08   -0.3449341E+09
 335     -0.848094E+09    0.1792268E+07   -0.2150375E+09
 336     -0.144245E+10   -0.1715217E+08   -0.6313310E+08
 337     -0.119282E+10    0.4269406E+08    0.1152658E+09
 338     -0.719113E+09   -0.1484011E+08    0.2813258E+09
 339     -0.275496E+09   -0.3267710E+08    0.4358301E+09
 340      0.106231E+09    0.1464897E+09    0.3143956E+09
 341      0.259672E+09    0.3091408E+09    0.2006528E+09
 342      0.271908E+09    0.5008105E+09    0.1077706E+09
 343      0.183246E+09    0.6694134E+09    0.2113052E+08
 344      0.209015E+08    0.7897544E+09   -0.3353288E+08
 345     -0.392503E+08    0.9129987E+09   -0.8360042E+08
 346      0.125732E+09    0.9766181E+09   -0.8358202E+08
 347      0.256125E+09    0.1039680E+10   -0.8783735E+08
 348      0.342984E+09    0.1032925E+10   -0.7226918E+08
 349      0.415270E+09    0.1026387E+10   -0.5456264E+08
 350      0.451712E+09    0.9357599E+09   -0.3711442E+08
 351      0.472934E+09    0.8428046E+09   -0.1855218E+08
 352      0.438238E+09    0.6635450E+09   -0.4484949E+08
 353      0.337195E+09    0.4666101E+09   -0.7828441E+08
 354      0.104932E+09    0.2697504E+09   -0.1847264E+09
 355     -0.367307E+09    0.5199931E+08   -0.3055482E+09
 356     -0.100200E+10    0.2053022E+08   -0.2117347E+09
 357     -0.183182E+10    0.2917737E+08   -0.9909744E+08
 358     -0.166931E+10   -0.1003467E+09    0.1494139E+09
 359     -0.796452E+09    0.2787937E+08    0.2101294E+09
 360     -0.939241E+08    0.1415717E+09    0.2028105E+09
 361      0.214056E+09    0.4523302E+09    0.1739225E+08
 362      0.323833E+09    0.7830212E+09   -0.8457119E+08
 363      0.302072E+09    0.1007612E+10   -0.1005361E+09
 364      0.209608E+09    0.1221363E+10   -0.1234725E+09
 365      0.508527E+08    0.1328870E+10   -0.1426432E+09
 366     -0.554896E+08    0.1439899E+10   -0.1612945E+09
 367      0.102210E+09    0.1493245E+10   -0.1363381E+09
 368      0.216126E+09    0.1550301E+10   -0.1131781E+09
 369      0.289360E+09    0.1541158E+10   -0.5922017E+08
 370      0.351702E+09    0.1532710E+10   -0.3015612E+07
 371      0.386759E+09    0.1433439E+10    0.6608842E+08
 372      0.418936E+09    0.1334530E+10    0.1378015E+09
 373      0.409957E+09    0.1115404E+10    0.1757394E+09
 374      0.364843E+09    0.8883504E+09    0.2178133E+09
 375      0.203862E+09    0.5498956E+09    0.1313083E+09
 376     -0.169558E+09    0.2225625E+09   -0.2767063E+08
 377     -0.986991E+09    0.6668981E+08   -0.1010734E+09
 378     -0.220563E+10   -0.9501549E+08   -0.1127681E+09
 379     -0.279767E+10    0.2546148E+09    0.6100603E+09
 380     -0.726515E+09    0.2285131E+09    0.2316012E+09
 381      0.161957E+09    0.4433625E+09   -0.2027746E+09
 382      0.325635E+09    0.1147545E+10   -0.3401444E+09
 383      0.392499E+09    0.1607960E+10   -0.3872491E+09
 384      0.321873E+09    0.1799257E+10   -0.3223721E+09
 385      0.231369E+09    0.1987595E+10   -0.2688808E+09
 386      0.762104E+08    0.2032384E+10   -0.2544193E+09
 387     -0.866086E+08    0.2088542E+10   -0.2421742E+09
 388      0.709441E+08    0.2124050E+10   -0.1900986E+09
 389      0.173025E+09    0.2167167E+10   -0.1373952E+09
 390      0.232025E+09    0.2160791E+10   -0.4564713E+08
 391      0.282982E+09    0.2154977E+10    0.4919132E+08
 392      0.315347E+09    0.2068233E+10    0.1723591E+09
 393      0.357855E+09    0.1986848E+10    0.2980246E+09
 394      0.371259E+09    0.1772537E+10    0.4110403E+09
 395      0.393918E+09    0.1563903E+10    0.5322447E+09
 396      0.302598E+09    0.1128195E+10    0.5064861E+09
 397      0.959060E+08    0.4798236E+09    0.4012027E+09
 398     -0.833975E+09    0.2556641E+09   -0.6313384E+08
 399     -0.316855E+10    0.2349942E+09   -0.4653836E+09
 400     -0.239815E+10   -0.4527297E+09   -0.1347526E+09
 401     -0.211633E+09    0.7940770E+09   -0.6404578E+09
 402      0.615879E+08    0.2007157E+10   -0.9821285E+09
 403      0.201598E+09    0.2398802E+10   -0.7442754E+09
 404      0.208268E+09    0.2797110E+10   -0.5816231E+09
 405      0.172747E+09    0.2869609E+10   -0.4149127E+09
 406      0.124851E+09    0.2951622E+10   -0.2560896E+09
 407      0.416264E+08    0.2899842E+10   -0.2140576E+09
 408     -0.663952E+08    0.2854839E+10   -0.2004100E+09
 409      0.273036E+08    0.2849324E+10   -0.1904041E+09
 410      0.857763E+08    0.2858447E+10   -0.1521955E+09
 411      0.116912E+09    0.2858057E+10   -0.3556175E+08
 412      0.143177E+09    0.2853601E+10    0.7815699E+08
 413      0.160433E+09    0.2800219E+10    0.2323416E+09
 414      0.183358E+09    0.2751858E+10    0.3871565E+09
 415      0.194790E+09    0.2612519E+10    0.5662248E+09
 416      0.208331E+09    0.2486614E+10    0.7540282E+09
 417      0.191318E+09    0.2120891E+10    0.8986559E+09
 418      0.433227E+08    0.1756239E+10    0.1127375E+10
 419     -0.251695E+09    0.6919362E+09    0.7273560E+09
 420     -0.253654E+10   -0.3940251E+09    0.2064343E+09
 421     -0.134504E+10    0.4296570E+10   -0.1058942E+10
 422      0.139668E+09    0.4413492E+10   -0.1491831E+10
 423     -0.598912E+08    0.4481572E+10   -0.1594739E+10
 424      0.506060E+08    0.4377782E+10   -0.1074532E+10
 425      0.140481E+08    0.4359072E+10   -0.7330833E+09
 426      0.215528E+08    0.4227990E+10   -0.4755590E+09
 427      0.167617E+08    0.4110601E+10   -0.2254096E+09
 428      0.757091E+07    0.3914541E+10   -0.1569330E+09
 429     -0.298123E+08    0.3703778E+10   -0.1456780E+09
 430     -0.793219E+07    0.3635197E+10   -0.1850919E+09
 431      0.199556E+07    0.3604124E+10   -0.1665774E+09
 432      0.548701E+07    0.3613526E+10   -0.2559039E+08
 433      0.781158E+07    0.3609939E+10    0.1053280E+09
 434      0.101641E+08    0.3609069E+10    0.2866391E+09
 435      0.126342E+08    0.3610689E+10    0.4678928E+09
 436      0.211977E+08    0.3615299E+10    0.7028581E+09
 437      0.176567E+08    0.3631452E+10    0.9502010E+09
 438      0.617117E+08    0.3643157E+10    0.1241790E+10
 439     -0.340499E+08    0.3730057E+10    0.1723264E+10
 440      0.191017E+09    0.3708323E+10    0.1570704E+10
 441     -0.129400E+10    0.3622686E+10    0.1161823E+10
