   1      0.648147E+09    0.2691432E+07    0.2017737E+07
   2      0.558688E+09   -0.1270119E+08    0.1326716E+07
   3      0.457305E+09   -0.2767062E+08    0.4126170E+06
   4      0.348232E+09   -0.6008044E+08    0.1388440E+07
   5      0.211421E+09   -0.9432086E+08    0.2419686E+07
   6      0.612538E+08   -0.1417098E+09    0.2840846E+07
   7     -0.107805E+09   -0.1895618E+09    0.2593715E+07
   8     -0.289121E+09   -0.2277862E+09    0.1762191E+07
   9     -0.494732E+09   -0.2703339E+09    0.1903298E+07
  10     -0.701930E+09   -0.2611089E+09   -0.5032848E+07
  11     -0.667604E+09   -0.2373762E+09   -0.9013380E+07
  12     -0.530071E+09   -0.2051278E+09   -0.2384688E+07
  13     -0.394025E+09   -0.1836840E+09    0.3201869E+06
  14     -0.261888E+09   -0.1604533E+09   -0.2106085E+06
  15     -0.135113E+09   -0.1347634E+09    0.5052409E+05
  16     -0.977322E+07   -0.1042497E+09    0.6136212E+05
  17      0.116936E+09   -0.7329814E+08    0.1058211E+06
  18      0.249042E+09   -0.4619456E+08    0.1216432E+06
  19      0.393498E+09   -0.1890772E+08    0.5069368E+05
  20      0.551722E+09   -0.7000049E+07    0.1533754E+06
  21      0.733366E+09    0.3779251E+07    0.3580504E+06
  22      0.632578E+09    0.3957766E+07    0.1335280E+07
  23      0.548204E+09   -0.6264266E+07    0.1199068E+08
  24      0.450087E+09   -0.1727071E+08    0.2201151E+08
  25      0.339189E+09   -0.4625192E+08    0.2983375E+08
  26      0.206891E+09   -0.7584355E+08    0.3854230E+08
  27      0.609016E+08   -0.1128014E+09    0.3914357E+08
  28     -0.103961E+09   -0.1496618E+09    0.3968806E+08
  29     -0.281631E+09   -0.1804092E+09    0.3187160E+08
  30     -0.477782E+09   -0.2108529E+09    0.2217023E+08
  31     -0.674262E+09   -0.2149391E+09   -0.2795427E+07
  32     -0.674903E+09   -0.2171279E+09   -0.2138023E+08
  33     -0.528068E+09   -0.2009081E+09   -0.1781337E+08
  34     -0.390024E+09   -0.1856221E+09   -0.1979876E+08
  35     -0.257730E+09   -0.1608851E+09   -0.2470186E+08
  36     -0.132303E+09   -0.1358419E+09   -0.2899942E+08
  37     -0.902040E+07   -0.1053314E+09   -0.2995489E+08
  38      0.115083E+09   -0.7455226E+08   -0.3077959E+08
  39      0.244326E+09   -0.4749294E+08   -0.2619231E+08
  40      0.385875E+09   -0.2053187E+08   -0.2147145E+08
  41      0.541411E+09   -0.8267529E+07   -0.1125034E+08
  42      0.720978E+09    0.3171244E+07   -0.1102870E+07
  43      0.617255E+09    0.3158612E+07    0.4765264E+06
  44      0.536970E+09   -0.5926989E+07    0.2239894E+08
  45      0.443546E+09   -0.1598386E+08    0.4369488E+08
  46      0.329834E+09   -0.4239365E+08    0.5784536E+08
  47      0.201963E+09   -0.6801545E+08    0.7318294E+08
  48      0.612612E+08   -0.9981092E+08    0.7451193E+08
  49     -0.100920E+09   -0.1332044E+09    0.7652125E+08
  50     -0.273525E+09   -0.1625338E+09    0.6156025E+08
  51     -0.459178E+09   -0.1911575E+09    0.4240305E+08
  52     -0.644792E+09   -0.2031711E+09    0.8097549E+06
  53     -0.683721E+09   -0.2134121E+09   -0.3230480E+08
  54     -0.527174E+09   -0.2014222E+09   -0.3290830E+08
  55     -0.386640E+09   -0.1900864E+09   -0.3990253E+08
  56     -0.253865E+09   -0.1654717E+09   -0.4917944E+08
  57     -0.129743E+09   -0.1405283E+09   -0.5801005E+08
  58     -0.841971E+07   -0.1089697E+09   -0.5991104E+08
  59      0.113126E+09   -0.7710496E+08   -0.6158097E+08
  60      0.239572E+09   -0.4868623E+08   -0.5239893E+08
  61      0.378315E+09   -0.2004649E+08   -0.4295628E+08
  62      0.531255E+09   -0.7399243E+07   -0.2249297E+08
  63      0.708925E+09    0.4010327E+07   -0.2171340E+07
  64      0.584789E+09    0.2574940E+07    0.3000179E+06
  65      0.506060E+09   -0.5704933E+07    0.3041609E+08
  66      0.417112E+09   -0.1436913E+08    0.6137109E+08
  67      0.309939E+09   -0.3869051E+08    0.8168548E+08
  68      0.190600E+09   -0.6312658E+08    0.1012459E+09
  69      0.578350E+08   -0.9478917E+08    0.1048900E+09
  70     -0.920932E+08   -0.1272459E+09    0.1085373E+09
  71     -0.251857E+09   -0.1543744E+09    0.8733057E+08
  72     -0.422590E+09   -0.1808882E+09    0.6401598E+08
  73     -0.591843E+09   -0.1952532E+09    0.1610667E+08
  74     -0.670715E+09   -0.2096263E+09   -0.2600361E+08
  75     -0.510694E+09   -0.2034520E+09   -0.3959103E+08
  76     -0.369968E+09   -0.1959412E+09   -0.5766964E+08
  77     -0.239485E+09   -0.1713899E+09   -0.7297489E+08
  78     -0.120291E+09   -0.1468946E+09   -0.8804681E+08
  79     -0.554079E+07   -0.1145302E+09   -0.9154208E+08
  80      0.107873E+09   -0.8195674E+08   -0.9479071E+08
  81      0.225389E+09   -0.5239350E+08   -0.8101411E+08
  82      0.354995E+09   -0.2288062E+08   -0.6685513E+08
  83      0.499341E+09   -0.9177503E+07   -0.3505717E+08
  84      0.670232E+09    0.3527285E+07   -0.3453967E+07
  85      0.553151E+09    0.4110166E+07   -0.8818894E+06
  86      0.476201E+09   -0.3679666E+07    0.3811244E+08
  87      0.390109E+09   -0.1201857E+08    0.7826313E+08
  88      0.290210E+09   -0.3776250E+08    0.1055815E+09
  89      0.180034E+09   -0.6523532E+08    0.1316409E+09
  90      0.532276E+08   -0.9898638E+08    0.1358899E+09
  91     -0.818199E+08   -0.1306493E+09    0.1400211E+09
  92     -0.230766E+09   -0.1578433E+09    0.1136351E+09
  93     -0.387070E+09   -0.1847484E+09    0.8542025E+08
  94     -0.540104E+09   -0.2010639E+09    0.3044626E+08
  95     -0.658069E+09   -0.2189399E+09   -0.1991749E+08
  96     -0.492819E+09   -0.2139987E+09   -0.4614743E+08
  97     -0.352858E+09   -0.2069585E+09   -0.7541137E+08
  98     -0.225052E+09   -0.1817718E+09   -0.9678190E+08
  99     -0.110857E+09   -0.1566262E+09   -0.1181624E+09
 100     -0.274820E+07   -0.1224110E+09   -0.1232597E+09
 101      0.102539E+09   -0.8785856E+08   -0.1280962E+09
 102      0.211149E+09   -0.5579231E+08   -0.1096949E+09
 103      0.331708E+09   -0.2333483E+08   -0.9080642E+08
 104      0.467554E+09   -0.8551777E+07   -0.4760518E+08
 105      0.631861E+09    0.4674912E+07   -0.4635463E+07
 106      0.505829E+09    0.3211862E+07   -0.7474004E+06
 107      0.425472E+09   -0.9017312E+07    0.4921124E+08
 108      0.347352E+09   -0.2222991E+08    0.1003132E+09
 109      0.258055E+09   -0.5126503E+08    0.1331545E+09
 110      0.163050E+09   -0.7994536E+08    0.1651076E+09
 111      0.501263E+08   -0.1123384E+09    0.1679188E+09
 112     -0.675978E+08   -0.1450231E+09    0.1706522E+09
 113     -0.199264E+09   -0.1715288E+09    0.1398229E+09
 114     -0.340814E+09   -0.1975955E+09    0.1077070E+09
 115     -0.478604E+09   -0.2153823E+09    0.4805876E+08
 116     -0.606771E+09   -0.2333839E+09   -0.1219732E+08
 117     -0.454410E+09   -0.2257557E+09   -0.5358810E+08
 118     -0.318491E+09   -0.2170149E+09   -0.9321363E+08
 119     -0.197114E+09   -0.1918519E+09   -0.1213786E+09
 120     -0.921612E+08   -0.1664434E+09   -0.1502030E+09
 121      0.412861E+07   -0.1310221E+09   -0.1579683E+09
 122      0.950376E+08   -0.9524857E+08   -0.1654716E+09
 123      0.187616E+09   -0.6131930E+08   -0.1426263E+09
 124      0.291330E+09   -0.2725344E+08   -0.1191764E+09
 125      0.410803E+09   -0.1087190E+08   -0.6261086E+08
 126      0.561348E+09    0.4177859E+07   -0.6255148E+07
 127      0.457961E+09    0.4615634E+07    0.3045303E+06
 128      0.374960E+09   -0.7726929E+07    0.6081120E+08
 129      0.304515E+09   -0.2136147E+08    0.1229755E+09
 130      0.226881E+09   -0.5322871E+08    0.1609233E+09
 131      0.145473E+09   -0.8518971E+08    0.1979744E+09
 132      0.472004E+08   -0.1238588E+09    0.2009095E+09
 133     -0.536877E+08   -0.1617230E+09    0.2024759E+09
 134     -0.167641E+09   -0.1900428E+09    0.1661156E+09
 135     -0.296514E+09   -0.2184044E+09    0.1305366E+09
 136     -0.417989E+09   -0.2323154E+09    0.6509567E+08
 137     -0.551498E+09   -0.2459953E+09   -0.5965127E+07
 138     -0.416430E+09   -0.2383803E+09   -0.6157952E+08
 139     -0.283982E+09   -0.2300732E+09   -0.1112365E+09
 140     -0.169050E+09   -0.2040412E+09   -0.1462409E+09
 141     -0.734296E+08   -0.1777777E+09   -0.1824965E+09
 142      0.109396E+08   -0.1405868E+09   -0.1929232E+09
 143      0.874192E+08   -0.1028358E+09   -0.2030787E+09
 144      0.163950E+09   -0.6593661E+08   -0.1757221E+09
 145      0.250889E+09   -0.2826247E+08   -0.1476695E+09
 146      0.354100E+09   -0.1027253E+08   -0.7761149E+08
 147      0.491107E+09    0.5651946E+07   -0.7717914E+07
 148      0.376624E+09    0.3792755E+07    0.1986507E+07
 149      0.301946E+09   -0.1102601E+08    0.7523160E+08
 150      0.241734E+09   -0.2638679E+08    0.1499750E+09
 151      0.184022E+09   -0.6142924E+08    0.1951405E+09
 152      0.121703E+09   -0.9797348E+08    0.2393978E+09
 153      0.489881E+08   -0.1368476E+09    0.2385448E+09
 154     -0.312739E+08   -0.1740533E+09    0.2367294E+09
 155     -0.125620E+09   -0.2029715E+09    0.1946275E+09
 156     -0.236183E+09   -0.2320651E+09    0.1517321E+09
 157     -0.343340E+09   -0.2430848E+09    0.7586681E+08
 158     -0.463242E+09   -0.2537354E+09   -0.4333198E+07
 159     -0.359708E+09   -0.2455563E+09   -0.6955713E+08
 160     -0.232039E+09   -0.2369910E+09   -0.1289264E+09
 161     -0.126114E+09   -0.2113862E+09   -0.1715217E+09
 162     -0.433438E+08   -0.1854954E+09   -0.2154958E+09
 163      0.242097E+08   -0.1480568E+09   -0.2299023E+09
 164      0.796949E+08   -0.1100093E+09   -0.2441165E+09
 165      0.131936E+09   -0.7165218E+08   -0.2131636E+09
 166      0.192060E+09   -0.3274061E+08   -0.1814188E+09
 167      0.267958E+09   -0.1299088E+08   -0.9566071E+08
 168      0.380062E+09    0.4937496E+07   -0.9870778E+07
 169      0.295969E+09    0.7020213E+07    0.2666059E+07
 170      0.229467E+09   -0.1027394E+08    0.8980818E+08
 171      0.178940E+09   -0.3087357E+08    0.1786094E+09
 172      0.139756E+09   -0.7345422E+08    0.2303159E+09
 173      0.982431E+08   -0.1131335E+09    0.2804590E+09
 174      0.514390E+08   -0.1512535E+09    0.2761153E+09
 175     -0.963772E+07   -0.1901982E+09    0.2715111E+09
 176     -0.838873E+08   -0.2151612E+09    0.2229641E+09
 177     -0.173340E+09   -0.2388222E+09    0.1724991E+09
 178     -0.267971E+09   -0.2472023E+09    0.8685715E+08
 179     -0.376828E+09   -0.2557903E+09   -0.2284785E+07
 180     -0.302220E+09   -0.2476691E+09   -0.7746304E+08
 181     -0.179703E+09   -0.2393107E+09   -0.1468487E+09
 182     -0.829093E+08   -0.2147029E+09   -0.1971557E+09
 183     -0.131431E+08   -0.1899737E+09   -0.2489529E+09
 184      0.374273E+08   -0.1531343E+09   -0.2673388E+09
 185      0.717491E+08   -0.1154404E+09   -0.2856120E+09
 186      0.996105E+08   -0.7527584E+08   -0.2509365E+09
 187      0.132971E+09   -0.3363100E+08   -0.2154051E+09
 188      0.181699E+09   -0.1212735E+08   -0.1137572E+09
 189      0.269140E+09    0.6647667E+07   -0.1185602E+08
 190      0.178536E+09    0.5316255E+07    0.4557543E+07
 191      0.123470E+09   -0.1578825E+08    0.1101106E+09
 192      0.977871E+08   -0.3916066E+08    0.2168766E+09
 193      0.878434E+08   -0.7951556E+08    0.2693474E+09
 194      0.763289E+08   -0.1187226E+09    0.3204332E+09
 195      0.604556E+08   -0.1554501E+09    0.3119821E+09
 196      0.254996E+08   -0.1917248E+09    0.3025245E+09
 197     -0.265436E+08   -0.2135548E+09    0.2439590E+09
 198     -0.936250E+08   -0.2345380E+09    0.1851322E+09
 199     -0.176648E+09   -0.2397289E+09    0.9276208E+08
 200     -0.272200E+09   -0.2449490E+09   -0.4216551E+07
 201     -0.228551E+09   -0.2354645E+09   -0.8610382E+08
 202     -0.112218E+09   -0.2262544E+09   -0.1618039E+09
 203     -0.257229E+08   -0.2051067E+09   -0.2183179E+09
 204      0.296703E+08   -0.1838339E+09   -0.2766083E+09
 205      0.601611E+08   -0.1507252E+09   -0.3006092E+09
 206      0.677564E+08   -0.1166694E+09   -0.3248168E+09
 207      0.624643E+08   -0.7773319E+08   -0.2893457E+09
 208      0.562115E+08   -0.3740994E+08   -0.2529762E+09
 209      0.621355E+08   -0.1477646E+08   -0.1342973E+09
 210      0.106955E+09    0.5384107E+07   -0.1482821E+08
 211      0.619471E+08    0.7166862E+07    0.7459841E+07
 212      0.168262E+08   -0.1585360E+08    0.1307096E+09
 213      0.169923E+08   -0.4193909E+08    0.2544357E+09
 214      0.360419E+08   -0.8702155E+08    0.3092110E+09
 215      0.533877E+08   -0.1305093E+09    0.3626830E+09
 216      0.685326E+08   -0.1610761E+09    0.3487375E+09
 217      0.613578E+08   -0.1897944E+09    0.3340341E+09
 218      0.320281E+08   -0.2017848E+09    0.2660027E+09
 219     -0.142694E+08   -0.2138470E+09    0.1987574E+09
 220     -0.839656E+08   -0.2136673E+09    0.9862885E+08
 221     -0.165691E+09   -0.2131487E+09   -0.7503694E+07
 222     -0.155093E+09   -0.2035337E+09   -0.9548119E+08
 223     -0.438947E+08   -0.1950335E+09   -0.1767047E+09
 224      0.322339E+08   -0.1799647E+09   -0.2398549E+09
 225      0.728799E+08   -0.1650331E+09   -0.3049362E+09
 226      0.829879E+08   -0.1392885E+09   -0.3346438E+09
 227      0.633611E+08   -0.1124052E+09   -0.3648709E+09
 228      0.246902E+08   -0.7616190E+08   -0.3284316E+09
 229     -0.213065E+08   -0.3708356E+08   -0.2910910E+09
 230     -0.578734E+08   -0.1319462E+08   -0.1549947E+09
 231     -0.553156E+08    0.7208571E+07   -0.1756982E+08
 232     -0.113563E+09    0.5356221E+07    0.1349430E+08
 233     -0.125838E+09   -0.1960638E+08    0.1549093E+09
 234     -0.782783E+08   -0.4816611E+08    0.2961198E+09
 235     -0.155532E+08   -0.8852870E+08    0.3466244E+09
 236      0.455604E+08   -0.1264521E+09    0.3946212E+09
 237      0.927689E+08   -0.1454835E+09    0.3671623E+09
 238      0.113674E+09   -0.1625126E+09    0.3406168E+09
 239      0.105895E+09   -0.1605762E+09    0.2664406E+09
 240      0.740847E+08   -0.1582213E+09    0.1932299E+09
 241      0.170496E+08   -0.1501467E+09    0.9318364E+08
 242     -0.526440E+08   -0.1437471E+09   -0.1190111E+08
 243     -0.744344E+08   -0.1394914E+09   -0.1001730E+09
 244      0.304482E+08   -0.1348200E+09   -0.1823823E+09
 245      0.975864E+08   -0.1285045E+09   -0.2460550E+09
 246      0.127074E+09   -0.1232980E+09   -0.3121603E+09
 247      0.118662E+09   -0.1105843E+09   -0.3488454E+09
 248      0.708956E+08   -0.9661726E+08   -0.3869520E+09
 249     -0.819417E+07   -0.6882322E+08   -0.3568688E+09
 250     -0.109098E+09   -0.3790790E+08   -0.3261609E+09
 251     -0.211127E+09   -0.1495304E+08   -0.1753897E+09
 252     -0.277494E+09    0.4643465E+07   -0.2193458E+08
 253     -0.289532E+09    0.7643454E+07    0.2026935E+08
 254     -0.269019E+09   -0.2163279E+08    0.1804237E+09
 255     -0.176482E+09   -0.5541001E+08    0.3401359E+09
 256     -0.683692E+08   -0.8648584E+08    0.3851966E+09
 257      0.368496E+08   -0.1122855E+09    0.4275492E+09
 258      0.118747E+09   -0.1059108E+09    0.3865936E+09
 259      0.166793E+09   -0.9668602E+08    0.3470844E+09
 260      0.180853E+09   -0.7514011E+08    0.2678058E+09
 261      0.165542E+09   -0.5596168E+08    0.1883949E+09
 262      0.118847E+09   -0.4481158E+08    0.8860890E+08
 263      0.604569E+08   -0.3707777E+08   -0.1405253E+08
 264      0.700407E+07   -0.3767220E+08   -0.1049163E+09
 265      0.106360E+09   -0.3451216E+08   -0.1899594E+09
 266      0.164042E+09   -0.4051755E+08   -0.2530739E+09
 267      0.182028E+09   -0.5073200E+08   -0.3197927E+09
 268      0.155086E+09   -0.5974329E+08   -0.3640745E+09
 269      0.777869E+08   -0.6766242E+08   -0.4104303E+09
 270     -0.419108E+08   -0.5398656E+08   -0.3866918E+09
 271     -0.199100E+09   -0.3535083E+08   -0.3625155E+09
 272     -0.365760E+09   -0.1270723E+08   -0.1963275E+09
 273     -0.499643E+09    0.6478804E+07   -0.2640503E+08
 274     -0.544286E+09    0.1803474E+07    0.3228104E+08
 275     -0.442222E+09   -0.2141659E+08    0.2041405E+09
 276     -0.271024E+09   -0.5079305E+08    0.3722062E+09
 277     -0.925234E+08   -0.6137594E+08    0.3913127E+09
 278      0.581706E+08   -0.6435693E+08    0.4089838E+09
 279      0.169948E+09   -0.2797717E+08    0.3533723E+09
 280      0.231931E+09    0.9394577E+07    0.3013299E+09
 281      0.254528E+09    0.5493776E+08    0.2273622E+09
 282      0.247261E+09    0.9992569E+08    0.1551994E+09
 283      0.203284E+09    0.1198384E+09    0.7259509E+08
 284      0.154301E+09    0.1366366E+09   -0.1374260E+08
 285      0.923542E+08    0.1301896E+09   -0.9874265E+08
 286      0.160056E+09    0.1256237E+09   -0.1759962E+09
 287      0.219030E+09    0.9728053E+08   -0.2244456E+09
 288      0.238330E+09    0.6551640E+08   -0.2791150E+09
 289      0.204508E+09    0.2649099E+08   -0.3287801E+09
 290      0.109715E+09   -0.1165564E+08   -0.3821733E+09
 291     -0.497095E+08   -0.2307103E+08   -0.3789694E+09
 292     -0.275190E+09   -0.2807388E+08   -0.3776098E+09
 293     -0.540190E+09   -0.1174915E+08   -0.2101650E+09
 294     -0.789136E+09    0.7246440E+05   -0.3502792E+08
 295     -0.799761E+09    0.9134113E+07    0.4641647E+08
 296     -0.618146E+09   -0.2165912E+08    0.2296192E+09
 297     -0.374068E+09   -0.5148251E+08    0.4082951E+09
 298     -0.115964E+09   -0.2363293E+08    0.4018904E+09
 299      0.796862E+08    0.1121131E+08    0.3933051E+09
 300      0.223591E+09    0.1001712E+09    0.3221201E+09
 301      0.299956E+09    0.1866041E+09    0.2560809E+09
 302      0.331019E+09    0.2654832E+09    0.1860642E+09
 303      0.326524E+09    0.3405356E+09    0.1207583E+09
 304      0.289247E+09    0.3721173E+09    0.5557318E+08
 305      0.248517E+09    0.4009417E+09   -0.1441251E+08
 306      0.181692E+09    0.3805818E+09   -0.9201616E+08
 307      0.208894E+09    0.3619900E+09   -0.1600955E+09
 308      0.275239E+09    0.3053941E+09   -0.1940748E+09
 309      0.296019E+09    0.2444115E+09   -0.2368897E+09
 310      0.257045E+09    0.1623492E+09   -0.2936109E+09
 311      0.141341E+09    0.7673592E+08   -0.3549231E+09
 312     -0.563547E+08    0.2617079E+08   -0.3743515E+09
 313     -0.358639E+09   -0.1885609E+08   -0.3964819E+09
 314     -0.717628E+09   -0.7645294E+07   -0.2257466E+09
 315     -0.108157E+10    0.5705668E+07   -0.4580399E+08
 316     -0.114225E+10   -0.1651676E+08    0.7198175E+08
 317     -0.789158E+09   -0.1670857E+08    0.2363973E+09
 318     -0.395634E+09   -0.2704216E+08    0.3810836E+09
 319     -0.730275E+08    0.6018762E+08    0.3131579E+09
 320      0.153742E+09    0.1632418E+09    0.2573213E+09
 321      0.285764E+09    0.3120602E+09    0.1855574E+09
 322      0.353594E+09    0.4596976E+09    0.1232161E+09
 323      0.371021E+09    0.5678826E+09    0.8615234E+08
 324      0.359209E+09    0.6724054E+09    0.5042573E+08
 325      0.324325E+09    0.7110381E+09    0.2036444E+08
 326      0.287114E+09    0.7480415E+09   -0.1184713E+08
 327      0.235531E+09    0.7131399E+09   -0.5622085E+08
 328      0.224841E+09    0.6780874E+09   -0.9714329E+08
 329      0.289834E+09    0.5909962E+09   -0.1078036E+09
 330      0.328214E+09    0.5022823E+09   -0.1200668E+09
 331      0.304950E+09    0.3682179E+09   -0.1640155E+09
 332      0.207035E+09    0.2308499E+09   -0.2160502E+09
 333     -0.536048E+07    0.1176685E+09   -0.2722960E+09
 334     -0.362890E+09    0.1631722E+08   -0.3434638E+09
 335     -0.866620E+09    0.2442422E+07   -0.2143579E+09
 336     -0.144140E+10   -0.1747463E+08   -0.6311657E+08
 337     -0.151721E+10    0.3651387E+08    0.1217565E+09
 338     -0.963203E+09   -0.2097018E+07    0.2518617E+09
 339     -0.453612E+09    0.1553405E+07    0.3700157E+09
 340     -0.797604E+07    0.2197302E+09    0.2356556E+09
 341      0.232884E+09    0.4192841E+09    0.1103541E+09
 342      0.355891E+09    0.6522469E+09    0.4266995E+08
 343      0.408281E+09    0.8653277E+09   -0.1602268E+08
 344      0.409317E+09    0.1000070E+10   -0.1830549E+08
 345      0.393893E+09    0.1131757E+10   -0.2223548E+08
 346      0.356445E+09    0.1169987E+10   -0.1518477E+08
 347      0.324526E+09    0.1208638E+10   -0.8401636E+07
 348      0.285189E+09    0.1154964E+10   -0.1671420E+08
 349      0.249402E+09    0.1100243E+10   -0.3116873E+08
 350      0.299586E+09    0.9869063E+09   -0.1926483E+08
 351      0.362064E+09    0.8741589E+09    0.2529738E+07
 352      0.357751E+09    0.6840265E+09   -0.2721221E+08
 353      0.279171E+09    0.4761467E+09   -0.6553034E+08
 354      0.649760E+08    0.2752945E+09   -0.1764777E+09
 355     -0.394492E+09    0.5365507E+08   -0.3017165E+09
 356     -0.101923E+10    0.2120284E+08   -0.2100583E+09
 357     -0.183265E+10    0.2838700E+08   -0.9924585E+08
 358     -0.192832E+10   -0.1067095E+09    0.1528746E+09
 359     -0.991492E+09    0.4300956E+08    0.1609816E+09
 360     -0.244221E+09    0.1794658E+09    0.1024528E+09
 361      0.116148E+09    0.5334065E+09   -0.1001558E+09
 362      0.289334E+09    0.9075385E+09   -0.2207729E+09
 363      0.355988E+09    0.1177894E+10   -0.2101850E+09
 364      0.378524E+09    0.1437779E+10   -0.2024612E+09
 365      0.359938E+09    0.1567863E+10   -0.1477966E+09
 366      0.343855E+09    0.1699187E+10   -0.9596175E+08
 367      0.304740E+09    0.1726909E+10   -0.4188984E+08
 368      0.283139E+09    0.1756462E+10    0.1064346E+08
 369      0.249946E+09    0.1696767E+10    0.4715771E+08
 370      0.236389E+09    0.1635111E+10    0.7728082E+08
 371      0.248471E+09    0.1494163E+10    0.1186366E+09
 372      0.315420E+09    0.1362455E+10    0.1733578E+09
 373      0.338431E+09    0.1135430E+10    0.2051551E+09
 374      0.316132E+09    0.8972299E+09    0.2379703E+09
 375      0.171243E+09    0.5548152E+09    0.1437686E+09
 376     -0.191390E+09    0.2236689E+09   -0.2226236E+08
 377     -0.100051E+10    0.6748923E+08   -0.9853639E+08
 378     -0.220766E+10   -0.9471833E+08   -0.1128092E+09
 379     -0.297936E+10    0.2574999E+09    0.6116374E+09
 380     -0.872666E+09    0.2446551E+09    0.1621885E+09
 381      0.395938E+08    0.4738875E+09   -0.3394549E+09
 382      0.241273E+09    0.1217718E+10   -0.4996261E+09
 383      0.350071E+09    0.1715899E+10   -0.5718894E+09
 384      0.343129E+09    0.1964713E+10   -0.4781927E+09
 385      0.341495E+09    0.2217715E+10   -0.3910025E+09
 386      0.304062E+09    0.2311411E+10   -0.2777107E+09
 387      0.287012E+09    0.2411932E+10   -0.1685660E+09
 388      0.247906E+09    0.2417290E+10   -0.6782246E+08
 389      0.236949E+09    0.2425844E+10    0.3096388E+08
 390      0.210276E+09    0.2357590E+10    0.1110244E+09
 391      0.211886E+09    0.2289956E+10    0.1892494E+09
 392      0.199095E+09    0.2146471E+10    0.2638994E+09
 393      0.258928E+09    0.2014834E+10    0.3474872E+09
 394      0.306195E+09    0.1789870E+10    0.4504097E+09
 395      0.353968E+09    0.1569670E+10    0.5593980E+09
 396      0.277573E+09    0.1131158E+10    0.5235882E+09
 397      0.796338E+08    0.4800381E+09    0.4082854E+09
 398     -0.843792E+09    0.2548696E+09   -0.5976297E+08
 399     -0.317198E+10    0.2320793E+09   -0.4647965E+09
 400     -0.247872E+10   -0.4641639E+09   -0.1336345E+09
 401     -0.290727E+09    0.7993602E+09   -0.7149086E+09
 402     -0.307270E+07    0.2024585E+10   -0.1130230E+10
 403      0.152646E+09    0.2445331E+10   -0.9321154E+09
 404      0.180199E+09    0.2875209E+10   -0.8109668E+09
 405      0.176861E+09    0.3008523E+10   -0.6326346E+09
 406      0.172610E+09    0.3157431E+10   -0.4631589E+09
 407      0.153958E+09    0.3185270E+10   -0.3108671E+09
 408      0.145302E+09    0.3218754E+10   -0.1607876E+09
 409      0.124596E+09    0.3187876E+10   -0.3814693E+08
 410      0.120458E+09    0.3161920E+10    0.8359933E+08
 411      0.107444E+09    0.3091084E+10    0.1855410E+09
 412      0.106668E+09    0.3021817E+10    0.2862342E+09
 413      0.104128E+09    0.2908793E+10    0.3840256E+09
 414      0.128548E+09    0.2799235E+10    0.4830252E+09
 415      0.158243E+09    0.2633267E+10    0.6279669E+09
 416      0.186380E+09    0.2487052E+10    0.7856162E+09
 417      0.179115E+09    0.2122070E+10    0.9188499E+09
 418      0.355824E+08    0.1754687E+10    0.1135375E+10
 419     -0.255956E+09    0.6922364E+09    0.7307849E+09
 420     -0.253933E+10   -0.3916613E+09    0.2061902E+09
 421     -0.133067E+10    0.4360686E+10   -0.1044727E+10
 422      0.127660E+09    0.4458793E+10   -0.1565015E+10
 423     -0.669363E+08    0.4500424E+10   -0.1752482E+10
 424      0.390458E+08    0.4391385E+10   -0.1289808E+10
 425      0.251954E+07    0.4369932E+10   -0.1008218E+10
 426      0.119275E+08    0.4302582E+10   -0.7556298E+09
 427      0.659032E+07    0.4252037E+10   -0.5178498E+09
 428      0.780674E+07    0.4179030E+10   -0.3312184E+09
 429      0.787917E+07    0.4111009E+10   -0.1449634E+09
 430      0.634589E+07    0.4035075E+10   -0.2857646E+07
 431      0.828302E+07    0.3960927E+10    0.1388617E+09
 432      0.890184E+07    0.3885369E+10    0.2607431E+09
 433      0.736982E+07    0.3809083E+10    0.3804472E+09
 434      0.100641E+08    0.3745657E+10    0.4974249E+09
 435      0.506670E+07    0.3687881E+10    0.6120494E+09
 436      0.158099E+08    0.3652137E+10    0.7897183E+09
 437      0.145526E+08    0.3628719E+10    0.9872020E+09
 438      0.620924E+08    0.3641096E+10    0.1265302E+10
 439     -0.335893E+08    0.3730414E+10    0.1732653E+10
 440      0.192295E+09    0.3700005E+10    0.1576098E+10
 441     -0.129552E+10    0.3601731E+10    0.1163605E+10
