   1     -0.602330E+09    0.1286061E+07   -0.1996493E+06
   2     -0.466465E+09   -0.2745526E+07   -0.2642952E+06
   3     -0.322023E+09   -0.7674376E+07   -0.3372406E+06
   4     -0.172269E+09   -0.1575051E+08   -0.5783913E+06
   5     -0.209740E+08   -0.2511988E+08   -0.3621067E+06
   6      0.129278E+09   -0.2182981E+08   -0.1996655E+07
   7      0.268580E+09   -0.1292270E+08   -0.5819333E+07
   8      0.387913E+09    0.2042110E+08   -0.5658381E+07
   9      0.410526E+09    0.4902823E+08   -0.2935998E+07
  10      0.408881E+09    0.6752712E+08   -0.2076541E+07
  11      0.371670E+09    0.8762718E+08   -0.1732453E+07
  12      0.308704E+09    0.1087790E+09   -0.1400233E+07
  13      0.221670E+09    0.1306821E+09   -0.9763432E+06
  14      0.105373E+09    0.1434487E+09   -0.2429137E+05
  15     -0.553450E+07    0.1564407E+09    0.1232468E+07
  16     -0.120925E+09    0.1453359E+09    0.3182850E+07
  17     -0.212332E+09    0.1329580E+09    0.4400895E+07
  18     -0.277275E+09    0.9228225E+08    0.6465796E+07
  19     -0.305759E+09    0.4506226E+08    0.7629859E+07
  20     -0.300533E+09    0.1449590E+08    0.2241760E+07
  21     -0.190991E+09   -0.9442595E+07   -0.2195199E+07
  22     -0.606728E+09    0.1241129E+07    0.7232868E+06
  23     -0.470467E+09   -0.3486334E+07    0.4474125E+07
  24     -0.323974E+09   -0.8916734E+07    0.8445773E+07
  25     -0.171563E+09   -0.1771930E+08    0.7767163E+07
  26     -0.165354E+08   -0.2678789E+08    0.7202499E+07
  27      0.138081E+09   -0.2788754E+08   -0.1759274E+07
  28      0.284873E+09   -0.2731343E+08   -0.1418980E+08
  29      0.385576E+09   -0.1600726E+08   -0.1712200E+08
  30      0.410995E+09   -0.5005841E+07   -0.1623590E+08
  31      0.409849E+09    0.1015591E+08   -0.1651428E+08
  32      0.372347E+09    0.2516773E+08   -0.1767127E+08
  33      0.308580E+09    0.4099729E+08   -0.1740975E+08
  34      0.216882E+09    0.5715272E+08   -0.1648859E+08
  35      0.101584E+09    0.6891914E+08   -0.1143889E+08
  36     -0.166861E+08    0.8100927E+08   -0.5861881E+07
  37     -0.131133E+09    0.7973963E+08    0.5480127E+07
  38     -0.223425E+09    0.7723401E+08    0.1660578E+08
  39     -0.286597E+09    0.5811356E+08    0.2596085E+08
  40     -0.305643E+09    0.3635843E+08    0.3584419E+08
  41     -0.282913E+09    0.1480101E+08    0.2029329E+08
  42     -0.165746E+09   -0.3674813E+07    0.3501162E+07
  43     -0.610424E+09    0.1751619E+07    0.1567724E+07
  44     -0.474007E+09   -0.4085159E+07    0.9038455E+07
  45     -0.325537E+09   -0.1079516E+08    0.1696776E+08
  46     -0.170465E+09   -0.2337109E+08    0.1577106E+08
  47     -0.116149E+08   -0.3591675E+08    0.1429034E+08
  48      0.147466E+09   -0.4327098E+08   -0.1825447E+07
  49      0.304389E+09   -0.4939536E+08   -0.2218893E+08
  50      0.382102E+09   -0.5024533E+08   -0.2797178E+08
  51      0.411190E+09   -0.5169300E+08   -0.2903796E+08
  52      0.409615E+09   -0.4614654E+08   -0.3062769E+08
  53      0.372834E+09   -0.3977943E+08   -0.3381874E+08
  54      0.307498E+09   -0.2544152E+08   -0.3359965E+08
  55      0.211145E+09   -0.1071286E+08   -0.3199784E+08
  56      0.971049E+08    0.2416616E+07   -0.2243007E+08
  57     -0.287678E+08    0.1519016E+08   -0.1276726E+08
  58     -0.142892E+09    0.2158722E+08    0.7735865E+07
  59     -0.235609E+09    0.2662778E+08    0.2941933E+08
  60     -0.295743E+09    0.2088343E+08    0.4484633E+08
  61     -0.305518E+09    0.1543384E+08    0.6213725E+08
  62     -0.263221E+09    0.7024651E+07    0.3821410E+08
  63     -0.135010E+09   -0.8262844E+06    0.1077482E+08
  64     -0.628113E+09    0.2134998E+07    0.2852975E+07
  65     -0.487984E+09   -0.5949865E+07    0.1682031E+08
  66     -0.333560E+09   -0.1478528E+08    0.3129206E+08
  67     -0.170444E+09   -0.3173057E+08    0.3166702E+08
  68     -0.154369E+07   -0.4846835E+08    0.3075241E+08
  69      0.167960E+09   -0.6242432E+08    0.1151985E+08
  70      0.320017E+09   -0.7628378E+08   -0.7187551E+07
  71      0.387225E+09   -0.9017529E+08   -0.1461437E+08
  72      0.419148E+09   -0.1038701E+09   -0.2150663E+08
  73      0.418005E+09   -0.1039282E+09   -0.3063199E+08
  74      0.381297E+09   -0.1031255E+09   -0.4074639E+08
  75      0.309622E+09   -0.9174687E+08   -0.4448530E+08
  76      0.207822E+09   -0.8018850E+08   -0.4749901E+08
  77      0.867300E+08   -0.6347584E+08   -0.3797585E+08
  78     -0.444977E+08   -0.4739023E+08   -0.2817941E+08
  79     -0.165656E+09   -0.3260417E+08   -0.7045146E+07
  80     -0.260299E+09   -0.1663800E+08    0.1568584E+08
  81     -0.315742E+09   -0.7740654E+07    0.3643772E+08
  82     -0.310795E+09   -0.1093201E+07    0.5878554E+08
  83     -0.237004E+09   -0.9484113E+06    0.3706188E+08
  84     -0.676662E+08    0.2519122E+06    0.1182774E+08
  85     -0.645288E+09    0.3306826E+07    0.3843063E+07
  86     -0.501800E+09   -0.6612491E+07    0.2466964E+08
  87     -0.341396E+09   -0.1778650E+08    0.4599446E+08
  88     -0.170447E+09   -0.4074490E+08    0.4798186E+08
  89      0.857461E+07   -0.6292437E+08    0.4792870E+08
  90      0.188860E+09   -0.8693179E+08    0.2557060E+08
  91      0.329686E+09   -0.1108883E+09    0.7672556E+07
  92      0.393593E+09   -0.1295273E+09   -0.1541954E+07
  93      0.427643E+09   -0.1474590E+09   -0.1461394E+08
  94      0.427402E+09   -0.1521721E+09   -0.3097283E+08
  95      0.389340E+09   -0.1575716E+09   -0.4667365E+08
  96      0.312344E+09   -0.1519128E+09   -0.5492781E+08
  97      0.204888E+09   -0.1449259E+09   -0.6321645E+08
  98      0.756623E+08   -0.1256710E+09   -0.5444964E+08
  99     -0.610094E+08   -0.1068924E+09   -0.4430782E+08
 100     -0.186863E+09   -0.8350060E+08   -0.2248889E+08
 101     -0.284722E+09   -0.5903177E+08    0.1199512E+06
 102     -0.336348E+09   -0.3711532E+08    0.2770656E+08
 103     -0.318674E+09   -0.1725235E+08    0.5830934E+08
 104     -0.209949E+09   -0.8761411E+07    0.3641256E+08
 105     -0.121970E+07    0.4896564E+06    0.9577029E+07
 106     -0.685605E+09    0.3302634E+07    0.5849095E+07
 107     -0.533383E+09   -0.9730928E+07    0.3727531E+08
 108     -0.360433E+09   -0.2378555E+08    0.6905700E+08
 109     -0.175630E+09   -0.5127656E+08    0.7435560E+08
 110      0.180868E+08   -0.7814775E+08    0.7778049E+08
 111      0.211803E+09   -0.1087702E+09    0.5607379E+08
 112      0.338523E+09   -0.1399834E+09    0.3758641E+08
 113      0.411974E+09   -0.1632415E+09    0.2094117E+08
 114      0.450473E+09   -0.1854404E+09    0.1898467E+07
 115      0.449829E+09   -0.1952767E+09   -0.2132992E+08
 116      0.409244E+09   -0.2044803E+09   -0.4422739E+08
 117      0.326968E+09   -0.1990923E+09   -0.5943297E+08
 118      0.212345E+09   -0.1948001E+09   -0.7416188E+08
 119      0.735462E+08   -0.1774552E+09   -0.7331177E+08
 120     -0.726036E+08   -0.1578694E+09   -0.7211341E+08
 121     -0.206856E+09   -0.1270946E+09   -0.5205210E+08
 122     -0.312063E+09   -0.9786840E+08   -0.3028059E+08
 123     -0.367380E+09   -0.7132859E+08   -0.3135484E+06
 124     -0.330285E+09   -0.4229232E+08    0.2802381E+08
 125     -0.191566E+09   -0.1731661E+08    0.1518437E+08
 126      0.163993E+08    0.5110480E+07    0.1762157E+07
 127     -0.725967E+09    0.4672099E+07    0.8029258E+07
 128     -0.564920E+09   -0.1054492E+08    0.5009045E+08
 129     -0.379568E+09   -0.2752990E+08    0.9230977E+08
 130     -0.180984E+09   -0.6002987E+08    0.1008050E+09
 131      0.271815E+08   -0.9081611E+08    0.1074621E+09
 132      0.233711E+09   -0.1258603E+09    0.8668224E+08
 133      0.350582E+09   -0.1617276E+09    0.6795158E+08
 134      0.430428E+09   -0.1893794E+09    0.4361299E+08
 135      0.472150E+09   -0.2164592E+09    0.1938402E+08
 136      0.473199E+09   -0.2299914E+09   -0.1145636E+08
 137      0.429046E+09   -0.2433607E+09   -0.4240485E+08
 138      0.341508E+09   -0.2410360E+09   -0.6436825E+08
 139      0.220148E+09   -0.2366759E+09   -0.8677104E+08
 140      0.720080E+08   -0.2137579E+09   -0.9250643E+08
 141     -0.818192E+08   -0.1936224E+09   -0.9822616E+08
 142     -0.227871E+09   -0.1635673E+09   -0.8112051E+08
 143     -0.337227E+09   -0.1305673E+09   -0.6135300E+08
 144     -0.402279E+09   -0.9052133E+08   -0.2783358E+08
 145     -0.333381E+09   -0.4832051E+08   -0.3763478E+07
 146     -0.174919E+09   -0.1802265E+08   -0.7171645E+07
 147      0.314104E+08    0.8348321E+07   -0.3789260E+07
 148     -0.803691E+09    0.4338922E+07    0.1145565E+08
 149     -0.621111E+09   -0.1365693E+08    0.6754570E+08
 150     -0.413871E+09   -0.3321406E+08    0.1234866E+09
 151     -0.193306E+09   -0.6912280E+08    0.1349805E+09
 152      0.352030E+08   -0.1039662E+09    0.1445378E+09
 153      0.252476E+09   -0.1404572E+09    0.1232317E+09
 154      0.375752E+09   -0.1771725E+09    0.1039834E+09
 155      0.461645E+09   -0.2070231E+09    0.7258363E+08
 156      0.505613E+09   -0.2353787E+09    0.4126253E+08
 157      0.511802E+09   -0.2499084E+09    0.3728754E+07
 158      0.463038E+09   -0.2653405E+09   -0.3350169E+08
 159      0.373587E+09   -0.2647606E+09   -0.6536695E+08
 160      0.244927E+09   -0.2642420E+09   -0.9752713E+08
 161      0.866810E+08   -0.2455315E+09   -0.1125397E+09
 162     -0.801908E+08   -0.2247907E+09   -0.1268666E+09
 163     -0.240153E+09   -0.1902725E+09   -0.1146051E+09
 164     -0.364939E+09   -0.1596909E+09   -0.9788397E+08
 165     -0.424408E+09   -0.1148084E+09   -0.7520839E+08
 166     -0.335103E+09   -0.6030977E+08   -0.6325840E+08
 167     -0.205553E+09   -0.2220927E+08   -0.3798579E+08
 168     -0.193179E+08    0.8637059E+07   -0.7254824E+07
 169     -0.881559E+09    0.5972178E+07    0.1463558E+08
 170     -0.677505E+09   -0.1357150E+08    0.8516848E+08
 171     -0.448473E+09   -0.3556612E+08    0.1551911E+09
 172     -0.205813E+09   -0.7492939E+08    0.1698329E+09
 173      0.432961E+08   -0.1124357E+09    0.1826763E+09
 174      0.270821E+09   -0.1503314E+09    0.1605542E+09
 175      0.400617E+09   -0.1876592E+09    0.1402146E+09
 176      0.493347E+09   -0.2122572E+09    0.1014130E+09
 177      0.540947E+09   -0.2365902E+09    0.6285825E+08
 178      0.549879E+09   -0.2507391E+09    0.1893968E+08
 179      0.498833E+09   -0.2650455E+09   -0.2488577E+08
 180      0.406948E+09   -0.2663693E+09   -0.6655444E+08
 181      0.268943E+09   -0.2679850E+09   -0.1067644E+09
 182      0.103170E+09   -0.2514782E+09   -0.1326175E+09
 183     -0.814188E+08   -0.2335056E+09   -0.1585835E+09
 184     -0.252991E+09   -0.1962255E+09   -0.1490205E+09
 185     -0.397741E+09   -0.1595458E+09   -0.1332326E+09
 186     -0.438304E+09   -0.1076864E+09   -0.1231422E+09
 187     -0.344678E+09   -0.5085596E+08   -0.1230795E+09
 188     -0.237789E+09   -0.1798844E+08   -0.6812779E+08
 189     -0.726523E+08    0.9568215E+07   -0.1038380E+08
 190     -0.100609E+10    0.4576452E+07    0.1969270E+08
 191     -0.764533E+09   -0.1702067E+08    0.1058303E+09
 192     -0.498548E+09   -0.4072883E+08    0.1906983E+09
 193     -0.223145E+09   -0.7843812E+08    0.2056088E+09
 194      0.514714E+08   -0.1148352E+09    0.2195560E+09
 195      0.294109E+09   -0.1461780E+09    0.1922214E+09
 196      0.437808E+09   -0.1762701E+09    0.1661272E+09
 197      0.536086E+09   -0.1963847E+09    0.1219538E+09
 198      0.588600E+09   -0.2163520E+09    0.7896556E+08
 199      0.597494E+09   -0.2271307E+09    0.3096433E+08
 200      0.548632E+09   -0.2380938E+09   -0.1674425E+08
 201      0.453900E+09   -0.2414648E+09   -0.6263104E+08
 202      0.309932E+09   -0.2452742E+09   -0.1083904E+09
 203      0.139892E+09   -0.2357499E+09   -0.1430973E+09
 204     -0.617189E+08   -0.2276195E+09   -0.1779685E+09
 205     -0.248479E+09   -0.1955276E+09   -0.1834409E+09
 206     -0.417989E+09   -0.1584776E+09   -0.1847235E+09
 207     -0.434837E+09   -0.1037688E+09   -0.1753655E+09
 208     -0.386333E+09   -0.4915142E+08   -0.1730167E+09
 209     -0.319397E+09   -0.1945502E+08   -0.9508444E+08
 210     -0.200558E+09    0.7126627E+07   -0.1399329E+08
 211     -0.113078E+10    0.5756083E+07    0.2507788E+08
 212     -0.852258E+09   -0.1639450E+08    0.1270112E+09
 213     -0.549437E+09   -0.4146563E+08    0.2269376E+09
 214     -0.241202E+09   -0.7565700E+08    0.2423047E+09
 215      0.588848E+08   -0.1073613E+09    0.2575953E+09
 216      0.318201E+09   -0.1281128E+09    0.2243546E+09
 217      0.475813E+09   -0.1468937E+09    0.1923182E+09
 218      0.579533E+09   -0.1556737E+09    0.1433635E+09
 219      0.637115E+09   -0.1651820E+09    0.9561572E+08
 220      0.646625E+09   -0.1742883E+09    0.4354912E+08
 221      0.598998E+09   -0.1846388E+09   -0.7880881E+07
 222      0.500790E+09   -0.1937682E+09   -0.5863989E+08
 223      0.354233E+09   -0.2033802E+09   -0.1103713E+09
 224      0.175512E+09   -0.2017834E+09   -0.1540958E+09
 225     -0.390883E+08   -0.1990125E+09   -0.1981842E+09
 226     -0.242782E+09   -0.1727640E+09   -0.2187615E+09
 227     -0.435270E+09   -0.1450377E+09   -0.2373070E+09
 228     -0.436612E+09   -0.9587497E+08   -0.2284067E+09
 229     -0.427182E+09   -0.4430177E+08   -0.2231508E+09
 230     -0.401494E+09   -0.1590256E+08   -0.1219975E+09
 231     -0.327795E+09    0.8570312E+07   -0.1752590E+08
 232     -0.131033E+10    0.2609386E+07    0.3389537E+08
 233     -0.967884E+09   -0.1831307E+08    0.1468964E+09
 234     -0.606983E+09   -0.4211594E+08    0.2563749E+09
 235     -0.253714E+09   -0.6445609E+08    0.2626070E+09
 236      0.748578E+08   -0.8375165E+08    0.2696902E+09
 237      0.356306E+09   -0.8504380E+08    0.2276665E+09
 238      0.519089E+09   -0.8480827E+08    0.1884589E+09
 239      0.626112E+09   -0.7952892E+08    0.1411949E+09
 240      0.685480E+09   -0.7494515E+08    0.9522102E+08
 241      0.693524E+09   -0.7850782E+08    0.4933389E+08
 242      0.649583E+09   -0.8349541E+08    0.3881450E+07
 243      0.551497E+09   -0.9606493E+08   -0.4525217E+08
 244      0.407226E+09   -0.1092170E+09   -0.9417719E+08
 245      0.224734E+09   -0.1221616E+09   -0.1425598E+09
 246      0.119536E+08   -0.1361168E+09   -0.1931205E+09
 247     -0.208926E+09   -0.1291000E+09   -0.2289568E+09
 248     -0.412642E+09   -0.1178352E+09   -0.2661575E+09
 249     -0.440208E+09   -0.8070933E+08   -0.2645975E+09
 250     -0.483514E+09   -0.4228340E+08   -0.2635403E+09
 251     -0.524105E+09   -0.1666745E+08   -0.1447707E+09
 252     -0.526426E+09    0.5440802E+07   -0.2201211E+08
 253     -0.149051E+10    0.3350139E+07    0.4361900E+08
 254     -0.108495E+10   -0.1703442E+08    0.1677813E+09
 255     -0.666706E+09   -0.3990971E+08    0.2873186E+09
 256     -0.266985E+09   -0.4368254E+08    0.2841451E+09
 257      0.903781E+08   -0.4178144E+08    0.2824853E+09
 258      0.395855E+09   -0.1597175E+08    0.2324332E+09
 259      0.562576E+09    0.8664131E+07    0.1863190E+09
 260      0.674001E+09    0.3415680E+08    0.1396448E+09
 261      0.734407E+09    0.5883735E+08    0.9462823E+08
 262      0.741128E+09    0.6516664E+08    0.5458630E+08
 263      0.701251E+09    0.7002313E+08    0.1522146E+08
 264      0.604276E+09    0.4727352E+08   -0.3120617E+08
 265      0.459411E+09    0.2253619E+08   -0.7747305E+08
 266      0.275691E+09   -0.9272419E+07   -0.1311306E+09
 267      0.637823E+08   -0.4132020E+08   -0.1876728E+09
 268     -0.174434E+09   -0.5727173E+08   -0.2398199E+09
 269     -0.389403E+09   -0.7142508E+08   -0.2957233E+09
 270     -0.445508E+09   -0.5590938E+08   -0.3011118E+09
 271     -0.542527E+09   -0.3608510E+08   -0.3048941E+09
 272     -0.648006E+09   -0.1281165E+08   -0.1681090E+09
 273     -0.725485E+09    0.6649841E+07   -0.2674508E+08
 274     -0.172636E+10   -0.4635284E+07    0.5952562E+08
 275     -0.121005E+10   -0.1510832E+08    0.1782949E+09
 276     -0.704484E+09   -0.2931943E+08    0.2887914E+09
 277     -0.250448E+09   -0.3524152E+07    0.2574129E+09
 278      0.131801E+09    0.2887706E+08    0.2303432E+09
 279      0.441647E+09    0.9214563E+08    0.1761828E+09
 280      0.605035E+09    0.1550551E+09    0.1281007E+09
 281      0.705668E+09    0.2049449E+09    0.9527629E+08
 282      0.761751E+09    0.2528887E+09    0.6486144E+08
 283      0.762677E+09    0.2642163E+09    0.4548637E+08
 284      0.725844E+09    0.2743239E+09    0.2717009E+08
 285      0.635352E+09    0.2441808E+09    0.8111024E+06
 286      0.502166E+09    0.2117339E+09   -0.2681308E+08
 287      0.328227E+09    0.1550008E+09   -0.7641085E+08
 288      0.127825E+09    0.9786509E+08   -0.1276348E+09
 289     -0.108992E+09    0.4646332E+08   -0.1921257E+09
 290     -0.329546E+09   -0.3098190E+07   -0.2621675E+09
 291     -0.424618E+09   -0.1685195E+08   -0.2895771E+09
 292     -0.588929E+09   -0.2504416E+08   -0.3180084E+09
 293     -0.792603E+09   -0.1021017E+08   -0.1804502E+09
 294     -0.993200E+09   -0.6480312E+05   -0.3456604E+08
 295     -0.196563E+10    0.9367233E+06    0.7858465E+08
 296     -0.133813E+10   -0.1148337E+08    0.1910548E+09
 297     -0.750519E+09   -0.1879108E+08    0.2946462E+09
 298     -0.232248E+09    0.5610286E+08    0.2346804E+09
 299      0.172927E+09    0.1355053E+09    0.1805813E+09
 300      0.490025E+09    0.2521686E+09    0.1208693E+09
 301      0.649583E+09    0.3630240E+09    0.6852289E+08
 302      0.738720E+09    0.4455775E+09    0.5022416E+08
 303      0.789950E+09    0.5247281E+09    0.3471504E+08
 304      0.784896E+09    0.5451160E+09    0.3712960E+08
 305      0.750122E+09    0.5639107E+09    0.4025890E+08
 306      0.666243E+09    0.5224197E+09    0.3346780E+08
 307      0.546871E+09    0.4801534E+09    0.2467139E+08
 308      0.382818E+09    0.3910497E+09   -0.1920148E+08
 309      0.192399E+09    0.2972971E+09   -0.6370107E+08
 310     -0.393160E+08    0.1958163E+09   -0.1440969E+09
 311     -0.272474E+09    0.9394882E+08   -0.2306137E+09
 312     -0.402627E+09    0.3795136E+08   -0.2813644E+09
 313     -0.642667E+09   -0.1331606E+08   -0.3347410E+09
 314     -0.940155E+09   -0.4621204E+07   -0.1942011E+09
 315     -0.126311E+10    0.5570072E+07   -0.4373364E+08
 316     -0.224238E+10   -0.2822670E+08    0.1065970E+09
 317     -0.141870E+10    0.8070236E+06    0.1711816E+09
 318     -0.702610E+09    0.2500324E+08    0.2143682E+09
 319     -0.153293E+09    0.1668067E+09    0.9928125E+08
 320      0.243793E+09    0.3196008E+09    0.5148074E+07
 321      0.522463E+09    0.4944425E+09   -0.3906969E+08
 322      0.656831E+09    0.6648955E+09   -0.7291648E+08
 323      0.718519E+09    0.7733738E+09   -0.5079370E+08
 324      0.755899E+09    0.8788050E+09   -0.2696714E+08
 325      0.746318E+09    0.9021183E+09    0.1675544E+08
 326      0.716121E+09    0.9245600E+09    0.5959861E+08
 327      0.642012E+09    0.8711872E+09    0.8834380E+08
 328      0.545546E+09    0.8170199E+09    0.1164007E+09
 329      0.404070E+09    0.6971788E+09    0.1008431E+09
 330      0.242719E+09    0.5763017E+09    0.8431402E+08
 331      0.419086E+08    0.4189903E+09    0.9167944E+07
 332     -0.172555E+09    0.2579027E+09   -0.7398390E+08
 333     -0.314253E+09    0.1333609E+09   -0.1684506E+09
 334     -0.611364E+09    0.2197376E+08   -0.2768563E+09
 335     -0.105805E+10    0.5376604E+07   -0.1794780E+09
 336     -0.158761E+10   -0.1800064E+08   -0.5950525E+08
 337     -0.255205E+10    0.2612933E+08    0.1605540E+09
 338     -0.150220E+10    0.1993128E+08    0.1592414E+09
 339     -0.687654E+09    0.6522443E+08    0.1456395E+09
 340     -0.529584E+08    0.3499122E+09   -0.2870012E+08
 341      0.319447E+09    0.6054293E+09   -0.1823610E+09
 342      0.559629E+09    0.8583975E+09   -0.2045821E+09
 343      0.665272E+09    0.1090212E+10   -0.2184910E+09
 344      0.697107E+09    0.1218025E+10   -0.1529681E+09
 345      0.719381E+09    0.1341600E+10   -0.8664033E+08
 346      0.705956E+09    0.1364093E+10   -0.1942381E+07
 347      0.681353E+09    0.1389517E+10    0.8047505E+08
 348      0.616367E+09    0.1324502E+10    0.1462802E+09
 349      0.543183E+09    0.1259134E+10    0.2119584E+09
 350      0.425164E+09    0.1110721E+10    0.2247080E+09
 351      0.295726E+09    0.9605558E+09    0.2369339E+09
 352      0.126015E+09    0.7395886E+09    0.1699114E+09
 353     -0.655795E+08    0.5021598E+09    0.9582372E+08
 354     -0.206468E+09    0.2879936E+09   -0.6094872E+08
 355     -0.606865E+09    0.5496493E+08   -0.2300613E+09
 356     -0.118019E+10    0.2231913E+08   -0.1719741E+09
 357     -0.194046E+10    0.2764877E+08   -0.9379252E+08
 358     -0.280061E+10   -0.1260199E+09    0.1879109E+09
 359     -0.138303E+10    0.7602876E+08    0.2740458E+08
 360     -0.410925E+09    0.2719774E+09   -0.1882969E+09
 361      0.748892E+08    0.6785720E+09   -0.4051362E+09
 362      0.342259E+09    0.1093274E+10   -0.5344256E+09
 363      0.502744E+09    0.1374326E+10   -0.4694560E+09
 364      0.567554E+09    0.1646585E+10   -0.4081757E+09
 365      0.572928E+09    0.1773405E+10   -0.2780535E+09
 366      0.587528E+09    0.1902089E+10   -0.1511256E+09
 367      0.578057E+09    0.1920506E+10   -0.1870454E+08
 368      0.560908E+09    0.1940666E+10    0.1126057E+09
 369      0.509236E+09    0.1866258E+10    0.2234202E+09
 370      0.459803E+09    0.1794687E+10    0.3340537E+09
 371      0.369834E+09    0.1627971E+10    0.3952269E+09
 372      0.279268E+09    0.1461305E+10    0.4571442E+09
 373      0.151593E+09    0.1192819E+10    0.4394329E+09
 374      0.279291E+08    0.9186312E+09    0.4250237E+09
 375     -0.443718E+08    0.5635927E+09    0.2730910E+09
 376     -0.355903E+09    0.2205065E+09    0.5243801E+08
 377     -0.112405E+10    0.6608066E+08   -0.6098511E+08
 378     -0.228157E+10   -0.9521217E+08   -0.1111004E+09
 379     -0.368202E+10    0.2643251E+09    0.6441477E+09
 380     -0.109802E+10    0.2928986E+09   -0.2803363E+08
 381     -0.800736E+08    0.5729354E+09   -0.7071152E+09
 382      0.195934E+09    0.1342144E+10   -0.8438135E+09
 383      0.359135E+09    0.1852293E+10   -0.9039381E+09
 384      0.432635E+09    0.2106741E+10   -0.7444441E+09
 385      0.458092E+09    0.2369386E+10   -0.5922574E+09
 386      0.441218E+09    0.2473326E+10   -0.3965780E+09
 387      0.454108E+09    0.2584573E+10   -0.2093967E+09
 388      0.447664E+09    0.2596873E+10   -0.3008863E+08
 389      0.440811E+09    0.2612461E+10    0.1494141E+09
 390      0.401045E+09    0.2535509E+10    0.3036339E+09
 391      0.374927E+09    0.2460284E+10    0.4586448E+09
 392      0.309761E+09    0.2291250E+10    0.5692274E+09
 393      0.257947E+09    0.2128232E+10    0.6794099E+09
 394      0.164380E+09    0.1850457E+10    0.7233323E+09
 395      0.117751E+09    0.1581463E+10    0.7753545E+09
 396      0.119786E+09    0.1130957E+10    0.6679894E+09
 397     -0.362065E+08    0.4728980E+09    0.4845989E+09
 398     -0.928639E+09    0.2521468E+09   -0.2282277E+08
 399     -0.321767E+10    0.2292328E+09   -0.4632668E+09
 400     -0.283328E+10   -0.4605000E+09   -0.1545119E+09
 401     -0.398962E+09    0.8430603E+09   -0.9024079E+09
 402     -0.836572E+08    0.2075776E+10   -0.1439181E+10
 403      0.114378E+09    0.2446316E+10   -0.1248718E+10
 404      0.166813E+09    0.2853342E+10   -0.1146306E+10
 405      0.213691E+09    0.3014634E+10   -0.9224549E+09
 406      0.221079E+09    0.3188400E+10   -0.7040645E+09
 407      0.217255E+09    0.3265283E+10   -0.4775735E+09
 408      0.230548E+09    0.3354236E+10   -0.2550120E+09
 409      0.228006E+09    0.3365041E+10   -0.3390963E+08
 410      0.230666E+09    0.3376647E+10    0.1882897E+09
 411      0.208701E+09    0.3300678E+10    0.3852506E+09
 412      0.198911E+09    0.3226491E+10    0.5823235E+09
 413      0.163451E+09    0.3070116E+10    0.7316334E+09
 414      0.138238E+09    0.2913932E+10    0.8805113E+09
 415      0.868932E+08    0.2689610E+10    0.9585794E+09
 416      0.604078E+08    0.2490136E+10    0.1033620E+10
 417      0.101902E+09    0.2118951E+10    0.1072410E+10
 418     -0.198855E+08    0.1745279E+10    0.1210459E+10
 419     -0.296094E+09    0.6898676E+09    0.7653576E+09
 420     -0.256486E+10   -0.3878629E+09    0.2038053E+09
 421     -0.132833E+10    0.4572176E+10   -0.1062261E+10
 422      0.122034E+09    0.4439097E+10   -0.1718599E+10
 423     -0.900287E+08    0.4263129E+10   -0.2000820E+10
 424      0.168985E+08    0.4112782E+10   -0.1581664E+10
 425     -0.207158E+08    0.4019886E+10   -0.1353883E+10
 426      0.690469E+06    0.4006401E+10   -0.1077394E+10
 427     -0.735179E+07    0.4043447E+10   -0.8073619E+09
 428     -0.163115E+06    0.4142930E+10   -0.5527477E+09
 429      0.987083E+07    0.4230326E+10   -0.2968210E+09
 430      0.119866E+08    0.4250815E+10   -0.3365443E+08
 431      0.215362E+08    0.4270204E+10    0.2313469E+09
 432      0.191829E+08    0.4195705E+10    0.4702195E+09
 433      0.250522E+08    0.4120456E+10    0.7083318E+09
 434      0.212206E+08    0.3979785E+10    0.8937832E+09
 435      0.212723E+08    0.3835425E+10    0.1080433E+10
 436      0.164428E+08    0.3707138E+10    0.1179910E+10
 437      0.340234E+07    0.3615217E+10    0.1266217E+10
 438      0.639807E+08    0.3635525E+10    0.1429515E+10
 439     -0.299730E+08    0.3725703E+10    0.1810396E+10
 440      0.196665E+09    0.3678271E+10    0.1616276E+10
 441     -0.129793E+10    0.3556255E+10    0.1166402E+10
