   1      0.129464E+09    0.1287093E+08   -0.1939426E+07
   2      0.859671E+08   -0.1988900E+08    0.4674649E+06
   3      0.538630E+08   -0.5667557E+08    0.3146882E+07
   4      0.347701E+08   -0.1458587E+09    0.4169198E+07
   5      0.271958E+08   -0.2336547E+09    0.5050408E+07
   6      0.244633E+08   -0.3338386E+09    0.4951984E+07
   7      0.128538E+08   -0.4335429E+09    0.5393283E+07
   8      0.550575E+07   -0.5180151E+09    0.4835587E+07
   9     -0.197229E+07   -0.6002880E+09    0.2691561E+07
  10     -0.199545E+08   -0.6419373E+09    0.2450524E+07
  11     -0.373513E+08   -0.6859167E+09    0.3172190E+07
  12     -0.488822E+08   -0.6812426E+09    0.5683083E+06
  13     -0.684234E+08   -0.6728422E+09   -0.2207763E+07
  14     -0.767199E+08   -0.6089894E+09   -0.2994269E+07
  15     -0.891868E+08   -0.5450778E+09   -0.3766645E+07
  16     -0.938724E+08   -0.4443166E+09   -0.4822120E+07
  17     -0.842682E+08   -0.3422545E+09   -0.5825831E+07
  18     -0.633599E+08   -0.2254023E+09   -0.6925177E+07
  19      0.933044E+07   -0.1015264E+09   -0.8359424E+07
  20      0.121463E+09   -0.3533483E+08   -0.2597567E+07
  21      0.352407E+09    0.2111066E+08    0.3567930E+07
  22      0.943891E+08    0.9021772E+07    0.1795862E+07
  23      0.543864E+08   -0.2365808E+08    0.3272327E+08
  24      0.322500E+08   -0.5897818E+08    0.6371346E+08
  25      0.229400E+08   -0.1329530E+09    0.7596701E+08
  26      0.211998E+08   -0.2060342E+09    0.8806943E+08
  27      0.250276E+08   -0.2899721E+09    0.8733417E+08
  28      0.208947E+08   -0.3741325E+09    0.8629623E+08
  29      0.196761E+08   -0.4430127E+09    0.7205798E+08
  30      0.151438E+08   -0.5115529E+09    0.5813548E+08
  31      0.153746E+07   -0.5476585E+09    0.3689398E+08
  32     -0.135187E+08   -0.5816128E+09    0.1525652E+08
  33     -0.249297E+08   -0.5708093E+09   -0.9170612E+07
  34     -0.437091E+08   -0.5605232E+09   -0.3385986E+08
  35     -0.557450E+08   -0.5085940E+09   -0.5544608E+08
  36     -0.718086E+08   -0.4553718E+09   -0.7665725E+08
  37     -0.811860E+08   -0.3697562E+09   -0.8934604E+08
  38     -0.790262E+08   -0.2825376E+09   -0.1025542E+09
  39     -0.674999E+08   -0.1890430E+09   -0.9847405E+08
  40     -0.124355E+08   -0.9354472E+08   -0.9490309E+08
  41      0.778466E+08   -0.3861750E+08   -0.5223069E+08
  42      0.283145E+09    0.1138376E+08   -0.8350338E+07
  43      0.589593E+08    0.9595617E+07    0.4984304E+07
  44      0.209413E+08   -0.1862811E+08    0.6521068E+08
  45      0.103503E+08   -0.4980958E+08    0.1246648E+09
  46      0.106671E+08   -0.1147690E+09    0.1477048E+09
  47      0.150696E+08   -0.1790873E+09    0.1713030E+09
  48      0.252432E+08   -0.2498937E+09    0.1694773E+09
  49      0.302411E+08   -0.3191113E+09    0.1663951E+09
  50      0.346743E+08   -0.3747914E+09    0.1389087E+09
  51      0.326334E+08   -0.4305894E+09    0.1133185E+09
  52      0.247266E+08   -0.4582339E+09    0.7106824E+08
  53      0.115916E+08   -0.4857487E+09    0.2756475E+08
  54     -0.220623E+06   -0.4782844E+09   -0.1890365E+08
  55     -0.181956E+08   -0.4697958E+09   -0.6548435E+08
  56     -0.332334E+08   -0.4230651E+09   -0.1081684E+09
  57     -0.545470E+08   -0.3744274E+09   -0.1501477E+09
  58     -0.679128E+08   -0.3008970E+09   -0.1734557E+09
  59     -0.727901E+08   -0.2266904E+09   -0.1989582E+09
  60     -0.718061E+08   -0.1481294E+09   -0.1894813E+09
  61     -0.355347E+08   -0.6779858E+08   -0.1805052E+09
  62      0.324402E+08   -0.2558810E+08   -0.1013599E+09
  63      0.207563E+09    0.1217379E+08   -0.1959884E+08
  64     -0.505192E+08    0.5818658E+07    0.9474184E+07
  65     -0.603304E+08   -0.1805291E+08    0.8925250E+08
  66     -0.438203E+08   -0.4354961E+08    0.1680663E+09
  67     -0.214529E+08   -0.9624303E+08    0.1989607E+09
  68      0.241710E+07   -0.1490826E+09    0.2302807E+09
  69      0.301160E+08   -0.2057125E+09    0.2245005E+09
  70      0.533491E+08   -0.2614950E+09    0.2183441E+09
  71      0.702705E+08   -0.3066438E+09    0.1829639E+09
  72      0.776832E+08   -0.3513565E+09    0.1480905E+09
  73      0.826957E+08   -0.3736542E+09    0.9243640E+08
  74      0.721942E+08   -0.3961362E+09    0.3657821E+08
  75      0.640735E+08   -0.3888366E+09   -0.2674393E+08
  76      0.438605E+08   -0.3796116E+09   -0.9058514E+08
  77      0.229447E+08   -0.3410361E+09   -0.1459850E+09
  78     -0.783412E+07   -0.3030091E+09   -0.2019191E+09
  79     -0.367945E+08   -0.2419204E+09   -0.2335847E+09
  80     -0.607844E+08   -0.1791031E+09   -0.2657515E+09
  81     -0.892142E+08   -0.1170595E+09   -0.2494316E+09
  82     -0.928323E+08   -0.5398177E+08   -0.2347327E+09
  83     -0.738171E+08   -0.2120990E+08   -0.1308307E+09
  84      0.170612E+08    0.8322326E+07   -0.2340269E+08
  85     -0.162424E+09    0.6496303E+07    0.1353489E+08
  86     -0.139774E+09   -0.1226957E+08    0.1125808E+09
  87     -0.993400E+08   -0.3326868E+08    0.2110905E+09
  88     -0.530246E+08   -0.7811584E+08    0.2501041E+09
  89     -0.103140E+08   -0.1218665E+09    0.2886781E+09
  90      0.360003E+08   -0.1685045E+09    0.2797757E+09
  91      0.753088E+08   -0.2148164E+09    0.2712040E+09
  92      0.105705E+09   -0.2509709E+09    0.2274703E+09
  93      0.123336E+09   -0.2871122E+09    0.1834315E+09
  94      0.140148E+09   -0.3032695E+09    0.1138787E+09
  95      0.132450E+09   -0.3174642E+09    0.4425843E+08
  96      0.128500E+09   -0.3096911E+09   -0.3448554E+08
  97      0.107160E+09   -0.3039796E+09   -0.1144373E+09
  98      0.773063E+08   -0.2747867E+09   -0.1833774E+09
  99      0.414995E+08   -0.2428952E+09   -0.2534868E+09
 100     -0.615344E+07   -0.1923484E+09   -0.2941223E+09
 101     -0.508659E+08   -0.1411266E+09   -0.3326322E+09
 102     -0.106708E+09   -0.8936421E+08   -0.3095988E+09
 103     -0.150128E+09   -0.3671211E+08   -0.2894259E+09
 104     -0.179609E+09   -0.1293218E+08   -0.1598200E+09
 105     -0.170231E+09    0.7891262E+07   -0.2622211E+08
 106     -0.325729E+09    0.4969513E+07    0.1485901E+08
 107     -0.253243E+09   -0.1233219E+08    0.1291556E+09
 108     -0.176762E+09   -0.3124025E+08    0.2418957E+09
 109     -0.975131E+08   -0.6753413E+08    0.2845627E+09
 110     -0.232578E+08   -0.1035097E+09    0.3271408E+09
 111      0.467406E+08   -0.1402681E+09    0.3152568E+09
 112      0.107295E+09   -0.1763634E+09    0.3040824E+09
 113      0.156421E+09   -0.2024381E+09    0.2532887E+09
 114      0.190109E+09   -0.2275288E+09    0.2022195E+09
 115      0.217321E+09   -0.2387165E+09    0.1251830E+09
 116      0.219704E+09   -0.2510076E+09    0.4753261E+08
 117      0.216503E+09   -0.2450856E+09   -0.4083416E+08
 118      0.195017E+09   -0.2377742E+09   -0.1289624E+09
 119      0.155394E+09   -0.2121539E+09   -0.2077572E+09
 120      0.107213E+09   -0.1859453E+09   -0.2867866E+09
 121      0.378041E+08   -0.1490518E+09   -0.3305838E+09
 122     -0.410935E+08   -0.1116243E+09   -0.3747790E+09
 123     -0.133494E+09   -0.7165437E+08   -0.3483816E+09
 124     -0.231563E+09   -0.3072579E+08   -0.3239729E+09
 125     -0.329805E+09   -0.1120763E+08   -0.1768710E+09
 126     -0.410358E+09    0.5989440E+07   -0.2553629E+08
 127     -0.488989E+09    0.2786514E+07    0.1858670E+08
 128     -0.366646E+09   -0.1142849E+08    0.1467175E+09
 129     -0.251932E+09   -0.2690267E+08    0.2726744E+09
 130     -0.142451E+09   -0.5553187E+08    0.3190303E+09
 131     -0.349838E+08   -0.8348352E+08    0.3655206E+09
 132      0.571767E+08   -0.1101444E+09    0.3506757E+09
 133      0.139485E+09   -0.1367460E+09    0.3372130E+09
 134      0.207624E+09   -0.1557369E+09    0.2793742E+09
 135      0.256482E+09   -0.1745829E+09    0.2212096E+09
 136      0.294233E+09   -0.1816585E+09    0.1366343E+09
 137      0.307116E+09   -0.1873680E+09    0.5119001E+08
 138      0.305272E+09   -0.1818221E+09   -0.4746118E+08
 139      0.280392E+09   -0.1769630E+09   -0.1449313E+09
 140      0.235214E+09   -0.1615529E+09   -0.2321901E+09
 141      0.168605E+09   -0.1463388E+09   -0.3194410E+09
 142      0.821568E+08   -0.1167745E+09   -0.3677396E+09
 143     -0.307760E+08   -0.8440668E+08   -0.4183225E+09
 144     -0.161039E+09   -0.5153191E+08   -0.3872876E+09
 145     -0.313103E+09   -0.2054292E+08   -0.3570151E+09
 146     -0.479259E+09   -0.8311181E+07   -0.1938665E+09
 147     -0.648268E+09    0.3401913E+07   -0.2646669E+08
 148     -0.683588E+09    0.4082797E+07    0.1834258E+08
 149     -0.504113E+09   -0.5537260E+07    0.1562860E+09
 150     -0.342898E+09   -0.1702259E+08    0.2929746E+09
 151     -0.191075E+09   -0.4026644E+08    0.3401181E+09
 152     -0.480093E+08   -0.6223701E+08    0.3871061E+09
 153      0.740104E+08   -0.8178563E+08    0.3692109E+09
 154      0.179950E+09   -0.1006047E+09    0.3516180E+09
 155      0.269817E+09   -0.1102904E+09    0.2896087E+09
 156      0.333810E+09   -0.1197689E+09    0.2274866E+09
 157      0.382244E+09   -0.1214958E+09    0.1392020E+09
 158      0.405147E+09   -0.1232696E+09    0.5066092E+08
 159      0.405894E+09   -0.1212248E+09   -0.4921288E+08
 160      0.378168E+09   -0.1195084E+09   -0.1490435E+09
 161      0.327142E+09   -0.1111862E+09   -0.2401376E+09
 162      0.244998E+09   -0.1019188E+09   -0.3323950E+09
 163      0.134782E+09   -0.8380035E+08   -0.3860196E+09
 164     -0.123694E+08   -0.6594008E+08   -0.4404601E+09
 165     -0.195260E+09   -0.4395343E+08   -0.4093022E+09
 166     -0.408160E+09   -0.1969770E+08   -0.3787815E+09
 167     -0.655284E+09   -0.6323299E+07   -0.2050474E+09
 168     -0.923437E+09    0.4626009E+07   -0.2640636E+08
 169     -0.873104E+09    0.8482753E+06    0.1679671E+08
 170     -0.642816E+09   -0.3811014E+07    0.1648294E+09
 171     -0.435201E+09   -0.8270233E+07    0.3129523E+09
 172     -0.238510E+09   -0.2419263E+08    0.3630587E+09
 173     -0.611946E+08   -0.4167684E+08    0.4113219E+09
 174      0.912436E+08   -0.5145179E+08    0.3884769E+09
 175      0.220882E+09   -0.5932936E+08    0.3659242E+09
 176      0.331779E+09   -0.5946159E+08    0.2999001E+09
 177      0.412300E+09   -0.5955649E+08    0.2338563E+09
 178      0.470188E+09   -0.5973417E+08    0.1426407E+09
 179      0.503869E+09   -0.6050443E+08    0.5153926E+08
 180      0.505923E+09   -0.6094875E+08   -0.5101671E+08
 181      0.478008E+09   -0.6075346E+08   -0.1539040E+09
 182      0.417874E+09   -0.5997947E+08   -0.2488286E+09
 183      0.325258E+09   -0.6085999E+08   -0.3456763E+09
 184      0.186209E+09   -0.5536703E+08   -0.4043408E+09
 185      0.579930E+07   -0.4767144E+08   -0.4622290E+09
 186     -0.229569E+09   -0.3252980E+08   -0.4319382E+09
 187     -0.502055E+09   -0.1612013E+08   -0.4028989E+09
 188     -0.832053E+09   -0.5653046E+07   -0.2168257E+09
 189     -0.119572E+10    0.2815633E+07   -0.2553690E+08
 190     -0.106989E+10   -0.2149797E+06    0.2071288E+08
 191     -0.792647E+09   -0.5009847E+07    0.1681587E+09
 192     -0.535701E+09   -0.9638855E+07    0.3152197E+09
 193     -0.289697E+09   -0.1076233E+08    0.3657605E+09
 194     -0.700061E+08   -0.1282805E+08    0.4148923E+09
 195      0.117127E+09   -0.1259832E+08    0.3872802E+09
 196      0.271990E+09   -0.1080696E+08    0.3594135E+09
 197      0.396848E+09   -0.2057391E+07    0.2921550E+09
 198      0.492453E+09    0.6274415E+07    0.2262699E+09
 199      0.558390E+09    0.1267574E+08    0.1379669E+09
 200      0.599650E+09    0.1958518E+08    0.4997475E+08
 201      0.603735E+09    0.1720193E+08   -0.4720330E+08
 202      0.579257E+09    0.1310277E+08   -0.1452603E+09
 203      0.511712E+09    0.3132984E+07   -0.2393809E+09
 204      0.409195E+09   -0.6303645E+07   -0.3339319E+09
 205      0.248665E+09   -0.1483160E+08   -0.3965717E+09
 206      0.302849E+08   -0.2311632E+08   -0.4605640E+09
 207     -0.253484E+09   -0.1807587E+08   -0.4373565E+09
 208     -0.602818E+09   -0.1086824E+08   -0.4144058E+09
 209     -0.102415E+10   -0.3713736E+07   -0.2235195E+09
 210     -0.149908E+10    0.1609687E+07   -0.2766915E+08
 211     -0.126706E+10   -0.1387483E+06    0.2524198E+08
 212     -0.940822E+09   -0.5940112E+07    0.1730203E+09
 213     -0.636070E+09   -0.1339949E+08    0.3191031E+09
 214     -0.343644E+09   -0.3329711E+07    0.3668360E+09
 215     -0.814211E+08    0.1123359E+08    0.4159029E+09
 216      0.143277E+09    0.3497736E+08    0.3876923E+09
 217      0.325537E+09    0.5520560E+08    0.3566760E+09
 218      0.462502E+09    0.7591443E+08    0.2858073E+09
 219      0.572473E+09    0.9935842E+08    0.2179474E+09
 220      0.647993E+09    0.1140335E+09    0.1328837E+09
 221      0.694837E+09    0.1259552E+09    0.4890478E+08
 222      0.702517E+09    0.1173258E+09   -0.4309326E+08
 223      0.680695E+09    0.1094652E+09   -0.1367444E+09
 224      0.606791E+09    0.8610868E+08   -0.2300521E+09
 225      0.490420E+09    0.6061912E+08   -0.3229603E+09
 226      0.312229E+09    0.3507246E+08   -0.3896983E+09
 227      0.554888E+08    0.1151168E+08   -0.4602193E+09
 228     -0.278201E+09    0.9852821E+06   -0.4428992E+09
 229     -0.705627E+09   -0.8745209E+07   -0.4252476E+09
 230     -0.121550E+10   -0.3820274E+07   -0.2308930E+09
 231     -0.180399E+10    0.4036563E+06   -0.3032604E+08
 232     -0.148190E+10   -0.2407621E+07    0.3342983E+08
 233     -0.108524E+10   -0.6107778E+07    0.1760552E+09
 234     -0.718807E+09   -0.1187136E+08    0.3156098E+09
 235     -0.378514E+09    0.8934955E+07    0.3432026E+09
 236     -0.824465E+08    0.3428455E+08    0.3721007E+09
 237      0.170260E+09    0.8495336E+08    0.3416284E+09
 238      0.374990E+09    0.1342575E+09    0.3124452E+09
 239      0.525900E+09    0.1743440E+09    0.2485576E+09
 240      0.641201E+09    0.2146074E+09    0.1853984E+09
 241      0.719343E+09    0.2348802E+09    0.1149373E+09
 242      0.768365E+09    0.2542133E+09    0.4576285E+08
 243      0.781175E+09    0.2431174E+09   -0.3027260E+08
 244      0.762753E+09    0.2298378E+09   -0.1065980E+09
 245      0.692310E+09    0.1878814E+09   -0.1894939E+09
 246      0.571818E+09    0.1457784E+09   -0.2743938E+09
 247      0.383498E+09    0.9967130E+08   -0.3451702E+09
 248      0.100249E+09    0.5286441E+08   -0.4186639E+09
 249     -0.283336E+09    0.2423644E+08   -0.4166045E+09
 250     -0.786168E+09    0.2377267E+06   -0.4172132E+09
 251     -0.140562E+10    0.5640033E+06   -0.2305088E+09
 252     -0.213571E+10   -0.1474355E+07   -0.3450815E+08
 253     -0.169704E+10   -0.2579100E+07    0.4294917E+08
 254     -0.123042E+10   -0.7161982E+07    0.1801355E+09
 255     -0.803409E+09   -0.1278283E+08    0.3134640E+09
 256     -0.412662E+09    0.2468046E+08    0.3223159E+09
 257     -0.829315E+08    0.6587521E+08    0.3318422E+09
 258      0.195750E+09    0.1483191E+09    0.2945841E+09
 259      0.419779E+09    0.2347817E+09    0.2631539E+09
 260      0.590903E+09    0.3086029E+09    0.2118320E+09
 261      0.712740E+09    0.3736969E+09    0.1574720E+09
 262      0.790837E+09    0.4007618E+09    0.9806917E+08
 263      0.843316E+09    0.4307015E+09    0.4155695E+08
 264      0.859914E+09    0.4149419E+09   -0.1698072E+08
 265      0.845424E+09    0.3965335E+09   -0.7540171E+08
 266      0.779295E+09    0.3375850E+09   -0.1492350E+09
 267      0.656325E+09    0.2765250E+09   -0.2261365E+09
 268      0.455040E+09    0.1953498E+09   -0.3003942E+09
 269      0.143458E+09    0.1126517E+09   -0.3771653E+09
 270     -0.287978E+09    0.5936893E+08   -0.3927614E+09
 271     -0.868595E+09    0.1069911E+08   -0.4115521E+09
 272     -0.159759E+10    0.3400382E+07   -0.2304734E+09
 273     -0.246789E+10   -0.4089502E+07   -0.3931744E+08
 274     -0.193215E+10   -0.8607923E+07    0.5802028E+08
 275     -0.135349E+10   -0.4116221E+07    0.1761441E+09
 276     -0.843272E+09   -0.2913532E+07    0.2870279E+09
 277     -0.398535E+09    0.5954624E+08    0.2592825E+09
 278     -0.438809E+08    0.1282842E+09    0.2351412E+09
 279      0.236237E+09    0.2430808E+09    0.1844941E+09
 280      0.451303E+09    0.3595426E+09    0.1403641E+09
 281      0.616646E+09    0.4658899E+09    0.1139010E+09
 282      0.744370E+09    0.5685216E+09    0.8790764E+08
 283      0.821328E+09    0.6107958E+09    0.5949832E+08
 284      0.872417E+09    0.6514302E+09    0.3193110E+08
 285      0.888825E+09    0.6308395E+09    0.5416551E+07
 286      0.884062E+09    0.6093761E+09   -0.2059527E+08
 287      0.830122E+09    0.5260708E+09   -0.6695014E+08
 288      0.722647E+09    0.4389554E+09   -0.1155581E+09
 289      0.527623E+09    0.3216634E+09   -0.1870636E+09
 290      0.214280E+09    0.2045479E+09   -0.2641935E+09
 291     -0.245532E+09    0.1152733E+09   -0.3096023E+09
 292     -0.902571E+09    0.3065043E+08   -0.3610156E+09
 293     -0.175474E+10    0.1062948E+08   -0.2117112E+09
 294     -0.280864E+10   -0.1037744E+08   -0.4823499E+08
 295     -0.216928E+10   -0.3153388E+07    0.7594692E+08
 296     -0.147932E+10   -0.3422601E+07    0.1742646E+09
 297     -0.891211E+09    0.1782058E+07    0.2650250E+09
 298     -0.383197E+09    0.1078964E+09    0.1998282E+09
 299     -0.559407E+07    0.2182223E+09    0.1395270E+09
 300      0.281262E+09    0.3834415E+09    0.7634057E+08
 301      0.486637E+09    0.5439246E+09    0.1947662E+08
 302      0.640588E+09    0.6845528E+09    0.1340981E+08
 303      0.770914E+09    0.8230342E+09    0.1286700E+08
 304      0.853405E+09    0.8847827E+09    0.2060716E+08
 305      0.900788E+09    0.9424840E+09    0.2428668E+08
 306      0.917835E+09    0.9155278E+09    0.2925284E+08
 307      0.922708E+09    0.8882959E+09    0.3642849E+08
 308      0.881661E+09    0.7810664E+09    0.1784485E+08
 309      0.790256E+09    0.6703670E+09   -0.2944380E+07
 310      0.604664E+09    0.5057263E+09   -0.7345806E+08
 311      0.286353E+09    0.3326799E+09   -0.1506646E+09
 312     -0.201321E+09    0.1885874E+09   -0.2287546E+09
 313     -0.942241E+09    0.4936014E+08   -0.3157939E+09
 314     -0.191660E+10    0.1753111E+08   -0.1955958E+09
 315     -0.315219E+10   -0.7446746E+07   -0.5871369E+08
 316     -0.241416E+10   -0.3012370E+08    0.1031343E+09
 317     -0.153747E+10    0.7680778E+07    0.1461728E+09
 318     -0.826323E+09    0.4014110E+08    0.1695991E+09
 319     -0.288591E+09    0.2048884E+09    0.4079073E+08
 320      0.802919E+08    0.3811461E+09   -0.6896117E+08
 321      0.326337E+09    0.5966084E+09   -0.1252273E+09
 322      0.495377E+09    0.8081715E+09   -0.1720871E+09
 323      0.612175E+09    0.9725919E+09   -0.1450979E+09
 324      0.715146E+09    0.1137337E+10   -0.1143204E+09
 325      0.796529E+09    0.1215450E+10   -0.5102196E+08
 326      0.852811E+09    0.1288548E+10    0.6881700E+07
 327      0.866566E+09    0.1259837E+10    0.5895305E+08
 328      0.879222E+09    0.1232944E+10    0.1149949E+09
 329      0.855135E+09    0.1105051E+10    0.1472338E+09
 330      0.798540E+09    0.9728064E+09    0.1790244E+09
 331      0.651153E+09    0.7556141E+09    0.1387186E+09
 332      0.382180E+09    0.5335610E+09    0.8935303E+08
 333     -0.892327E+08    0.3180797E+09   -0.2686328E+08
 334     -0.856813E+09    0.1082963E+09   -0.1650739E+09
 335     -0.197257E+10    0.3566983E+08   -0.1348540E+09
 336     -0.345836E+10   -0.3533695E+08   -0.7685909E+08
 337     -0.269114E+10    0.2529908E+08    0.1555416E+09
 338     -0.159849E+10    0.2328163E+08    0.1260480E+09
 339     -0.793601E+09    0.7178942E+08    0.8579389E+08
 340     -0.172318E+09    0.3682730E+09   -0.1112420E+09
 341      0.171673E+09    0.6362180E+09   -0.2901077E+09
 342      0.375884E+09    0.9206248E+09   -0.3335277E+09
 343      0.504987E+09    0.1184127E+10   -0.3690946E+09
 344      0.584107E+09    0.1364115E+10   -0.3057548E+09
 345      0.659883E+09    0.1543565E+10   -0.2418288E+09
 346      0.732073E+09    0.1630864E+10   -0.1240430E+09
 347      0.805078E+09    0.1718601E+10   -0.1096438E+08
 348      0.813264E+09    0.1693482E+10    0.9052631E+08
 349      0.834632E+09    0.1669894E+10    0.1967979E+09
 350      0.827497E+09    0.1528317E+10    0.2816558E+09
 351      0.807625E+09    0.1385621E+10    0.3680920E+09
 352      0.702497E+09    0.1120232E+10    0.3592378E+09
 353      0.486631E+09    0.8328146E+09    0.3424490E+09
 354      0.436983E+08    0.5147504E+09    0.1711398E+09
 355     -0.796593E+09    0.1662933E+09   -0.2362700E+08
 356     -0.203181E+10    0.6196594E+08   -0.8194401E+08
 357     -0.380369E+10    0.8967187E+07   -0.1159095E+09
 358     -0.289707E+10   -0.1244332E+09    0.1825958E+09
 359     -0.145152E+10    0.7631244E+08   -0.4260851E+07
 360     -0.489389E+09    0.2696077E+09   -0.2442640E+09
 361     -0.121756E+08    0.6759127E+09   -0.4892502E+09
 362      0.231078E+09    0.1090625E+10   -0.6502399E+09
 363      0.352436E+09    0.1389290E+10   -0.6185180E+09
 364      0.431863E+09    0.1680623E+10   -0.5918974E+09
 365      0.474669E+09    0.1853618E+10   -0.4787033E+09
 366      0.524203E+09    0.2030024E+10   -0.3686613E+09
 367      0.569417E+09    0.2115277E+10   -0.2093511E+09
 368      0.642842E+09    0.2204980E+10   -0.4922230E+08
 369      0.658970E+09    0.2189281E+10    0.1109686E+09
 370      0.674940E+09    0.2174471E+10    0.2715958E+09
 371      0.680409E+09    0.2037084E+10    0.4239189E+09
 372      0.691514E+09    0.1901571E+10    0.5791950E+09
 373      0.636770E+09    0.1607011E+10    0.6565292E+09
 374      0.512949E+09    0.1302969E+10    0.7413797E+09
 375      0.192284E+09    0.8427600E+09    0.6076821E+09
 376     -0.472983E+09    0.3803009E+09    0.3952108E+09
 377     -0.180764E+10    0.1268269E+09    0.1084866E+09
 378     -0.395645E+10   -0.1204518E+09   -0.1207431E+09
 379     -0.373328E+10    0.2656387E+09    0.6314276E+09
 380     -0.114216E+10    0.2905709E+09   -0.5808271E+08
 381     -0.129291E+09    0.5644984E+09   -0.7563388E+09
 382      0.142842E+09    0.1319540E+10   -0.9276220E+09
 383      0.289731E+09    0.1817442E+10   -0.1025864E+10
 384      0.317342E+09    0.2072586E+10   -0.9156841E+09
 385      0.351867E+09    0.2334706E+10   -0.8159846E+09
 386      0.359595E+09    0.2466848E+10   -0.6533294E+09
 387      0.383999E+09    0.2606907E+10   -0.4959155E+09
 388      0.405747E+09    0.2680711E+10   -0.2965168E+09
 389      0.467009E+09    0.2761039E+10   -0.8949733E+08
 390      0.502212E+09    0.2760809E+10    0.1332849E+09
 391      0.506439E+09    0.2765573E+10    0.3528344E+09
 392      0.527722E+09    0.2659761E+10    0.5752793E+09
 393      0.571110E+09    0.2562493E+10    0.7986397E+09
 394      0.562051E+09    0.2298111E+10    0.9716289E+09
 395      0.541349E+09    0.2038842E+10    0.1159833E+10
 396      0.343134E+09    0.1489160E+10    0.1105974E+10
 397     -0.825789E+08    0.7037330E+09    0.9743183E+09
 398     -0.142845E+10    0.3428415E+09    0.2271940E+09
 399     -0.474470E+10    0.2045702E+09   -0.4783817E+09
 400     -0.285329E+10   -0.4570632E+09   -0.1574820E+09
 401     -0.421036E+09    0.8341541E+09   -0.9240995E+09
 402     -0.103398E+09    0.2057257E+10   -0.1483668E+10
 403      0.915527E+08    0.2417805E+10   -0.1320121E+10
 404      0.140672E+09    0.2806835E+10   -0.1244596E+10
 405      0.156114E+09    0.2940490E+10   -0.1073371E+10
 406      0.171535E+09    0.3092549E+10   -0.9124737E+09
 407      0.175580E+09    0.3159269E+10   -0.7282919E+09
 408      0.187485E+09    0.3232629E+10   -0.5471739E+09
 409      0.198752E+09    0.3274328E+10   -0.3420112E+09
 410      0.222769E+09    0.3328407E+10   -0.1335525E+09
 411      0.255572E+09    0.3356171E+10    0.1153398E+09
 412      0.250115E+09    0.3377871E+10    0.3615073E+09
 413      0.269658E+09    0.3341868E+10    0.6183026E+09
 414      0.298060E+09    0.3319083E+10    0.8798753E+09
 415      0.298381E+09    0.3163725E+10    0.1149691E+10
 416      0.293768E+09    0.3022793E+10    0.1433826E+10
 417      0.221397E+09    0.2564877E+10    0.1594239E+10
 418     -0.433652E+08    0.2094735E+10    0.1862169E+10
 419     -0.545336E+09    0.8549657E+09    0.1165109E+10
 420     -0.343892E+10   -0.4033542E+09    0.2997466E+09
 421     -0.132243E+10    0.4525947E+10   -0.1067043E+10
 422      0.123951E+09    0.4408966E+10   -0.1740998E+10
 423     -0.837579E+08    0.4245420E+10   -0.2045352E+10
 424      0.219900E+08    0.4097040E+10   -0.1644843E+10
 425     -0.997893E+07    0.4025005E+10   -0.1430158E+10
 426     -0.775053E+06    0.3974813E+10   -0.1206802E+10
 427     -0.334137E+07    0.3939425E+10   -0.9969311E+09
 428     -0.226725E+07    0.3915669E+10   -0.7937226E+09
 429     -0.199292E+07    0.3896915E+10   -0.5924023E+09
 430     -0.114244E+07    0.3883650E+10   -0.3815930E+09
 431     -0.703301E+07    0.3852523E+10   -0.1747991E+09
 432      0.145203E+08    0.3891099E+10    0.9570350E+08
 433      0.509839E+07    0.3974228E+10    0.3647133E+09
 434      0.189973E+08    0.4094339E+10    0.6526015E+09
 435      0.298425E+08    0.4199578E+10    0.9525531E+09
 436      0.391219E+08    0.4235472E+10    0.1310259E+10
 437      0.419910E+08    0.4285758E+10    0.1685103E+10
 438      0.807304E+08    0.4223404E+10    0.2036106E+10
 439     -0.243769E+08    0.4241609E+10    0.2620626E+10
 440      0.185905E+09    0.4003108E+10    0.2160023E+10
 441     -0.145569E+10    0.3684651E+10    0.1376513E+10
