   1      0.133798E+10    0.1435785E+07    0.3511627E+07
   2      0.107946E+10   -0.1653833E+08    0.2398960E+07
   3      0.699773E+09   -0.3636965E+08    0.1594543E+07
   4      0.209767E+09   -0.5661793E+08   -0.3271563E+06
   5     -0.342443E+09   -0.7255374E+08   -0.3626881E+07
   6     -0.808457E+09   -0.8313883E+08   -0.2534801E+07
   7     -0.701085E+09   -0.9872514E+08   -0.2037204E+06
   8     -0.587629E+09   -0.1207866E+09   -0.8242153E+05
   9     -0.478168E+09   -0.1411315E+09   -0.4986894E+05
  10     -0.372973E+09   -0.1508562E+09   -0.1102201E+05
  11     -0.277614E+09   -0.1601730E+09    0.1949539E+05
  12     -0.189362E+09   -0.1553501E+09    0.4293540E+05
  13     -0.112358E+09   -0.1501361E+09    0.6679643E+05
  14     -0.417458E+08   -0.1321281E+09    0.8923606E+05
  15      0.211203E+08   -0.1137868E+09    0.1120503E+06
  16      0.816100E+08   -0.8844909E+08    0.1228876E+06
  17      0.142031E+09   -0.6292163E+08    0.1259923E+06
  18      0.206545E+09   -0.3941116E+08    0.5275654E+05
  19      0.281492E+09   -0.1564083E+08   -0.6918120E+04
  20      0.368253E+09   -0.5583891E+07    0.2566476E+06
  21      0.482467E+09    0.3357341E+07    0.5099173E+06
  22      0.131606E+10    0.3342721E+07    0.3761802E+07
  23      0.107237E+10   -0.5465419E+07    0.1195574E+08
  24      0.695942E+09   -0.1555640E+08    0.1974107E+08
  25      0.210177E+09   -0.3597019E+08    0.1901195E+08
  26     -0.339075E+09   -0.5571843E+08    0.1755552E+08
  27     -0.812842E+09   -0.7886445E+08    0.1956284E+08
  28     -0.700553E+09   -0.1022454E+09    0.2297955E+08
  29     -0.584023E+09   -0.1224447E+09    0.1968813E+08
  30     -0.472746E+09   -0.1426137E+09    0.1597316E+08
  31     -0.366303E+09   -0.1522884E+09    0.9166142E+07
  32     -0.270395E+09   -0.1615187E+09    0.2377836E+07
  33     -0.182160E+09   -0.1566475E+09   -0.4939973E+07
  34     -0.105812E+09   -0.1513863E+09   -0.1224547E+08
  35     -0.363876E+08   -0.1333676E+09   -0.1770949E+08
  36      0.247322E+08   -0.1150153E+09   -0.2314059E+08
  37      0.830619E+08   -0.8970380E+08   -0.2468399E+08
  38      0.140964E+09   -0.6418951E+08   -0.2615855E+08
  39      0.202858E+09   -0.4091868E+08   -0.2251568E+08
  40      0.274937E+09   -0.1773731E+08   -0.1871307E+08
  41      0.359022E+09   -0.7072326E+07   -0.9588182E+07
  42      0.472463E+09    0.2814182E+07   -0.5898772E+06
  43      0.129282E+10    0.2156740E+07    0.3509535E+07
  44      0.106509E+10   -0.3877353E+07    0.2057885E+08
  45      0.693012E+09   -0.1053504E+08    0.3704931E+08
  46      0.211671E+09   -0.3209506E+08    0.3822911E+08
  47     -0.335732E+09   -0.5377760E+08    0.3925729E+08
  48     -0.817660E+09   -0.8047748E+08    0.4224823E+08
  49     -0.700318E+09   -0.1074165E+09    0.4624293E+08
  50     -0.580605E+09   -0.1290107E+09    0.3942404E+08
  51     -0.467440E+09   -0.1503735E+09    0.3198246E+08
  52     -0.359727E+09   -0.1602574E+09    0.1835028E+08
  53     -0.263260E+09   -0.1697559E+09    0.4757497E+07
  54     -0.175041E+09   -0.1645312E+09   -0.9890464E+07
  55     -0.993521E+08   -0.1589227E+09   -0.2451407E+08
  56     -0.311165E+08   -0.1400178E+09   -0.3544734E+08
  57      0.282610E+08   -0.1207623E+09   -0.4631507E+08
  58      0.844442E+08   -0.9413059E+08   -0.4938512E+08
  59      0.139873E+09   -0.6722152E+08   -0.5231352E+08
  60      0.199183E+09   -0.4272747E+08   -0.4488267E+08
  61      0.268529E+09   -0.1819234E+08   -0.3727240E+08
  62      0.349876E+09   -0.6915254E+07   -0.1936909E+08
  63      0.463039E+09    0.3356959E+07   -0.1573413E+07
  64      0.126291E+10    0.2776397E+07    0.1003993E+07
  65      0.103957E+10   -0.3164567E+07    0.2591576E+08
  66      0.675572E+09   -0.9031618E+07    0.5130894E+08
  67      0.203600E+09   -0.3204047E+08    0.6131977E+08
  68     -0.337726E+09   -0.5697856E+08    0.6994182E+08
  69     -0.820853E+09   -0.8698487E+08    0.7097641E+08
  70     -0.695502E+09   -0.1159429E+09    0.7302259E+08
  71     -0.568761E+09   -0.1382919E+09    0.6123983E+08
  72     -0.450403E+09   -0.1605388E+09    0.4883509E+08
  73     -0.339188E+09   -0.1704006E+09    0.2784594E+08
  74     -0.241134E+09   -0.1799268E+09    0.6850466E+07
  75     -0.153030E+09   -0.1742666E+09   -0.1558408E+08
  76     -0.793084E+08   -0.1682366E+09   -0.3799387E+08
  77     -0.146578E+08   -0.1485159E+09   -0.5485331E+08
  78      0.394499E+08   -0.1284394E+09   -0.7163241E+08
  79      0.890351E+08   -0.1006004E+09   -0.7657310E+08
  80      0.136695E+09   -0.7249036E+08   -0.8131265E+08
  81      0.187559E+09   -0.4648898E+08   -0.6990274E+08
  82      0.248722E+09   -0.2056386E+08   -0.5825306E+08
  83      0.322476E+09   -0.8308363E+07   -0.3066774E+08
  84      0.427318E+09    0.3064751E+07   -0.3174913E+07
  85      0.123691E+10    0.3808900E+07   -0.1274162E+07
  86      0.101421E+10   -0.5653658E+07    0.3226801E+08
  87      0.658052E+09   -0.1655395E+08    0.6668745E+08
  88      0.193839E+09   -0.4357447E+08    0.8419150E+08
  89     -0.339843E+09   -0.6984140E+08    0.9943045E+08
  90     -0.823580E+09   -0.9904380E+08    0.9897342E+08
  91     -0.690452E+09   -0.1288654E+09    0.9992476E+08
  92     -0.556829E+09   -0.1527051E+09    0.8321169E+08
  93     -0.433337E+09   -0.1760137E+09    0.6580234E+08
  94     -0.318637E+09   -0.1860104E+09    0.3739004E+08
  95     -0.219008E+09   -0.1956468E+09    0.8945418E+07
  96     -0.131026E+09   -0.1892867E+09   -0.2131507E+08
  97     -0.592902E+08   -0.1825707E+09   -0.5155011E+08
  98      0.175807E+07   -0.1613622E+09   -0.7436070E+08
  99      0.505723E+08   -0.1397849E+09   -0.9707438E+08
 100      0.935457E+08   -0.1095912E+09   -0.1038920E+09
 101      0.133427E+09   -0.7904885E+08   -0.1104509E+09
 102      0.175893E+09   -0.5011930E+08   -0.9512645E+08
 103      0.228883E+09   -0.2074822E+08   -0.7944022E+08
 104      0.295482E+09   -0.7498297E+07   -0.4183002E+08
 105      0.391217E+09    0.4271594E+07   -0.4360479E+07
 106      0.119432E+10    0.2977226E+07   -0.1306657E+06
 107      0.969197E+09   -0.8715538E+07    0.4406534E+08
 108      0.621790E+09   -0.2112201E+08    0.9020857E+08
 109      0.172098E+09   -0.5068292E+08    0.1132006E+09
 110     -0.341547E+09   -0.8099206E+08    0.1320420E+09
 111     -0.824312E+09   -0.1129922E+09    0.1294954E+09
 112     -0.678364E+09   -0.1445420E+09    0.1290433E+09
 113     -0.534265E+09   -0.1683161E+09    0.1064813E+09
 114     -0.402842E+09   -0.1918504E+09    0.8318319E+08
 115     -0.282823E+09   -0.2014441E+09    0.4671111E+08
 116     -0.180729E+09   -0.2107173E+09    0.1020486E+08
 117     -0.930818E+08   -0.2036460E+09   -0.2838573E+08
 118     -0.245511E+08   -0.1962458E+09   -0.6695350E+08
 119      0.305564E+08   -0.1739526E+09   -0.9638743E+08
 120      0.706237E+08   -0.1512865E+09   -0.1257411E+09
 121      0.102411E+09   -0.1193805E+09   -0.1352230E+09
 122      0.128794E+09   -0.8706290E+08   -0.1444354E+09
 123      0.156314E+09   -0.5600754E+08   -0.1252729E+09
 124      0.193715E+09   -0.2473891E+08   -0.1055875E+09
 125      0.245645E+09   -0.9742805E+07   -0.5535502E+08
 126      0.326862E+09    0.3960220E+07   -0.5272878E+07
 127      0.115014E+10    0.6304570E+07   -0.1784039E+06
 128      0.925108E+09   -0.7422524E+07    0.5554322E+08
 129      0.584258E+09   -0.2381885E+08    0.1143369E+09
 130      0.151337E+09   -0.6182904E+08    0.1429538E+09
 131     -0.342320E+09   -0.9827612E+08    0.1647126E+09
 132     -0.826901E+09   -0.1307708E+09    0.1599610E+09
 133     -0.665824E+09   -0.1632406E+09    0.1586408E+09
 134     -0.511451E+09   -0.1868293E+09    0.1299563E+09
 135     -0.372169E+09   -0.2101632E+09    0.1006279E+09
 136     -0.246859E+09   -0.2191285E+09    0.5608695E+08
 137     -0.142297E+09   -0.2277825E+09    0.1146749E+08
 138     -0.549866E+08   -0.2198557E+09   -0.3552767E+08
 139      0.103038E+08   -0.2116475E+09   -0.8250096E+08
 140      0.594244E+08   -0.1881430E+09   -0.1186106E+09
 141      0.906774E+08   -0.1642668E+09   -0.1546550E+09
 142      0.111218E+09   -0.1301750E+09   -0.1667962E+09
 143      0.124080E+09   -0.9552191E+08   -0.1786575E+09
 144      0.136629E+09   -0.6128773E+08   -0.1555530E+09
 145      0.158584E+09   -0.2630157E+08   -0.1318008E+09
 146      0.195609E+09   -0.9587797E+07   -0.6894427E+08
 147      0.263487E+09    0.5195665E+07   -0.6208984E+07
 148      0.107547E+10    0.4478983E+07    0.7935891E+06
 149      0.852508E+09   -0.1299634E+08    0.7273059E+08
 150      0.527653E+09   -0.3161504E+08    0.1471170E+09
 151      0.119524E+09   -0.6991722E+08    0.1809995E+09
 152     -0.338820E+09   -0.1103479E+09    0.2086946E+09
 153     -0.818208E+09   -0.1484957E+09    0.1945526E+09
 154     -0.645654E+09   -0.1829688E+09    0.1844850E+09
 155     -0.477306E+09   -0.2028053E+09    0.1511031E+09
 156     -0.327246E+09   -0.2240061E+09    0.1160895E+09
 157     -0.195069E+09   -0.2316530E+09    0.6350163E+08
 158     -0.873023E+08   -0.2388984E+09    0.1094081E+08
 159     -0.647247E+06   -0.2302580E+09   -0.4411716E+08
 160      0.605354E+08   -0.2214122E+09   -0.9913362E+08
 161      0.101751E+09   -0.1977314E+09   -0.1421717E+09
 162      0.121329E+09   -0.1737055E+09   -0.1852360E+09
 163      0.126326E+09   -0.1389757E+09   -0.2011917E+09
 164      0.119658E+09   -0.1036013E+09   -0.2169582E+09
 165      0.109520E+09   -0.6764436E+08   -0.1906136E+09
 166      0.106464E+09   -0.3112376E+08   -0.1634791E+09
 167      0.117913E+09   -0.1238474E+08   -0.8592036E+08
 168      0.163260E+09    0.4628325E+07   -0.8325071E+07
 169      0.100024E+10    0.7143220E+07    0.2979241E+07
 170      0.779951E+09   -0.1360259E+08    0.9062952E+08
 171      0.472567E+09   -0.3785764E+08    0.1801618E+09
 172      0.868026E+08   -0.8418455E+08    0.2190967E+09
 173     -0.337133E+09   -0.1299201E+09    0.2539412E+09
 174     -0.808006E+09   -0.1665918E+09    0.2297175E+09
 175     -0.625944E+09   -0.1991464E+09    0.2091225E+09
 176     -0.443302E+09   -0.2153290E+09    0.1720366E+09
 177     -0.282237E+09   -0.2337975E+09    0.1318515E+09
 178     -0.142975E+09   -0.2394445E+09    0.7102926E+08
 179     -0.319288E+08   -0.2445696E+09    0.1045304E+08
 180      0.541138E+08   -0.2352835E+09   -0.5279848E+08
 181      0.111134E+09   -0.2259704E+09   -0.1159843E+09
 182      0.144361E+09   -0.2030670E+09   -0.1660548E+09
 183      0.152099E+09   -0.1799093E+09   -0.2162392E+09
 184      0.141396E+09   -0.1454066E+09   -0.2360233E+09
 185      0.115025E+09   -0.1100693E+09   -0.2557028E+09
 186      0.821144E+08   -0.7205149E+08   -0.2260187E+09
 187      0.540382E+08   -0.3256674E+08   -0.1954687E+09
 188      0.401907E+08   -0.1184635E+08   -0.1029840E+09
 189      0.629687E+08    0.6270720E+07   -0.1024790E+08
 190      0.877106E+09    0.6359333E+07    0.4393684E+07
 191      0.670941E+09   -0.1525624E+08    0.1125667E+09
 192      0.393417E+09   -0.3968926E+08    0.2234930E+09
 193      0.484714E+08   -0.8805274E+08    0.2648807E+09
 194     -0.338312E+09   -0.1366476E+09    0.3012745E+09
 195     -0.764892E+09   -0.1716155E+09    0.2623220E+09
 196     -0.602714E+09   -0.2027839E+09    0.2283266E+09
 197     -0.398454E+09   -0.2162693E+09    0.1869254E+09
 198     -0.223624E+09   -0.2310914E+09    0.1407121E+09
 199     -0.768087E+08   -0.2330662E+09    0.7330061E+08
 200      0.374879E+08   -0.2348846E+09    0.6525325E+07
 201      0.122252E+09   -0.2253276E+09   -0.6208629E+08
 202      0.175043E+09   -0.2159791E+09   -0.1306103E+09
 203      0.199618E+09   -0.1959063E+09   -0.1863129E+09
 204      0.194594E+09   -0.1757044E+09   -0.2423626E+09
 205      0.165523E+09   -0.1445098E+09   -0.2674962E+09
 206      0.114362E+09   -0.1123634E+09   -0.2928450E+09
 207      0.504187E+08   -0.7525953E+08   -0.2625892E+09
 208     -0.148380E+08   -0.3676312E+08   -0.2314802E+09
 209     -0.690656E+08   -0.1464164E+08   -0.1228584E+09
 210     -0.861862E+08    0.5100283E+07   -0.1341731E+08
 211      0.756138E+09    0.7903671E+07    0.5567201E+07
 212      0.561198E+09   -0.1578325E+08    0.1341463E+09
 213      0.312210E+09   -0.4327709E+08    0.2661207E+09
 214      0.102327E+08   -0.9141806E+08    0.3109467E+09
 215     -0.339498E+09   -0.1375464E+09    0.3490013E+09
 216     -0.720719E+09   -0.1676300E+09    0.2958585E+09
 217     -0.580351E+09   -0.1959685E+09    0.2498480E+09
 218     -0.353551E+09   -0.2047188E+09    0.2029441E+09
 219     -0.164624E+09   -0.2132057E+09    0.1499673E+09
 220     -0.995445E+07   -0.2093924E+09    0.7587590E+08
 221      0.107676E+09   -0.2059650E+09    0.2686294E+07
 222      0.191215E+09   -0.1964956E+09   -0.7144675E+08
 223      0.239712E+09   -0.1876591E+09   -0.1454747E+09
 224      0.255545E+09   -0.1732374E+09   -0.2070042E+09
 225      0.237456E+09   -0.1590084E+09   -0.2691054E+09
 226      0.189765E+09   -0.1346618E+09   -0.2997048E+09
 227      0.113325E+09   -0.1092218E+09   -0.3308196E+09
 228      0.181524E+08   -0.7451303E+08   -0.2998324E+09
 229     -0.844356E+08   -0.3708588E+08   -0.2680279E+09
 230     -0.178787E+09   -0.1352185E+08   -0.1429564E+09
 231     -0.235457E+09    0.6759192E+07   -0.1651473E+08
 232      0.575659E+09    0.5957280E+07    0.1097089E+08
 233      0.409944E+09   -0.2038305E+08    0.1598804E+09
 234      0.213971E+09   -0.5054721E+08    0.3108163E+09
 235     -0.283831E+08   -0.9381874E+08    0.3511948E+09
 236     -0.318196E+09   -0.1354032E+09    0.3837523E+09
 237     -0.649751E+09   -0.1563514E+09    0.3159723E+09
 238     -0.542076E+09   -0.1744546E+09    0.2572005E+09
 239     -0.294508E+09   -0.1713923E+09    0.2020470E+09
 240     -0.944785E+08   -0.1683630E+09    0.1413186E+09
 241      0.640014E+08   -0.1570374E+09    0.6630223E+08
 242      0.182681E+09   -0.1463542E+09   -0.7503438E+07
 243      0.263475E+09   -0.1377400E+09   -0.7934678E+08
 244      0.308963E+09   -0.1301164E+09   -0.1510778E+09
 245      0.318021E+09   -0.1247279E+09   -0.2130959E+09
 246      0.290472E+09   -0.1198301E+09   -0.2761001E+09
 247      0.226089E+09   -0.1077985E+09   -0.3133097E+09
 248      0.123687E+09   -0.9456366E+08   -0.3519062E+09
 249     -0.930592E+07   -0.6789956E+08   -0.3271088E+09
 250     -0.163640E+09   -0.3820948E+08   -0.3018680E+09
 251     -0.319828E+09   -0.1532871E+08   -0.1630734E+09
 252     -0.444037E+09    0.4335135E+07   -0.2152893E+08
 253      0.395071E+09    0.9254423E+07    0.1605658E+08
 254      0.258565E+09   -0.1869696E+08    0.1859112E+09
 255      0.115478E+09   -0.5218902E+08    0.3574315E+09
 256     -0.684684E+08   -0.9237794E+08    0.3928974E+09
 257     -0.296077E+09   -0.1254073E+09    0.4187711E+09
 258     -0.580698E+09   -0.1267749E+09    0.3373277E+09
 259     -0.502170E+09   -0.1293986E+09    0.2662798E+09
 260     -0.234083E+09   -0.1097832E+09    0.2018497E+09
 261     -0.231727E+08   -0.8867594E+08    0.1327672E+09
 262      0.139054E+09   -0.6578357E+08    0.5687135E+08
 263      0.258773E+09   -0.4439258E+08   -0.1763784E+08
 264      0.336836E+09   -0.3731132E+08   -0.8721236E+08
 265      0.379360E+09   -0.3177641E+08   -0.1566564E+09
 266      0.381747E+09   -0.4056582E+08   -0.2194416E+09
 267      0.344389E+09   -0.5069333E+08   -0.2835689E+09
 268      0.263243E+09   -0.5903316E+08   -0.3279359E+09
 269      0.133466E+09   -0.6676616E+08   -0.3744358E+09
 270     -0.376133E+08   -0.5359474E+08   -0.3558029E+09
 271     -0.245009E+09   -0.3562032E+08   -0.3369720E+09
 272     -0.462004E+09   -0.1316740E+08   -0.1837538E+09
 273     -0.653355E+09    0.6043959E+07   -0.2674996E+08
 274      0.133593E+09    0.3651954E+07    0.2563736E+08
 275      0.691028E+08   -0.2338219E+08    0.2128523E+09
 276      0.150599E+08   -0.5670938E+08    0.3992416E+09
 277     -0.834034E+08   -0.8137550E+08    0.4128950E+09
 278     -0.239724E+09   -0.1013462E+09    0.4183615E+09
 279     -0.480227E+09   -0.7969197E+08    0.3165073E+09
 280     -0.440104E+09   -0.5298898E+08    0.2259309E+09
 281     -0.164369E+09   -0.4821735E+07    0.1597001E+09
 282      0.469647E+08    0.4162920E+08    0.8935983E+08
 283      0.203362E+09    0.7665097E+08    0.2495777E+08
 284      0.318715E+09    0.1104703E+09   -0.3771725E+08
 285      0.391485E+09    0.1148942E+09   -0.9041204E+08
 286      0.433545E+09    0.1175965E+09   -0.1428518E+09
 287      0.434779E+09    0.9058882E+08   -0.1936384E+09
 288      0.398652E+09    0.6185959E+08   -0.2460660E+09
 289      0.311781E+09    0.2465668E+08   -0.2944441E+09
 290      0.166826E+09   -0.1198967E+08   -0.3469467E+09
 291     -0.409520E+08   -0.2327242E+08   -0.3483049E+09
 292     -0.312935E+09   -0.2814146E+08   -0.3516911E+09
 293     -0.623494E+09   -0.1184327E+08   -0.1972064E+09
 294     -0.926272E+09    0.3361139E+05   -0.3517797E+08
 295     -0.127174E+09    0.1354454E+08    0.3732044E+08
 296     -0.121804E+09   -0.2411917E+08    0.2419415E+09
 297     -0.947025E+08   -0.6384731E+08    0.4454856E+09
 298     -0.973657E+08   -0.6106819E+08    0.4365202E+09
 299     -0.188898E+09   -0.4887040E+08    0.4210591E+09
 300     -0.373320E+09    0.1988917E+08    0.2970338E+09
 301     -0.378022E+09    0.8537808E+08    0.1835693E+09
 302     -0.934107E+08    0.1634177E+09    0.1164644E+09
 303      0.117961E+09    0.2403134E+09    0.4505878E+08
 304      0.268274E+09    0.2912288E+09   -0.7486916E+07
 305      0.379119E+09    0.3402401E+09   -0.5791544E+08
 306      0.446598E+09    0.3414640E+09   -0.9323012E+08
 307      0.488548E+09    0.3408352E+09   -0.1281380E+09
 308      0.489269E+09    0.2904011E+09   -0.1667957E+09
 309      0.454821E+09    0.2367103E+09   -0.2071397E+09
 310      0.363617E+09    0.1579052E+09   -0.2612453E+09
 311      0.200047E+09    0.7526851E+08   -0.3206142E+09
 312     -0.430866E+08    0.2524656E+08   -0.3440871E+09
 313     -0.388237E+09   -0.1908712E+08   -0.3704533E+09
 314     -0.788448E+09   -0.7823099E+07   -0.2123340E+09
 315     -0.120086E+10    0.5648367E+07   -0.4534472E+08
 316     -0.498359E+09   -0.1071058E+08    0.6060668E+08
 317     -0.328053E+09   -0.2514216E+08    0.2628350E+09
 318     -0.140226E+09   -0.5159444E+08    0.4498244E+09
 319     -0.455572E+08   -0.1996591E+07    0.3818351E+09
 320     -0.807912E+08    0.6428865E+08    0.3172886E+09
 321     -0.242196E+09    0.1864865E+09    0.1853548E+09
 322     -0.306784E+09    0.3064029E+09    0.6852953E+08
 323     -0.350254E+08    0.4140099E+09    0.1374644E+08
 324      0.160602E+09    0.5218884E+09   -0.4408230E+08
 325      0.292583E+09    0.5858329E+09   -0.6735222E+08
 326      0.391147E+09    0.6481796E+09   -0.8880340E+08
 327      0.449863E+09    0.6454423E+09   -0.8883498E+08
 328      0.492409E+09    0.6414550E+09   -0.8824150E+08
 329      0.498530E+09    0.5671829E+09   -0.9310244E+08
 330      0.480482E+09    0.4902269E+09   -0.9852118E+08
 331      0.406271E+09    0.3610334E+09   -0.1373351E+09
 332      0.263710E+09    0.2285867E+09   -0.1841939E+09
 333      0.102521E+08    0.1158252E+09   -0.2431516E+09
 334     -0.385219E+09    0.1487573E+08   -0.3174280E+09
 335     -0.926690E+09    0.1389974E+07   -0.2012066E+09
 336     -0.153573E+10   -0.1783758E+08   -0.6328298E+08
 337     -0.899713E+09    0.4577358E+08    0.1065844E+09
 338     -0.536131E+09   -0.1562820E+08    0.2928822E+09
 339     -0.222684E+09   -0.4141958E+08    0.4719533E+09
 340      0.284064E+08    0.1203736E+09    0.3386564E+09
 341      0.383550E+08    0.2681117E+09    0.2021375E+09
 342     -0.107761E+09    0.4634853E+09    0.6572087E+08
 343     -0.234193E+09    0.6408708E+09   -0.5463469E+08
 344      0.228677E+08    0.7782533E+09   -0.9356276E+08
 345      0.202019E+09    0.9151815E+09   -0.1354306E+09
 346      0.315551E+09    0.9892635E+09   -0.1286298E+09
 347      0.401420E+09    0.1062465E+10   -0.1201616E+09
 348      0.451220E+09    0.1056634E+10   -0.8368288E+08
 349      0.494703E+09    0.1050717E+10   -0.4644275E+08
 350      0.506868E+09    0.9562218E+09   -0.1572122E+08
 351      0.507315E+09    0.8597296E+09    0.1564702E+08
 352      0.453449E+09    0.6758961E+09   -0.6619252E+07
 353      0.333801E+09    0.4743875E+09   -0.3613126E+08
 354      0.830214E+08    0.2731759E+09   -0.1483500E+09
 355     -0.409521E+09    0.5083409E+08   -0.2755505E+09
 356     -0.106886E+10    0.1901311E+08   -0.1974930E+09
 357     -0.190147E+10    0.2763619E+08   -0.1009174E+09
 358     -0.139365E+10   -0.9199935E+08    0.1370527E+09
 359     -0.648335E+09    0.1904506E+08    0.2362095E+09
 360     -0.500318E+08    0.1125039E+09    0.2691728E+09
 361      0.162881E+09    0.3951805E+09    0.6499462E+08
 362      0.155120E+09    0.7000373E+09   -0.6507537E+08
 363     -0.166064E+08    0.9213290E+09   -0.1432420E+09
 364     -0.192647E+09    0.1134685E+10   -0.2229369E+09
 365      0.358989E+08    0.1275172E+10   -0.2346756E+09
 366      0.184371E+09    0.1420099E+10   -0.2466075E+09
 367      0.270367E+09    0.1494942E+10   -0.2007987E+09
 368      0.336176E+09    0.1569422E+10   -0.1533947E+09
 369      0.374059E+09    0.1560985E+10   -0.7359734E+08
 370      0.412376E+09    0.1553883E+10    0.6513033E+07
 371      0.428168E+09    0.1451230E+10    0.8939518E+08
 372      0.444271E+09    0.1349536E+10    0.1746606E+09
 373      0.420657E+09    0.1126970E+10    0.2166349E+09
 374      0.361383E+09    0.8966329E+09    0.2627550E+09
 375      0.186572E+09    0.5544457E+09    0.1707439E+09
 376     -0.201113E+09    0.2225962E+09    0.5377606E+07
 377     -0.103683E+10    0.6587216E+08   -0.8679568E+08
 378     -0.225963E+10   -0.9605540E+08   -0.1176311E+09
 379     -0.252902E+10    0.2604490E+09    0.5916826E+09
 380     -0.622076E+09    0.2068347E+09    0.2785289E+09
 381      0.208010E+09    0.3874591E+09   -0.1008100E+09
 382      0.304314E+09    0.1045920E+10   -0.2711385E+09
 383      0.281977E+09    0.1460851E+10   -0.3549390E+09
 384      0.652891E+08    0.1635486E+10   -0.3746802E+09
 385     -0.178569E+09    0.1817429E+10   -0.3961906E+09
 386      0.435711E+08    0.1930673E+10   -0.3775851E+09
 387      0.161973E+09    0.2057641E+10   -0.3605196E+09
 388      0.220484E+09    0.2122610E+10   -0.2741595E+09
 389      0.266461E+09    0.2185733E+10   -0.1865215E+09
 390      0.292310E+09    0.2176960E+10   -0.6301813E+08
 391      0.324831E+09    0.2171358E+10    0.6030241E+08
 392      0.342955E+09    0.2082045E+10    0.1973780E+09
 393      0.374148E+09    0.1998855E+10    0.3372156E+09
 394      0.377351E+09    0.1782786E+10    0.4541589E+09
 395      0.390171E+09    0.1572630E+10    0.5793415E+09
 396      0.289386E+09    0.1135037E+10    0.5485214E+09
 397      0.732765E+08    0.4840009E+09    0.4384639E+09
 398     -0.863508E+09    0.2549573E+09   -0.4861218E+08
 399     -0.321275E+10    0.2298636E+09   -0.4771498E+09
 400     -0.224377E+10   -0.4480957E+09   -0.1270675E+09
 401     -0.159378E+09    0.7527197E+09   -0.5645224E+09
 402      0.100267E+09    0.1928354E+10   -0.8504073E+09
 403      0.198755E+09    0.2274509E+10   -0.6270208E+09
 404      0.160946E+09    0.2610050E+10   -0.4731496E+09
 405      0.398318E+08    0.2628548E+10   -0.4255991E+09
 406     -0.127376E+09    0.2671004E+10   -0.4274476E+09
 407      0.205829E+08    0.2729640E+10   -0.4447606E+09
 408      0.791370E+08    0.2800993E+10   -0.4217052E+09
 409      0.110623E+09    0.2838333E+10   -0.3077405E+09
 410      0.133667E+09    0.2872667E+10   -0.1993141E+09
 411      0.146993E+09    0.2865808E+10   -0.5475707E+08
 412      0.163809E+09    0.2861466E+10    0.8887915E+08
 413      0.173844E+09    0.2807686E+10    0.2565277E+09
 414      0.190943E+09    0.2759137E+10    0.4253738E+09
 415      0.197001E+09    0.2620163E+10    0.6078541E+09
 416      0.205260E+09    0.2494573E+10    0.7991792E+09
 417      0.183078E+09    0.2130347E+10    0.9378395E+09
 418      0.289691E+08    0.1768432E+10    0.1160443E+10
 419     -0.265402E+09    0.7009489E+09    0.7448364E+09
 420     -0.256442E+10   -0.3898311E+09    0.2038374E+09
 421     -0.131914E+10    0.4229361E+10   -0.1041674E+10
 422      0.145636E+09    0.4398614E+10   -0.1398118E+10
 423     -0.398242E+08    0.4517323E+10   -0.1434909E+10
 424      0.619750E+08    0.4330158E+10   -0.9067476E+09
 425      0.237365E+08    0.4219518E+10   -0.5426970E+09
 426      0.134885E+08    0.3918880E+10   -0.4368931E+09
 427     -0.517853E+08    0.3641269E+10   -0.4408472E+09
 428      0.539911E+06    0.3632611E+10   -0.5027052E+09
 429     -0.296522E+05    0.3627498E+10   -0.4754730E+09
 430      0.457752E+07    0.3618420E+10   -0.3368083E+09
 431      0.507018E+07    0.3612893E+10   -0.2103506E+09
 432      0.617617E+07    0.3609553E+10   -0.4680278E+08
 433      0.746703E+07    0.3607784E+10    0.1151425E+09
 434      0.962515E+07    0.3608637E+10    0.3096835E+09
 435      0.116299E+08    0.3612190E+10    0.5048354E+09
 436      0.196617E+08    0.3619097E+10    0.7426005E+09
 437      0.154448E+08    0.3637553E+10    0.9929842E+09
 438      0.587203E+08    0.3652670E+10    0.1276920E+10
 439     -0.388538E+08    0.3749563E+10    0.1749695E+10
 440      0.190395E+09    0.3722402E+10    0.1586161E+10
 441     -0.129989E+10    0.3623385E+10    0.1162870E+10
