   1      0.980375E+09   -0.4716537E+07    0.4017231E+06
   2      0.870046E+09    0.1020365E+08   -0.2790930E+07
   3      0.665293E+09    0.2894576E+08   -0.5689445E+07
   4      0.382696E+09    0.4684492E+08   -0.4616879E+07
   5      0.407476E+08    0.6520412E+08   -0.5217853E+07
   6     -0.340875E+09    0.5066313E+08   -0.2207729E+07
   7     -0.702629E+09    0.2002163E+08    0.8376071E+07
   8     -0.818996E+09   -0.6754550E+08    0.8635796E+07
   9     -0.647681E+09   -0.1390822E+09    0.1573092E+07
  10     -0.500291E+09   -0.1520524E+09    0.2981668E+06
  11     -0.375564E+09   -0.1688329E+09    0.1750835E+06
  12     -0.262649E+09   -0.1650480E+09    0.1162861E+06
  13     -0.165602E+09   -0.1611258E+09    0.9201126E+05
  14     -0.770469E+08   -0.1419258E+09    0.9997999E+05
  15      0.185994E+07   -0.1224777E+09    0.1088038E+06
  16      0.775617E+08   -0.9528803E+08    0.1342935E+06
  17      0.152705E+09   -0.6785850E+08    0.1422331E+06
  18      0.232071E+09   -0.4321731E+08    0.2401778E+06
  19      0.321727E+09   -0.1850072E+08    0.4102347E+05
  20      0.423587E+09   -0.6851354E+07    0.2211755E+05
  21      0.556265E+09    0.3700336E+07    0.3291041E+06
  22      0.994752E+09   -0.2304586E+06   -0.3209942E+07
  23      0.875016E+09    0.4902107E+07   -0.8453569E+07
  24      0.664182E+09    0.1141345E+08   -0.1353938E+08
  25      0.374963E+09    0.1407784E+08   -0.5605290E+07
  26      0.265025E+08    0.1765253E+08    0.8841212E+06
  27     -0.364158E+09   -0.7999894E+07    0.2483324E+08
  28     -0.752071E+09   -0.4120600E+08    0.6203979E+08
  29     -0.790993E+09   -0.9084462E+08    0.5470705E+08
  30     -0.631516E+09   -0.1355385E+09    0.3240088E+08
  31     -0.488594E+09   -0.1532532E+09    0.1733891E+08
  32     -0.365223E+09   -0.1701502E+09    0.5465227E+07
  33     -0.253625E+09   -0.1661242E+09   -0.3447272E+07
  34     -0.157882E+09   -0.1621591E+09   -0.1258182E+08
  35     -0.710020E+08   -0.1429632E+09   -0.1869110E+08
  36      0.583779E+07   -0.1235384E+09   -0.2481438E+08
  37      0.790981E+08   -0.9636866E+08   -0.2643787E+08
  38      0.151500E+09   -0.6904756E+08   -0.2799900E+08
  39      0.227890E+09   -0.4411055E+08   -0.2391862E+08
  40      0.315000E+09   -0.1935461E+08   -0.1985239E+08
  41      0.414500E+09   -0.7927700E+07   -0.1066359E+08
  42      0.542811E+09    0.2758077E+07   -0.1428836E+07
  43      0.101346E+10    0.8974923E+06   -0.7170965E+07
  44      0.881095E+09    0.6206677E+06   -0.1408739E+08
  45      0.663772E+09    0.8965538E+06   -0.2025546E+08
  46      0.367471E+09   -0.1351017E+08   -0.5055411E+07
  47      0.119341E+08   -0.2744043E+08    0.7698811E+07
  48     -0.389844E+09   -0.5660533E+08    0.5171326E+08
  49     -0.813491E+09   -0.8990161E+08    0.1137362E+09
  50     -0.758916E+09   -0.1215566E+09    0.9882078E+08
  51     -0.613777E+09   -0.1508227E+09    0.6286419E+08
  52     -0.476238E+09   -0.1652670E+09    0.3438508E+08
  53     -0.354658E+09   -0.1791417E+09    0.1090087E+08
  54     -0.244523E+09   -0.1746055E+09   -0.6956949E+07
  55     -0.150179E+09   -0.1696229E+09   -0.2520359E+08
  56     -0.650067E+08   -0.1494578E+09   -0.3742667E+08
  57      0.974043E+07   -0.1289907E+09   -0.4967391E+08
  58      0.805653E+08   -0.1004547E+09   -0.5292976E+08
  59      0.150223E+09   -0.7167581E+08   -0.5606264E+08
  60      0.223729E+09   -0.4518391E+08   -0.4800158E+08
  61      0.308252E+09   -0.1839356E+08   -0.3978847E+08
  62      0.405778E+09   -0.6549527E+07   -0.2115931E+08
  63      0.529157E+09    0.3985479E+07   -0.2623585E+07
  64      0.103332E+10    0.1846730E+07   -0.6032935E+07
  65      0.882342E+09   -0.6266446E+07   -0.6279551E+07
  66      0.652293E+09   -0.1380956E+08   -0.6023338E+07
  67      0.345288E+09   -0.3394818E+08    0.1732883E+08
  68     -0.226547E+08   -0.5651546E+08    0.4187326E+08
  69     -0.443716E+09   -0.9830253E+08    0.9013517E+08
  70     -0.842387E+09   -0.1382805E+09    0.1396011E+09
  71     -0.719494E+09   -0.1517058E+09    0.1123199E+09
  72     -0.578971E+09   -0.1664890E+09    0.7947701E+08
  73     -0.444556E+09   -0.1787785E+09    0.4556820E+08
  74     -0.325232E+09   -0.1899485E+09    0.1420124E+08
  75     -0.217858E+09   -0.1844409E+09   -0.1252940E+08
  76     -0.127081E+09   -0.1784303E+09   -0.3943861E+08
  77     -0.466954E+08   -0.1574249E+09   -0.5804630E+08
  78      0.219349E+08   -0.1360811E+09   -0.7665006E+08
  79      0.854655E+08   -0.1064363E+09   -0.8188537E+08
  80      0.146760E+09   -0.7653769E+08   -0.8695424E+08
  81      0.211375E+09   -0.4882232E+08   -0.7480870E+08
  82      0.286898E+09   -0.2111147E+08   -0.6239326E+08
  83      0.376408E+09   -0.8358085E+07   -0.3271711E+08
  84      0.491279E+09    0.3397314E+07   -0.3176094E+07
  85      0.104925E+10    0.4448012E+07   -0.5015574E+07
  86      0.883760E+09   -0.6957246E+07    0.1810073E+07
  87      0.641230E+09   -0.1997407E+08    0.8016388E+07
  88      0.322289E+09   -0.4921497E+08    0.3825723E+08
  89     -0.590442E+08   -0.7706055E+08    0.7443672E+08
  90     -0.497292E+09   -0.1102022E+09    0.1284198E+09
  91     -0.852151E+09   -0.1447886E+09    0.1681138E+09
  92     -0.685957E+09   -0.1668665E+09    0.1278370E+09
  93     -0.546040E+09   -0.1877111E+09    0.9587663E+08
  94     -0.413411E+09   -0.1969580E+09    0.5646859E+08
  95     -0.295973E+09   -0.2062554E+09    0.1730610E+08
  96     -0.191238E+09   -0.1995145E+09   -0.1822865E+08
  97     -0.104013E+09   -0.1921891E+09   -0.5378434E+08
  98     -0.284217E+08   -0.1696530E+09   -0.7878820E+08
  99      0.340739E+08   -0.1467202E+09   -0.1037571E+09
 100      0.902995E+08   -0.1148732E+09   -0.1109614E+09
 101      0.143266E+09   -0.8264785E+08   -0.1179472E+09
 102      0.198978E+09   -0.5240403E+08   -0.1016546E+09
 103      0.265738E+09   -0.2178430E+08   -0.8495336E+08
 104      0.346893E+09   -0.7930813E+07   -0.4430836E+08
 105      0.454440E+09    0.4428638E+07   -0.3867122E+07
 106      0.103924E+10    0.4297805E+07   -0.4983852E+07
 107      0.863778E+09   -0.9533416E+07    0.1605638E+08
 108      0.614842E+09   -0.2464647E+08    0.3719010E+08
 109      0.287037E+09   -0.6020194E+08    0.7250812E+08
 110     -0.103982E+09   -0.9669807E+08    0.1122405E+09
 111     -0.551555E+09   -0.1307000E+09    0.1600041E+09
 112     -0.813585E+09   -0.1624784E+09    0.1950290E+09
 113     -0.650542E+09   -0.1833063E+09    0.1491618E+09
 114     -0.503060E+09   -0.2048001E+09    0.1108594E+09
 115     -0.367333E+09   -0.2131482E+09    0.6429136E+08
 116     -0.249964E+09   -0.2212454E+09    0.1772889E+08
 117     -0.147738E+09   -0.2132670E+09   -0.2631275E+08
 118     -0.654409E+08   -0.2048712E+09   -0.7032178E+08
 119      0.280731E+07   -0.1812822E+09   -0.1021145E+09
 120      0.554543E+08   -0.1572908E+09   -0.1338717E+09
 121      0.995418E+08   -0.1239531E+09   -0.1437072E+09
 122      0.138169E+09   -0.9019357E+08   -0.1533163E+09
 123      0.178071E+09   -0.5803356E+08   -0.1328413E+09
 124      0.228382E+09   -0.2573676E+08   -0.1117664E+09
 125      0.293504E+09   -0.1025686E+08   -0.5842311E+08
 126      0.388418E+09    0.3959733E+07   -0.5313270E+07
 127      0.103050E+10    0.5981934E+07   -0.4512765E+07
 128      0.842859E+09   -0.1126831E+08    0.3025773E+08
 129      0.587844E+09   -0.3078412E+08    0.6574324E+08
 130      0.252504E+09   -0.7181298E+08    0.1068696E+09
 131     -0.146555E+09   -0.1126937E+09    0.1507656E+09
 132     -0.604810E+09   -0.1471555E+09    0.1916841E+09
 133     -0.782359E+09   -0.1796303E+09    0.2214735E+09
 134     -0.613051E+09   -0.2007223E+09    0.1706210E+09
 135     -0.459850E+09   -0.2223881E+09    0.1266372E+09
 136     -0.321353E+09   -0.2300560E+09    0.7244434E+08
 137     -0.203934E+09   -0.2374344E+09    0.1814227E+08
 138     -0.104169E+09   -0.2283763E+09   -0.3445662E+08
 139     -0.267892E+08   -0.2190170E+09   -0.8701464E+08
 140      0.340849E+08   -0.1943016E+09   -0.1256405E+09
 141      0.768190E+08   -0.1691931E+09   -0.1642316E+09
 142      0.108706E+09   -0.1338796E+09   -0.1766937E+09
 143      0.132934E+09   -0.9800169E+08   -0.1889085E+09
 144      0.157030E+09   -0.6283118E+08   -0.1641947E+09
 145      0.190883E+09   -0.2689554E+08   -0.1387345E+09
 146      0.240312E+09   -0.9790680E+07   -0.7255562E+08
 147      0.322342E+09    0.5348842E+07   -0.6610019E+07
 148      0.980146E+09    0.4728260E+07   -0.1990497E+07
 149      0.792350E+09   -0.1386700E+08    0.4920867E+08
 150      0.536676E+09   -0.3380689E+08    0.1016512E+09
 151      0.206529E+09   -0.7700858E+08    0.1492091E+09
 152     -0.182981E+09   -0.1222508E+09    0.1983298E+09
 153     -0.637396E+09   -0.1612676E+09    0.2267756E+09
 154     -0.745634E+09   -0.1961581E+09    0.2458267E+09
 155     -0.564180E+09   -0.2146881E+09    0.1906216E+09
 156     -0.403021E+09   -0.2347721E+09    0.1408859E+09
 157     -0.259980E+09   -0.2410929E+09    0.7855665E+08
 158     -0.141524E+09   -0.2470389E+09    0.1633455E+08
 159     -0.443059E+08   -0.2372251E+09   -0.4421545E+08
 160      0.273439E+08   -0.2272207E+09   -0.1047324E+09
 161      0.789253E+08   -0.2024904E+09   -0.1502503E+09
 162      0.108804E+09   -0.1774078E+09   -0.1958233E+09
 163      0.124077E+09   -0.1417229E+09   -0.2120433E+09
 164      0.127759E+09   -0.1053789E+09   -0.2281089E+09
 165      0.128108E+09   -0.6866240E+08   -0.2000166E+09
 166      0.135921E+09   -0.3134891E+08   -0.1710771E+09
 167      0.158776E+09   -0.1237177E+08   -0.8973958E+08
 168      0.218478E+09    0.4822274E+07   -0.8432924E+07
 169      0.929515E+09    0.9732223E+07   -0.1766719E+07
 170      0.742093E+09   -0.1144758E+08    0.6793656E+08
 171      0.485266E+09   -0.3737563E+08    0.1391226E+09
 172      0.160232E+09   -0.8953903E+08    0.1919196E+09
 173     -0.220505E+09   -0.1396295E+09    0.2461689E+09
 174     -0.668918E+09   -0.1763376E+09    0.2624841E+09
 175     -0.709448E+09   -0.2093104E+09    0.2703370E+09
 176     -0.515494E+09   -0.2252105E+09    0.2108633E+09
 177     -0.345866E+09   -0.2429530E+09    0.1553924E+09
 178     -0.198199E+09   -0.2470307E+09    0.8485192E+08
 179     -0.786875E+08   -0.2507681E+09    0.1463169E+08
 180      0.159741E+08   -0.2403807E+09   -0.5403476E+08
 181      0.818389E+08   -0.2299822E+09   -0.1226576E+09
 182      0.124037E+09   -0.2062611E+09   -0.1751740E+09
 183      0.140900E+09   -0.1822831E+09   -0.2278339E+09
 184      0.139407E+09   -0.1471232E+09   -0.2478312E+09
 185      0.122373E+09   -0.1111534E+09   -0.2677590E+09
 186      0.989072E+08   -0.7252845E+08   -0.2362279E+09
 187      0.805961E+08   -0.3244175E+08   -0.2036354E+09
 188      0.771279E+08   -0.1187816E+08   -0.1069409E+09
 189      0.114852E+09    0.6116620E+07   -0.1020142E+08
 190      0.834713E+09    0.5528315E+07    0.3091920E+05
 191      0.650074E+09   -0.1824351E+08    0.9139765E+08
 192      0.410095E+09   -0.4425561E+08    0.1845010E+09
 193      0.106651E+09   -0.9322618E+08    0.2398731E+09
 194     -0.249706E+09   -0.1430219E+09    0.2952714E+09
 195     -0.669145E+09   -0.1796634E+09    0.2960651E+09
 196     -0.664719E+09   -0.2127055E+09    0.2901853E+09
 197     -0.454572E+09   -0.2252659E+09    0.2246468E+09
 198     -0.274860E+09   -0.2386138E+09    0.1622777E+09
 199     -0.122622E+09   -0.2387659E+09    0.8562000E+08
 200     -0.217054E+07   -0.2390068E+09    0.9455976E+07
 201      0.892987E+08   -0.2284375E+09   -0.6428388E+08
 202      0.149390E+09   -0.2181056E+09   -0.1379798E+09
 203      0.181617E+09   -0.1974840E+09   -0.1959739E+09
 204      0.184582E+09   -0.1767305E+09   -0.2543426E+09
 205      0.163688E+09   -0.1452317E+09   -0.2796216E+09
 206      0.120852E+09   -0.1127620E+09   -0.3051503E+09
 207      0.653419E+08   -0.7550795E+08   -0.2730367E+09
 208      0.854044E+07   -0.3676468E+08   -0.2399553E+09
 209     -0.369264E+08   -0.1444650E+08   -0.1268588E+09
 210     -0.366598E+08    0.5386837E+07   -0.1307598E+08
 211      0.739388E+09    0.1010379E+08    0.2553854E+07
 212      0.558476E+09   -0.1533887E+08    0.1147667E+09
 213      0.334522E+09   -0.4573600E+08    0.2293266E+09
 214      0.521102E+08   -0.1031785E+09    0.2888893E+09
 215     -0.278547E+09   -0.1594877E+09    0.3465181E+09
 216     -0.669732E+09   -0.1897702E+09    0.3302474E+09
 217     -0.619876E+09   -0.2134966E+09    0.3097541E+09
 218     -0.393237E+09   -0.2145345E+09    0.2388270E+09
 219     -0.203275E+09   -0.2186059E+09    0.1696465E+09
 220     -0.462755E+08   -0.2131849E+09    0.8661933E+08
 221      0.751574E+08   -0.2077547E+09    0.4367413E+07
 222      0.163460E+09   -0.1974714E+09   -0.7460539E+08
 223      0.217702E+09   -0.1877837E+09   -0.1535295E+09
 224      0.239858E+09   -0.1731298E+09   -0.2171927E+09
 225      0.228632E+09   -0.1586509E+09   -0.2814541E+09
 226      0.188082E+09   -0.1343658E+09   -0.3121236E+09
 227      0.119013E+09   -0.1090289E+09   -0.3433412E+09
 228      0.311886E+08   -0.7439895E+08   -0.3105052E+09
 229     -0.640335E+08   -0.3715905E+08   -0.2767550E+09
 230     -0.151724E+09   -0.1383532E+08   -0.1470149E+09
 231     -0.187598E+09    0.6370787E+07   -0.1602873E+08
 232      0.582886E+09    0.6825291E+07    0.5824014E+07
 233      0.421011E+09   -0.2127769E+08    0.1423191E+09
 234      0.234180E+09   -0.5396264E+08    0.2814053E+09
 235     -0.725104E+04   -0.1037246E+09    0.3359588E+09
 236     -0.285505E+09   -0.1511380E+09    0.3868390E+09
 237     -0.630095E+09   -0.1716209E+09    0.3490149E+09
 238     -0.561807E+09   -0.1885085E+09    0.3089686E+09
 239     -0.319574E+09   -0.1801980E+09    0.2328246E+09
 240     -0.122126E+09   -0.1725290E+09    0.1577898E+09
 241      0.358040E+08   -0.1588546E+09    0.7483489E+08
 242      0.156231E+09   -0.1459771E+09   -0.7009806E+07
 243      0.240119E+09   -0.1366920E+09   -0.8317291E+08
 244      0.290038E+09   -0.1283813E+09   -0.1592828E+09
 245      0.304280E+09   -0.1230579E+09   -0.2232173E+09
 246      0.282580E+09   -0.1181964E+09   -0.2881566E+09
 247      0.224401E+09   -0.1065551E+09   -0.3253336E+09
 248      0.128436E+09   -0.9369413E+08   -0.3639013E+09
 249      0.193880E+07   -0.6765303E+08   -0.3372547E+09
 250     -0.146240E+09   -0.3861874E+08   -0.3101353E+09
 251     -0.296949E+09   -0.1558755E+08   -0.1673223E+09
 252     -0.400793E+09    0.4261101E+07   -0.2182822E+08
 253      0.428846E+09    0.1110887E+08    0.1025536E+08
 254      0.282638E+09   -0.2263338E+08    0.1709433E+09
 255      0.132130E+09   -0.6223441E+08    0.3340017E+09
 256     -0.524763E+08   -0.1095347E+09    0.3833480E+09
 257     -0.295050E+09   -0.1524465E+09    0.4278501E+09
 258     -0.590306E+09   -0.1528766E+09    0.3692220E+09
 259     -0.502784E+09   -0.1481370E+09    0.3099818E+09
 260     -0.244731E+09   -0.1178726E+09    0.2275347E+09
 261     -0.399147E+08   -0.9009841E+08    0.1459854E+09
 262      0.118965E+09   -0.6529130E+08    0.6316235E+08
 263      0.238347E+09   -0.4157024E+08   -0.1833861E+08
 264      0.317854E+09   -0.3416631E+08   -0.9169805E+08
 265      0.363493E+09   -0.2822463E+08   -0.1649920E+09
 266      0.369930E+09   -0.3739300E+08   -0.2294759E+09
 267      0.337408E+09   -0.4785794E+08   -0.2953098E+09
 268      0.261528E+09   -0.5682229E+08   -0.3395394E+09
 269      0.137273E+09   -0.6517670E+08   -0.3858802E+09
 270     -0.282086E+08   -0.5278102E+08   -0.3653335E+09
 271     -0.230416E+09   -0.3567411E+08   -0.3448724E+09
 272     -0.443101E+09   -0.1330239E+08   -0.1882703E+09
 273     -0.615453E+09    0.5938205E+07   -0.2765474E+08
 274      0.187335E+09    0.4488335E+07    0.2113604E+08
 275      0.983654E+08   -0.2687125E+08    0.2029270E+09
 276      0.277759E+08   -0.6531491E+08    0.3843219E+09
 277     -0.802376E+08   -0.9874946E+08    0.4109991E+09
 278     -0.254953E+09   -0.1266086E+09    0.4308706E+09
 279     -0.503451E+09   -0.9870406E+08    0.3423417E+09
 280     -0.426880E+09   -0.6522891E+08    0.2590988E+09
 281     -0.165007E+09   -0.1047709E+08    0.1789243E+09
 282      0.375537E+08    0.4196805E+08    0.9870073E+08
 283      0.188733E+09    0.7934507E+08    0.2903171E+08
 284      0.302525E+09    0.1153031E+09   -0.3907683E+08
 285      0.375750E+09    0.1197582E+09   -0.9497786E+08
 286      0.420059E+09    0.1225602E+09   -0.1506806E+09
 287      0.424525E+09    0.9491836E+08   -0.2030307E+09
 288      0.392400E+09    0.6560572E+08   -0.2570186E+09
 289      0.309944E+09    0.2765876E+08   -0.3052614E+09
 290      0.169676E+09   -0.9723679E+07   -0.3575764E+09
 291     -0.333461E+08   -0.2168029E+08   -0.3571039E+09
 292     -0.300562E+09   -0.2726495E+08   -0.3588351E+09
 293     -0.607051E+09   -0.1153822E+08   -0.2013951E+09
 294     -0.897018E+09   -0.1747698E+06   -0.3625421E+08
 295     -0.540875E+08    0.1696517E+08    0.3198199E+08
 296     -0.874043E+08   -0.2553015E+08    0.2361734E+09
 297     -0.854484E+08   -0.7275187E+08    0.4409219E+09
 298     -0.107871E+09   -0.8110254E+08    0.4429356E+09
 299     -0.214409E+09   -0.7763584E+08    0.4347781E+09
 300     -0.413445E+09   -0.2413458E+07    0.3168172E+09
 301     -0.349332E+09    0.7192959E+08    0.2077175E+09
 302     -0.836148E+08    0.1598959E+09    0.1293702E+09
 303      0.115906E+09    0.2440981E+09    0.5030768E+08
 304      0.259029E+09    0.2964567E+09   -0.5609049E+07
 305      0.367087E+09    0.3471139E+09   -0.5990139E+08
 306      0.434052E+09    0.3478538E+09   -0.9783022E+08
 307      0.477416E+09    0.3468754E+09   -0.1354068E+09
 308      0.480568E+09    0.2955586E+09   -0.1755130E+09
 309      0.449280E+09    0.2410318E+09   -0.2172868E+09
 310      0.361654E+09    0.1614484E+09   -0.2712767E+09
 311      0.201855E+09    0.7809735E+08   -0.3304454E+09
 312     -0.371997E+08    0.2732897E+08   -0.3521064E+09
 313     -0.378302E+09   -0.1782769E+08   -0.3768242E+09
 314     -0.774209E+09   -0.7091906E+07   -0.2161883E+09
 315     -0.118082E+10    0.5902483E+07   -0.4651199E+08
 316     -0.411648E+09   -0.9720927E+07    0.5536091E+08
 317     -0.299826E+09   -0.2998853E+08    0.2625325E+09
 318     -0.139282E+09   -0.6303309E+08    0.4560199E+09
 319     -0.623707E+08   -0.2108100E+08    0.3953225E+09
 320     -0.101806E+09    0.3628462E+08    0.3356577E+09
 321     -0.279334E+09    0.1631413E+09    0.1983415E+09
 322     -0.272517E+09    0.2932285E+09    0.7566460E+08
 323     -0.228870E+08    0.4128334E+09    0.1850877E+08
 324      0.160491E+09    0.5285169E+09   -0.4128512E+08
 325      0.285495E+09    0.5929012E+09   -0.6654245E+08
 326      0.381392E+09    0.6562495E+09   -0.9023519E+08
 327      0.439590E+09    0.6526183E+09   -0.9262390E+08
 328      0.483206E+09    0.6478876E+09   -0.9437445E+08
 329      0.491276E+09    0.5725795E+09   -0.1007239E+09
 330      0.475782E+09    0.4946104E+09   -0.1075948E+09
 331      0.404441E+09    0.3646399E+09   -0.1465238E+09
 332      0.264854E+09    0.2314995E+09   -0.1934656E+09
 333      0.144738E+08    0.1183911E+09   -0.2506733E+09
 334     -0.377609E+09    0.1710369E+08   -0.3231235E+09
 335     -0.914553E+09    0.2471339E+07   -0.2040706E+09
 336     -0.152155E+10   -0.1795381E+08   -0.6329422E+08
 337     -0.799165E+09    0.4804226E+08    0.1032719E+09
 338     -0.514723E+09   -0.2108291E+08    0.2990757E+09
 339     -0.231296E+09   -0.5606487E+08    0.4884967E+09
 340      0.583454E+07    0.1009558E+09    0.3593288E+09
 341      0.189229E+08    0.2454573E+09    0.2254626E+09
 342     -0.136321E+09    0.4501216E+09    0.7062715E+08
 343     -0.199036E+09    0.6385742E+09   -0.6513376E+08
 344      0.368932E+08    0.7832539E+09   -0.9668795E+08
 345      0.203588E+09    0.9249929E+09   -0.1352014E+09
 346      0.310122E+09    0.9981847E+09   -0.1288046E+09
 347      0.393902E+09    0.1071030E+10   -0.1207696E+09
 348      0.443221E+09    0.1063922E+10   -0.8655656E+08
 349      0.487430E+09    0.1056913E+10   -0.5138334E+08
 350      0.501092E+09    0.9612887E+09   -0.2218753E+08
 351      0.503491E+09    0.8636313E+09    0.7695905E+07
 352      0.451820E+09    0.6789770E+09   -0.1496080E+08
 353      0.334293E+09    0.4766163E+09   -0.4492337E+08
 354      0.854800E+08    0.2756617E+09   -0.1556412E+09
 355     -0.404824E+09    0.5372748E+08   -0.2805823E+09
 356     -0.105844E+10    0.2118169E+08   -0.1990588E+09
 357     -0.189345E+10    0.2902206E+08   -0.9949814E+08
 358     -0.130738E+10   -0.9252399E+08    0.1381161E+09
 359     -0.637625E+09    0.1343838E+08    0.2478889E+09
 360     -0.600594E+08    0.1013807E+09    0.2892857E+09
 361      0.140745E+09    0.3871137E+09    0.8320730E+08
 362      0.138593E+09    0.6959884E+09   -0.4707070E+08
 363     -0.192705E+08    0.9220645E+09   -0.1428883E+09
 364     -0.165489E+09    0.1140289E+10   -0.2390102E+09
 365      0.415386E+08    0.1284209E+10   -0.2408834E+09
 366      0.181432E+09    0.1431582E+10   -0.2447832E+09
 367      0.265425E+09    0.1504118E+10   -0.1991262E+09
 368      0.330327E+09    0.1576886E+10   -0.1525713E+09
 369      0.368041E+09    0.1567427E+10   -0.7513428E+08
 370      0.406983E+09    0.1559190E+10    0.2910033E+07
 371      0.423930E+09    0.1455385E+10    0.8423281E+08
 372      0.441570E+09    0.1352531E+10    0.1679950E+09
 373      0.419673E+09    0.1128938E+10    0.2094157E+09
 374      0.362097E+09    0.8974654E+09    0.2549483E+09
 375      0.188632E+09    0.5552125E+09    0.1634563E+09
 376     -0.198508E+09    0.2242318E+09   -0.8360110E+06
 377     -0.103257E+10    0.6712979E+08   -0.8759786E+08
 378     -0.224284E+10   -0.9595001E+08   -0.1131646E+09
 379     -0.246320E+10    0.2582766E+09    0.5989503E+09
 380     -0.621162E+09    0.2055768E+09    0.2947214E+09
 381      0.197866E+09    0.3871464E+09   -0.7933695E+08
 382      0.282496E+09    0.1053002E+10   -0.2558969E+09
 383      0.265717E+09    0.1478589E+10   -0.3396424E+09
 384      0.885915E+08    0.1652926E+10   -0.3726097E+09
 385     -0.139812E+09    0.1830327E+10   -0.4215529E+09
 386      0.308952E+08    0.1943151E+10   -0.3915574E+09
 387      0.155592E+09    0.2068915E+10   -0.3536100E+09
 388      0.216923E+09    0.2129697E+10   -0.2700941E+09
 389      0.262198E+09    0.2190943E+10   -0.1847224E+09
 390      0.288369E+09    0.2181831E+10   -0.6316515E+08
 391      0.321306E+09    0.2175197E+10    0.5804896E+08
 392      0.340270E+09    0.2084902E+10    0.1935899E+09
 393      0.372588E+09    0.2000665E+10    0.3319343E+09
 394      0.377071E+09    0.1783390E+10    0.4482510E+09
 395      0.391291E+09    0.1571794E+10    0.5729539E+09
 396      0.291633E+09    0.1132865E+10    0.5415996E+09
 397      0.756666E+08    0.4793719E+09    0.4306867E+09
 398     -0.869271E+09    0.2551432E+09   -0.4916112E+08
 399     -0.317884E+10    0.2364039E+09   -0.4690306E+09
 400     -0.221476E+10   -0.4489673E+09   -0.1205827E+09
 401     -0.158882E+09    0.7562545E+09   -0.5534359E+09
 402      0.935583E+08    0.1937280E+10   -0.8373693E+09
 403      0.186997E+09    0.2299032E+10   -0.6248909E+09
 404      0.149398E+09    0.2655307E+10   -0.4827233E+09
 405      0.559278E+08    0.2687167E+10   -0.4293969E+09
 406     -0.845966E+08    0.2729073E+10   -0.4203214E+09
 407      0.142711E+07    0.2751639E+10   -0.4346677E+09
 408      0.772413E+08    0.2799821E+10   -0.4137964E+09
 409      0.108809E+09    0.2841583E+10   -0.3031622E+09
 410      0.131800E+09    0.2876241E+10   -0.1967354E+09
 411      0.145042E+09    0.2868491E+10   -0.5408846E+08
 412      0.162105E+09    0.2863633E+10    0.8751724E+08
 413      0.172589E+09    0.2809073E+10    0.2537350E+09
 414      0.190310E+09    0.2759807E+10    0.4211708E+09
 415      0.197106E+09    0.2619692E+10    0.6033767E+09
 416      0.206260E+09    0.2493254E+10    0.7945273E+09
 417      0.184927E+09    0.2126047E+10    0.9340904E+09
 418      0.317990E+08    0.1760354E+10    0.1157131E+10
 419     -0.271816E+09    0.6924872E+09    0.7410759E+09
 420     -0.253733E+10   -0.3979242E+09    0.2018373E+09
 421     -0.132305E+10    0.4232813E+10   -0.1036048E+10
 422      0.145405E+09    0.4407114E+10   -0.1391458E+10
 423     -0.428133E+08    0.4524318E+10   -0.1429183E+10
 424      0.605224E+08    0.4341383E+10   -0.9186346E+09
 425      0.194631E+08    0.4247908E+10   -0.5809167E+09
 426      0.192112E+08    0.4008836E+10   -0.4517775E+09
 427     -0.216649E+08    0.3759127E+10   -0.3951707E+09
 428     -0.154199E+08    0.3652878E+10   -0.4630283E+09
 429      0.166532E+07    0.3605140E+10   -0.4700008E+09
 430      0.408508E+07    0.3619890E+10   -0.3321677E+09
 431      0.573782E+07    0.3613481E+10   -0.2066835E+09
 432      0.613966E+07    0.3610164E+10   -0.4537461E+08
 433      0.760766E+07    0.3608046E+10    0.1146874E+09
 434      0.976480E+07    0.3608592E+10    0.3078685E+09
 435      0.118985E+08    0.3611795E+10    0.5016938E+09
 436      0.200579E+08    0.3618293E+10    0.7395357E+09
 437      0.162075E+08    0.3636302E+10    0.9899099E+09
 438      0.596832E+08    0.3651001E+10    0.1276486E+10
 439     -0.367263E+08    0.3737667E+10    0.1751591E+10
 440      0.186268E+09    0.3727126E+10    0.1579929E+10
 441     -0.128773E+10    0.3656126E+10    0.1150041E+10
