   1     -0.119104E+09    0.9202685E+07    0.4737947E+07
   2     -0.142939E+09   -0.3887756E+08    0.5645372E+07
   3     -0.911771E+08   -0.8984783E+08    0.5388107E+07
   4     -0.219818E+08   -0.1647890E+09    0.4983389E+07
   5      0.503048E+08   -0.2380574E+09    0.5211573E+07
   6      0.114723E+09   -0.3141892E+09    0.4880846E+07
   7      0.165854E+09   -0.3913537E+09    0.5524432E+07
   8      0.201707E+09   -0.4547776E+09    0.4102964E+07
   9      0.203116E+09   -0.5160901E+09    0.2644625E+07
  10      0.184845E+09   -0.5436707E+09    0.8537533E+06
  11      0.132418E+09   -0.5705255E+09   -0.9315460E+06
  12      0.633436E+08   -0.5632481E+09   -0.6517101E+06
  13     -0.379209E+08   -0.5564547E+09   -0.1669742E+07
  14     -0.128132E+09   -0.5067931E+09   -0.3634923E+07
  15     -0.216235E+09   -0.4578408E+09   -0.3785141E+07
  16     -0.281558E+09   -0.3703944E+09   -0.7102783E+07
  17     -0.297778E+09   -0.2735575E+09   -0.1328738E+08
  18     -0.228744E+09   -0.1643094E+09   -0.8403505E+07
  19     -0.332978E+08   -0.6185983E+08   -0.1862675E+07
  20      0.197984E+09   -0.2363251E+08   -0.5450850E+06
  21      0.544188E+09    0.1278371E+08    0.1084536E+07
  22     -0.179633E+09    0.7747802E+07    0.1009478E+08
  23     -0.164781E+09   -0.2040166E+08    0.3475104E+08
  24     -0.102516E+09   -0.5148991E+08    0.5704928E+08
  25     -0.291090E+08   -0.1107961E+09    0.6155201E+08
  26      0.499765E+08   -0.1687847E+09    0.6792781E+08
  27      0.117719E+09   -0.2296287E+09    0.6439841E+08
  28      0.172376E+09   -0.2889136E+09    0.6121521E+08
  29      0.211187E+09   -0.3360441E+09    0.5166081E+08
  30      0.215470E+09   -0.3840618E+09    0.4212417E+08
  31      0.200673E+09   -0.4114772E+09    0.2658670E+08
  32      0.147873E+09   -0.4382660E+09    0.1144980E+08
  33      0.806431E+08   -0.4338583E+09   -0.5664497E+07
  34     -0.162706E+08   -0.4285926E+09   -0.2442451E+08
  35     -0.111420E+09   -0.3894590E+09   -0.4255253E+08
  36     -0.202721E+09   -0.3492301E+09   -0.5882891E+08
  37     -0.268220E+09   -0.2849097E+09   -0.7139807E+08
  38     -0.288070E+09   -0.2210152E+09   -0.8717933E+08
  39     -0.235647E+09   -0.1472087E+09   -0.8209074E+08
  40     -0.632883E+08   -0.6905254E+08   -0.7193364E+08
  41      0.166342E+09   -0.2686700E+08   -0.3672405E+08
  42      0.497625E+09    0.9893055E+07   -0.4106718E+07
  43     -0.246409E+09    0.6646963E+07    0.1374365E+08
  44     -0.187754E+09   -0.1063278E+08    0.6249703E+08
  45     -0.114139E+09   -0.3075050E+08    0.1082976E+09
  46     -0.359524E+08   -0.7669064E+08    0.1174029E+09
  47      0.498324E+08   -0.1198408E+09    0.1290488E+09
  48      0.121189E+09   -0.1668419E+09    0.1233469E+09
  49      0.179857E+09   -0.2158941E+09    0.1175279E+09
  50      0.221345E+09   -0.2569148E+09    0.9892948E+08
  51      0.228999E+09   -0.2946791E+09    0.8005241E+08
  52      0.216892E+09   -0.3138243E+09    0.5208283E+08
  53      0.164053E+09   -0.3357312E+09    0.2500955E+08
  54      0.994321E+08   -0.3343950E+09   -0.1032440E+08
  55      0.650177E+07   -0.3305765E+09   -0.4690412E+08
  56     -0.940384E+08   -0.3016330E+09   -0.8048220E+08
  57     -0.188332E+09   -0.2719499E+09   -0.1135612E+09
  58     -0.254639E+09   -0.2194817E+09   -0.1347146E+09
  59     -0.278072E+09   -0.1677164E+09   -0.1580487E+09
  60     -0.241147E+09   -0.1139927E+09   -0.1538677E+09
  61     -0.982548E+08   -0.5563320E+08   -0.1429731E+09
  62      0.132886E+09   -0.1967924E+08   -0.7337518E+08
  63      0.448005E+09    0.1086187E+08   -0.8051273E+07
  64     -0.345529E+09    0.4736635E+07    0.9966686E+07
  65     -0.251431E+09   -0.7101078E+07    0.7284144E+08
  66     -0.150382E+09   -0.2000437E+08    0.1339075E+09
  67     -0.526854E+08   -0.5358061E+08    0.1495347E+09
  68      0.451322E+08   -0.8744862E+08    0.1662953E+09
  69      0.127356E+09   -0.1256771E+09    0.1598517E+09
  70      0.196558E+09   -0.1625740E+09    0.1535857E+09
  71      0.244719E+09   -0.1941704E+09    0.1301020E+09
  72      0.262291E+09   -0.2271526E+09    0.1064302E+09
  73      0.253679E+09   -0.2459486E+09    0.6927860E+08
  74      0.207316E+09   -0.2622823E+09    0.3224654E+08
  75      0.146063E+09   -0.2580473E+09   -0.1312678E+08
  76      0.540961E+08   -0.2553364E+09   -0.5875252E+08
  77     -0.495071E+08   -0.2324825E+09   -0.1028555E+09
  78     -0.149913E+09   -0.2082624E+09   -0.1472466E+09
  79     -0.227845E+09   -0.1671432E+09   -0.1742327E+09
  80     -0.266716E+09   -0.1241308E+09   -0.2021675E+09
  81     -0.249559E+09   -0.8174184E+08   -0.1924688E+09
  82     -0.151971E+09   -0.4059256E+08   -0.1813418E+09
  83      0.451695E+08   -0.1694037E+08   -0.9675100E+08
  84      0.326687E+09    0.5346468E+07   -0.1198928E+08
  85     -0.437066E+09    0.2706801E+07    0.7702725E+07
  86     -0.315441E+09   -0.4411576E+07    0.8377642E+08
  87     -0.186067E+09   -0.1205680E+08    0.1589956E+09
  88     -0.696209E+08   -0.3871703E+08    0.1819289E+09
  89      0.405113E+08   -0.6603262E+08    0.2049499E+09
  90      0.133616E+09   -0.9686286E+08    0.1966401E+09
  91      0.212688E+09   -0.1268824E+09    0.1885273E+09
  92      0.267482E+09   -0.1509471E+09    0.1611476E+09
  93      0.294762E+09   -0.1742758E+09    0.1340009E+09
  94      0.291059E+09   -0.1895069E+09    0.8734342E+08
  95      0.251125E+09   -0.2065747E+09    0.3981675E+08
  96      0.191615E+09   -0.2061037E+09   -0.1612756E+08
  97      0.101123E+09   -0.2026103E+09   -0.7165352E+08
  98     -0.509389E+07   -0.1832761E+09   -0.1257305E+09
  99     -0.112202E+09   -0.1649452E+09   -0.1803699E+09
 100     -0.200783E+09   -0.1332370E+09   -0.2142030E+09
 101     -0.256473E+09   -0.1013374E+09   -0.2482545E+09
 102     -0.260087E+09   -0.6642132E+08   -0.2328878E+09
 103     -0.199857E+09   -0.2906284E+08   -0.2188803E+09
 104     -0.423747E+08   -0.1025692E+08   -0.1187906E+09
 105      0.206835E+09    0.5586749E+07   -0.1628299E+08
 106     -0.540000E+09    0.2100325E+07    0.8549614E+07
 107     -0.399352E+09   -0.5783679E+07    0.9048346E+08
 108     -0.244129E+09   -0.1392179E+08    0.1729723E+09
 109     -0.976744E+08   -0.3479755E+08    0.2022672E+09
 110      0.315411E+08   -0.5607018E+08    0.2299225E+09
 111      0.142338E+09   -0.8142110E+08    0.2207488E+09
 112      0.233685E+09   -0.1069153E+09    0.2121017E+09
 113      0.298730E+09   -0.1271893E+09    0.1800877E+09
 114      0.337426E+09   -0.1466715E+09    0.1482237E+09
 115      0.343152E+09   -0.1548039E+09    0.9684236E+08
 116      0.311571E+09   -0.1625048E+09    0.4494935E+08
 117      0.253901E+09   -0.1605687E+09   -0.1749636E+08
 118      0.164546E+09   -0.1593530E+09   -0.7973735E+08
 119      0.557682E+08   -0.1452154E+09   -0.1399494E+09
 120     -0.592814E+08   -0.1299075E+09   -0.2012080E+09
 121     -0.163471E+09   -0.1038584E+09   -0.2388200E+09
 122     -0.243129E+09   -0.7688535E+08   -0.2770678E+09
 123     -0.279518E+09   -0.4898328E+08   -0.2595608E+09
 124     -0.260762E+09   -0.2199248E+08   -0.2418465E+09
 125     -0.156718E+09   -0.9088683E+07   -0.1309927E+09
 126      0.357230E+08    0.3153907E+07   -0.1840609E+08
 127     -0.643562E+09    0.2083304E+07    0.9733051E+07
 128     -0.481411E+09   -0.5667624E+07    0.9793822E+08
 129     -0.303364E+09   -0.1329624E+08    0.1873617E+09
 130     -0.125865E+09   -0.3166143E+08    0.2231365E+09
 131      0.227618E+08   -0.5168244E+08    0.2556947E+09
 132      0.150729E+09   -0.7097721E+08    0.2448471E+09
 133      0.254720E+09   -0.8823910E+08    0.2354782E+09
 134      0.330180E+09   -0.1020733E+09    0.1996587E+09
 135      0.380711E+09   -0.1169812E+09    0.1637877E+09
 136      0.395099E+09   -0.1259942E+09    0.1062100E+09
 137      0.370982E+09   -0.1343960E+09    0.4863268E+08
 138      0.316074E+09   -0.1324111E+09   -0.1909300E+08
 139      0.228070E+09   -0.1301900E+09   -0.8740189E+08
 140      0.116578E+09   -0.1157902E+09   -0.1554804E+09
 141     -0.666155E+07   -0.1008691E+09   -0.2234285E+09
 142     -0.127076E+09   -0.8139913E+08   -0.2636278E+09
 143     -0.227766E+09   -0.6181173E+08   -0.3063568E+09
 144     -0.299470E+09   -0.4028581E+08   -0.2857062E+09
 145     -0.322659E+09   -0.1745930E+08   -0.2644871E+09
 146     -0.269814E+09   -0.5653331E+07   -0.1436251E+09
 147     -0.134741E+09    0.4206270E+07   -0.2019155E+08
 148     -0.767420E+09    0.1796256E+07    0.1261185E+08
 149     -0.575459E+09   -0.7522077E+07    0.1065451E+09
 150     -0.371011E+09   -0.1749643E+08    0.2006096E+09
 151     -0.164232E+09   -0.3277141E+08    0.2377700E+09
 152      0.161534E+08   -0.4771052E+08    0.2725269E+09
 153      0.161053E+09   -0.6359205E+08    0.2594482E+09
 154      0.280241E+09   -0.7975039E+08    0.2482283E+09
 155      0.369380E+09   -0.8923650E+08    0.2087705E+09
 156      0.429966E+09   -0.9727933E+08    0.1698027E+09
 157      0.455161E+09   -0.1002249E+09    0.1107186E+09
 158      0.438676E+09   -0.1042516E+09    0.5092925E+08
 159      0.387456E+09   -0.1029086E+09   -0.2059658E+08
 160      0.302319E+09   -0.1011669E+09   -0.9230184E+08
 161      0.189420E+09   -0.9320287E+08   -0.1640590E+09
 162      0.520890E+08   -0.8513837E+08   -0.2359538E+09
 163     -0.829488E+08   -0.6765364E+08   -0.2796760E+09
 164     -0.211905E+09   -0.4947983E+08   -0.3244248E+09
 165     -0.323793E+09   -0.3217367E+08   -0.3022726E+09
 166     -0.392286E+09   -0.1442961E+08   -0.2811294E+09
 167     -0.401905E+09   -0.5356341E+07   -0.1520927E+09
 168     -0.334506E+09    0.2567754E+07   -0.2018782E+08
 169     -0.890838E+09    0.2605930E+07    0.1546627E+08
 170     -0.669336E+09   -0.7830857E+07    0.1155915E+09
 171     -0.437431E+09   -0.1993381E+08    0.2152215E+09
 172     -0.203181E+09   -0.3540160E+08    0.2527621E+09
 173      0.961851E+07   -0.4891180E+08    0.2885568E+09
 174      0.170917E+09   -0.5639468E+08    0.2746260E+09
 175      0.305881E+09   -0.6370739E+08    0.2621792E+09
 176      0.409419E+09   -0.6712702E+08    0.2184596E+09
 177      0.478145E+09   -0.7130784E+08    0.1759246E+09
 178      0.515283E+09   -0.7137275E+08    0.1148225E+09
 179      0.507181E+09   -0.7063776E+08    0.5261702E+08
 180      0.459380E+09   -0.6807488E+08   -0.2254002E+08
 181      0.376539E+09   -0.6567347E+08   -0.9742811E+08
 182      0.262321E+09   -0.6229978E+08   -0.1720361E+09
 183      0.110982E+09   -0.5963467E+08   -0.2479451E+09
 184     -0.384220E+08   -0.5288910E+08   -0.2960881E+09
 185     -0.199021E+09   -0.4506573E+08   -0.3437022E+09
 186     -0.347503E+09   -0.2804853E+08   -0.3203741E+09
 187     -0.463374E+09   -0.9998710E+07   -0.2977805E+09
 188     -0.533321E+09   -0.2828582E+07   -0.1600725E+09
 189     -0.533352E+09    0.2847605E+07   -0.2022328E+08
 190     -0.104015E+10    0.1670301E+07    0.1998405E+08
 191     -0.776238E+09   -0.9881504E+07    0.1263283E+09
 192     -0.505908E+09   -0.2307346E+08    0.2314706E+09
 193     -0.237842E+09   -0.3497413E+08    0.2630206E+09
 194      0.334625E+07   -0.4526140E+08    0.2944400E+09
 195      0.186316E+09   -0.4745683E+08    0.2764831E+09
 196      0.337520E+09   -0.4876580E+08    0.2591818E+09
 197      0.452744E+09   -0.4386690E+08    0.2150250E+09
 198      0.532317E+09   -0.3909036E+08    0.1710999E+09
 199      0.575198E+09   -0.3362686E+08    0.1105593E+09
 200      0.575960E+09   -0.2898944E+08    0.5065735E+08
 201      0.533340E+09   -0.2944315E+08   -0.2211964E+08
 202      0.451718E+09   -0.3002037E+08   -0.9481898E+08
 203      0.337070E+09   -0.3363017E+08   -0.1685136E+09
 204      0.181690E+09   -0.3736475E+08   -0.2446887E+09
 205      0.126491E+08   -0.3579280E+08   -0.2970685E+09
 206     -0.178945E+09   -0.3385926E+08   -0.3492579E+09
 207     -0.367256E+09   -0.2492719E+08   -0.3306139E+09
 208     -0.541113E+09   -0.1398119E+08   -0.3119992E+09
 209     -0.679613E+09   -0.4741073E+07   -0.1674718E+09
 210     -0.753557E+09    0.2598186E+07   -0.2018565E+08
 211     -0.118926E+10    0.2288593E+07    0.2488308E+08
 212     -0.883561E+09   -0.1017095E+08    0.1376134E+09
 213     -0.575044E+09   -0.2461786E+08    0.2483046E+09
 214     -0.272197E+09   -0.3410508E+08    0.2744300E+09
 215     -0.466192E+07   -0.4107158E+08    0.3019218E+09
 216      0.202902E+09   -0.3162330E+08    0.2792168E+09
 217      0.368404E+09   -0.2183685E+08    0.2571836E+09
 218      0.495853E+09   -0.5653174E+07    0.2117011E+09
 219      0.588209E+09    0.1069335E+08    0.1657947E+09
 220      0.635267E+09    0.2058597E+08    0.1068397E+09
 221      0.645035E+09    0.3006202E+08    0.4933538E+08
 222      0.608045E+09    0.2724345E+08   -0.2101998E+08
 223      0.527629E+09    0.2330200E+08   -0.9238159E+08
 224      0.411565E+09    0.1400873E+08   -0.1663455E+09
 225      0.253469E+09    0.3546730E+07   -0.2424101E+09
 226      0.637088E+08   -0.8644713E+07   -0.2990333E+09
 227     -0.158297E+09   -0.1923948E+08   -0.3554308E+09
 228     -0.387687E+09   -0.1679576E+08   -0.3405532E+09
 229     -0.617336E+09   -0.1261578E+08   -0.3268827E+09
 230     -0.827984E+09   -0.4471649E+07   -0.1759056E+09
 231     -0.970542E+09    0.2055946E+07   -0.2079686E+08
 232     -0.137031E+10   -0.1372409E+06    0.3301771E+08
 233     -0.100073E+10   -0.1131293E+08    0.1479476E+09
 234     -0.636975E+09   -0.2490588E+08    0.2596007E+09
 235     -0.290435E+09   -0.2410496E+08    0.2722325E+09
 236      0.516695E+06   -0.1944054E+08    0.2865018E+09
 237      0.228642E+09    0.4494843E+07    0.2575384E+09
 238      0.404361E+09    0.2803209E+08    0.2299965E+09
 239      0.538992E+09    0.5613922E+08    0.1852334E+09
 240      0.635972E+09    0.8425937E+08    0.1419158E+09
 241      0.685415E+09    0.1013158E+09    0.9227436E+08
 242      0.699293E+09    0.1177764E+09    0.4365756E+08
 243      0.668409E+09    0.1126305E+09   -0.1434319E+08
 244      0.597599E+09    0.1053505E+09   -0.7399609E+08
 245      0.482142E+09    0.8149433E+08   -0.1443054E+09
 246      0.324222E+09    0.5848573E+08   -0.2155029E+09
 247      0.122513E+09    0.3330433E+08   -0.2742798E+09
 248     -0.121800E+09    0.7383771E+07   -0.3356694E+09
 249     -0.393306E+09   -0.2568236E+07   -0.3327083E+09
 250     -0.686085E+09   -0.9594497E+07   -0.3297817E+09
 251     -0.980048E+09   -0.4486372E+07   -0.1806460E+09
 252     -0.122391E+10   -0.9356842E+06   -0.2668522E+08
 253     -0.155214E+10    0.5225015E+06    0.4209691E+08
 254     -0.111871E+10   -0.1120292E+08    0.1591452E+09
 255     -0.700893E+09   -0.2393702E+08    0.2717151E+09
 256     -0.308764E+09   -0.9323291E+07    0.2709695E+09
 257      0.534428E+07    0.7580855E+07    0.2734859E+09
 258      0.253594E+09    0.5208981E+08    0.2375815E+09
 259      0.441879E+09    0.9899294E+08    0.2028495E+09
 260      0.582864E+09    0.1495742E+09    0.1597104E+09
 261      0.684136E+09    0.1978303E+09    0.1188446E+09
 262      0.736680E+09    0.2220011E+09    0.7823514E+08
 263      0.753944E+09    0.2446544E+09    0.3856762E+08
 264      0.729242E+09    0.2369098E+09   -0.8393121E+07
 265      0.667556E+09    0.2286583E+09   -0.5577964E+08
 266      0.555513E+09    0.1868429E+09   -0.1210292E+09
 267      0.394377E+09    0.1412663E+09   -0.1879748E+09
 268      0.181573E+09    0.9131022E+08   -0.2512485E+09
 269     -0.849135E+08    0.4391823E+08   -0.3191438E+09
 270     -0.399925E+09    0.2180391E+08   -0.3273409E+09
 271     -0.760124E+09    0.2270831E+07   -0.3337479E+09
 272     -0.113037E+10    0.2118084E+07   -0.1847021E+09
 273     -0.148276E+10    0.8548003E+06   -0.3088666E+08
 274     -0.176630E+10   -0.5958810E+07    0.5603812E+08
 275     -0.123149E+10   -0.9225376E+07    0.1627495E+09
 276     -0.732354E+09   -0.1522801E+08    0.2612184E+09
 277     -0.296151E+09    0.2089083E+08    0.2343272E+09
 278      0.381692E+08    0.6157478E+08    0.2135390E+09
 279      0.292738E+09    0.1373051E+09    0.1667494E+09
 280      0.479100E+09    0.2136494E+09    0.1240204E+09
 281      0.612073E+09    0.2850861E+09    0.9302812E+08
 282      0.707815E+09    0.3556936E+09    0.6433578E+08
 283      0.755739E+09    0.3912841E+09    0.4700663E+08
 284      0.776400E+09    0.4251955E+09    0.2984074E+08
 285      0.754750E+09    0.4110804E+09    0.6883535E+07
 286      0.703571E+09    0.3958652E+09   -0.1599572E+08
 287      0.603755E+09    0.3355039E+09   -0.5994378E+08
 288      0.457025E+09    0.2721226E+09   -0.1064020E+09
 289      0.249300E+09    0.1898743E+09   -0.1736628E+09
 290     -0.223362E+08    0.1075422E+09   -0.2453822E+09
 291     -0.370983E+09    0.5211297E+08   -0.2784888E+09
 292     -0.798447E+09    0.3825589E+07   -0.3148107E+09
 293     -0.127117E+10    0.1757215E+07   -0.1797559E+09
 294     -0.175821E+10   -0.3976769E+07   -0.3467173E+08
 295     -0.198199E+10    0.6447619E+06    0.7254247E+08
 296     -0.134664E+10   -0.8053727E+07    0.1682149E+09
 297     -0.771588E+09   -0.1217593E+08    0.2558958E+09
 298     -0.284285E+09    0.6267292E+08    0.2022865E+09
 299      0.706717E+08    0.1417897E+09    0.1547925E+09
 300      0.335393E+09    0.2682974E+09    0.9708992E+08
 301      0.517842E+09    0.3912447E+09    0.4467516E+08
 302      0.642871E+09    0.4961999E+09    0.2583116E+08
 303      0.731865E+09    0.5961506E+09    0.1012689E+08
 304      0.775202E+09    0.6396979E+09    0.1575088E+08
 305      0.799455E+09    0.6833116E+09    0.2116412E+08
 306      0.780494E+09    0.6598259E+09    0.2405301E+08
 307      0.741292E+09    0.6338047E+09    0.2667459E+08
 308      0.651388E+09    0.5457230E+09    0.1885401E+07
 309      0.522512E+09    0.4556425E+09   -0.2494129E+08
 310      0.320515E+09    0.3295458E+09   -0.9506661E+08
 311      0.393292E+08    0.1971525E+09   -0.1700310E+09
 312     -0.340095E+09    0.1026229E+09   -0.2323886E+09
 313     -0.841749E+09    0.1260773E+08   -0.2999277E+09
 314     -0.141740E+10    0.2183723E+07   -0.1778814E+09
 315     -0.203271E+10   -0.3025567E+07   -0.4409071E+08
 316     -0.222215E+10   -0.2592033E+08    0.9808853E+08
 317     -0.141446E+10    0.3123116E+05    0.1509208E+09
 318     -0.721843E+09    0.1958589E+08    0.1848482E+09
 319     -0.206788E+09    0.1529726E+09    0.7330543E+08
 320      0.144165E+09    0.2984242E+09   -0.1950553E+08
 321      0.375520E+09    0.4792865E+09   -0.7008165E+08
 322      0.531306E+09    0.6566870E+09   -0.1122668E+09
 323      0.627388E+09    0.7857709E+09   -0.9631841E+08
 324      0.698838E+09    0.9131526E+09   -0.7868041E+08
 325      0.732726E+09    0.9655088E+09   -0.3239917E+08
 326      0.754970E+09    0.1016592E+10    0.1348555E+08
 327      0.739254E+09    0.9840036E+09    0.5871422E+08
 328      0.714436E+09    0.9508465E+09    0.1042421E+09
 329      0.644080E+09    0.8360746E+09    0.1164565E+09
 330      0.545129E+09    0.7186055E+09    0.1284567E+09
 331      0.378307E+09    0.5431267E+09    0.7677702E+08
 332      0.130325E+09    0.3640659E+09    0.1694024E+08
 333     -0.240078E+09    0.2049266E+09   -0.8558728E+08
 334     -0.784372E+09    0.5610850E+08   -0.2054864E+09
 335     -0.149824E+10    0.1826517E+08   -0.1456289E+09
 336     -0.232751E+10   -0.2341142E+08   -0.6162352E+08
 337     -0.249219E+10    0.2991177E+08    0.1485830E+09
 338     -0.148657E+10    0.1481795E+08    0.1423795E+09
 339     -0.706433E+09    0.4866459E+08    0.1268334E+09
 340     -0.107057E+09    0.3172389E+09   -0.4722600E+08
 341      0.222405E+09    0.5587679E+09   -0.2047563E+09
 342      0.420794E+09    0.8156857E+09   -0.2424984E+09
 343      0.545378E+09    0.1052203E+10   -0.2724989E+09
 344      0.611453E+09    0.1202228E+10   -0.2201701E+09
 345      0.664664E+09    0.1349975E+10   -0.1686262E+09
 346      0.687862E+09    0.1404600E+10   -0.8047222E+08
 347      0.708471E+09    0.1460109E+10    0.7421181E+07
 348      0.696107E+09    0.1420794E+10    0.9535003E+08
 349      0.686336E+09    0.1383169E+10    0.1834045E+09
 350      0.636972E+09    0.1247966E+10    0.2356883E+09
 351      0.569116E+09    0.1110314E+10    0.2890264E+09
 352      0.441179E+09    0.8762519E+09    0.2556533E+09
 353      0.228344E+09    0.6231125E+09    0.2154157E+09
 354     -0.121008E+09    0.3708284E+09    0.5577917E+08
 355     -0.753276E+09    0.9431109E+08   -0.1221254E+09
 356     -0.158386E+10    0.3483424E+08   -0.1207822E+09
 357     -0.265416E+10    0.1976390E+08   -0.9671736E+08
 358     -0.272513E+10   -0.1219457E+09    0.1793910E+09
 359     -0.137092E+10    0.6497164E+08    0.2466539E+08
 360     -0.429770E+09    0.2429431E+09   -0.1845142E+09
 361      0.328245E+08    0.6321579E+09   -0.4094148E+09
 362      0.267787E+09    0.1032135E+10   -0.5506677E+09
 363      0.390395E+09    0.1317776E+10   -0.5119914E+09
 364      0.469792E+09    0.1596185E+10   -0.4775873E+09
 365      0.507567E+09    0.1747121E+10   -0.3684062E+09
 366      0.543007E+09    0.1899609E+10   -0.2623121E+09
 367      0.555156E+09    0.1947756E+10   -0.1273984E+09
 368      0.572039E+09    0.1998650E+10    0.7322748E+07
 369      0.564394E+09    0.1954568E+10    0.1423576E+09
 370      0.564305E+09    0.1912952E+10    0.2777636E+09
 371      0.532695E+09    0.1765300E+10    0.3869912E+09
 372      0.499586E+09    0.1618970E+10    0.4983681E+09
 373      0.417259E+09    0.1345061E+10    0.5321011E+09
 374      0.287415E+09    0.1063009E+10    0.5706226E+09
 375      0.327636E+08    0.6674719E+09    0.4287086E+09
 376     -0.463552E+09    0.2789499E+09    0.2124718E+09
 377     -0.145060E+10    0.8801823E+08    0.1895097E+08
 378     -0.290498E+10   -0.1048643E+09   -0.1111237E+09
 379     -0.359973E+10    0.2628303E+09    0.6392935E+09
 380     -0.109281E+10    0.2778876E+09   -0.1303788E+08
 381     -0.976076E+08    0.5425936E+09   -0.6768079E+09
 382      0.167524E+09    0.1302112E+10   -0.8307431E+09
 383      0.312989E+09    0.1805190E+10   -0.9115339E+09
 384      0.347712E+09    0.2067389E+10   -0.7926628E+09
 385      0.387279E+09    0.2336118E+10   -0.6824124E+09
 386      0.396994E+09    0.2459226E+10   -0.5158305E+09
 387      0.417260E+09    0.2589731E+10   -0.3529989E+09
 388      0.418855E+09    0.2623446E+10   -0.1708729E+09
 389      0.433347E+09    0.2661198E+10    0.1042975E+08
 390      0.429920E+09    0.2616837E+10    0.1922391E+09
 391      0.437360E+09    0.2576071E+10    0.3759816E+09
 392      0.424031E+09    0.2440656E+10    0.5427439E+09
 393      0.423936E+09    0.2312955E+10    0.7118781E+09
 394      0.383558E+09    0.2039486E+10    0.8243886E+09
 395      0.348801E+09    0.1770482E+10    0.9454253E+09
 396      0.186507E+09    0.1270279E+10    0.8620659E+09
 397     -0.109059E+09    0.5531355E+09    0.7003985E+09
 398     -0.117277E+10    0.2828569E+09    0.8612212E+08
 399     -0.376660E+10    0.2207460E+09   -0.4672112E+09
 400     -0.279307E+10   -0.4597869E+09   -0.1498129E+09
 401     -0.397862E+09    0.8405071E+09   -0.8873777E+09
 402     -0.917077E+08    0.2073942E+10   -0.1420606E+10
 403      0.101535E+09    0.2461516E+10   -0.1246313E+10
 404      0.150976E+09    0.2879328E+10   -0.1157998E+10
 405      0.170591E+09    0.3041098E+10   -0.9722595E+09
 406      0.190080E+09    0.3220552E+10   -0.7956888E+09
 407      0.195824E+09    0.3296459E+10   -0.5940664E+09
 408      0.208680E+09    0.3378606E+10   -0.3940375E+09
 409      0.209386E+09    0.3394537E+10   -0.1844249E+09
 410      0.220315E+09    0.3415267E+10    0.2483517E+08
 411      0.218863E+09    0.3375946E+10    0.2367481E+09
 412      0.223627E+09    0.3340433E+10    0.4490144E+09
 413      0.219816E+09    0.3236701E+10    0.6548503E+09
 414      0.220997E+09    0.3137758E+10    0.8625452E+09
 415      0.204748E+09    0.2933276E+10    0.1045583E+10
 416      0.189856E+09    0.2743149E+10    0.1238064E+10
 417      0.135299E+09    0.2308940E+10    0.1323144E+10
 418     -0.608181E+08    0.1873050E+10    0.1498682E+10
 419     -0.419321E+09    0.7476522E+09    0.9301253E+09
 420     -0.287693E+10   -0.3986422E+09    0.2335167E+09
 421     -0.132858E+10    0.4523289E+10   -0.1058908E+10
 422      0.121304E+09    0.4443703E+10   -0.1710556E+10
 423     -0.904594E+08    0.4320905E+10   -0.1996991E+10
 424      0.172443E+08    0.4229486E+10   -0.1591771E+10
 425     -0.133647E+08    0.4211936E+10   -0.1369100E+10
 426     -0.274394E+07    0.4213310E+10   -0.1125647E+10
 427     -0.277526E+07    0.4229740E+10   -0.8954544E+09
 428     -0.439071E+05    0.4242179E+10   -0.6619707E+09
 429      0.452984E+07    0.4259460E+10   -0.4288529E+09
 430      0.522616E+07    0.4256159E+10   -0.1937031E+09
 431      0.113457E+08    0.4255364E+10    0.4176952E+08
 432      0.126089E+08    0.4225548E+10    0.2825841E+09
 433      0.156202E+08    0.4198251E+10    0.5214755E+09
 434      0.201705E+08    0.4144938E+10    0.7638377E+09
 435      0.224884E+08    0.4093612E+10    0.1008398E+10
 436      0.296046E+08    0.4023580E+10    0.1251064E+10
 437      0.260563E+08    0.3968743E+10    0.1507782E+10
 438      0.664860E+08    0.3899419E+10    0.1738999E+10
 439     -0.347532E+08    0.3913758E+10    0.2169914E+10
 440      0.190315E+09    0.3804595E+10    0.1835423E+10
 441     -0.135177E+10    0.3617230E+10    0.1231406E+10
