   1     -0.164980E+09    0.1182750E+08   -0.3353227E+05
   2     -0.114243E+09   -0.2442458E+08    0.2628418E+07
   3     -0.522474E+08   -0.6510416E+08    0.4838766E+07
   4      0.815481E+07   -0.1413870E+09    0.4194474E+07
   5      0.694145E+08   -0.2149154E+09    0.4402477E+07
   6      0.128767E+09   -0.2955676E+09    0.4621109E+07
   7      0.161097E+09   -0.3759609E+09    0.4425205E+07
   8      0.189604E+09   -0.4384512E+09    0.3230521E+07
   9      0.178907E+09   -0.4994610E+09    0.2098430E+07
  10      0.150427E+09   -0.5297646E+09    0.1537957E+07
  11      0.912350E+08   -0.5611409E+09    0.1052769E+07
  12      0.228458E+08   -0.5532216E+09   -0.2718467E+06
  13     -0.715750E+08   -0.5438401E+09   -0.1383267E+07
  14     -0.155434E+09   -0.4899066E+09   -0.2976036E+07
  15     -0.229516E+09   -0.4349899E+09   -0.3939088E+07
  16     -0.273844E+09   -0.3488256E+09   -0.5136887E+07
  17     -0.272225E+09   -0.2596485E+09   -0.7398572E+07
  18     -0.202240E+09   -0.1627513E+09   -0.6243673E+07
  19     -0.167189E+08   -0.6554414E+08   -0.4742379E+07
  20      0.218318E+09   -0.2354834E+08   -0.1474828E+07
  21      0.571263E+09    0.1368836E+08    0.1571547E+07
  22     -0.201392E+09    0.7701419E+07    0.3398472E+07
  23     -0.141838E+09   -0.2010484E+08    0.3057314E+08
  24     -0.665009E+08   -0.5058310E+08    0.5681169E+08
  25      0.100217E+07   -0.1121578E+09    0.6316454E+08
  26      0.672486E+08   -0.1723431E+09    0.7031591E+08
  27      0.130758E+09   -0.2361128E+09    0.6791492E+08
  28      0.170040E+09   -0.2993206E+09    0.6483375E+08
  29      0.199024E+09   -0.3511106E+09    0.5426261E+08
  30      0.192563E+09   -0.4034708E+09    0.4447712E+08
  31      0.167402E+09   -0.4313002E+09    0.2758473E+08
  32      0.111004E+09   -0.4573579E+09    0.1016456E+08
  33      0.415870E+08   -0.4478855E+09   -0.9261464E+07
  34     -0.512546E+08   -0.4383251E+09   -0.2876845E+08
  35     -0.137905E+09   -0.3947755E+09   -0.4677289E+08
  36     -0.215368E+09   -0.3502267E+09   -0.6442968E+08
  37     -0.263687E+09   -0.2796730E+09   -0.7447935E+08
  38     -0.269619E+09   -0.2078994E+09   -0.8549705E+08
  39     -0.209777E+09   -0.1347396E+09   -0.7793876E+08
  40     -0.461902E+08   -0.6107550E+08   -0.6701545E+08
  41      0.189753E+09   -0.2490244E+08   -0.3455511E+08
  42      0.525089E+09    0.8196636E+07   -0.4426945E+07
  43     -0.240206E+09    0.7398387E+07    0.6134106E+07
  44     -0.171451E+09   -0.1329729E+08    0.5813243E+08
  45     -0.793663E+08   -0.3601054E+08    0.1080210E+09
  46     -0.645472E+07   -0.8549244E+08    0.1214137E+09
  47      0.654435E+08   -0.1351843E+09    0.1365916E+09
  48      0.133232E+09   -0.1921570E+09    0.1311318E+09
  49      0.180123E+09   -0.2478240E+09    0.1248980E+09
  50      0.208555E+09   -0.2910137E+09    0.1048935E+09
  51      0.207137E+09   -0.3324728E+09    0.8556470E+08
  52      0.185070E+09   -0.3517225E+09    0.5325877E+08
  53      0.132564E+09   -0.3734104E+09    0.2036494E+08
  54      0.610817E+08   -0.3689095E+09   -0.1782270E+08
  55     -0.289385E+08   -0.3616257E+09   -0.5661883E+08
  56     -0.120334E+09   -0.3228567E+09   -0.9084388E+08
  57     -0.199460E+09   -0.2832796E+09   -0.1250314E+09
  58     -0.253729E+09   -0.2272572E+09   -0.1426085E+09
  59     -0.265628E+09   -0.1715772E+09   -0.1618594E+09
  60     -0.217933E+09   -0.1118575E+09   -0.1488129E+09
  61     -0.799596E+08   -0.4930767E+08   -0.1293353E+09
  62      0.161109E+09   -0.1719006E+08   -0.6739152E+08
  63      0.475083E+09    0.1059033E+08   -0.8989969E+07
  64     -0.326677E+09    0.4369243E+07    0.6477357E+07
  65     -0.239867E+09   -0.1020592E+08    0.7250119E+08
  66     -0.123444E+09   -0.2598437E+08    0.1387158E+09
  67     -0.279673E+08   -0.6751180E+08    0.1608971E+09
  68      0.590242E+08   -0.1085577E+09    0.1820084E+09
  69      0.139800E+09   -0.1526711E+09    0.1750133E+09
  70      0.198775E+09   -0.1971834E+09    0.1684525E+09
  71      0.236044E+09   -0.2346516E+09    0.1406885E+09
  72      0.244650E+09   -0.2717300E+09    0.1126505E+09
  73      0.228513E+09   -0.2890005E+09    0.6951581E+08
  74      0.181285E+09   -0.3048465E+09    0.2666222E+08
  75      0.111675E+09   -0.2988635E+09   -0.2315409E+08
  76      0.234977E+08   -0.2938296E+09   -0.7369154E+08
  77     -0.746112E+08   -0.2655752E+09   -0.1198568E+09
  78     -0.160972E+09   -0.2356604E+09   -0.1661409E+09
  79     -0.233202E+09   -0.1875306E+09   -0.1880242E+09
  80     -0.257643E+09   -0.1390113E+09   -0.2108615E+09
  81     -0.237739E+09   -0.9339705E+08   -0.1932295E+09
  82     -0.134025E+09   -0.4644984E+08   -0.1741124E+09
  83      0.775937E+08   -0.1815757E+08   -0.9232290E+08
  84      0.361558E+09    0.7167024E+07   -0.1031228E+08
  85     -0.411861E+09    0.4493659E+07    0.6968025E+07
  86     -0.306587E+09   -0.7830111E+07    0.8699146E+08
  87     -0.171686E+09   -0.2109919E+08    0.1699990E+09
  88     -0.473410E+08   -0.5447717E+08    0.2007501E+09
  89      0.522454E+08   -0.8832400E+08    0.2267017E+09
  90      0.145426E+09   -0.1280968E+09    0.2190017E+09
  91      0.216310E+09   -0.1673500E+09    0.2127193E+09
  92      0.264484E+09   -0.1975578E+09    0.1769077E+09
  93      0.282115E+09   -0.2263099E+09    0.1406872E+09
  94      0.272199E+09   -0.2408552E+09    0.8652568E+08
  95      0.228824E+09   -0.2567946E+09    0.3220403E+08
  96      0.162112E+09   -0.2497509E+09   -0.2979001E+08
  97      0.733167E+08   -0.2405578E+09   -0.9082560E+08
  98     -0.278325E+08   -0.2184586E+09   -0.1474801E+09
  99     -0.124207E+09   -0.1975061E+09   -0.2056536E+09
 100     -0.212173E+09   -0.1603755E+09   -0.2342928E+09
 101     -0.252306E+09   -0.1214980E+09   -0.2617984E+09
 102     -0.257272E+09   -0.7716128E+08   -0.2390031E+09
 103     -0.182290E+09   -0.3136072E+08   -0.2190884E+09
 104     -0.855257E+07   -0.1061704E+08   -0.1166971E+09
 105      0.252844E+09    0.7034487E+07   -0.1171365E+08
 106     -0.524911E+09    0.2525566E+07    0.8411215E+07
 107     -0.395526E+09   -0.7953589E+07    0.9713849E+08
 108     -0.243094E+09   -0.1763847E+08    0.1873615E+09
 109     -0.851072E+08   -0.4430948E+08    0.2275863E+09
 110      0.457068E+08   -0.7460701E+08    0.2636973E+09
 111      0.155102E+09   -0.1089690E+09    0.2505835E+09
 112      0.243093E+09   -0.1399640E+09    0.2392906E+09
 113      0.304996E+09   -0.1609738E+09    0.1989697E+09
 114      0.334611E+09   -0.1829741E+09    0.1586669E+09
 115      0.332884E+09   -0.1947819E+09    0.9827407E+08
 116      0.297595E+09   -0.2060575E+09    0.3738874E+08
 117      0.233434E+09   -0.2034688E+09   -0.3364986E+08
 118      0.139360E+09   -0.2004619E+09   -0.1039193E+09
 119      0.372502E+08   -0.1788978E+09   -0.1669395E+09
 120     -0.735719E+08   -0.1568920E+09   -0.2311428E+09
 121     -0.178290E+09   -0.1252653E+09   -0.2646150E+09
 122     -0.251219E+09   -0.9300490E+08   -0.2971130E+09
 123     -0.281923E+09   -0.6095738E+08   -0.2716679E+09
 124     -0.247578E+09   -0.2897143E+08   -0.2476046E+09
 125     -0.130146E+09   -0.1217707E+08   -0.1320491E+09
 126      0.937198E+08    0.3430866E+07   -0.1510118E+08
 127     -0.636133E+09    0.3384972E+07    0.1023132E+08
 128     -0.483960E+09   -0.7419098E+07    0.1075757E+09
 129     -0.311053E+09   -0.1939972E+08    0.2051082E+09
 130     -0.126800E+09   -0.4229254E+08    0.2545751E+09
 131      0.414628E+08   -0.6492815E+08    0.3009908E+09
 132      0.166319E+09   -0.9155590E+08    0.2823773E+09
 133      0.270517E+09   -0.1173879E+09    0.2658790E+09
 134      0.344594E+09   -0.1360654E+09    0.2215167E+09
 135      0.386486E+09   -0.1547625E+09    0.1774443E+09
 136      0.393748E+09   -0.1624084E+09    0.1095621E+09
 137      0.365967E+09   -0.1694012E+09    0.4189789E+08
 138      0.305153E+09   -0.1663163E+09   -0.3650507E+08
 139      0.207316E+09   -0.1634586E+09   -0.1165030E+09
 140      0.101445E+09   -0.1474171E+09   -0.1880732E+09
 141     -0.239910E+08   -0.1310880E+09   -0.2584705E+09
 142     -0.144594E+09   -0.1075598E+09   -0.2951009E+09
 143     -0.249823E+09   -0.8288396E+08   -0.3326030E+09
 144     -0.306323E+09   -0.5155470E+08   -0.3042526E+09
 145     -0.316389E+09   -0.1994878E+08   -0.2755791E+09
 146     -0.248989E+09   -0.6728578E+07   -0.1472946E+09
 147     -0.681076E+08    0.4845882E+07   -0.1826863E+08
 148     -0.772654E+09    0.2538393E+07    0.1286377E+08
 149     -0.589853E+09   -0.9103768E+07    0.1184782E+09
 150     -0.386735E+09   -0.2208746E+08    0.2237444E+09
 151     -0.178323E+09   -0.4049862E+08    0.2713566E+09
 152      0.257542E+08   -0.5745281E+08    0.3192745E+09
 153      0.185810E+09   -0.7718875E+08    0.3020750E+09
 154      0.304587E+09   -0.9766486E+08    0.2837572E+09
 155      0.393376E+09   -0.1100679E+09    0.2338139E+09
 156      0.447368E+09   -0.1210605E+09    0.1844221E+09
 157      0.465707E+09   -0.1235923E+09    0.1133677E+09
 158      0.442541E+09   -0.1267631E+09    0.4265553E+08
 159      0.387353E+09   -0.1243821E+09   -0.3830535E+08
 160      0.291772E+09   -0.1223129E+09   -0.1206048E+09
 161      0.177423E+09   -0.1141437E+09   -0.1970485E+09
 162      0.368387E+08   -0.1050311E+09   -0.2731888E+09
 163     -0.104257E+09   -0.8450870E+08   -0.3138913E+09
 164     -0.237520E+09   -0.6331556E+08   -0.3562162E+09
 165     -0.339084E+09   -0.4138950E+08   -0.3262901E+09
 166     -0.396941E+09   -0.1955761E+08   -0.2957484E+09
 167     -0.388568E+09   -0.7720853E+07   -0.1585403E+09
 168     -0.272187E+09    0.3126653E+07   -0.1933318E+08
 169     -0.908975E+09    0.2978631E+07    0.1580706E+08
 170     -0.695649E+09   -0.8874378E+07    0.1297701E+09
 171     -0.463100E+09   -0.2252737E+08    0.2427055E+09
 172     -0.227631E+09   -0.3995575E+08    0.2889288E+09
 173      0.532300E+07   -0.5513951E+08    0.3381070E+09
 174      0.205443E+09   -0.6441435E+08    0.3219109E+09
 175      0.338540E+09   -0.7407582E+08    0.3016704E+09
 176      0.442912E+09   -0.7731237E+08    0.2459059E+09
 177      0.508994E+09   -0.8063633E+08    0.1919820E+09
 178      0.537682E+09   -0.8304943E+08    0.1180017E+09
 179      0.520392E+09   -0.8492946E+08    0.4375671E+08
 180      0.469204E+09   -0.8329098E+08   -0.4062713E+08
 181      0.376016E+09   -0.8147654E+08   -0.1258772E+09
 182      0.253675E+09   -0.7706207E+08   -0.2062240E+09
 183      0.994903E+08   -0.7436207E+08   -0.2872065E+09
 184     -0.647862E+08   -0.6735575E+08   -0.3329892E+09
 185     -0.224465E+09   -0.5887404E+08   -0.3793179E+09
 186     -0.373550E+09   -0.4197106E+08   -0.3478664E+09
 187     -0.475323E+09   -0.2256420E+08   -0.3169189E+09
 188     -0.528325E+09   -0.8329017E+07   -0.1708531E+09
 189     -0.475027E+09    0.3268263E+07   -0.2195814E+08
 190     -0.107456E+10    0.1723008E+07    0.2073891E+08
 191     -0.816824E+09   -0.1039392E+08    0.1410532E+09
 192     -0.542254E+09   -0.2451785E+08    0.2599167E+09
 193     -0.269710E+09   -0.3688091E+08    0.2994570E+09
 194     -0.106362E+08   -0.4595241E+08    0.3402171E+09
 195      0.223488E+09   -0.4428357E+08    0.3216859E+09
 196      0.383511E+09   -0.4438319E+08    0.3006093E+09
 197      0.498977E+09   -0.4081696E+08    0.2417975E+09
 198      0.573272E+09   -0.3536030E+08    0.1859452E+09
 199      0.609515E+09   -0.2947281E+08    0.1149527E+09
 200      0.599633E+09   -0.2521037E+08    0.4391704E+08
 201      0.552309E+09   -0.2775233E+08   -0.3829612E+08
 202      0.461833E+09   -0.3036316E+08   -0.1213290E+09
 203      0.333354E+09   -0.3638264E+08   -0.2008184E+09
 204      0.171153E+09   -0.4268438E+08   -0.2812914E+09
 205     -0.132737E+08   -0.4193913E+08   -0.3333236E+09
 206     -0.208909E+09   -0.4025499E+08   -0.3852215E+09
 207     -0.400197E+09   -0.2806609E+08   -0.3596472E+09
 208     -0.562175E+09   -0.1391289E+08   -0.3345867E+09
 209     -0.683442E+09   -0.4454240E+07   -0.1799369E+09
 210     -0.716878E+09    0.2872806E+07   -0.2291903E+08
 211     -0.123984E+10    0.2171859E+07    0.2605340E+08
 212     -0.938158E+09   -0.1057238E+08    0.1529233E+09
 213     -0.621761E+09   -0.2553882E+08    0.2779744E+09
 214     -0.312228E+09   -0.3321662E+08    0.3108200E+09
 215     -0.237213E+08   -0.3814133E+08    0.3437744E+09
 216      0.239169E+09   -0.2439550E+08    0.3224749E+09
 217      0.429317E+09   -0.9003077E+07    0.2996802E+09
 218      0.555596E+09    0.1198003E+08    0.2383300E+09
 219      0.638571E+09    0.3082039E+08    0.1803605E+09
 220      0.681717E+09    0.4068790E+08    0.1116111E+09
 221      0.678666E+09    0.5134451E+08    0.4364402E+08
 222      0.636899E+09    0.4856883E+08   -0.3612841E+08
 223      0.547387E+09    0.4398212E+08   -0.1162821E+09
 224      0.413535E+09    0.2853083E+08   -0.1957898E+09
 225      0.242538E+09    0.1315975E+08   -0.2773383E+09
 226      0.388288E+08   -0.2049596E+07   -0.3344238E+09
 227     -0.194416E+09   -0.1714017E+08   -0.3921894E+09
 228     -0.425659E+09   -0.1569277E+08   -0.3725388E+09
 229     -0.651612E+09   -0.1134298E+08   -0.3520502E+09
 230     -0.839647E+09   -0.3418114E+07   -0.1885154E+09
 231     -0.956862E+09    0.2439813E+07   -0.2260391E+08
 232     -0.143817E+10   -0.3502709E+06    0.3466730E+08
 233     -0.106876E+10   -0.1141602E+08    0.1630209E+09
 234     -0.692850E+09   -0.2490253E+08    0.2880780E+09
 235     -0.336032E+09   -0.2189007E+08    0.3058566E+09
 236     -0.158333E+08   -0.1568860E+08    0.3247544E+09
 237      0.263418E+09    0.1549815E+08    0.2929647E+09
 238      0.480621E+09    0.4800543E+08    0.2609060E+09
 239      0.607909E+09    0.8488095E+08    0.2049054E+09
 240      0.695975E+09    0.1211038E+09    0.1524370E+09
 241      0.739179E+09    0.1401147E+09    0.9549338E+08
 242      0.742570E+09    0.1577114E+09    0.3888521E+08
 243      0.705114E+09    0.1492759E+09   -0.2691593E+08
 244      0.620058E+09    0.1392996E+09   -0.9286954E+08
 245      0.489400E+09    0.1090409E+09   -0.1667084E+09
 246      0.317109E+09    0.7816520E+08   -0.2424302E+09
 247      0.100561E+09    0.4689971E+08   -0.3043567E+09
 248     -0.156455E+09    0.1711530E+08   -0.3693362E+09
 249     -0.436962E+09    0.4718793E+07   -0.3613128E+09
 250     -0.729634E+09   -0.5795236E+07   -0.3526944E+09
 251     -0.100401E+10   -0.2425346E+07   -0.1917561E+09
 252     -0.122095E+10   -0.5394630E+06   -0.2602063E+08
 253     -0.163676E+10   -0.1286857E+06    0.4437250E+08
 254     -0.120045E+10   -0.1148048E+08    0.1742142E+09
 255     -0.766079E+09   -0.2443163E+08    0.2997750E+09
 256     -0.360794E+09   -0.4627241E+07    0.3026320E+09
 257     -0.952809E+07    0.1933183E+08    0.3070633E+09
 258      0.289889E+09    0.7987708E+08    0.2643367E+09
 259      0.531858E+09    0.1414634E+09    0.2235027E+09
 260      0.661037E+09    0.1999439E+09    0.1722935E+09
 261      0.753606E+09    0.2558298E+09    0.1241857E+09
 262      0.797546E+09    0.2829944E+09    0.7936003E+08
 263      0.807869E+09    0.3099781E+09    0.3437219E+08
 264      0.772916E+09    0.2957370E+09   -0.1688986E+08
 265      0.694569E+09    0.2785432E+09   -0.6873952E+08
 266      0.566288E+09    0.2287393E+09   -0.1372839E+09
 267      0.391883E+09    0.1772697E+09   -0.2069327E+09
 268      0.163758E+09    0.1189471E+09   -0.2757695E+09
 269     -0.118775E+09    0.6087922E+08   -0.3481663E+09
 270     -0.450647E+09    0.2635046E+08   -0.3508691E+09
 271     -0.808339E+09   -0.3541463E+07   -0.3547561E+09
 272     -0.116877E+10   -0.1188927E+07   -0.1958517E+09
 273     -0.148663E+10   -0.4283463E+06   -0.3028629E+08
 274     -0.186910E+10   -0.7026690E+07    0.5991506E+08
 275     -0.132292E+10   -0.8964821E+07    0.1763952E+09
 276     -0.803918E+09   -0.1437253E+08    0.2850517E+09
 277     -0.345253E+09    0.3286262E+08    0.2549348E+09
 278      0.303654E+08    0.8649164E+08    0.2289772E+09
 279      0.333258E+09    0.1800212E+09    0.1765191E+09
 280      0.571275E+09    0.2739015E+09    0.1296489E+09
 281      0.694529E+09    0.3568369E+09    0.9583032E+08
 282      0.777014E+09    0.4380875E+09    0.6452340E+08
 283      0.817208E+09    0.4736258E+09    0.4759300E+08
 284      0.830936E+09    0.5064369E+09    0.3060368E+08
 285      0.798782E+09    0.4831276E+09    0.7160241E+07
 286      0.735569E+09    0.4589819E+09   -0.1675191E+08
 287      0.619058E+09    0.3871066E+09   -0.6605706E+08
 288      0.458196E+09    0.3136727E+09   -0.1176740E+09
 289      0.235614E+09    0.2220392E+09   -0.1875206E+09
 290     -0.576180E+08    0.1286867E+09   -0.2613495E+09
 291     -0.422428E+09    0.6631817E+08   -0.2935277E+09
 292     -0.848451E+09    0.1143041E+08   -0.3295978E+09
 293     -0.131652E+10    0.4453439E+07   -0.1883184E+09
 294     -0.177685E+10   -0.5758059E+07   -0.3685484E+08
 295     -0.210402E+10   -0.1693681E+07    0.7857741E+08
 296     -0.144836E+10   -0.7051789E+07    0.1807769E+09
 297     -0.850002E+09   -0.6944064E+07    0.2746635E+09
 298     -0.328398E+09    0.8700597E+08    0.2108497E+09
 299      0.697871E+08    0.1851465E+09    0.1525615E+09
 300      0.380088E+09    0.3307038E+09    0.9008015E+08
 301      0.611830E+09    0.4719431E+09    0.3478635E+08
 302      0.729325E+09    0.5844683E+09    0.1882819E+08
 303      0.800628E+09    0.6914386E+09    0.5197552E+07
 304      0.836414E+09    0.7332346E+09    0.1639057E+08
 305      0.853304E+09    0.7755896E+09    0.2718790E+08
 306      0.825194E+09    0.7471641E+09    0.3182543E+08
 307      0.775837E+09    0.7159104E+09    0.3679575E+08
 308      0.673667E+09    0.6167491E+09    0.6693140E+07
 309      0.527354E+09    0.5144442E+09   -0.2648091E+08
 310      0.309321E+09    0.3754802E+09   -0.9847246E+08
 311      0.348117E+07    0.2318318E+09   -0.1750842E+09
 312     -0.391266E+09    0.1241755E+09   -0.2391203E+09
 313     -0.896399E+09    0.2060214E+08   -0.3078594E+09
 314     -0.146761E+10    0.6125340E+07   -0.1827662E+09
 315     -0.207034E+10   -0.3186529E+07   -0.4616296E+08
 316     -0.235880E+10   -0.2977696E+08    0.1065464E+09
 317     -0.151373E+10    0.4883389E+07    0.1557386E+09
 318     -0.790896E+09    0.3452607E+08    0.1842683E+09
 319     -0.240221E+09    0.1914621E+09    0.6029025E+08
 320      0.148484E+09    0.3598612E+09   -0.4348889E+08
 321      0.418871E+09    0.5582728E+09   -0.9373080E+08
 322      0.618252E+09    0.7525758E+09   -0.1344379E+09
 323      0.705525E+09    0.8884021E+09   -0.1093139E+09
 324      0.759334E+09    0.1021305E+10   -0.8276948E+08
 325      0.785046E+09    0.1069320E+10   -0.2809432E+08
 326      0.804354E+09    0.1116247E+10    0.2571276E+08
 327      0.780843E+09    0.1075082E+10    0.7357978E+08
 328      0.749551E+09    0.1034696E+10    0.1212498E+09
 329      0.668189E+09    0.9104807E+09    0.1320929E+09
 330      0.554415E+09    0.7817535E+09    0.1428737E+09
 331      0.369541E+09    0.5904831E+09    0.8756679E+08
 332      0.988948E+08    0.3962417E+09    0.2429332E+08
 333     -0.288253E+09    0.2273767E+09   -0.8120180E+08
 334     -0.838013E+09    0.6860430E+08   -0.2036005E+09
 335     -0.154755E+10    0.2350790E+08   -0.1441581E+09
 336     -0.236523E+10   -0.2491510E+08   -0.6066446E+08
 337     -0.264619E+10    0.2527960E+08    0.1600483E+09
 338     -0.158194E+10    0.2221737E+08    0.1385874E+09
 339     -0.764456E+09    0.7033013E+08    0.1054159E+09
 340     -0.130642E+09    0.3649987E+09   -0.8312993E+08
 341      0.231944E+09    0.6311547E+09   -0.2519532E+09
 342      0.461711E+09    0.9038905E+09   -0.2832937E+09
 343      0.626510E+09    0.1155357E+10   -0.3073349E+09
 344      0.680119E+09    0.1307900E+10   -0.2391334E+09
 345      0.716404E+09    0.1457348E+10   -0.1710275E+09
 346      0.731227E+09    0.1504884E+10   -0.7123105E+08
 347      0.753697E+09    0.1554228E+10    0.2751029E+08
 348      0.735150E+09    0.1508112E+10    0.1184428E+09
 349      0.723063E+09    0.1462529E+10    0.2097400E+09
 350      0.661611E+09    0.1313609E+10    0.2628048E+09
 351      0.582374E+09    0.1164466E+10    0.3169907E+09
 352      0.435707E+09    0.9210201E+09    0.2801827E+09
 353      0.201963E+09    0.6573937E+09    0.2355210E+09
 354     -0.166756E+09    0.3925371E+09    0.7079750E+08
 355     -0.805399E+09    0.1035110E+09   -0.1101052E+09
 356     -0.163280E+10    0.3841442E+08   -0.1127276E+09
 357     -0.268839E+10    0.1787852E+08   -0.9362879E+08
 358     -0.286481E+10   -0.1260416E+09    0.1873739E+09
 359     -0.144280E+10    0.7700207E+08    0.6558900E+07
 360     -0.468914E+09    0.2731670E+09   -0.2287649E+09
 361      0.166721E+08    0.6838209E+09   -0.4639721E+09
 362      0.273989E+09    0.1103109E+10   -0.6133535E+09
 363      0.418094E+09    0.1398136E+10   -0.5626236E+09
 364      0.536584E+09    0.1685487E+10   -0.5168076E+09
 365      0.554842E+09    0.1835035E+10   -0.3872206E+09
 366      0.579073E+09    0.1985846E+10   -0.2608677E+09
 367      0.587376E+09    0.2030085E+10   -0.1146085E+09
 368      0.609164E+09    0.2078093E+10    0.3082197E+08
 369      0.599000E+09    0.2028669E+10    0.1710473E+09
 370      0.595543E+09    0.1981524E+10    0.3122721E+09
 371      0.556029E+09    0.1825649E+10    0.4236536E+09
 372      0.512599E+09    0.1670249E+10    0.5368001E+09
 373      0.415058E+09    0.1383767E+10    0.5678227E+09
 374      0.266715E+09    0.1088996E+10    0.6032895E+09
 375     -0.534421E+07    0.6833473E+09    0.4538760E+09
 376     -0.512174E+09    0.2851697E+09    0.2319018E+09
 377     -0.149063E+10    0.9060366E+08    0.3066645E+08
 378     -0.292108E+10   -0.1056311E+09   -0.1082681E+09
 379     -0.371470E+10    0.2647902E+09    0.6416867E+09
 380     -0.113946E+10    0.2926690E+09   -0.4896834E+08
 381     -0.118350E+09    0.5714256E+09   -0.7468833E+09
 382      0.158229E+09    0.1337511E+10   -0.9061598E+09
 383      0.313568E+09    0.1845309E+10   -0.9919895E+09
 384      0.360079E+09    0.2107389E+10   -0.8541376E+09
 385      0.437473E+09    0.2377044E+10   -0.7246436E+09
 386      0.421686E+09    0.2499567E+10   -0.5316461E+09
 387      0.436851E+09    0.2629266E+10   -0.3449299E+09
 388      0.441655E+09    0.2668218E+10   -0.1534287E+09
 389      0.462167E+09    0.2712734E+10    0.3832796E+08
 390      0.460802E+09    0.2669915E+10    0.2280819E+09
 391      0.466312E+09    0.2630305E+10    0.4174074E+09
 392      0.445620E+09    0.2488476E+10    0.5888323E+09
 393      0.439406E+09    0.2352750E+10    0.7628939E+09
 394      0.385086E+09    0.2067620E+10    0.8712965E+09
 395      0.332366E+09    0.1787701E+10    0.9898981E+09
 396      0.156472E+09    0.1277470E+10    0.8968351E+09
 397     -0.154865E+09    0.5519575E+09    0.7255108E+09
 398     -0.120532E+10    0.2818554E+09    0.1019385E+09
 399     -0.375806E+10    0.2186702E+09   -0.4609326E+09
 400     -0.284527E+10   -0.4602977E+09   -0.1534686E+09
 401     -0.421007E+09    0.8412144E+09   -0.9203434E+09
 402     -0.100968E+09    0.2072746E+10   -0.1477416E+10
 403      0.965412E+08    0.2439929E+10   -0.1305711E+10
 404      0.148573E+09    0.2837608E+10   -0.1222836E+10
 405      0.173727E+09    0.2992253E+10   -0.1029785E+10
 406      0.213003E+09    0.3165866E+10   -0.8415370E+09
 407      0.205200E+09    0.3250478E+10   -0.6210874E+09
 408      0.216030E+09    0.3344642E+10   -0.4076385E+09
 409      0.221934E+09    0.3383671E+10   -0.1875270E+09
 410      0.234359E+09    0.3425316E+10    0.3386739E+08
 411      0.236357E+09    0.3399581E+10    0.2606646E+09
 412      0.242488E+09    0.3375954E+10    0.4877196E+09
 413      0.231081E+09    0.3268737E+10    0.7039491E+09
 414      0.232679E+09    0.3167843E+10    0.9221722E+09
 415      0.207048E+09    0.2950738E+10    0.1105349E+10
 416      0.181099E+09    0.2746543E+10    0.1297312E+10
 417      0.120111E+09    0.2302158E+10    0.1367195E+10
 418     -0.850574E+08    0.1857319E+10    0.1524930E+10
 419     -0.438061E+09    0.7400708E+09    0.9393871E+09
 420     -0.286164E+10   -0.3979074E+09    0.2299136E+09
 421     -0.132253E+10    0.4562730E+10   -0.1059177E+10
 422      0.120256E+09    0.4436906E+10   -0.1735623E+10
 423     -0.882362E+08    0.4265192E+10   -0.2039105E+10
 424      0.175786E+08    0.4113852E+10   -0.1634885E+10
 425     -0.155592E+08    0.4031574E+10   -0.1418602E+10
 426     -0.548036E+07    0.3994823E+10   -0.1181071E+10
 427     -0.474762E+07    0.3985883E+10   -0.9484463E+09
 428     -0.370110E+07    0.4055662E+10   -0.7040118E+09
 429      0.117720E+07    0.4126059E+10   -0.4676814E+09
 430      0.656093E+07    0.4179725E+10   -0.2190468E+09
 431      0.112472E+08    0.4234823E+10    0.3126536E+08
 432      0.159529E+08    0.4238260E+10    0.2939957E+09
 433      0.219332E+08    0.4241914E+10    0.5585765E+09
 434      0.220212E+08    0.4187618E+10    0.8166888E+09
 435      0.285390E+08    0.4136632E+10    0.1076928E+10
 436      0.325138E+08    0.4044305E+10    0.1325226E+10
 437      0.261060E+08    0.3965076E+10    0.1583448E+10
 438      0.662483E+08    0.3878697E+10    0.1793143E+10
 439     -0.366620E+08    0.3875603E+10    0.2198775E+10
 440      0.187100E+09    0.3769134E+10    0.1838729E+10
 441     -0.133706E+10    0.3586583E+10    0.1216036E+10
