   1     -0.718885E+09    0.2355853E+07   -0.2418718E+06
   2     -0.600869E+09   -0.4877888E+07   -0.5456826E+05
   3     -0.468549E+09   -0.1303995E+08    0.7497206E+05
   4     -0.329260E+09   -0.2897762E+08    0.3910917E+05
   5     -0.185910E+09   -0.4460552E+08    0.6068407E+05
   6     -0.428977E+08   -0.5894672E+08    0.5917100E+05
   7      0.952067E+08   -0.7306334E+08    0.6665529E+05
   8      0.227061E+09   -0.7922627E+08    0.5622131E+05
   9      0.347270E+09   -0.8516632E+08    0.5325540E+04
  10      0.456985E+09   -0.7871909E+08   -0.5768633E+05
  11      0.551095E+09   -0.7261604E+08    0.2533277E+06
  12      0.632826E+09   -0.5025816E+08   -0.4104712E+06
  13      0.696756E+09   -0.2359887E+08   -0.3125554E+07
  14      0.683828E+09    0.1091114E+08   -0.3130459E+07
  15      0.568089E+09    0.4090939E+08   -0.3746102E+06
  16      0.381627E+09    0.4432930E+08    0.7428470E+06
  17      0.126384E+09    0.4822298E+08    0.1280497E+07
  18     -0.201181E+09    0.3704463E+08    0.1319033E+07
  19     -0.620611E+09    0.2349403E+08    0.2012403E+07
  20     -0.112470E+10    0.8466737E+07    0.1402793E+07
  21     -0.174795E+10   -0.3911135E+07   -0.2923877E+06
  22     -0.727526E+09    0.1901465E+07    0.1263493E+07
  23     -0.607049E+09   -0.5625470E+07    0.7388483E+07
  24     -0.472251E+09   -0.1386113E+08    0.1346402E+08
  25     -0.330681E+09   -0.2931564E+08    0.1477210E+08
  26     -0.185272E+09   -0.4465059E+08    0.1605579E+08
  27     -0.404503E+08   -0.5867665E+08    0.1347455E+08
  28      0.991854E+08   -0.7249095E+08    0.1088501E+08
  29      0.232258E+09   -0.7842159E+08    0.5562033E+07
  30      0.353450E+09   -0.8419398E+08    0.2533301E+06
  31      0.463925E+09   -0.7773408E+08   -0.6753741E+07
  32      0.558465E+09   -0.7085419E+08   -0.1373436E+08
  33      0.640350E+09   -0.5029396E+08   -0.2135046E+08
  34      0.704562E+09   -0.2776561E+08   -0.3109748E+08
  35      0.673896E+09   -0.3905557E+07   -0.2489788E+08
  36      0.556769E+09    0.1807313E+08   -0.1484951E+08
  37      0.374308E+09    0.2464578E+08   -0.5686696E+07
  38      0.120700E+09    0.3076936E+08    0.1652090E+07
  39     -0.207334E+09    0.2508182E+08    0.7222345E+07
  40     -0.622902E+09    0.1818400E+08    0.1416178E+08
  41     -0.112021E+10    0.7993379E+07    0.9907069E+07
  42     -0.172782E+10   -0.7664867E+06    0.4514816E+07
  43     -0.735961E+09    0.2356276E+07    0.2556347E+07
  44     -0.613257E+09   -0.5109704E+07    0.1481376E+08
  45     -0.475924E+09   -0.1350563E+08    0.2696113E+08
  46     -0.332084E+09   -0.2941947E+08    0.2956407E+08
  47     -0.184618E+09   -0.4501737E+08    0.3213129E+08
  48     -0.379829E+08   -0.5912719E+08    0.2696636E+08
  49      0.103161E+09   -0.7300116E+08    0.2178399E+08
  50      0.237478E+09   -0.7884248E+08    0.1115840E+08
  51      0.359604E+09   -0.8438894E+08    0.6120838E+06
  52      0.470987E+09   -0.7841617E+08   -0.1319166E+08
  53      0.565978E+09   -0.7218468E+08   -0.2759161E+08
  54      0.649070E+09   -0.4964422E+08   -0.4353538E+08
  55      0.713844E+09   -0.2594353E+08   -0.5946242E+08
  56      0.662770E+09   -0.1343146E+08   -0.4554174E+08
  57      0.544593E+09   -0.1613370E+07   -0.2954023E+08
  58      0.365592E+09    0.7960033E+07   -0.1281238E+08
  59      0.116039E+09    0.1725629E+08    0.1784389E+07
  60     -0.215322E+09    0.1266506E+08    0.1392846E+08
  61     -0.623358E+09    0.5825251E+07    0.2730491E+08
  62     -0.111537E+10    0.9935438E+06    0.1793641E+08
  63     -0.170415E+10   -0.1862186E+07    0.8125902E+07
  64     -0.763033E+09    0.1820567E+07    0.4264060E+07
  65     -0.631527E+09   -0.6019952E+07    0.2249472E+08
  66     -0.486869E+09   -0.1457483E+08    0.4052182E+08
  67     -0.336166E+09   -0.2990111E+08    0.4419899E+08
  68     -0.182509E+09   -0.4509791E+08    0.4785670E+08
  69     -0.304647E+08   -0.5859247E+08    0.3993000E+08
  70      0.115197E+09   -0.7184554E+08    0.3197629E+08
  71      0.253081E+09   -0.7697988E+08    0.1599661E+08
  72      0.377878E+09   -0.8179226E+08    0.9856648E+03
  73      0.490682E+09   -0.7496297E+08   -0.1997043E+08
  74      0.587493E+09   -0.6727943E+08   -0.4163860E+08
  75      0.669167E+09   -0.5161441E+08   -0.6000965E+08
  76      0.704069E+09   -0.3592800E+08   -0.7315882E+08
  77      0.644648E+09   -0.2539344E+08   -0.5356205E+08
  78      0.527747E+09   -0.1606208E+08   -0.3694912E+08
  79      0.347436E+09   -0.1063134E+08   -0.1995993E+08
  80      0.996036E+08   -0.5316200E+07   -0.1910746E+07
  81     -0.230148E+09   -0.2768611E+07    0.1194101E+08
  82     -0.625265E+09    0.1037186E+07    0.2615129E+08
  83     -0.110704E+10    0.1089932E+07    0.1800273E+08
  84     -0.166437E+10    0.4907795E+06    0.8389892E+07
  85     -0.790556E+09    0.2291454E+07    0.6074782E+07
  86     -0.649670E+09   -0.5411460E+07    0.3026208E+08
  87     -0.497861E+09   -0.1406703E+08    0.5416674E+08
  88     -0.340250E+09   -0.2965201E+08    0.5892326E+08
  89     -0.180391E+09   -0.4487532E+08    0.6367165E+08
  90     -0.229176E+08   -0.5793383E+08    0.5297328E+08
  91      0.127323E+09   -0.7080952E+08    0.4224010E+08
  92      0.268755E+09   -0.7515046E+08    0.2076108E+08
  93      0.395858E+09   -0.7953275E+08   -0.3204559E+06
  94      0.510724E+09   -0.7046372E+08   -0.2781128E+08
  95      0.611663E+09   -0.5670366E+08   -0.5952371E+08
  96      0.689165E+09   -0.4314177E+08   -0.7624788E+08
  97      0.690439E+09   -0.3763635E+08   -0.8387819E+08
  98      0.626180E+09   -0.3964604E+08   -0.6182241E+08
  99      0.510198E+09   -0.3663033E+08   -0.4421794E+08
 100      0.330312E+09   -0.2801289E+08   -0.2597472E+08
 101      0.796614E+08   -0.1965977E+08   -0.5465982E+07
 102     -0.242057E+09   -0.1118346E+08    0.9142276E+07
 103     -0.629963E+09   -0.3685405E+07    0.2436873E+08
 104     -0.109783E+10   -0.1469326E+07    0.1860880E+08
 105     -0.162715E+10    0.9524630E+06    0.9928922E+07
 106     -0.836773E+09    0.1807395E+07    0.7698312E+07
 107     -0.679742E+09   -0.5900458E+07    0.3777802E+08
 108     -0.515536E+09   -0.1440883E+08    0.6746323E+08
 109     -0.346341E+09   -0.2896071E+08    0.7270652E+08
 110     -0.176202E+09   -0.4323364E+08    0.7795420E+08
 111     -0.992649E+07   -0.5487212E+08    0.6419786E+08
 112      0.147493E+09   -0.6625326E+08    0.5053399E+08
 113      0.294905E+09   -0.6957402E+08    0.2383434E+08
 114      0.426947E+09   -0.7224565E+08   -0.3645825E+07
 115      0.543280E+09   -0.6358068E+08   -0.3646313E+08
 116      0.638904E+09   -0.5360571E+08   -0.7044632E+08
 117      0.691298E+09   -0.5396614E+08   -0.7492204E+08
 118      0.677068E+09   -0.5815912E+08   -0.7411360E+08
 119      0.615771E+09   -0.5986851E+08   -0.6178302E+08
 120      0.495243E+09   -0.5859202E+08   -0.5176015E+08
 121      0.314191E+09   -0.4789964E+08   -0.3565466E+08
 122      0.615524E+08   -0.3731569E+08   -0.1938772E+08
 123     -0.255915E+09   -0.2363381E+08   -0.4049681E+07
 124     -0.641779E+09   -0.9832242E+07    0.1346798E+08
 125     -0.109574E+10   -0.3625382E+07    0.1310946E+08
 126     -0.159168E+10    0.1923741E+07    0.1024425E+08
 127     -0.882966E+09    0.2043970E+07    0.9354602E+07
 128     -0.710125E+09   -0.5086391E+07    0.4544103E+08
 129     -0.533245E+09   -0.1315935E+08    0.8103661E+08
 130     -0.352335E+09   -0.2675736E+08    0.8669559E+08
 131     -0.172027E+09   -0.3995376E+08    0.9246193E+08
 132      0.327063E+07   -0.4968181E+08    0.7542574E+08
 133      0.167612E+09   -0.5927405E+08    0.5863136E+08
 134      0.321894E+09   -0.6059228E+08    0.2557601E+08
 135      0.462333E+09   -0.5846894E+08   -0.1122266E+08
 136      0.577014E+09   -0.5373232E+08   -0.4616864E+08
 137      0.660303E+09   -0.5474358E+08   -0.7501953E+08
 138      0.689348E+09   -0.7286602E+08   -0.7014484E+08
 139      0.665686E+09   -0.8796202E+08   -0.6689800E+08
 140      0.606476E+09   -0.8601632E+08   -0.6265005E+08
 141      0.481787E+09   -0.8502769E+08   -0.5851197E+08
 142      0.297492E+09   -0.7228045E+08   -0.4591691E+08
 143      0.463509E+08   -0.5722262E+08   -0.3375811E+08
 144     -0.271717E+09   -0.3694544E+08   -0.1729664E+08
 145     -0.652040E+09   -0.1671235E+08    0.2315736E+07
 146     -0.109404E+10   -0.6097346E+07    0.7725941E+07
 147     -0.155391E+10    0.3139163E+07    0.1061302E+08
 148     -0.944513E+09    0.1136766E+07    0.1132077E+08
 149     -0.751143E+09   -0.5228093E+07    0.5153002E+08
 150     -0.555968E+09   -0.1218481E+08    0.9113231E+08
 151     -0.359324E+09   -0.2254940E+08    0.9667584E+08
 152     -0.164790E+09   -0.3276531E+08    0.1022938E+09
 153      0.220544E+08   -0.3979994E+08    0.8220785E+08
 154      0.197565E+09   -0.4555887E+08    0.6111275E+08
 155      0.355285E+09   -0.4474724E+08    0.2669643E+08
 156      0.496573E+09   -0.4366680E+08   -0.7418125E+07
 157      0.599717E+09   -0.6238375E+08   -0.2982463E+08
 158      0.666874E+09   -0.8502668E+08   -0.4895346E+08
 159      0.693385E+09   -0.1009682E+09   -0.5463014E+08
 160      0.672964E+09   -0.1137359E+09   -0.6232993E+08
 161      0.608277E+09   -0.1109068E+09   -0.6506408E+08
 162      0.481251E+09   -0.1079102E+09   -0.6716190E+08
 163      0.290710E+09   -0.9273847E+08   -0.6126593E+08
 164      0.387115E+08   -0.7749137E+08   -0.5573566E+08
 165     -0.287975E+09   -0.5401636E+08   -0.4071228E+08
 166     -0.669935E+09   -0.2891836E+08   -0.2303129E+08
 167     -0.110880E+10   -0.1175579E+08   -0.6788122E+07
 168     -0.154408E+10    0.3429997E+07    0.7278209E+07
 169     -0.100818E+10    0.6382442E+06    0.1370668E+08
 170     -0.791408E+09   -0.3244632E+07    0.5702544E+08
 171     -0.577768E+09   -0.7630704E+07    0.9963333E+08
 172     -0.365822E+09   -0.1457077E+08    0.1047754E+09
 173     -0.156235E+09   -0.2073405E+08    0.1094457E+09
 174      0.412491E+08   -0.2362608E+08    0.8666733E+08
 175      0.228562E+09   -0.2526160E+08    0.6314219E+08
 176      0.387977E+09   -0.4607217E+08    0.3231902E+08
 177      0.523151E+09   -0.7106392E+08    0.5494097E+07
 178      0.618812E+09   -0.9569496E+08   -0.9215057E+07
 179      0.676477E+09   -0.1174698E+09   -0.2538513E+08
 180      0.701174E+09   -0.1279056E+09   -0.4157688E+08
 181      0.680608E+09   -0.1387026E+09   -0.5774341E+08
 182      0.610303E+09   -0.1375410E+09   -0.6731018E+08
 183      0.479991E+09   -0.1371261E+09   -0.7635320E+08
 184      0.284683E+09   -0.1181721E+09   -0.7760699E+08
 185      0.300741E+08   -0.9649457E+08   -0.7902364E+08
 186     -0.303809E+09   -0.6457419E+08   -0.6497348E+08
 187     -0.688133E+09   -0.3060078E+08   -0.4956231E+08
 188     -0.112421E+10   -0.1003209E+08   -0.2125560E+08
 189     -0.153378E+10    0.6927041E+07    0.5612225E+07
 190     -0.107129E+10    0.1433492E+07    0.1241045E+08
 191     -0.840423E+09   -0.1028096E+07    0.5944087E+08
 192     -0.605917E+09   -0.3433901E+07    0.1065610E+09
 193     -0.375250E+09   -0.1504383E+08    0.1151049E+09
 194     -0.148082E+09   -0.2701367E+08    0.1223330E+09
 195      0.612393E+08   -0.4585924E+08    0.1011139E+09
 196      0.251935E+09   -0.6449594E+08    0.8057145E+08
 197      0.413042E+09   -0.8426033E+08    0.5466411E+08
 198      0.541577E+09   -0.1044655E+09    0.3012830E+08
 199      0.639159E+09   -0.1199668E+09    0.7930965E+07
 200      0.697600E+09   -0.1348427E+09   -0.1420139E+08
 201      0.722062E+09   -0.1420042E+09   -0.3402412E+08
 202      0.698313E+09   -0.1496928E+09   -0.5351105E+08
 203      0.627456E+09   -0.1471018E+09   -0.6976844E+08
 204      0.492014E+09   -0.1439392E+09   -0.8623630E+08
 205      0.296381E+09   -0.1259356E+09   -0.9645330E+08
 206      0.273289E+08   -0.1074753E+09   -0.1063524E+09
 207     -0.312598E+09   -0.7732910E+08   -0.9607416E+08
 208     -0.713966E+09   -0.4484129E+08   -0.8583212E+08
 209     -0.116638E+10   -0.1919023E+08   -0.4345393E+08
 210     -0.158064E+10    0.3840717E+07   -0.1183794E+07
 211     -0.112538E+10    0.3489811E+07    0.1049352E+08
 212     -0.889362E+09   -0.8086338E+07    0.6238037E+08
 213     -0.634843E+09   -0.2127839E+08    0.1152442E+09
 214     -0.386322E+09   -0.4403029E+08    0.1283328E+09
 215     -0.142800E+09   -0.6495566E+08    0.1392049E+09
 216      0.795462E+08   -0.8014357E+08    0.1198900E+09
 217      0.273150E+09   -0.9577750E+08    0.1013703E+09
 218      0.437394E+09   -0.1064533E+09    0.7502526E+08
 219      0.564476E+09   -0.1161252E+09    0.4927506E+08
 220      0.662521E+09   -0.1202571E+09    0.2239523E+08
 221      0.719606E+09   -0.1248327E+09   -0.3424035E+07
 222      0.743096E+09   -0.1311000E+09   -0.2666592E+08
 223      0.716799E+09   -0.1387927E+09   -0.4974803E+08
 224      0.645854E+09   -0.1397518E+09   -0.7385735E+08
 225      0.504803E+09   -0.1395332E+09   -0.9857732E+08
 226      0.307219E+09   -0.1264719E+09   -0.1154731E+09
 227      0.244946E+08   -0.1135969E+09   -0.1331889E+09
 228     -0.321897E+09   -0.8062976E+08   -0.1280691E+09
 229     -0.741349E+09   -0.4257171E+08   -0.1226183E+09
 230     -0.120781E+10   -0.1489651E+08   -0.6598823E+08
 231     -0.163214E+10    0.8103166E+07   -0.8266046E+07
 232     -0.120005E+10    0.2217569E+07    0.1840665E+08
 233     -0.953738E+09   -0.1668875E+08    0.8017156E+08
 234     -0.673819E+09   -0.3792762E+08    0.1423243E+09
 235     -0.395883E+09   -0.6074018E+08    0.1497201E+09
 236     -0.133272E+09   -0.8147125E+08    0.1544825E+09
 237      0.101503E+09   -0.8812362E+08    0.1276179E+09
 238      0.300555E+09   -0.9339582E+08    0.1019756E+09
 239      0.464182E+09   -0.8800008E+08    0.7194124E+08
 240      0.591076E+09   -0.8271740E+08    0.4365790E+08
 241      0.685732E+09   -0.8057366E+08    0.2072714E+08
 242      0.741405E+09   -0.7955467E+08   -0.1229775E+07
 243      0.764001E+09   -0.8488030E+08   -0.2098689E+08
 244      0.740923E+09   -0.9036334E+08   -0.4083767E+08
 245      0.671991E+09   -0.1000350E+09   -0.6540081E+08
 246      0.534388E+09   -0.1118858E+09   -0.9097174E+08
 247      0.335053E+09   -0.1105187E+09   -0.1195617E+09
 248      0.462870E+08   -0.1058693E+09   -0.1499735E+09
 249     -0.318057E+09   -0.7863415E+08   -0.1556050E+09
 250     -0.768147E+09   -0.4795980E+08   -0.1623601E+09
 251     -0.128160E+10   -0.1941008E+08   -0.9032845E+08
 252     -0.175911E+10    0.5035904E+07   -0.1446992E+08
 253     -0.127934E+10    0.7542967E+07    0.2554888E+08
 254     -0.101855E+10   -0.1735963E+08    0.9934514E+08
 255     -0.715740E+09   -0.4665918E+08    0.1726578E+09
 256     -0.406089E+09   -0.6819768E+08    0.1728751E+09
 257     -0.124890E+09   -0.8363545E+08    0.1712667E+09
 258      0.124101E+09   -0.6899153E+08    0.1362162E+09
 259      0.329616E+09   -0.5340333E+08    0.1022997E+09
 260      0.492760E+09   -0.2839509E+08    0.6971147E+08
 261      0.618259E+09   -0.4700431E+07    0.3948691E+08
 262      0.709843E+09    0.1015887E+08    0.1990701E+08
 263      0.764198E+09    0.2409463E+08    0.1368332E+07
 264      0.786359E+09    0.1667627E+08   -0.1508701E+08
 265      0.766523E+09    0.7245788E+07   -0.3169407E+08
 266      0.698089E+09   -0.1638648E+08   -0.5676547E+08
 267      0.566077E+09   -0.3987550E+08   -0.8409485E+08
 268      0.364977E+09   -0.5628191E+08   -0.1255186E+09
 269      0.668445E+08   -0.7450381E+08   -0.1680061E+09
 270     -0.315060E+09   -0.6481025E+08   -0.1843850E+09
 271     -0.796333E+09   -0.4692044E+08   -0.2039916E+09
 272     -0.135927E+10   -0.1743847E+08   -0.1158233E+09
 273     -0.188327E+10    0.7113789E+07   -0.2151470E+08
 274     -0.142256E+10   -0.2140944E+06    0.3935815E+08
 275     -0.110543E+10   -0.2229815E+08    0.1219104E+09
 276     -0.741498E+09   -0.4963937E+08    0.1994133E+09
 277     -0.388849E+09   -0.5198169E+08    0.1726615E+09
 278     -0.872445E+08   -0.4802079E+08    0.1465895E+09
 279      0.166792E+09   -0.4144838E+07    0.9601125E+08
 280      0.365994E+09    0.4145347E+08    0.4970627E+08
 281      0.517049E+09    0.9360104E+08    0.2321166E+08
 282      0.632762E+09    0.1448143E+09   -0.9687704E+06
 283      0.713410E+09    0.1715076E+09   -0.3660517E+07
 284      0.766839E+09    0.1965911E+09   -0.5773445E+07
 285      0.786079E+09    0.1858484E+09   -0.3337531E+07
 286      0.775260E+09    0.1729922E+09   -0.2146753E+06
 287      0.716041E+09    0.1301504E+09   -0.1593340E+08
 288      0.603289E+09    0.8626248E+08   -0.3372105E+08
 289      0.412575E+09    0.3647170E+08   -0.8012286E+08
 290      0.119739E+09   -0.1238204E+08   -0.1312732E+09
 291     -0.277697E+09   -0.2725896E+08   -0.1727975E+09
 292     -0.803377E+09   -0.3618025E+08   -0.2195410E+09
 293     -0.145519E+10   -0.1664039E+08   -0.1330405E+09
 294     -0.209546E+10   -0.1383302E+07   -0.3605423E+08
 295     -0.156827E+10    0.7724027E+07    0.5699303E+08
 296     -0.119613E+10   -0.2215089E+08    0.1462917E+09
 297     -0.775703E+09   -0.5048522E+08    0.2295045E+09
 298     -0.371491E+09   -0.1529962E+08    0.1767129E+09
 299     -0.498705E+08    0.2630636E+08    0.1249765E+09
 300      0.214160E+09    0.1231775E+09    0.5738823E+08
 301      0.404267E+09    0.2176922E+09   -0.3943737E+07
 302      0.543238E+09    0.3029321E+09   -0.2334959E+08
 303      0.649047E+09    0.3833821E+09   -0.4123835E+08
 304      0.716934E+09    0.4226688E+09   -0.2697822E+08
 305      0.770550E+09    0.4608979E+09   -0.1173579E+08
 306      0.785708E+09    0.4455496E+09    0.9253524E+07
 307      0.784274E+09    0.4302694E+09    0.3134984E+08
 308      0.737191E+09    0.3646156E+09    0.2621345E+08
 309      0.641267E+09    0.2950179E+09    0.1957219E+08
 310      0.464099E+09    0.2001333E+09   -0.3461011E+08
 311      0.173757E+09    0.9948261E+08   -0.9596502E+08
 312     -0.239218E+09    0.3506063E+08   -0.1647745E+09
 313     -0.819652E+09   -0.2157907E+08   -0.2395895E+09
 314     -0.155440E+10   -0.9155389E+07   -0.1521721E+09
 315     -0.231478E+10    0.4980563E+07   -0.5250675E+08
 316     -0.180778E+10   -0.1947242E+08    0.8663379E+08
 317     -0.127105E+10   -0.1657224E+08    0.1517996E+09
 318     -0.728944E+09   -0.2327095E+08    0.1969281E+09
 319     -0.286767E+09    0.7290994E+08    0.8176030E+08
 320      0.396984E+08    0.1847631E+09   -0.1923786E+08
 321      0.269162E+09    0.3416732E+09   -0.8550259E+08
 322      0.427871E+09    0.4946857E+09   -0.1413394E+09
 323      0.534334E+09    0.6107183E+09   -0.1320514E+09
 324      0.621600E+09    0.7249371E+09   -0.1218793E+09
 325      0.671005E+09    0.7752078E+09   -0.7388253E+08
 326      0.717720E+09    0.8251529E+09   -0.2488382E+08
 327      0.733292E+09    0.8042407E+09    0.3169170E+08
 328      0.741726E+09    0.7831832E+09    0.8824887E+08
 329      0.712687E+09    0.6911889E+09    0.1185188E+09
 330      0.647319E+09    0.5965419E+09    0.1486682E+09
 331      0.505820E+09    0.4442911E+09    0.1123414E+09
 332      0.261995E+09    0.2875133E+09    0.6708799E+08
 333     -0.135990E+09    0.1508110E+09   -0.4111137E+08
 334     -0.748223E+09    0.2529369E+08   -0.1695026E+09
 335     -0.161087E+10    0.3861470E+07   -0.1351591E+09
 336     -0.261484E+10   -0.2224354E+08   -0.7493842E+08
 337     -0.208087E+10    0.3659579E+08    0.1399114E+09
 338     -0.135044E+10   -0.8303228E+06    0.1663534E+09
 339     -0.717529E+09    0.5577210E+07    0.1803216E+09
 340     -0.179023E+09    0.2390712E+09   -0.3901634E+07
 341      0.136176E+09    0.4518886E+09   -0.1758308E+09
 342      0.328770E+09    0.6929725E+09   -0.2342989E+09
 343      0.453741E+09    0.9130237E+09   -0.2834684E+09
 344      0.525581E+09    0.1058650E+10   -0.2446089E+09
 345      0.591380E+09    0.1201966E+10   -0.2047005E+09
 346      0.624315E+09    0.1258787E+10   -0.1206905E+09
 347      0.662380E+09    0.1317121E+10   -0.3782249E+08
 348      0.679515E+09    0.1293532E+10    0.5600052E+08
 349      0.698485E+09    0.1270105E+10    0.1503228E+09
 350      0.687449E+09    0.1152471E+10    0.2162800E+09
 351      0.655722E+09    0.1034746E+10    0.2839628E+09
 352      0.551862E+09    0.8229239E+09    0.2673206E+09
 353      0.357894E+09    0.5908632E+09    0.2428482E+09
 354     -0.107292E+08    0.3495601E+09    0.7680935E+08
 355     -0.702302E+09    0.8400909E+08   -0.1114024E+09
 356     -0.167417E+10    0.3156312E+08   -0.1266004E+09
 357     -0.295166E+10    0.2331497E+08   -0.1174813E+09
 358     -0.238398E+10   -0.1148745E+09    0.1736658E+09
 359     -0.127440E+10    0.4962363E+08    0.6813629E+08
 360     -0.437722E+09    0.2026891E+09   -0.1014795E+09
 361     -0.177448E+08    0.5713670E+09   -0.3478511E+09
 362      0.207586E+09    0.9544088E+09   -0.5090923E+09
 363      0.321597E+09    0.1231823E+10   -0.4945062E+09
 364      0.400598E+09    0.1501844E+10   -0.4836078E+09
 365      0.438852E+09    0.1650979E+10   -0.3914239E+09
 366      0.479171E+09    0.1801137E+10   -0.3011998E+09
 367      0.502305E+09    0.1857443E+10   -0.1754055E+09
 368      0.531083E+09    0.1916634E+10   -0.5110507E+08
 369      0.545111E+09    0.1889381E+10    0.8544033E+08
 370      0.568862E+09    0.1866096E+10    0.2228682E+09
 371      0.570017E+09    0.1742697E+10    0.3454026E+09
 372      0.564684E+09    0.1619611E+10    0.4718826E+09
 373      0.507427E+09    0.1360701E+10    0.5272591E+09
 374      0.399440E+09    0.1094383E+10    0.5876539E+09
 375      0.138482E+09    0.6947798E+09    0.4524802E+09
 376     -0.407013E+09    0.2973247E+09    0.2371553E+09
 377     -0.152164E+10    0.9308953E+08    0.2096887E+08
 378     -0.323175E+10   -0.1101198E+09   -0.1315252E+09
 379     -0.333431E+10    0.2560061E+09    0.6406498E+09
 380     -0.104062E+10    0.2587980E+09    0.5349492E+08
 381     -0.933320E+08    0.5112621E+09   -0.5666966E+09
 382      0.140564E+09    0.1267716E+10   -0.7540401E+09
 383      0.280114E+09    0.1768430E+10   -0.8596364E+09
 384      0.303444E+09    0.2026380E+10   -0.7683117E+09
 385      0.339843E+09    0.2289443E+10   -0.6847189E+09
 386      0.344884E+09    0.2410511E+10   -0.5387542E+09
 387      0.363222E+09    0.2539851E+10   -0.3963790E+09
 388      0.376059E+09    0.2583664E+10   -0.2290748E+09
 389      0.396393E+09    0.2631771E+10   -0.6227592E+08
 390      0.407379E+09    0.2607414E+10    0.1170928E+09
 391      0.435492E+09    0.2588054E+10    0.2965138E+09
 392      0.445754E+09    0.2477514E+10    0.4784362E+09
 393      0.466849E+09    0.2374293E+10    0.6653272E+09
 394      0.454049E+09    0.2121848E+10    0.8032576E+09
 395      0.442801E+09    0.1876856E+10    0.9514453E+09
 396      0.286408E+09    0.1365763E+10    0.8916120E+09
 397     -0.441507E+08    0.6234293E+09    0.7492911E+09
 398     -0.121426E+10    0.3092191E+09    0.9646467E+08
 399     -0.415392E+10    0.2132169E+09   -0.5020224E+09
 400     -0.266613E+10   -0.4597697E+09   -0.1359241E+09
 401     -0.371987E+09    0.8343214E+09   -0.8272761E+09
 402     -0.817481E+08    0.2071815E+10   -0.1331885E+10
 403      0.927343E+08    0.2473871E+10   -0.1176899E+10
 404      0.138606E+09    0.2898135E+10   -0.1103205E+10
 405      0.150801E+09    0.3051428E+10   -0.9404378E+09
 406      0.167195E+09    0.3221484E+10   -0.7869150E+09
 407      0.169647E+09    0.3289952E+10   -0.6115904E+09
 408      0.179695E+09    0.3365868E+10   -0.4386052E+09
 409      0.187226E+09    0.3388962E+10   -0.2510302E+09
 410      0.198362E+09    0.3416548E+10   -0.6342496E+08
 411      0.205417E+09    0.3399538E+10    0.1384046E+09
 412      0.221439E+09    0.3386222E+10    0.3409087E+09
 413      0.227184E+09    0.3314005E+10    0.5589065E+09
 414      0.240598E+09    0.3249744E+10    0.7788537E+09
 415      0.240559E+09    0.3074386E+10    0.9971419E+09
 416      0.238010E+09    0.2912470E+10    0.1227404E+10
 417      0.186811E+09    0.2470371E+10    0.1361641E+10
 418     -0.272897E+08    0.2022854E+10    0.1595079E+10
 419     -0.434778E+09    0.8219558E+09    0.1003341E+10
 420     -0.313203E+10   -0.3997106E+09    0.2598977E+09
 421     -0.133828E+10    0.4459770E+10   -0.1051412E+10
 422      0.124837E+09    0.4457154E+10   -0.1665935E+10
 423     -0.822329E+08    0.4406599E+10   -0.1927169E+10
 424      0.238743E+08    0.4310941E+10   -0.1528120E+10
 425     -0.768754E+07    0.4292587E+10   -0.1309625E+10
 426      0.650807E+06    0.4269908E+10   -0.1085244E+10
 427     -0.135691E+07    0.4262754E+10   -0.8754444E+09
 428     -0.123093E+06    0.4253440E+10   -0.6739384E+09
 429      0.124065E+07    0.4249447E+10   -0.4746482E+09
 430      0.364098E+07    0.4243532E+10   -0.2689154E+09
 431      0.573520E+07    0.4240643E+10   -0.6283548E+08
 432      0.859368E+07    0.4234454E+10    0.1597754E+09
 433      0.122645E+08    0.4231881E+10    0.3837652E+09
 434      0.149700E+08    0.4218714E+10    0.6343209E+09
 435      0.191596E+08    0.4210128E+10    0.8848099E+09
 436      0.300172E+08    0.4183087E+10    0.1173726E+10
 437      0.283460E+08    0.4169025E+10    0.1479876E+10
 438      0.694621E+08    0.4105804E+10    0.1782586E+10
 439     -0.319630E+08    0.4131051E+10    0.2306777E+10
 440      0.193189E+09    0.3953132E+10    0.1964983E+10
 441     -0.143421E+10    0.3690893E+10    0.1318721E+10
