   1     -0.717271E+09    0.2674132E+07   -0.6461838E+06
   2     -0.571506E+09   -0.3440308E+07   -0.4505692E+06
   3     -0.449867E+09   -0.1075655E+08    0.4891826E+05
   4     -0.315659E+09   -0.3088683E+08    0.1452221E+06
   5     -0.173882E+09   -0.5049801E+08   -0.7732027E+05
   6     -0.302318E+08   -0.6842609E+08   -0.8633147E+05
   7      0.110088E+09   -0.8627333E+08   -0.1138811E+06
   8      0.245586E+09   -0.9370382E+08   -0.1724987E+06
   9      0.369287E+09   -0.1008479E+09   -0.2789828E+06
  10      0.483537E+09   -0.9101699E+08    0.1092209E+05
  11      0.580008E+09   -0.8280782E+08    0.3251439E+06
  12      0.666558E+09   -0.3852000E+08   -0.5905313E+07
  13      0.678395E+09    0.1494581E+08   -0.1016100E+08
  14      0.579782E+09    0.5345413E+08   -0.3523455E+07
  15      0.434987E+09    0.8321553E+08    0.6506587E+06
  16      0.241212E+09    0.8472599E+08    0.1643668E+07
  17      0.143964E+07    0.8806679E+08    0.1904324E+07
  18     -0.286644E+09    0.7575130E+08    0.2336774E+07
  19     -0.600453E+09    0.6020354E+08    0.5213697E+07
  20     -0.953812E+09    0.2734651E+08    0.5929602E+07
  21     -0.134186E+10   -0.2522190E+07    0.5382872E+07
  22     -0.719059E+09    0.2820063E+07   -0.1027472E+07
  23     -0.581035E+09   -0.5047936E+07    0.7245590E+07
  24     -0.454940E+09   -0.1385770E+08    0.1584891E+08
  25     -0.317692E+09   -0.3275960E+08    0.1821156E+08
  26     -0.173392E+09   -0.5155127E+08    0.2016004E+08
  27     -0.272845E+08   -0.6950595E+08    0.1709666E+08
  28      0.115236E+09   -0.8722201E+08    0.1402006E+08
  29      0.252643E+09   -0.9476086E+08    0.6830542E+07
  30      0.378158E+09   -0.1021658E+09   -0.3891284E+06
  31      0.493705E+09   -0.9187781E+08   -0.1067346E+08
  32      0.592203E+09   -0.7946851E+08   -0.2245174E+08
  33      0.676218E+09   -0.5323745E+08   -0.3205300E+08
  34      0.666044E+09   -0.2771116E+08   -0.3676786E+08
  35      0.570344E+09   -0.6987574E+07   -0.2383177E+08
  36      0.427900E+09    0.1335973E+08   -0.1469718E+08
  37      0.233093E+09    0.2302832E+08   -0.7262246E+07
  38     -0.676223E+07    0.3206563E+08    0.9689255E+06
  39     -0.293741E+09    0.2522469E+08    0.8541492E+07
  40     -0.608076E+09    0.1664423E+08    0.1897195E+08
  41     -0.949227E+09    0.6322427E+07    0.1546173E+08
  42     -0.130529E+10   -0.2040020E+07    0.8907409E+07
  43     -0.718721E+09    0.2186320E+07   -0.1051745E+07
  44     -0.590970E+09   -0.6492400E+07    0.1490844E+08
  45     -0.459729E+09   -0.1586470E+08    0.3132963E+08
  46     -0.319675E+09   -0.3537195E+08    0.3612232E+08
  47     -0.172753E+09   -0.5500177E+08    0.4030182E+08
  48     -0.242559E+08   -0.7406284E+08    0.3419846E+08
  49      0.120529E+09   -0.9285676E+08    0.2805898E+08
  50      0.259834E+09   -0.1017262E+09    0.1367829E+08
  51      0.387300E+09   -0.1108399E+09   -0.4440375E+06
  52      0.504493E+09   -0.1018648E+09   -0.2206178E+08
  53      0.606008E+09   -0.8789807E+08   -0.4797247E+08
  54      0.686405E+09   -0.6776220E+08   -0.5763383E+08
  55      0.652085E+09   -0.5427825E+08   -0.5925538E+08
  56      0.559355E+09   -0.4529918E+08   -0.4259983E+08
  57      0.419656E+09   -0.3272132E+08   -0.2998253E+08
  58      0.223830E+09   -0.2053889E+08   -0.1609774E+08
  59     -0.174534E+08   -0.8739552E+07   -0.3802802E+05
  60     -0.300881E+09   -0.4931907E+07    0.1498470E+08
  61     -0.616674E+09   -0.2526539E+07    0.3231421E+08
  62     -0.942220E+09   -0.1798364E+07    0.2357162E+08
  63     -0.126589E+10   -0.1799673E+06    0.1083244E+08
  64     -0.740767E+09    0.2359555E+07    0.2112037E+07
  65     -0.615223E+09   -0.7970603E+07    0.2502674E+08
  66     -0.475193E+09   -0.1908021E+08    0.4838944E+08
  67     -0.326594E+09   -0.3949663E+08    0.5564356E+08
  68     -0.171502E+09   -0.5992741E+08    0.6221384E+08
  69     -0.156484E+08   -0.7986889E+08    0.5329101E+08
  70      0.135655E+09   -0.9952885E+08    0.4431019E+08
  71      0.280502E+09   -0.1098733E+09    0.2340740E+08
  72      0.412665E+09   -0.1194261E+09    0.2547580E+07
  73      0.534081E+09   -0.1160661E+09   -0.2665239E+08
  74      0.638675E+09   -0.1117766E+09   -0.6026840E+08
  75      0.684087E+09   -0.1026112E+09   -0.6484070E+08
  76      0.642672E+09   -0.9526569E+08   -0.6238373E+08
  77      0.550753E+09   -0.8465786E+08   -0.5264702E+08
  78      0.406525E+09   -0.7280634E+08   -0.4462428E+08
  79      0.210357E+09   -0.5711324E+08   -0.3126234E+08
  80     -0.368225E+08   -0.4088098E+08   -0.1741658E+08
  81     -0.318493E+09   -0.2472212E+08    0.5128056E+06
  82     -0.627588E+09   -0.8916764E+07    0.2010267E+08
  83     -0.935295E+09   -0.3029799E+07    0.1636093E+08
  84     -0.122540E+10    0.2356451E+07    0.1012413E+08
  85     -0.764455E+09    0.3376690E+07    0.4551055E+07
  86     -0.638668E+09   -0.7716238E+07    0.3515912E+08
  87     -0.490676E+09   -0.2006411E+08    0.6595364E+08
  88     -0.333533E+09   -0.4320693E+08    0.7535268E+08
  89     -0.170324E+09   -0.6586477E+08    0.8424749E+08
  90     -0.706754E+07   -0.8752631E+08    0.7252834E+08
  91      0.150718E+09   -0.1087259E+09    0.6073666E+08
  92      0.301178E+09   -0.1212144E+09    0.3362448E+08
  93      0.438118E+09   -0.1332064E+09    0.5680720E+07
  94      0.564212E+09   -0.1294026E+09   -0.3155847E+08
  95      0.670472E+09   -0.1259957E+09   -0.6915148E+08
  96      0.679554E+09   -0.1297673E+09   -0.7097558E+08
  97      0.634347E+09   -0.1321341E+09   -0.7021755E+08
  98      0.543153E+09   -0.1190991E+09   -0.6446238E+08
  99      0.393445E+09   -0.1070704E+09   -0.5909260E+08
 100      0.197478E+09   -0.8849112E+08   -0.4645382E+08
 101     -0.534815E+08   -0.7006748E+08   -0.3399132E+08
 102     -0.336919E+09   -0.4895288E+08   -0.1463296E+08
 103     -0.636913E+09   -0.2557480E+08    0.7003074E+07
 104     -0.930074E+09   -0.1020828E+08    0.9885073E+07
 105     -0.118397E+10    0.3195115E+07    0.1030975E+08
 106     -0.819097E+09    0.2907575E+07    0.7265901E+07
 107     -0.678669E+09   -0.9676691E+07    0.4741848E+08
 108     -0.516605E+09   -0.2336859E+08    0.8752833E+08
 109     -0.345074E+09   -0.4785919E+08    0.9865243E+08
 110     -0.168136E+09   -0.7200270E+08    0.1093537E+09
 111      0.724321E+07   -0.9453404E+08    0.9431990E+08
 112      0.175106E+09   -0.1165374E+09    0.7910954E+08
 113      0.333419E+09   -0.1291944E+09    0.4622509E+08
 114      0.476802E+09   -0.1407556E+09    0.1164849E+08
 115      0.605254E+09   -0.1450403E+09   -0.2792558E+08
 116      0.682569E+09   -0.1504996E+09   -0.6221501E+08
 117      0.685163E+09   -0.1528970E+09   -0.6679627E+08
 118      0.639611E+09   -0.1553202E+09   -0.7423696E+08
 119      0.543712E+09   -0.1451592E+09   -0.7561075E+08
 120      0.391457E+09   -0.1336888E+09   -0.7731375E+08
 121      0.188380E+09   -0.1102331E+09   -0.6921412E+08
 122     -0.670029E+08   -0.8693286E+08   -0.5993798E+08
 123     -0.354964E+09   -0.5963122E+08   -0.4185562E+08
 124     -0.656525E+09   -0.3054614E+08   -0.2214073E+08
 125     -0.942887E+09   -0.1213041E+08   -0.6920328E+07
 126     -0.117841E+10    0.4108890E+07    0.6132231E+07
 127     -0.873770E+09    0.4000643E+07    0.1016005E+08
 128     -0.718607E+09   -0.9589427E+07    0.5981206E+08
 129     -0.542539E+09   -0.2482881E+08    0.1091729E+09
 130     -0.356598E+09   -0.5182285E+08    0.1221175E+09
 131     -0.165978E+09   -0.7799600E+08    0.1347252E+09
 132      0.215387E+08   -0.1013763E+09    0.1162763E+09
 133      0.199597E+09   -0.1246160E+09    0.9784804E+08
 134      0.365856E+09   -0.1358859E+09    0.5814476E+08
 135      0.516490E+09   -0.1425352E+09    0.1506028E+08
 136      0.645656E+09   -0.1481361E+09   -0.2305595E+08
 137      0.692096E+09   -0.1614841E+09   -0.5319590E+08
 138      0.692255E+09   -0.1718362E+09   -0.6369488E+08
 139      0.644662E+09   -0.1774129E+09   -0.7797341E+08
 140      0.544685E+09   -0.1657697E+09   -0.8679517E+08
 141      0.390132E+09   -0.1551655E+09   -0.9577096E+08
 142      0.179418E+09   -0.1291489E+09   -0.9274329E+08
 143     -0.814843E+08   -0.1000964E+09   -0.8864770E+08
 144     -0.372607E+09   -0.6563380E+08   -0.6896541E+08
 145     -0.675439E+09   -0.3199583E+08   -0.4948024E+08
 146     -0.955962E+09   -0.1247112E+08   -0.2301276E+08
 147     -0.117558E+10    0.5438932E+07    0.3130677E+07
 148     -0.963385E+09    0.3379405E+07    0.1348285E+08
 149     -0.778951E+09   -0.1154905E+08    0.7425757E+08
 150     -0.579910E+09   -0.2799332E+08    0.1344974E+09
 151     -0.371441E+09   -0.5561024E+08    0.1481448E+09
 152     -0.160910E+09   -0.8245051E+08    0.1614136E+09
 153      0.432059E+08   -0.1050725E+09    0.1382907E+09
 154      0.234074E+09   -0.1266073E+09    0.1152004E+09
 155      0.410101E+09   -0.1391137E+09    0.7008839E+08
 156      0.566159E+09   -0.1509668E+09    0.2227570E+08
 157      0.672777E+09   -0.1625232E+09   -0.9980709E+07
 158      0.712656E+09   -0.1761625E+09   -0.3656895E+08
 159      0.714846E+09   -0.1833109E+09   -0.5747824E+08
 160      0.665677E+09   -0.1893365E+09   -0.8036186E+08
 161      0.561853E+09   -0.1781803E+09   -0.9778958E+08
 162      0.401983E+09   -0.1663176E+09   -0.1150199E+09
 163      0.183689E+09   -0.1400411E+09   -0.1193896E+09
 164     -0.872711E+08   -0.1136758E+09   -0.1237819E+09
 165     -0.391701E+09   -0.7710045E+08   -0.1051721E+09
 166     -0.703779E+09   -0.3772988E+08   -0.8591678E+08
 167     -0.998211E+09   -0.1461640E+08   -0.4296552E+08
 168     -0.122459E+10    0.5359354E+07   -0.2504417E+06
 169     -0.105288E+10    0.4662108E+07    0.1659368E+08
 170     -0.839407E+09   -0.1092451E+08    0.8881561E+08
 171     -0.617542E+09   -0.2884977E+08    0.1602862E+09
 172     -0.386502E+09   -0.5776842E+08    0.1746596E+09
 173     -0.156017E+09   -0.8487004E+08    0.1885860E+09
 174      0.648881E+08   -0.1053087E+09    0.1609953E+09
 175      0.268685E+09   -0.1246703E+09    0.1328742E+09
 176      0.455626E+09   -0.1322355E+09    0.8213451E+08
 177      0.614355E+09   -0.1402116E+09    0.3298006E+08
 178      0.698472E+09   -0.1579633E+09    0.4657080E+07
 179      0.735905E+09   -0.1760212E+09   -0.2287676E+08
 180      0.738279E+09   -0.1790809E+09   -0.5266244E+08
 181      0.688172E+09   -0.1820797E+09   -0.8279576E+08
 182      0.579272E+09   -0.1769009E+09   -0.1085200E+09
 183      0.414971E+09   -0.1716380E+09   -0.1350360E+09
 184      0.187383E+09   -0.1462600E+09   -0.1465516E+09
 185     -0.922989E+08   -0.1193795E+09   -0.1582313E+09
 186     -0.410676E+09   -0.8134332E+08   -0.1420666E+09
 187     -0.735719E+09   -0.4141582E+08   -0.1231299E+09
 188     -0.103975E+10   -0.1631954E+08   -0.6325834E+08
 189     -0.127551E+10    0.5803211E+07   -0.4717634E+07
 190     -0.117796E+10    0.3301431E+07    0.2093490E+08
 191     -0.923876E+09   -0.1340825E+08    0.1046946E+09
 192     -0.664580E+09   -0.3220544E+08    0.1872048E+09
 193     -0.400427E+09   -0.5795906E+08    0.1985379E+09
 194     -0.143937E+09   -0.8204120E+08    0.2093570E+09
 195      0.962125E+08   -0.9596186E+08    0.1751860E+09
 196      0.313232E+09   -0.1078998E+09    0.1401534E+09
 197      0.505140E+09   -0.1152756E+09    0.9026844E+08
 198      0.644691E+09   -0.1246362E+09    0.4572061E+08
 199      0.728070E+09   -0.1345502E+09    0.1674729E+08
 200      0.770120E+09   -0.1438789E+09   -0.1439647E+08
 201      0.771342E+09   -0.1504831E+09   -0.4703741E+08
 202      0.721704E+09   -0.1578970E+09   -0.7918433E+08
 203      0.612363E+09   -0.1549721E+09   -0.1113232E+09
 204      0.444891E+09   -0.1518789E+09   -0.1442862E+09
 205      0.208565E+09   -0.1341740E+09   -0.1658935E+09
 206     -0.847981E+08   -0.1146774E+09   -0.1881192E+09
 207     -0.422531E+09   -0.8043788E+08   -0.1759423E+09
 208     -0.781378E+09   -0.4337799E+08   -0.1631860E+09
 209     -0.111459E+10   -0.1656624E+08   -0.8650189E+08
 210     -0.139252E+10    0.6462612E+07   -0.8825621E+07
 211     -0.130268E+10    0.4041526E+07    0.2578930E+08
 212     -0.100888E+10   -0.1323666E+08    0.1210586E+09
 213     -0.712316E+09   -0.3321639E+08    0.2146633E+09
 214     -0.414880E+09   -0.5494029E+08    0.2230960E+09
 215     -0.132088E+09   -0.7412929E+08    0.2311081E+09
 216      0.127870E+09   -0.7671561E+08    0.1896454E+09
 217      0.358918E+09   -0.7552021E+08    0.1466317E+09
 218      0.553239E+09   -0.7277859E+08    0.1002380E+09
 219      0.675693E+09   -0.7536486E+08    0.6029083E+08
 220      0.759895E+09   -0.8459252E+08    0.2836360E+08
 221      0.804867E+09   -0.9207036E+08   -0.5267003E+07
 222      0.804966E+09   -0.9830559E+08   -0.4101926E+08
 223      0.755662E+09   -0.1046074E+09   -0.7645650E+08
 224      0.646742E+09   -0.1101344E+09   -0.1152413E+09
 225      0.473920E+09   -0.1167005E+09   -0.1544651E+09
 226      0.231407E+09   -0.1084751E+09   -0.1859596E+09
 227     -0.796142E+08   -0.9964039E+08   -0.2177884E+09
 228     -0.434842E+09   -0.7315446E+08   -0.2102496E+09
 229     -0.824933E+09   -0.4087991E+08   -0.2052264E+09
 230     -0.119306E+10   -0.1406325E+08   -0.1097686E+09
 231     -0.150554E+10    0.7657131E+07   -0.1077281E+08
 232     -0.146839E+10    0.1489318E+07    0.3389078E+08
 233     -0.111410E+10   -0.1462707E+08    0.1363025E+09
 234     -0.760024E+09   -0.3355810E+08    0.2356954E+09
 235     -0.417313E+09   -0.4480867E+08    0.2322786E+09
 236     -0.104722E+09   -0.5239458E+08    0.2288541E+09
 237      0.172527E+09   -0.4050512E+08    0.1792052E+09
 238      0.410463E+09   -0.2801289E+08    0.1299343E+09
 239      0.587109E+09   -0.1457800E+08    0.8984170E+08
 240      0.707176E+09   -0.2033671E+07    0.5474399E+08
 241      0.788974E+09    0.1788535E+07    0.2691150E+08
 242      0.835515E+09    0.5073049E+07   -0.1053278E+07
 243      0.836618E+09   -0.4481493E+07   -0.3105230E+08
 244      0.791585E+09   -0.1510865E+08   -0.6117774E+08
 245      0.686658E+09   -0.3196232E+08   -0.9883017E+08
 246      0.515153E+09   -0.4940673E+08   -0.1374730E+09
 247      0.273226E+09   -0.6050594E+08   -0.1775620E+09
 248     -0.519461E+08   -0.7009933E+08   -0.2202390E+09
 249     -0.430930E+09   -0.5540019E+08   -0.2257697E+09
 250     -0.863614E+09   -0.3792233E+08   -0.2329449E+09
 251     -0.130275E+10   -0.1665289E+08   -0.1289919E+09
 252     -0.168457E+10    0.1894341E+07   -0.1980254E+08
 253     -0.163388E+10    0.2112482E+07    0.4265094E+08
 254     -0.122081E+10   -0.1429724E+08    0.1525105E+09
 255     -0.809844E+09   -0.3282494E+08    0.2583169E+09
 256     -0.420520E+09   -0.2784713E+08    0.2431499E+09
 257     -0.780604E+08   -0.1816279E+08    0.2280674E+09
 258      0.217919E+09    0.2151350E+08    0.1701690E+09
 259      0.460949E+09    0.6113358E+08    0.1160688E+09
 260      0.622313E+09    0.9511689E+08    0.8047660E+08
 261      0.740393E+09    0.1276919E+09    0.4736910E+08
 262      0.819290E+09    0.1437597E+09    0.2464035E+08
 263      0.866640E+09    0.1586446E+09    0.3161625E+07
 264      0.869849E+09    0.1439002E+09   -0.2033267E+08
 265      0.829028E+09    0.1278104E+09   -0.4473358E+08
 266      0.727420E+09    0.8888002E+08   -0.8189103E+08
 267      0.557850E+09    0.4777944E+08   -0.1200448E+09
 268      0.314909E+09    0.1159350E+08   -0.1700174E+09
 269     -0.217774E+08   -0.2330887E+08   -0.2253039E+09
 270     -0.429316E+09   -0.2935730E+08   -0.2427280E+09
 271     -0.905319E+09   -0.3018408E+08   -0.2611999E+09
 272     -0.141179E+10   -0.1113608E+08   -0.1490089E+09
 273     -0.187046E+10    0.4574065E+07   -0.2958355E+08
 274     -0.184498E+10   -0.5409661E+07    0.5852680E+08
 275     -0.132937E+10   -0.1297602E+08    0.1603828E+09
 276     -0.832438E+09   -0.2418267E+08    0.2543852E+09
 277     -0.389889E+09    0.8865047E+07    0.2096851E+09
 278     -0.234459E+08    0.4846772E+08    0.1680499E+09
 279      0.273647E+09    0.1206635E+09    0.1038922E+09
 280      0.498173E+09    0.1920373E+09    0.4692367E+08
 281      0.643870E+09    0.2547512E+09    0.2380120E+08
 282      0.752807E+09    0.3164813E+09    0.2352454E+07
 283      0.822290E+09    0.3426229E+09    0.1303531E+07
 284      0.868005E+09    0.3674763E+09    0.1001774E+07
 285      0.873787E+09    0.3481489E+09    0.7272607E+06
 286      0.842962E+09    0.3268739E+09    0.4740993E+06
 287      0.753203E+09    0.2659251E+09   -0.2175959E+08
 288      0.601985E+09    0.2033543E+09   -0.4581308E+08
 289      0.372494E+09    0.1309165E+09   -0.1019997E+09
 290      0.430428E+08    0.5817254E+08   -0.1642563E+09
 291     -0.390470E+09    0.1972424E+08   -0.2090273E+09
 292     -0.920378E+09   -0.1120625E+08   -0.2579128E+09
 293     -0.152355E+10   -0.4993880E+07   -0.1534210E+09
 294     -0.212125E+10   -0.3154242E+07   -0.3810444E+08
 295     -0.205977E+10    0.2002733E+06    0.7766456E+08
 296     -0.144067E+10   -0.1049107E+08    0.1704528E+09
 297     -0.863392E+09   -0.1605421E+08    0.2546524E+09
 298     -0.358024E+09    0.6420880E+08    0.1797745E+09
 299      0.302596E+08    0.1488321E+09    0.1096566E+09
 300      0.332194E+09    0.2753123E+09    0.3889530E+08
 301      0.537907E+09    0.3961688E+09   -0.2354424E+08
 302      0.667422E+09    0.4914132E+09   -0.3405423E+08
 303      0.765451E+09    0.5832600E+09   -0.4250029E+08
 304      0.825241E+09    0.6202903E+09   -0.2127223E+08
 305      0.870712E+09    0.6569348E+09   -0.6543301E+06
 306      0.876842E+09    0.6295316E+09    0.2308304E+08
 307      0.857093E+09    0.5999639E+09    0.4770238E+08
 308      0.780757E+09    0.5113789E+09    0.3979522E+08
 309      0.648233E+09    0.4198201E+09    0.3017740E+08
 310      0.434533E+09    0.2991192E+09   -0.3335423E+08
 311      0.106240E+09    0.1735641E+09   -0.1033856E+09
 312     -0.348484E+09    0.8418056E+08   -0.1781264E+09
 313     -0.944899E+09   -0.3037670E+06   -0.2582727E+09
 314     -0.164029E+10   -0.1901361E+07   -0.1600739E+09
 315     -0.237224E+10    0.4170463E+06   -0.4985795E+08
 316     -0.231198E+10   -0.2814812E+08    0.1059480E+09
 317     -0.150055E+10    0.1444552E+07    0.1505541E+09
 318     -0.796978E+09    0.2577218E+08    0.1740213E+09
 319     -0.261004E+09    0.1701841E+09    0.4160339E+08
 320      0.118280E+09    0.3259817E+09   -0.7127295E+08
 321      0.378960E+09    0.5091332E+09   -0.1295138E+09
 322      0.545262E+09    0.6876270E+09   -0.1763305E+09
 323      0.644053E+09    0.8109627E+09   -0.1505819E+09
 324      0.720876E+09    0.9321729E+09   -0.1245077E+09
 325      0.768315E+09    0.9781815E+09   -0.6405148E+08
 326      0.810118E+09    0.1023529E+10   -0.3748612E+07
 327      0.816284E+09    0.9879233E+09    0.5997797E+08
 328      0.812652E+09    0.9529303E+09    0.1238463E+09
 329      0.756025E+09    0.8400851E+09    0.1538033E+09
 330      0.659431E+09    0.7241653E+09    0.1835855E+09
 331      0.485100E+09    0.5470376E+09    0.1391119E+09
 332      0.200462E+09    0.3650643E+09    0.8613296E+08
 333     -0.237258E+09    0.2024178E+09   -0.2860740E+08
 334     -0.867349E+09    0.5023657E+08   -0.1636561E+09
 335     -0.169774E+10    0.1420701E+08   -0.1302685E+09
 336     -0.266094E+10   -0.2523101E+08   -0.7051535E+08
 337     -0.259644E+10    0.2691864E+08    0.1592107E+09
 338     -0.156367E+10    0.1961784E+08    0.1384490E+09
 339     -0.762929E+09    0.6303742E+08    0.1051261E+09
 340     -0.142349E+09    0.3465904E+09   -0.8948983E+08
 341      0.211425E+09    0.6013662E+09   -0.2647356E+09
 342      0.430308E+09    0.8612406E+09   -0.3042670E+09
 343      0.552852E+09    0.1099727E+10   -0.3338902E+09
 344      0.619466E+09    0.1246021E+10   -0.2694432E+09
 345      0.674780E+09    0.1390760E+10   -0.2071418E+09
 346      0.709152E+09    0.1441641E+10   -0.1058473E+09
 347      0.746485E+09    0.1493365E+10   -0.4344567E+07
 348      0.755211E+09    0.1456361E+10    0.9912318E+08
 349      0.767193E+09    0.1420738E+10    0.2034333E+09
 350      0.730544E+09    0.1284664E+10    0.2733585E+09
 351      0.673266E+09    0.1147756E+10    0.3432434E+09
 352      0.539970E+09    0.9121602E+09    0.3194748E+09
 353      0.302793E+09    0.6553148E+09    0.2893225E+09
 354     -0.105726E+09    0.3923848E+09    0.1149997E+09
 355     -0.813456E+09    0.1059883E+09   -0.8111185E+08
 356     -0.176058E+10    0.4035270E+08   -0.1074667E+09
 357     -0.298534E+10    0.1918847E+08   -0.1093519E+09
 358     -0.282656E+10   -0.1249845E+09    0.1874660E+09
 359     -0.142617E+10    0.7387545E+08    0.1007543E+08
 360     -0.465482E+09    0.2659814E+09   -0.2227631E+09
 361      0.918274E+07    0.6681284E+09   -0.4617975E+09
 362      0.260215E+09    0.1078198E+10   -0.6148933E+09
 363      0.397451E+09    0.1362768E+10   -0.5738211E+09
 364      0.469087E+09    0.1639417E+10   -0.5362927E+09
 365      0.505366E+09    0.1787876E+10   -0.4168478E+09
 366      0.543871E+09    0.1938407E+10   -0.3015668E+09
 367      0.565608E+09    0.1990245E+10   -0.1564018E+09
 368      0.596909E+09    0.2045927E+10   -0.1128756E+08
 369      0.608882E+09    0.2008858E+10    0.1389124E+09
 370      0.624655E+09    0.1974240E+10    0.2907317E+09
 371      0.609168E+09    0.1834028E+10    0.4185711E+09
 372      0.584875E+09    0.1695548E+10    0.5485763E+09
 373      0.500015E+09    0.1418970E+10    0.5989362E+09
 374      0.353282E+09    0.1133726E+10    0.6547555E+09
 375      0.583783E+08    0.7196732E+09    0.5050170E+09
 376     -0.504949E+09    0.3085556E+09    0.2776916E+09
 377     -0.159231E+10    0.9846670E+08    0.4680797E+08
 378     -0.321910E+10   -0.1102790E+09   -0.1212924E+09
 379     -0.369164E+10    0.2657095E+09    0.6430690E+09
 380     -0.112288E+10    0.2901661E+09   -0.4196750E+08
 381     -0.113979E+09    0.5655758E+09   -0.7348091E+09
 382      0.154871E+09    0.1325260E+10   -0.8955046E+09
 383      0.305794E+09    0.1825821E+10   -0.9819273E+09
 384      0.352067E+09    0.2079712E+10   -0.8554737E+09
 385      0.376303E+09    0.2340561E+10   -0.7378289E+09
 386      0.384170E+09    0.2462590E+10   -0.5628085E+09
 387      0.407728E+09    0.2593935E+10   -0.3927265E+09
 388      0.418897E+09    0.2641119E+10   -0.2036783E+09
 389      0.445022E+09    0.2693000E+10   -0.1528402E+08
 390      0.458888E+09    0.2668830E+10    0.1826378E+09
 391      0.480023E+09    0.2648517E+10    0.3811417E+09
 392      0.483889E+09    0.2528740E+10    0.5683297E+09
 393      0.489463E+09    0.2414383E+10    0.7609146E+09
 394      0.452033E+09    0.2139732E+10    0.8948068E+09
 395      0.405472E+09    0.1872434E+10    0.1037949E+10
 396      0.221922E+09    0.1351737E+10    0.9566055E+09
 397     -0.130868E+09    0.6058394E+09    0.7941301E+09
 398     -0.127516E+10    0.3026593E+09    0.1284970E+09
 399     -0.407257E+10    0.2135495E+09   -0.4810286E+09
 400     -0.283850E+10   -0.4590763E+09   -0.1535080E+09
 401     -0.409971E+09    0.8396337E+09   -0.9118388E+09
 402     -0.992976E+08    0.2067622E+10   -0.1461303E+10
 403      0.955366E+08    0.2429949E+10   -0.1291824E+10
 404      0.144408E+09    0.2825168E+10   -0.1210066E+10
 405      0.172700E+09    0.2972247E+10   -0.1023632E+10
 406      0.180105E+09    0.3135844E+10   -0.8462414E+09
 407      0.187219E+09    0.3217769E+10   -0.6499541E+09
 408      0.200209E+09    0.3308585E+10   -0.4554347E+09
 409      0.208228E+09    0.3353169E+10   -0.2450565E+09
 410      0.224254E+09    0.3401894E+10   -0.3482891E+08
 411      0.232114E+09    0.3398427E+10    0.1918172E+09
 412      0.247311E+09    0.3399665E+10    0.4191611E+09
 413      0.250471E+09    0.3323155E+10    0.6543480E+09
 414      0.254739E+09    0.3252073E+10    0.8922469E+09
 415      0.241941E+09    0.3057067E+10    0.1108423E+10
 416      0.219840E+09    0.2875234E+10    0.1335008E+10
 417      0.154265E+09    0.2421714E+10    0.1436584E+10
 418     -0.715724E+08    0.1964002E+10    0.1631645E+10
 419     -0.471756E+09    0.7915440E+09    0.1010483E+10
 420     -0.305680E+10   -0.4007878E+09    0.2493174E+09
 421     -0.132863E+10    0.4560374E+10   -0.1063722E+10
 422      0.124966E+09    0.4427952E+10   -0.1727558E+10
 423     -0.882719E+08    0.4252911E+10   -0.2019438E+10
 424      0.190833E+08    0.4105969E+10   -0.1618299E+10
 425     -0.154191E+08    0.4024909E+10   -0.1403927E+10
 426     -0.138800E+07    0.3992208E+10   -0.1167434E+10
 427     -0.856162E+07    0.3985392E+10   -0.9438956E+09
 428     -0.296261E+07    0.4023773E+10   -0.7293975E+09
 429     -0.877275E+06    0.4064595E+10   -0.5141412E+09
 430      0.306017E+07    0.4112970E+10   -0.2842632E+09
 431      0.843813E+07    0.4163427E+10   -0.5326200E+08
 432      0.108755E+08    0.4197612E+10    0.2007694E+09
 433      0.184392E+08    0.4233774E+10    0.4560699E+09
 434      0.216794E+08    0.4229573E+10    0.7364866E+09
 435      0.250145E+08    0.4229385E+10    0.1016623E+10
 436      0.346086E+08    0.4177951E+10    0.1306057E+10
 437      0.300824E+08    0.4137027E+10    0.1610682E+10
 438      0.691864E+08    0.4044698E+10    0.1870491E+10
 439     -0.335964E+08    0.4036112E+10    0.2340409E+10
 440      0.185576E+09    0.3873890E+10    0.1950140E+10
 441     -0.138885E+10    0.3635174E+10    0.1273159E+10
