   1     -0.176274E+09   -0.1177622E+07   -0.1584900E+06
   2     -0.318302E+08    0.2948704E+07   -0.1289072E+07
   3      0.100033E+09    0.8512688E+07   -0.1729730E+07
   4      0.175588E+09    0.6573977E+07   -0.8031441E+06
   5      0.220300E+09    0.2813097E+07   -0.8572498E+06
   6      0.239651E+09   -0.7957025E+07   -0.8496395E+06
   7      0.223444E+09   -0.1820521E+08   -0.3906455E+06
   8      0.169260E+09   -0.3598823E+08    0.5603765E+06
   9      0.920983E+08   -0.5516690E+08    0.9971035E+06
  10     -0.179206E+08   -0.7178617E+08    0.4064965E+06
  11     -0.141581E+09   -0.8749826E+08    0.1022479E+07
  12     -0.277859E+09   -0.1013756E+09    0.2047962E+07
  13     -0.409977E+09   -0.1163199E+09    0.1926822E+07
  14     -0.507031E+09   -0.1103770E+09   -0.4205448E+05
  15     -0.488379E+09   -0.1010299E+09   -0.1336332E+07
  16     -0.298366E+09   -0.7873222E+08   -0.2886095E+06
  17     -0.113253E+09   -0.5807965E+08    0.1916474E+06
  18      0.730196E+08   -0.3676808E+08   -0.7341700E+05
  19      0.267046E+09   -0.1490439E+08    0.1344866E+06
  20      0.471684E+09   -0.5575895E+07    0.3159122E+06
  21      0.715429E+09    0.2670896E+07    0.1998326E+06
  22     -0.175786E+09    0.2521927E+06   -0.3797108E+06
  23     -0.304542E+08   -0.2253644E+06   -0.1058063E+07
  24      0.941159E+08   -0.2114257E+06   -0.6864291E+06
  25      0.171507E+09   -0.4835037E+07    0.4531277E+07
  26      0.216403E+09   -0.9941882E+07    0.8662760E+07
  27      0.236302E+09   -0.2277661E+08    0.1202832E+08
  28      0.219682E+09   -0.3647135E+08    0.1596495E+08
  29      0.169349E+09   -0.5344479E+08    0.1673150E+08
  30      0.923015E+08   -0.6954753E+08    0.1705086E+08
  31     -0.154176E+08   -0.8425609E+08    0.1495309E+08
  32     -0.140176E+09   -0.9981737E+08    0.1354376E+08
  33     -0.271519E+09   -0.1062085E+09    0.8243597E+07
  34     -0.401390E+09   -0.1116734E+09    0.1580416E+07
  35     -0.498597E+09   -0.1042841E+09   -0.7227757E+07
  36     -0.483057E+09   -0.9691814E+08   -0.1541157E+08
  37     -0.294930E+09   -0.7860039E+08   -0.1881917E+08
  38     -0.112588E+09   -0.5928166E+08   -0.2235700E+08
  39      0.707663E+08   -0.3814233E+08   -0.2025467E+08
  40      0.261169E+09   -0.1715909E+08   -0.1781472E+08
  41      0.462738E+09   -0.6617861E+07   -0.9104576E+07
  42      0.706834E+09    0.2880823E+07   -0.6573420E+06
  43     -0.175429E+09    0.8709163E+06   -0.4715651E+06
  44     -0.280977E+08   -0.1751010E+07   -0.5938347E+06
  45      0.881795E+08   -0.3986965E+07    0.3384066E+06
  46      0.167455E+09   -0.1286006E+08    0.9852198E+07
  47      0.211650E+09   -0.2308922E+08    0.1881651E+08
  48      0.232838E+09   -0.3961735E+08    0.2510381E+08
  49      0.215481E+09   -0.5451406E+08    0.3129251E+08
  50      0.169235E+09   -0.6857877E+08    0.3239042E+08
  51      0.920848E+08   -0.8453759E+08    0.3343791E+08
  52     -0.132317E+08   -0.9789349E+08    0.2934221E+08
  53     -0.138977E+09   -0.1102677E+09    0.2580899E+08
  54     -0.264586E+09   -0.1141509E+09    0.1422495E+08
  55     -0.392754E+09   -0.1181196E+09    0.1238539E+07
  56     -0.490052E+09   -0.1114757E+09   -0.1422241E+08
  57     -0.477698E+09   -0.1037364E+09   -0.2966628E+08
  58     -0.291678E+09   -0.8293862E+08   -0.3742120E+08
  59     -0.112004E+09   -0.6215556E+08   -0.4474087E+08
  60      0.684297E+08   -0.4006875E+08   -0.4030635E+08
  61      0.255529E+09   -0.1774796E+08   -0.3561591E+08
  62      0.453641E+09   -0.6846499E+07   -0.1841704E+08
  63      0.699359E+09    0.2940174E+07   -0.1419575E+07
  64     -0.175037E+09    0.1752676E+07   -0.1492002E+07
  65     -0.325689E+08   -0.2075138E+07    0.3536259E+07
  66      0.775481E+08   -0.6139927E+07    0.9480489E+07
  67      0.154107E+09   -0.1941338E+08    0.2274488E+08
  68      0.202723E+09   -0.3265408E+08    0.3507835E+08
  69      0.225411E+09   -0.4912851E+08    0.4174814E+08
  70      0.212517E+09   -0.6613170E+08    0.4853750E+08
  71      0.169356E+09   -0.8322928E+08    0.4814730E+08
  72      0.953600E+08   -0.9983676E+08    0.4808119E+08
  73     -0.431057E+07   -0.1101777E+09    0.3955032E+08
  74     -0.128562E+09   -0.1199933E+09    0.3130858E+08
  75     -0.247941E+09   -0.1220598E+09    0.1595550E+08
  76     -0.372066E+09   -0.1250199E+09   -0.6565095E+06
  77     -0.468402E+09   -0.1167157E+09   -0.2255556E+08
  78     -0.459142E+09   -0.1075684E+09   -0.4475117E+08
  79     -0.280382E+09   -0.8768851E+08   -0.5726395E+08
  80     -0.109493E+09   -0.6691608E+08   -0.6906693E+08
  81      0.612806E+08   -0.4360673E+08   -0.6250202E+08
  82      0.238772E+09   -0.2043901E+08   -0.5550154E+08
  83      0.426993E+09   -0.8269131E+07   -0.2945309E+08
  84      0.667263E+09    0.2827813E+07   -0.3688760E+07
  85     -0.172267E+09    0.2311934E+07   -0.2927939E+07
  86     -0.378319E+08   -0.3913904E+07    0.7406019E+07
  87      0.672218E+08   -0.1103426E+08    0.1906223E+08
  88      0.140303E+09   -0.2768349E+08    0.3567504E+08
  89      0.195363E+09   -0.4366947E+08    0.5054322E+08
  90      0.217745E+09   -0.6308062E+08    0.5826109E+08
  91      0.209766E+09   -0.8285638E+08    0.6715588E+08
  92      0.169876E+09   -0.1007258E+09    0.6453736E+08
  93      0.985098E+08   -0.1178300E+09    0.6189826E+08
  94      0.489398E+07   -0.1282976E+09    0.4984750E+08
  95     -0.117921E+09   -0.1396057E+09    0.3702369E+08
  96     -0.232183E+09   -0.1370476E+09    0.1688154E+08
  97     -0.351276E+09   -0.1330361E+09   -0.3636190E+07
  98     -0.446268E+09   -0.1245431E+09   -0.3078194E+08
  99     -0.441331E+09   -0.1173167E+09   -0.5905601E+08
 100     -0.269275E+09   -0.9629102E+08   -0.7694690E+08
 101     -0.107161E+09   -0.7364603E+08   -0.9345738E+08
 102      0.541435E+08   -0.4768416E+08   -0.8472303E+08
 103      0.221761E+09   -0.2148699E+08   -0.7548559E+08
 104      0.400901E+09   -0.8128189E+07   -0.4044806E+08
 105      0.634516E+09    0.3738150E+07   -0.5729827E+07
 106     -0.180506E+09    0.2478481E+07   -0.1509216E+07
 107     -0.568355E+08   -0.7107455E+07    0.1651684E+08
 108      0.468494E+08   -0.1774623E+08    0.3584544E+08
 109      0.123116E+09   -0.3653170E+08    0.5359094E+08
 110      0.182384E+09   -0.5446015E+08    0.7050325E+08
 111      0.209613E+09   -0.7492804E+08    0.7872826E+08
 112      0.205406E+09   -0.9540897E+08    0.8750799E+08
 113      0.176624E+09   -0.1134545E+09    0.8233113E+08
 114      0.109716E+09   -0.1317999E+09    0.7634179E+08
 115      0.220625E+08   -0.1409183E+09    0.5903058E+08
 116     -0.930273E+08   -0.1493337E+09    0.4103201E+08
 117     -0.207418E+09   -0.1483247E+09    0.1482553E+08
 118     -0.320938E+09   -0.1472882E+09   -0.1087779E+08
 119     -0.417477E+09   -0.1368490E+09   -0.4031677E+08
 120     -0.404913E+09   -0.1272505E+09   -0.7315162E+08
 121     -0.247059E+09   -0.1054999E+09   -0.9944966E+08
 122     -0.101273E+09   -0.8163331E+08   -0.1225864E+09
 123      0.424325E+08   -0.5334441E+08   -0.1116450E+09
 124      0.192239E+09   -0.2515666E+08   -0.1004010E+09
 125      0.354739E+09   -0.1001162E+08   -0.5410172E+08
 126      0.568642E+09    0.3660507E+07   -0.7926241E+07
 127     -0.191378E+09    0.2367659E+07    0.4637401E+06
 128     -0.753745E+08   -0.6747086E+07    0.2545826E+08
 129      0.265169E+08   -0.1595471E+08    0.5162204E+08
 130      0.106756E+09   -0.3858999E+08    0.7186199E+08
 131      0.169107E+09   -0.6213651E+08    0.9103043E+08
 132      0.201468E+09   -0.8627449E+08    0.9903474E+08
 133      0.201009E+09   -0.1097780E+09    0.1072545E+09
 134      0.182911E+09   -0.1268880E+09    0.9952773E+08
 135      0.121514E+09   -0.1439948E+09    0.9175829E+08
 136      0.394692E+08   -0.1568983E+09    0.6902403E+08
 137     -0.673613E+08   -0.1696136E+09    0.4533281E+08
 138     -0.182403E+09   -0.1684784E+09    0.1348672E+08
 139     -0.291081E+09   -0.1673102E+09   -0.1719801E+08
 140     -0.389584E+09   -0.1570908E+09   -0.5044672E+08
 141     -0.368337E+09   -0.1463648E+09   -0.8871526E+08
 142     -0.224768E+09   -0.1192214E+09   -0.1223454E+09
 143     -0.954038E+08   -0.9131398E+08   -0.1518136E+09
 144      0.306364E+08   -0.5910766E+08   -0.1387527E+09
 145      0.162892E+09   -0.2613143E+08   -0.1253353E+09
 146      0.308776E+09   -0.9653867E+07   -0.6765436E+08
 147      0.502687E+09    0.4786959E+07   -0.1002070E+08
 148     -0.226737E+09    0.3522423E+07    0.1417690E+07
 149     -0.110523E+09   -0.7618802E+07    0.3612754E+08
 150     -0.505074E+07   -0.1999610E+08    0.7187956E+08
 151      0.832253E+08   -0.4526318E+08    0.9617830E+08
 152      0.154938E+09   -0.7015119E+08    0.1197032E+09
 153      0.194744E+09   -0.9810258E+08    0.1254656E+09
 154      0.207470E+09   -0.1252776E+09    0.1302988E+09
 155      0.194053E+09   -0.1438552E+09    0.1175160E+09
 156      0.142271E+09   -0.1622520E+09    0.1055521E+09
 157      0.671105E+08   -0.1699202E+09    0.7823373E+08
 158     -0.337911E+08   -0.1778807E+09    0.5098734E+08
 159     -0.145534E+09   -0.1792206E+09    0.1421570E+08
 160     -0.251174E+09   -0.1802587E+09   -0.2215468E+08
 161     -0.352438E+09   -0.1686089E+09   -0.6151359E+08
 162     -0.310699E+09   -0.1576899E+09   -0.1076367E+09
 163     -0.188581E+09   -0.1307481E+09   -0.1503097E+09
 164     -0.841066E+08   -0.1015071E+09   -0.1875337E+09
 165      0.146668E+08   -0.6623275E+08   -0.1725946E+09
 166      0.118249E+09   -0.3068682E+08   -0.1571432E+09
 167      0.236390E+09   -0.1187486E+08   -0.8446852E+08
 168      0.398054E+09    0.4875332E+07   -0.1179827E+08
 169     -0.259794E+09    0.3887181E+07    0.2119650E+07
 170     -0.145996E+09   -0.9573377E+07    0.4703262E+08
 171     -0.360799E+08   -0.2406889E+08    0.9243761E+08
 172      0.592442E+08   -0.5249685E+08    0.1201016E+09
 173      0.139217E+09   -0.8113938E+08    0.1483093E+09
 174      0.188352E+09   -0.1083676E+09    0.1521644E+09
 175      0.213773E+09   -0.1350990E+09    0.1548092E+09
 176      0.205774E+09   -0.1555427E+09    0.1369230E+09
 177      0.163981E+09   -0.1744121E+09    0.1188104E+09
 178      0.949537E+08   -0.1826121E+09    0.8671159E+08
 179     -0.123677E+07   -0.1913831E+09    0.5589683E+08
 180     -0.107315E+09   -0.1908805E+09    0.1424336E+08
 181     -0.209165E+09   -0.1923696E+09   -0.2741834E+08
 182     -0.318563E+09   -0.1862226E+09   -0.7200388E+08
 183     -0.251025E+09   -0.1773976E+09   -0.1258130E+09
 184     -0.151858E+09   -0.1446873E+09   -0.1786029E+09
 185     -0.727369E+08   -0.1116323E+09   -0.2239394E+09
 186     -0.149326E+07   -0.7272760E+08   -0.2068038E+09
 187      0.734564E+08   -0.3243557E+08   -0.1892909E+09
 188      0.163707E+09   -0.1159799E+08   -0.1013105E+09
 189      0.294437E+09    0.6388645E+07   -0.1317771E+08
 190     -0.323846E+09    0.3977926E+07    0.5264594E+07
 191     -0.204585E+09   -0.1235179E+08    0.6274257E+08
 192     -0.810659E+08   -0.3045554E+08    0.1209315E+09
 193      0.292695E+08   -0.6373181E+08    0.1508774E+09
 194      0.123348E+09   -0.9631336E+08    0.1801535E+09
 195      0.191036E+09   -0.1230812E+09    0.1775981E+09
 196      0.226064E+09   -0.1481770E+09    0.1747151E+09
 197      0.228948E+09   -0.1607627E+09    0.1516386E+09
 198      0.192942E+09   -0.1735723E+09    0.1292918E+09
 199      0.129544E+09   -0.1820319E+09    0.9537818E+08
 200      0.387179E+08   -0.1900633E+09    0.6073411E+08
 201     -0.647678E+08   -0.1955306E+09    0.1919236E+08
 202     -0.167206E+09   -0.2059335E+09   -0.1760124E+08
 203     -0.253224E+09   -0.2007509E+09   -0.8021877E+08
 204     -0.172862E+09   -0.1885365E+09   -0.1545141E+09
 205     -0.101384E+09   -0.1521948E+09   -0.2116061E+09
 206     -0.542184E+08   -0.1179129E+09   -0.2630774E+09
 207     -0.203633E+08   -0.7856594E+08   -0.2456719E+09
 208      0.121801E+08   -0.3758962E+08   -0.2274876E+09
 209      0.574412E+08   -0.1468157E+08   -0.1219521E+09
 210      0.143481E+09    0.5613434E+07   -0.1584978E+08
 211     -0.388285E+09    0.6126002E+07    0.7631465E+07
 212     -0.262797E+09   -0.1264276E+08    0.7852352E+08
 213     -0.127367E+09   -0.3428171E+08    0.1505243E+09
 214     -0.112863E+07   -0.6974392E+08    0.1824772E+09
 215      0.108574E+09   -0.1026114E+09    0.2122473E+09
 216      0.193265E+09   -0.1254307E+09    0.2039243E+09
 217      0.239880E+09   -0.1474763E+09    0.1949511E+09
 218      0.251750E+09   -0.1591346E+09    0.1667860E+09
 219      0.220813E+09   -0.1713226E+09    0.1414236E+09
 220      0.165200E+09   -0.1751526E+09    0.1040953E+09
 221      0.801970E+08   -0.1779484E+09    0.6544833E+08
 222     -0.229098E+08   -0.1844363E+09    0.2491989E+08
 223     -0.130245E+09   -0.1949008E+09   -0.7210160E+07
 224     -0.181061E+09   -0.1899411E+09   -0.8904026E+08
 225     -0.969329E+08   -0.1805449E+09   -0.1846093E+09
 226     -0.513958E+08   -0.1497902E+09   -0.2456394E+09
 227     -0.363561E+08   -0.1197595E+09   -0.3031681E+09
 228     -0.398988E+08   -0.8066696E+08   -0.2852458E+09
 229     -0.499553E+08   -0.3881585E+08   -0.2662651E+09
 230     -0.492883E+08   -0.1386427E+08   -0.1428193E+09
 231     -0.734729E+07    0.7507748E+07   -0.1831372E+08
 232     -0.497810E+09    0.4313377E+07    0.1285811E+08
 233     -0.350679E+09   -0.1758097E+08    0.9938053E+08
 234     -0.186471E+09   -0.4238613E+08    0.1860576E+09
 235     -0.297735E+08   -0.7603643E+08    0.2132821E+09
 236      0.107544E+09   -0.1076665E+09    0.2381850E+09
 237      0.208057E+09   -0.1243079E+09    0.2200417E+09
 238      0.268364E+09   -0.1393527E+09    0.2028042E+09
 239      0.282490E+09   -0.1406764E+09    0.1700534E+09
 240      0.254474E+09   -0.1406120E+09    0.1389078E+09
 241      0.201712E+09   -0.1380751E+09    0.1039644E+09
 242      0.115475E+09   -0.1382014E+09    0.7054064E+08
 243      0.152586E+08   -0.1462691E+09    0.3395112E+08
 244     -0.867569E+08   -0.1556106E+09    0.1228923E+07
 245     -0.709460E+08   -0.1538246E+09   -0.9304805E+08
 246     -0.985135E+07   -0.1497971E+09   -0.1976937E+09
 247      0.117872E+08   -0.1298847E+09   -0.2656178E+09
 248     -0.664209E+07   -0.1098639E+09   -0.3312337E+09
 249     -0.553136E+08   -0.7703674E+08   -0.3184247E+09
 250     -0.123830E+09   -0.4124557E+08   -0.3050056E+09
 251     -0.191215E+09   -0.1625726E+08   -0.1652289E+09
 252     -0.221271E+09    0.5243726E+07   -0.2298918E+08
 253     -0.606226E+09    0.7882418E+07    0.1825399E+08
 254     -0.439101E+09   -0.1828695E+08    0.1208653E+09
 255     -0.246944E+09   -0.4844979E+08    0.2230827E+09
 256     -0.596840E+08   -0.8005859E+08    0.2457854E+09
 257      0.104334E+09   -0.1070091E+09    0.2668680E+09
 258      0.224068E+09   -0.1087573E+09    0.2381049E+09
 259      0.295871E+09   -0.1081123E+09    0.2105546E+09
 260      0.315062E+09   -0.9192688E+08    0.1731988E+09
 261      0.291076E+09   -0.7754221E+08    0.1360116E+09
 262      0.238281E+09   -0.6924823E+08    0.1038127E+09
 263      0.151305E+09   -0.6167661E+08    0.7574074E+08
 264      0.523319E+08   -0.8046953E+08    0.4594150E+08
 265     -0.383891E+08   -0.1006427E+09    0.1055347E+08
 266      0.393845E+08   -0.9399304E+08   -0.1001315E+09
 267      0.798608E+08   -0.8869984E+08   -0.2114923E+09
 268      0.760853E+08   -0.8810891E+08   -0.2862665E+09
 269      0.226418E+08   -0.8639987E+08   -0.3607076E+09
 270     -0.715757E+08   -0.6522521E+08   -0.3530139E+09
 271     -0.199867E+09   -0.3928964E+08   -0.3450639E+09
 272     -0.334384E+09   -0.1412306E+08   -0.1881696E+09
 273     -0.435858E+09    0.7422713E+07   -0.2769880E+08
 274     -0.782930E+09    0.2241207E+07    0.2995845E+08
 275     -0.558380E+09   -0.2396833E+08    0.1463773E+09
 276     -0.304569E+09   -0.5624610E+08    0.2594350E+09
 277     -0.653880E+08   -0.7425479E+08    0.2593970E+09
 278      0.125345E+09   -0.8487876E+08    0.2589894E+09
 279      0.262142E+09   -0.5917798E+08    0.2166560E+09
 280      0.334724E+09   -0.3248652E+08    0.1771617E+09
 281      0.347777E+09    0.1038230E+07    0.1433396E+09
 282      0.321234E+09    0.3391217E+08    0.1115026E+09
 283      0.256515E+09    0.4601666E+08    0.9359660E+08
 284      0.170864E+09    0.5500973E+08    0.8093255E+08
 285      0.722696E+08    0.4631497E+08    0.5823420E+08
 286      0.666222E+08    0.3993793E+08    0.1913421E+08
 287      0.140064E+09    0.2723689E+08   -0.8947096E+08
 288      0.172085E+09    0.1199004E+08   -0.1885255E+09
 289      0.152367E+09   -0.1162238E+08   -0.2646439E+09
 290      0.744316E+08   -0.3540819E+08   -0.3442823E+09
 291     -0.653352E+08   -0.3739969E+08   -0.3545707E+09
 292     -0.266389E+09   -0.3290439E+08   -0.3668008E+09
 293     -0.502073E+09   -0.1349973E+08   -0.2051416E+09
 294     -0.724962E+09    0.1267315E+07   -0.3595527E+08
 295     -0.960513E+09    0.1183032E+08    0.4356585E+08
 296     -0.680353E+09   -0.2390405E+08    0.1739176E+09
 297     -0.370568E+09   -0.5882966E+08    0.3002876E+09
 298     -0.696950E+08   -0.4846422E+08    0.2776487E+09
 299      0.145987E+09   -0.3216540E+08    0.2543075E+09
 300      0.303088E+09    0.3277888E+08    0.1965912E+09
 301      0.375602E+09    0.9531660E+08    0.1440142E+09
 302      0.382001E+09    0.1556201E+09    0.1135517E+09
 303      0.350839E+09    0.2156612E+09    0.8463590E+08
 304      0.275355E+09    0.2399443E+09    0.8410050E+08
 305      0.189610E+09    0.2509875E+09    0.9354379E+08
 306      0.931543E+08    0.2335861E+09    0.6902483E+08
 307      0.176971E+09    0.2345981E+09    0.2191214E+08
 308      0.241378E+09    0.2150862E+09   -0.7649782E+08
 309      0.265842E+09    0.1818091E+09   -0.1635301E+09
 310      0.231829E+09    0.1172469E+09   -0.2436655E+09
 311      0.126053E+09    0.4986192E+08   -0.3290502E+09
 312     -0.580030E+08    0.1038775E+08   -0.3593933E+09
 313     -0.340306E+09   -0.2319183E+08   -0.3925017E+09
 314     -0.673014E+09   -0.8778324E+07   -0.2237811E+09
 315     -0.101693E+10    0.7419376E+07   -0.4591183E+08
 316     -0.123544E+10   -0.1432816E+08    0.6995070E+08
 317     -0.809123E+09   -0.2402229E+08    0.1902219E+09
 318     -0.368347E+09   -0.4378151E+08    0.2921414E+09
 319     -0.188793E+08    0.1573196E+08    0.2163750E+09
 320      0.217515E+09    0.8964251E+08    0.1523968E+09
 321      0.353313E+09    0.2045731E+09    0.9237250E+08
 322      0.406830E+09    0.3182657E+09    0.4215411E+08
 323      0.391785E+09    0.4045420E+09    0.3465782E+08
 324      0.343041E+09    0.4880351E+09    0.2741486E+08
 325      0.248652E+09    0.5189559E+09    0.5681215E+08
 326      0.149970E+09    0.5469028E+09    0.9833846E+08
 327      0.136663E+09    0.5396945E+09    0.7519401E+08
 328      0.235920E+09    0.5398788E+09    0.3364141E+08
 329      0.294819E+09    0.4896480E+09   -0.2182764E+08
 330      0.326397E+09    0.4319972E+09   -0.7094419E+08
 331      0.299728E+09    0.3184215E+09   -0.1346298E+09
 332      0.205301E+09    0.2017031E+09   -0.2057984E+09
 333      0.101216E+07    0.1003677E+09   -0.2692113E+09
 334     -0.341429E+09    0.1107660E+08   -0.3474923E+09
 335     -0.823809E+09    0.5944466E+06   -0.2158840E+09
 336     -0.138120E+10   -0.1593602E+08   -0.6215701E+08
 337     -0.154194E+10    0.4248761E+08    0.1209835E+09
 338     -0.941007E+09   -0.1355151E+08    0.2161846E+09
 339     -0.403239E+09   -0.2872417E+08    0.3016667E+09
 340      0.535979E+08    0.1541450E+09    0.1663360E+09
 341      0.295935E+09    0.3194615E+09    0.3882295E+08
 342      0.410636E+09    0.5095855E+09   -0.1724596E+08
 343      0.441084E+09    0.6771697E+09   -0.6446253E+08
 344      0.401660E+09    0.7777392E+09   -0.4856234E+08
 345      0.331741E+09    0.8780286E+09   -0.3077858E+08
 346      0.218479E+09    0.9053361E+09    0.3101296E+08
 347      0.103398E+09    0.9341640E+09    0.9633825E+08
 348      0.185767E+09    0.9462778E+09    0.7905792E+08
 349      0.288902E+09    0.9597782E+09    0.5359860E+08
 350      0.346846E+09    0.8834475E+09    0.3825324E+08
 351      0.387919E+09    0.8039800E+09    0.2727688E+08
 352      0.372099E+09    0.6351873E+09   -0.1827683E+08
 353      0.291005E+09    0.4486395E+09   -0.7071933E+08
 354      0.791870E+08    0.2588658E+09   -0.1851114E+09
 355     -0.369820E+09    0.4890042E+08   -0.3137257E+09
 356     -0.978893E+09    0.1964151E+08   -0.2151851E+09
 357     -0.177618E+10    0.2967407E+08   -0.9700400E+08
 358     -0.193082E+10   -0.1035064E+09    0.1567693E+09
 359     -0.951314E+09    0.2743143E+08    0.1453932E+09
 360     -0.192225E+09    0.1442329E+09    0.6951298E+08
 361      0.169361E+09    0.4540100E+09   -0.1260668E+09
 362      0.346048E+09    0.7817987E+09   -0.2393777E+09
 363      0.400248E+09    0.9990437E+09   -0.2191830E+09
 364      0.404623E+09    0.1207561E+10   -0.2021307E+09
 365      0.346897E+09    0.1300618E+10   -0.1404911E+09
 366      0.262554E+09    0.1393118E+10   -0.7894503E+08
 367      0.131654E+09    0.1423221E+10    0.3006824E+07
 368      0.862353E+08    0.1461158E+10    0.7094207E+08
 369      0.178897E+09    0.1466908E+10    0.7558855E+08
 370      0.259059E+09    0.1473880E+10    0.9102256E+08
 371      0.310050E+09    0.1387819E+10    0.1309967E+09
 372      0.357029E+09    0.1300688E+10    0.1743709E+09
 373      0.362064E+09    0.1090174E+10    0.1945199E+09
 374      0.331797E+09    0.8716141E+09    0.2188352E+09
 375      0.185908E+09    0.5393401E+09    0.1254647E+09
 376     -0.170275E+09    0.2180182E+09   -0.3988739E+08
 377     -0.968256E+09    0.6514507E+08   -0.1068748E+09
 378     -0.216511E+10   -0.9327643E+08   -0.1111650E+09
 379     -0.297230E+10    0.2592263E+09    0.6253488E+09
 380     -0.811131E+09    0.2300386E+09    0.1669730E+09
 381      0.881977E+08    0.4436557E+09   -0.3340709E+09
 382      0.286077E+09    0.1139156E+10   -0.4754284E+09
 383      0.401458E+09    0.1588200E+10   -0.5326836E+09
 384      0.380785E+09    0.1779308E+10   -0.4342779E+09
 385      0.363735E+09    0.1971735E+10   -0.3424039E+09
 386      0.287637E+09    0.2009099E+10   -0.2351011E+09
 387      0.186341E+09    0.2044916E+10   -0.1262171E+09
 388      0.309765E+08    0.2050678E+10   -0.2767720E+08
 389      0.826313E+08    0.2084759E+10    0.4336701E+08
 390      0.163164E+09    0.2103481E+10    0.7487630E+08
 391      0.224663E+09    0.2113234E+10    0.1289786E+09
 392      0.266845E+09    0.2034758E+10    0.2268275E+09
 393      0.318966E+09    0.1962025E+10    0.3260043E+09
 394      0.341556E+09    0.1753272E+10    0.4226530E+09
 395      0.374006E+09    0.1550351E+10    0.5272956E+09
 396      0.292452E+09    0.1118656E+10    0.4958751E+09
 397      0.969356E+08    0.4766366E+09    0.3847461E+09
 398     -0.819020E+09    0.2529727E+09   -0.7119563E+08
 399     -0.314681E+10    0.2301963E+09   -0.4613702E+09
 400     -0.248223E+10   -0.4538064E+09   -0.1335853E+09
 401     -0.255372E+09    0.8032720E+09   -0.6990589E+09
 402      0.163027E+08    0.2015507E+10   -0.1088060E+10
 403      0.175366E+09    0.2394490E+10   -0.8672908E+09
 404      0.209618E+09    0.2789019E+10   -0.7223989E+09
 405      0.199668E+09    0.2861539E+10   -0.5243227E+09
 406      0.188707E+09    0.2945580E+10   -0.3334165E+09
 407      0.148138E+09    0.2890007E+10   -0.1876797E+09
 408      0.837035E+08    0.2831771E+10   -0.4605188E+08
 409     -0.381356E+07    0.2806749E+10   -0.1412855E+08
 410      0.491148E+08    0.2813003E+10    0.8002607E+07
 411      0.836024E+08    0.2828904E+10    0.7701908E+08
 412      0.115017E+09    0.2833482E+10    0.1550985E+09
 413      0.136926E+09    0.2783437E+10    0.2842926E+09
 414      0.164722E+09    0.2738885E+10    0.4139872E+09
 415      0.180945E+09    0.2601394E+10    0.5773901E+09
 416      0.199595E+09    0.2476984E+10    0.7494420E+09
 417      0.187650E+09    0.2112913E+10    0.8882414E+09
 418      0.458366E+08    0.1748593E+10    0.1111379E+10
 419     -0.241549E+09    0.6904274E+09    0.7181940E+09
 420     -0.252989E+10   -0.3876164E+09    0.2086378E+09
 421     -0.133514E+10    0.4374515E+10   -0.1046688E+10
 422      0.133185E+09    0.4461745E+10   -0.1528957E+10
 423     -0.721152E+08    0.4508262E+10   -0.1673448E+10
 424      0.396401E+08    0.4417572E+10   -0.1183895E+10
 425      0.816150E+07    0.4401884E+10   -0.8683466E+09
 426      0.170701E+08    0.4270242E+10   -0.5797614E+09
 427      0.137101E+08    0.4152380E+10   -0.3028646E+09
 428      0.105747E+08    0.3950852E+10   -0.1219286E+09
 429     -0.987521E+07    0.3730705E+10    0.4438153E+08
 430     -0.229942E+08    0.3647515E+10    0.5531792E+07
 431      0.828195E+07    0.3610882E+10   -0.2185800E+08
 432      0.729993E+07    0.3621302E+10    0.8063399E+08
 433      0.939607E+07    0.3614884E+10    0.1799229E+09
 434      0.115725E+08    0.3612204E+10    0.3367685E+09
 435      0.141942E+08    0.3611638E+10    0.4940966E+09
 436      0.231755E+08    0.3613772E+10    0.7142272E+09
 437      0.199458E+08    0.3627451E+10    0.9468515E+09
 438      0.646676E+08    0.3635099E+10    0.1232945E+10
 439     -0.303440E+08    0.3725392E+10    0.1709775E+10
 440      0.196479E+09    0.3681592E+10    0.1566865E+10
 441     -0.129929E+10    0.3565318E+10    0.1171388E+10
