   1     -0.374596E+09   -0.4282181E+07   -0.2174906E+07
   2     -0.341306E+09    0.1898907E+08   -0.3977002E+07
   3     -0.311506E+09    0.4499091E+08   -0.5345748E+07
   4     -0.263059E+09    0.7343028E+08   -0.4461457E+07
   5     -0.192184E+09    0.9920898E+08   -0.4008186E+07
   6     -0.105555E+09    0.1120000E+09   -0.3155227E+07
   7     -0.297942E+07    0.1248334E+09   -0.2585676E+07
   8      0.109574E+09    0.1274096E+09   -0.1566279E+07
   9      0.221192E+09    0.1287405E+09   -0.1723088E+06
  10      0.317190E+09    0.1225604E+09   -0.1751577E+06
  11      0.399413E+09    0.1173599E+09    0.2720316E+06
  12      0.458622E+09    0.1096703E+09    0.9647800E+06
  13      0.491072E+09    0.1028988E+09    0.3933117E+06
  14      0.484712E+09    0.9934898E+08    0.1161889E+07
  15      0.439931E+09    0.9374884E+08    0.2815632E+07
  16      0.343295E+09    0.8744816E+08    0.1762525E+07
  17      0.181987E+09    0.8451423E+08    0.6031109E+06
  18     -0.558939E+08    0.7444234E+08    0.2702645E+07
  19     -0.401478E+09    0.6147290E+08    0.5048849E+07
  20     -0.867104E+09    0.3086622E+08    0.6711012E+07
  21     -0.155784E+10    0.8535897E+06    0.7906945E+07
  22     -0.346639E+09   -0.2350965E+07   -0.5342429E+07
  23     -0.333473E+09    0.7538481E+07   -0.1430868E+08
  24     -0.312839E+09    0.1919647E+08   -0.2157993E+08
  25     -0.266622E+09    0.3261253E+08   -0.1630663E+08
  26     -0.197900E+09    0.4454762E+08   -0.1223607E+08
  27     -0.110600E+09    0.4872432E+08   -0.6831617E+07
  28     -0.603741E+07    0.5221664E+08   -0.2278052E+07
  29      0.105818E+09    0.4913233E+08    0.9616930E+06
  30      0.218270E+09    0.4626653E+08    0.4740930E+07
  31      0.316804E+09    0.4024927E+08    0.5571754E+07
  32      0.398624E+09    0.3391497E+08    0.6400763E+07
  33      0.460645E+09    0.2977091E+08    0.4946865E+07
  34      0.491768E+09    0.2591749E+08    0.3309570E+07
  35      0.485790E+09    0.2426371E+08    0.2409843E+07
  36      0.439898E+09    0.2376466E+08    0.1544138E+07
  37      0.342921E+09    0.2426046E+08    0.1989788E+07
  38      0.180508E+09    0.2387012E+08    0.2196813E+07
  39     -0.614153E+08    0.1958208E+08    0.6981702E+07
  40     -0.404226E+09    0.1371209E+08    0.1444221E+08
  41     -0.870089E+09    0.5293951E+07    0.1456900E+08
  42     -0.150811E+10   -0.1651017E+07    0.1212328E+08
  43     -0.313698E+09    0.5158709E+06   -0.8530049E+07
  44     -0.324108E+09    0.1126683E+07   -0.2392122E+08
  45     -0.313926E+09    0.2138335E+07   -0.3713110E+08
  46     -0.270278E+09    0.2100600E+07   -0.2781723E+08
  47     -0.204826E+09    0.7943357E+06   -0.1932336E+08
  48     -0.115926E+09   -0.7033286E+07   -0.9944613E+07
  49     -0.967686E+07   -0.1395733E+08   -0.2265100E+07
  50      0.101309E+09   -0.2023392E+08    0.3004136E+07
  51      0.214343E+09   -0.2657657E+08    0.9039901E+07
  52      0.315724E+09   -0.3220204E+08    0.1111368E+08
  53      0.397483E+09   -0.3776942E+08    0.1241601E+08
  54      0.462438E+09   -0.4094090E+08    0.9171828E+07
  55      0.491701E+09   -0.4417016E+08    0.6460507E+07
  56      0.486843E+09   -0.4072787E+08    0.3632720E+07
  57      0.439292E+09   -0.3701271E+08    0.2787000E+06
  58      0.341714E+09   -0.3040006E+08    0.2452617E+07
  59      0.178399E+09   -0.2439576E+08    0.5168432E+07
  60     -0.671680E+08   -0.2055805E+08    0.1176638E+08
  61     -0.407442E+09   -0.1491649E+08    0.2189515E+08
  62     -0.871956E+09   -0.5871203E+07    0.2019144E+08
  63     -0.145103E+10    0.1831212E+07    0.1471821E+08
  64     -0.274660E+09    0.7598538E+06   -0.6193949E+07
  65     -0.312639E+09   -0.5120719E+07   -0.1735049E+08
  66     -0.314811E+09   -0.1105649E+08   -0.2724401E+08
  67     -0.281087E+09   -0.2277989E+08   -0.1606853E+08
  68     -0.217007E+09   -0.3450696E+08   -0.5418648E+07
  69     -0.124982E+09   -0.4800839E+08    0.4046455E+07
  70     -0.165460E+08   -0.6214718E+08    0.1268797E+08
  71      0.976781E+08   -0.7616216E+08    0.1568857E+08
  72      0.211622E+09   -0.8964821E+08    0.1888587E+08
  73      0.316593E+09   -0.9637753E+08    0.1742040E+08
  74      0.402029E+09   -0.1029314E+09    0.1537835E+08
  75      0.468263E+09   -0.1022237E+09    0.8906360E+07
  76      0.497871E+09   -0.1013771E+09    0.2568118E+07
  77      0.492815E+09   -0.9423417E+08   -0.3750067E+07
  78      0.444148E+09   -0.8721591E+08   -0.1047608E+08
  79      0.341192E+09   -0.7315219E+08   -0.1147523E+08
  80      0.173556E+09   -0.5822614E+08   -0.1117148E+08
  81     -0.734562E+08   -0.4006196E+08   -0.4592889E+07
  82     -0.414041E+09   -0.2184099E+08    0.3338609E+07
  83     -0.874627E+09   -0.9711181E+07    0.6489015E+07
  84     -0.141766E+10    0.1676672E+07    0.7787365E+07
  85     -0.239035E+09    0.4430160E+07   -0.4810875E+07
  86     -0.301454E+09   -0.6674809E+07   -0.1118143E+08
  87     -0.314933E+09   -0.2001872E+08   -0.1656444E+08
  88     -0.291862E+09   -0.4282959E+08   -0.4330948E+07
  89     -0.227422E+09   -0.6322277E+08    0.6708539E+07
  90     -0.134751E+09   -0.8341515E+08    0.1727097E+08
  91     -0.235831E+08   -0.1043305E+09    0.2833816E+08
  92      0.945610E+08   -0.1237058E+09    0.2952364E+08
  93      0.209938E+09   -0.1428755E+09    0.2974904E+08
  94      0.317572E+09   -0.1506215E+09    0.2380435E+08
  95      0.406153E+09   -0.1579300E+09    0.1826410E+08
  96      0.473814E+09   -0.1554166E+09    0.8308336E+07
  97      0.503994E+09   -0.1530464E+09   -0.1609493E+07
  98      0.498465E+09   -0.1395966E+09   -0.1136935E+08
  99      0.449611E+09   -0.1257276E+09   -0.2157877E+08
 100      0.341489E+09   -0.1034807E+09   -0.2613422E+08
 101      0.169516E+09   -0.8012943E+08   -0.3007221E+08
 102     -0.801234E+08   -0.5363664E+08   -0.2195068E+08
 103     -0.419294E+09   -0.2730599E+08   -0.1306186E+08
 104     -0.876731E+09   -0.1124842E+08   -0.5137950E+07
 105     -0.139205E+10    0.3755117E+07    0.2142302E+07
 106     -0.231160E+09    0.3499453E+07   -0.2870359E+07
 107     -0.306821E+09   -0.1048338E+08    0.3263456E+07
 108     -0.325405E+09   -0.2568426E+08    0.1033454E+08
 109     -0.305527E+09   -0.5582804E+08    0.2451870E+08
 110     -0.237503E+09   -0.8595914E+08    0.3781470E+08
 111     -0.143419E+09   -0.1158566E+09    0.4546884E+08
 112     -0.273781E+08   -0.1444580E+09    0.5303501E+08
 113      0.974400E+08   -0.1640147E+09    0.4998925E+08
 114      0.218598E+09   -0.1842050E+09    0.4634380E+08
 115      0.329646E+09   -0.1948492E+09    0.3325286E+08
 116      0.420448E+09   -0.2049094E+09    0.2035161E+08
 117      0.490555E+09   -0.1994813E+09    0.3009341E+07
 118      0.520209E+09   -0.1936442E+09   -0.1446102E+08
 119      0.513976E+09   -0.1741452E+09   -0.3038190E+08
 120      0.460918E+09   -0.1547125E+09   -0.4595552E+08
 121      0.349555E+09   -0.1274844E+09   -0.5364169E+08
 122      0.170350E+09   -0.1003330E+09   -0.6147558E+08
 123     -0.882565E+08   -0.6882867E+08   -0.5396412E+08
 124     -0.434383E+09   -0.3451888E+08   -0.4566692E+08
 125     -0.896149E+09   -0.1334737E+08   -0.2325361E+08
 126     -0.142227E+10    0.5040246E+07   -0.1123635E+07
 127     -0.225320E+09    0.4881698E+07    0.5649007E+06
 128     -0.312023E+09   -0.1345098E+08    0.1781991E+08
 129     -0.336590E+09   -0.3361521E+08    0.3587827E+08
 130     -0.318931E+09   -0.6964193E+08    0.5323066E+08
 131     -0.248896E+09   -0.1051093E+09    0.7007793E+08
 132     -0.151122E+09   -0.1406785E+09    0.7446717E+08
 133     -0.305196E+08   -0.1755527E+09    0.7805311E+08
 134      0.998630E+08   -0.1982565E+09    0.7004787E+08
 135      0.226403E+09   -0.2199909E+09    0.6219520E+08
 136      0.342243E+09   -0.2266994E+09    0.4271673E+08
 137      0.435540E+09   -0.2340362E+09    0.2287655E+08
 138      0.508096E+09   -0.2279041E+09   -0.2218849E+07
 139      0.537083E+09   -0.2217333E+09   -0.2729154E+08
 140      0.529850E+09   -0.2014318E+09   -0.4950463E+08
 141      0.471565E+09   -0.1797345E+09   -0.7112599E+08
 142      0.357034E+09   -0.1465758E+09   -0.8123397E+08
 143      0.171639E+09   -0.1135320E+09   -0.9255205E+08
 144     -0.951124E+08   -0.7422051E+08   -0.8666920E+08
 145     -0.450461E+09   -0.3310083E+08   -0.7907356E+08
 146     -0.917530E+09   -0.1204849E+08   -0.4099285E+08
 147     -0.144993E+10    0.6473786E+07   -0.3102587E+07
 148     -0.263226E+09    0.6115530E+07    0.2106912E+07
 149     -0.345507E+09   -0.1275581E+08    0.3717046E+08
 150     -0.366167E+09   -0.3418847E+08    0.7299301E+08
 151     -0.338271E+09   -0.7755410E+08    0.9347994E+08
 152     -0.258916E+09   -0.1194629E+09    0.1126069E+09
 153     -0.150102E+09   -0.1568653E+09    0.1113868E+09
 154     -0.229674E+08   -0.1938201E+09    0.1104135E+09
 155      0.116010E+09   -0.2182623E+09    0.9349799E+08
 156      0.248244E+09   -0.2419451E+09    0.7615076E+08
 157      0.369329E+09   -0.2474855E+09    0.4835717E+08
 158      0.465960E+09   -0.2525970E+09    0.2060813E+08
 159      0.539213E+09   -0.2431529E+09   -0.1090481E+08
 160      0.568717E+09   -0.2340864E+09   -0.4253493E+08
 161      0.558487E+09   -0.2119845E+09   -0.7161703E+08
 162      0.494483E+09   -0.1902254E+09   -0.1004834E+09
 163      0.372712E+09   -0.1549554E+09   -0.1168541E+09
 164      0.178269E+09   -0.1177141E+09   -0.1338127E+09
 165     -0.103758E+09   -0.7991153E+08   -0.1247441E+09
 166     -0.481248E+09   -0.4175230E+08   -0.1152735E+09
 167     -0.968661E+09   -0.1777640E+08   -0.6260152E+08
 168     -0.153723E+10    0.4450895E+07   -0.8770525E+07
 169     -0.298003E+09    0.6399680E+07    0.2959852E+07
 170     -0.380443E+09   -0.1571412E+08    0.5622858E+08
 171     -0.395740E+09   -0.4020290E+08    0.1099481E+09
 172     -0.358189E+09   -0.8393832E+08    0.1338584E+09
 173     -0.268033E+09   -0.1274140E+09    0.1561897E+09
 174     -0.149482E+09   -0.1684663E+09    0.1492231E+09
 175     -0.152600E+08   -0.2068759E+09    0.1423923E+09
 176      0.132593E+09   -0.2247859E+09    0.1170275E+09
 177      0.271925E+09   -0.2430193E+09    0.9110142E+08
 178      0.396774E+09   -0.2472741E+09    0.5461909E+08
 179      0.497612E+09   -0.2516756E+09    0.1836506E+08
 180      0.570274E+09   -0.2420968E+09   -0.1992432E+08
 181      0.601275E+09   -0.2330270E+09   -0.5796229E+08
 182      0.587289E+09   -0.2125053E+09   -0.9414562E+08
 183      0.518360E+09   -0.1907454E+09   -0.1301681E+09
 184      0.389456E+09   -0.1572099E+09   -0.1528133E+09
 185      0.182715E+09   -0.1235919E+09   -0.1751711E+09
 186     -0.113795E+09   -0.8244061E+08   -0.1628910E+09
 187     -0.512049E+09   -0.3784758E+08   -0.1524014E+09
 188     -0.101868E+10   -0.1279309E+08   -0.8435983E+08
 189     -0.162883E+10    0.8343117E+07   -0.1346040E+08
 190     -0.382972E+09    0.6091014E+07    0.7940636E+07
 191     -0.453351E+09   -0.1843868E+08    0.8021261E+08
 192     -0.443002E+09   -0.4618462E+08    0.1521591E+09
 193     -0.382172E+09   -0.9169909E+08    0.1759592E+09
 194     -0.271800E+09   -0.1351018E+09    0.1987680E+09
 195     -0.134864E+09   -0.1687047E+09    0.1830241E+09
 196      0.110830E+08   -0.2016226E+09    0.1669660E+09
 197      0.166165E+09   -0.2166993E+09    0.1314777E+09
 198      0.312758E+09   -0.2304643E+09    0.9635284E+08
 199      0.437330E+09   -0.2283915E+09    0.5449060E+08
 200      0.542522E+09   -0.2268357E+09    0.1296184E+08
 201      0.611183E+09   -0.2175494E+09   -0.2897856E+08
 202      0.644922E+09   -0.2088689E+09   -0.7070898E+08
 203      0.628952E+09   -0.1912506E+09   -0.1121084E+09
 204      0.553627E+09   -0.1734740E+09   -0.1535544E+09
 205      0.417245E+09   -0.1463024E+09   -0.1806757E+09
 206      0.194859E+09   -0.1186089E+09   -0.2092686E+09
 207     -0.123940E+09   -0.8099892E+08   -0.2007834E+09
 208     -0.553540E+09   -0.4034912E+08   -0.1932187E+09
 209     -0.110639E+10   -0.1558804E+08   -0.1058803E+09
 210     -0.177538E+10    0.5962215E+07   -0.1491581E+08
 211     -0.470202E+09    0.6663266E+07    0.1302886E+08
 212     -0.526127E+09   -0.1809861E+08    0.1042714E+09
 213     -0.491256E+09   -0.4597108E+08    0.1949510E+09
 214     -0.406574E+09   -0.8987043E+08    0.2193187E+09
 215     -0.276525E+09   -0.1319880E+09    0.2417612E+09
 216     -0.120171E+09   -0.1565683E+09    0.2168705E+09
 217      0.367676E+08   -0.1788535E+09    0.1927008E+09
 218      0.201396E+09   -0.1810812E+09    0.1470473E+09
 219      0.352901E+09   -0.1837273E+09    0.1027724E+09
 220      0.479503E+09   -0.1789879E+09    0.5504674E+08
 221      0.587257E+09   -0.1746101E+09    0.7618383E+07
 222      0.653346E+09   -0.1653949E+09   -0.3834790E+08
 223      0.689290E+09   -0.1559865E+09   -0.8486174E+08
 224      0.671711E+09   -0.1458379E+09   -0.1306058E+09
 225      0.588881E+09   -0.1374925E+09   -0.1768027E+09
 226      0.444567E+09   -0.1196450E+09   -0.2098009E+09
 227      0.207992E+09   -0.9996930E+08   -0.2445651E+09
 228     -0.134122E+09   -0.7236398E+08   -0.2382829E+09
 229     -0.596486E+09   -0.4193553E+08   -0.2331190E+09
 230     -0.119636E+10   -0.1664685E+08   -0.1282291E+09
 231     -0.191888E+10    0.5636286E+07   -0.1889627E+08
 232     -0.625465E+09    0.5088070E+07    0.2016859E+08
 233     -0.634142E+09   -0.1991140E+08    0.1284521E+09
 234     -0.553252E+09   -0.4894115E+08    0.2350947E+09
 235     -0.424931E+09   -0.8405315E+08    0.2515711E+09
 236     -0.261550E+09   -0.1160769E+09    0.2657539E+09
 237     -0.849492E+08   -0.1257228E+09    0.2263143E+09
 238      0.833502E+08   -0.1329894E+09    0.1879237E+09
 239      0.251305E+09   -0.1197728E+09    0.1363224E+09
 240      0.399050E+09   -0.1065204E+09    0.8721622E+08
 241      0.526113E+09   -0.9042801E+08    0.4206760E+08
 242      0.629221E+09   -0.7569429E+08   -0.2121427E+07
 243      0.697341E+09   -0.7006481E+08   -0.4382497E+08
 244      0.732483E+09   -0.6513725E+08   -0.8577178E+08
 245      0.715543E+09   -0.6868154E+08   -0.1279835E+09
 246      0.634632E+09   -0.7302683E+08   -0.1720458E+09
 247      0.483528E+09   -0.7371580E+08   -0.2118712E+09
 248      0.234934E+09   -0.7334149E+08   -0.2536919E+09
 249     -0.134662E+09   -0.5598121E+08   -0.2554690E+09
 250     -0.642564E+09   -0.3540064E+08   -0.2599554E+09
 251     -0.131358E+10   -0.1476143E+08   -0.1469774E+09
 252     -0.212988E+10    0.3016723E+07   -0.2727617E+08
 253     -0.779435E+09    0.7399494E+07    0.2656492E+08
 254     -0.743472E+09   -0.1862615E+08    0.1533793E+09
 255     -0.617460E+09   -0.4947928E+08    0.2779331E+09
 256     -0.444701E+09   -0.7449424E+08    0.2855478E+09
 257     -0.248054E+09   -0.9326798E+08    0.2910293E+09
 258     -0.487312E+08   -0.7361058E+08    0.2370948E+09
 259      0.132270E+09   -0.5269489E+08    0.1839731E+09
 260      0.301664E+09   -0.1408462E+08    0.1257382E+09
 261      0.447481E+09    0.2402159E+08    0.7057624E+08
 262      0.573005E+09    0.5205254E+08    0.2856110E+08
 263      0.672523E+09    0.7845301E+08   -0.1177493E+08
 264      0.742838E+09    0.7920589E+08   -0.4819191E+08
 265      0.776828E+09    0.7832537E+08   -0.8515103E+08
 266      0.760122E+09    0.5636056E+08   -0.1251757E+09
 267      0.682705E+09    0.3263689E+08   -0.1678421E+09
 268      0.523449E+09    0.6406274E+07   -0.2148324E+09
 269      0.261494E+09   -0.2044575E+08   -0.2634371E+09
 270     -0.136412E+09   -0.2822521E+08   -0.2746368E+09
 271     -0.689909E+09   -0.2941112E+08   -0.2900286E+09
 272     -0.143249E+10   -0.1104238E+08   -0.1662056E+09
 273     -0.234341E+10    0.4008882E+07   -0.3412977E+08
 274     -0.100392E+10   -0.1238200E+06    0.3981999E+08
 275     -0.879665E+09   -0.2107845E+08    0.1741206E+09
 276     -0.669152E+09   -0.4819473E+08    0.3025541E+09
 277     -0.429139E+09   -0.4515548E+08    0.2796903E+09
 278     -0.197821E+09   -0.3416728E+08    0.2558565E+09
 279      0.145211E+08    0.2244332E+08    0.1853230E+09
 280      0.195140E+09    0.8018734E+08    0.1190497E+09
 281      0.352264E+09    0.1443112E+09    0.6621261E+08
 282      0.485716E+09    0.2071608E+09    0.1649298E+08
 283      0.598759E+09    0.2467976E+09   -0.7980497E+07
 284      0.691383E+09    0.2856085E+09   -0.3120745E+08
 285      0.759612E+09    0.2844026E+09   -0.4451167E+08
 286      0.798888E+09    0.2808372E+09   -0.5821834E+08
 287      0.786517E+09    0.2366827E+09   -0.8243488E+08
 288      0.724121E+09    0.1910924E+09   -0.1082284E+09
 289      0.571315E+09    0.1268715E+09   -0.1550866E+09
 290      0.308584E+09    0.6240180E+08   -0.2061369E+09
 291     -0.104558E+09    0.2484747E+08   -0.2408858E+09
 292     -0.716126E+09   -0.7294665E+07   -0.2820016E+09
 293     -0.155473E+10   -0.4596877E+07   -0.1687426E+09
 294     -0.260919E+10   -0.4630154E+07   -0.4455331E+08
 295     -0.123128E+10    0.7268005E+07    0.5574501E+08
 296     -0.101857E+10   -0.1779537E+08    0.1968719E+09
 297     -0.729942E+09   -0.4133909E+08    0.3311745E+09
 298     -0.412299E+09    0.2615455E+07    0.2779902E+09
 299     -0.147760E+09    0.5274618E+08    0.2238232E+09
 300      0.813145E+08    0.1635657E+09    0.1346747E+09
 301      0.258412E+09    0.2723675E+09    0.5234144E+08
 302      0.405033E+09    0.3759276E+09    0.5841540E+07
 303      0.524380E+09    0.4759531E+09   -0.3813668E+08
 304      0.625404E+09    0.5298679E+09   -0.4463714E+08
 305      0.710294E+09    0.5818468E+09   -0.5022480E+08
 306      0.775967E+09    0.5737753E+09   -0.4069540E+08
 307      0.821177E+09    0.5649193E+09   -0.3052265E+08
 308      0.815242E+09    0.4941032E+09   -0.3817518E+08
 309      0.765725E+09    0.4200170E+09   -0.4682749E+08
 310      0.623082E+09    0.3068641E+09   -0.9460328E+08
 311      0.356586E+09    0.1879096E+09   -0.1496530E+09
 312     -0.705619E+08    0.9364787E+08   -0.2098350E+09
 313     -0.752201E+09    0.1801210E+07   -0.2764798E+09
 314     -0.167985E+10   -0.3704031E+07   -0.1742911E+09
 315     -0.288123E+10   -0.2572308E+07   -0.6034639E+08
 316     -0.153599E+10   -0.2006731E+08    0.8229824E+08
 317     -0.113932E+10   -0.1127155E+08    0.1958057E+09
 318     -0.699028E+09   -0.1182167E+08    0.2872035E+09
 319     -0.322216E+09    0.9791983E+08    0.1694213E+09
 320     -0.411916E+08    0.2231692E+09    0.6511463E+08
 321      0.160223E+09    0.3959839E+09   -0.2473541E+08
 322      0.308225E+09    0.5660955E+09   -0.1044859E+09
 323      0.422489E+09    0.7005641E+09   -0.1211380E+09
 324      0.517426E+09    0.8321160E+09   -0.1359754E+09
 325      0.597310E+09    0.8955795E+09   -0.1052332E+09
 326      0.672456E+09    0.9587613E+09   -0.7459205E+08
 327      0.730057E+09    0.9456121E+09   -0.2584883E+08
 328      0.777894E+09    0.9322864E+09    0.2490531E+08
 329      0.787458E+09    0.8347619E+09    0.5930159E+08
 330      0.762057E+09    0.7342559E+09    0.9322247E+08
 331      0.651888E+09    0.5654787E+09    0.6961451E+08
 332      0.429459E+09    0.3918950E+09    0.3761736E+08
 333      0.172224E+08    0.2250276E+09   -0.5529387E+08
 334     -0.688119E+09    0.6694248E+08   -0.1702579E+09
 335     -0.173743E+10    0.2123631E+08   -0.1374784E+09
 336     -0.317863E+10   -0.2668210E+08   -0.7982534E+08
 337     -0.187123E+10    0.3266477E+08    0.1343484E+09
 338     -0.126444E+10    0.1334622E+07    0.2042150E+09
 339     -0.702441E+09    0.1502627E+08    0.2581500E+09
 340     -0.209958E+09    0.2632086E+09    0.6936993E+08
 341      0.719447E+08    0.4901235E+09   -0.1075893E+09
 342      0.244689E+09    0.7490868E+09   -0.1913933E+09
 343      0.361019E+09    0.9863333E+09   -0.2660602E+09
 344      0.439086E+09    0.1145088E+10   -0.2516270E+09
 345      0.508709E+09    0.1302789E+10   -0.2363306E+09
 346      0.566511E+09    0.1374678E+10   -0.1670084E+09
 347      0.633168E+09    0.1446924E+10   -0.9876802E+08
 348      0.682230E+09    0.1427770E+10   -0.9116821E+07
 349      0.733014E+09    0.1410499E+10    0.8260020E+08
 350      0.758160E+09    0.1295361E+10    0.1604752E+09
 351      0.760572E+09    0.1178107E+10    0.2399912E+09
 352      0.685670E+09    0.9475947E+09    0.2418325E+09
 353      0.508883E+09    0.6977555E+09    0.2375858E+09
 354      0.125752E+09    0.4251463E+09    0.9366864E+08
 355     -0.646542E+09    0.1217747E+09   -0.7524858E+08
 356     -0.180166E+10    0.4311395E+08   -0.1082744E+09
 357     -0.351049E+10    0.1435547E+08   -0.1194858E+09
 358     -0.223634E+10   -0.1138718E+09    0.1697330E+09
 359     -0.121716E+10    0.5244083E+08    0.1012168E+09
 360     -0.427261E+09    0.2079087E+09   -0.3585213E+08
 361     -0.399671E+08    0.5894656E+09   -0.2894364E+09
 362      0.163527E+09    0.9864351E+09   -0.4585413E+09
 363      0.261594E+09    0.1278442E+10   -0.4673571E+09
 364      0.333434E+09    0.1562080E+10   -0.4794635E+09
 365      0.375368E+09    0.1723064E+10   -0.4109992E+09
 366      0.418657E+09    0.1884469E+10   -0.3447583E+09
 367      0.457615E+09    0.1950694E+10   -0.2340051E+09
 368      0.508788E+09    0.2020849E+10   -0.1234910E+09
 369      0.548346E+09    0.2001834E+10    0.1252917E+08
 370      0.596310E+09    0.1985862E+10    0.1490462E+09
 371      0.623378E+09    0.1862122E+10    0.2873840E+09
 372      0.647657E+09    0.1740049E+10    0.4302018E+09
 373      0.614104E+09    0.1471650E+10    0.5128770E+09
 374      0.518183E+09    0.1193997E+10    0.6023717E+09
 375      0.246282E+09    0.7683493E+09    0.4947166E+09
 376     -0.358736E+09    0.3427939E+09    0.3080847E+09
 377     -0.162139E+10    0.1119013E+09    0.6191471E+08
 378     -0.371027E+10   -0.1157183E+09   -0.1291342E+09
 379     -0.325313E+10    0.2463263E+09    0.6308750E+09
 380     -0.101270E+10    0.2555095E+09    0.8199608E+08
 381     -0.853596E+08    0.5134976E+09   -0.5106531E+09
 382      0.128483E+09    0.1277922E+10   -0.7103979E+09
 383      0.256172E+09    0.1788041E+10   -0.8264462E+09
 384      0.266592E+09    0.2054974E+10   -0.7568940E+09
 385      0.298268E+09    0.2327514E+10   -0.6957524E+09
 386      0.303968E+09    0.2456905E+10   -0.5721777E+09
 387      0.324368E+09    0.2593685E+10   -0.4522378E+09
 388      0.345079E+09    0.2645119E+10   -0.3003739E+09
 389      0.379999E+09    0.2701213E+10   -0.1481721E+09
 390      0.410411E+09    0.2686025E+10    0.3407650E+08
 391      0.454591E+09    0.2674507E+10    0.2174795E+09
 392      0.482559E+09    0.2568480E+10    0.4179725E+09
 393      0.527298E+09    0.2472335E+10    0.6235010E+09
 394      0.531462E+09    0.2216075E+10    0.7989778E+09
 395      0.530455E+09    0.1966264E+10    0.9854692E+09
 396      0.366030E+09    0.1439567E+10    0.9577689E+09
 397     -0.666201E+07    0.6772257E+09    0.8541083E+09
 398     -0.128294E+10    0.3329828E+09    0.1609878E+09
 399     -0.455297E+10    0.2101393E+09   -0.4952666E+09
 400     -0.263473E+10   -0.4516358E+09   -0.1363080E+09
 401     -0.353294E+09    0.8318023E+09   -0.8025152E+09
 402     -0.737772E+08    0.2063786E+10   -0.1291746E+10
 403      0.913728E+08    0.2475757E+10   -0.1144669E+10
 404      0.129005E+09    0.2906534E+10   -0.1078578E+10
 405      0.134631E+09    0.3064586E+10   -0.9358349E+09
 406      0.148433E+09    0.3238426E+10   -0.8028454E+09
 407      0.149721E+09    0.3309032E+10   -0.6496602E+09
 408      0.161462E+09    0.3387348E+10   -0.4989219E+09
 409      0.171537E+09    0.3413584E+10   -0.3274742E+09
 410      0.189955E+09    0.3444036E+10   -0.1558001E+09
 411      0.205679E+09    0.3432471E+10    0.4721438E+08
 412      0.228627E+09    0.3426010E+10    0.2514405E+09
 413      0.245229E+09    0.3363018E+10    0.4887463E+09
 414      0.269275E+09    0.3306606E+10    0.7288045E+09
 415      0.277110E+09    0.3136181E+10    0.9868941E+09
 416      0.282851E+09    0.2981412E+10    0.1258482E+10
 417      0.225372E+09    0.2531918E+10    0.1433568E+10
 418     -0.103226E+08    0.2075922E+10    0.1716172E+10
 419     -0.471407E+09    0.8486797E+09    0.1089073E+10
 420     -0.334252E+10   -0.4016432E+09    0.2885882E+09
 421     -0.135739E+10    0.4360611E+10   -0.1068511E+10
 422      0.133825E+09    0.4398911E+10   -0.1659857E+10
 423     -0.774747E+08    0.4390476E+10   -0.1905751E+10
 424      0.311340E+08    0.4315271E+10   -0.1509160E+10
 425     -0.370380E+07    0.4314771E+10   -0.1293953E+10
 426      0.460167E+07    0.4289662E+10   -0.1087424E+10
 427      0.169347E+07    0.4280667E+10   -0.8953835E+09
 428      0.101609E+07    0.4264245E+10   -0.7163412E+09
 429      0.297350E+07    0.4252961E+10   -0.5392684E+09
 430      0.312724E+07    0.4241667E+10   -0.3504918E+09
 431      0.541852E+07    0.4233933E+10   -0.1613210E+09
 432      0.677951E+07    0.4228212E+10    0.6070183E+08
 433      0.898200E+07    0.4225723E+10    0.2826808E+09
 434      0.140785E+08    0.4222436E+10    0.5538510E+09
 435      0.169783E+08    0.4224138E+10    0.8265022E+09
 436      0.275080E+08    0.4214408E+10    0.1155945E+10
 437      0.300230E+08    0.4219162E+10    0.1506543E+10
 438      0.674848E+08    0.4172376E+10    0.1858648E+10
 439     -0.332908E+08    0.4215016E+10    0.2442265E+10
 440      0.186292E+09    0.4016065E+10    0.2064832E+10
 441     -0.145132E+10    0.3729375E+10    0.1361576E+10
