   1     -0.107547E+09    0.8541781E+07    0.1210515E+07
   2     -0.188896E+09   -0.2415173E+08    0.2805388E+07
   3     -0.201456E+09   -0.5936009E+08    0.3435635E+07
   4     -0.179005E+09   -0.1209699E+09    0.3288462E+07
   5     -0.128865E+09   -0.1813591E+09    0.3926831E+07
   6     -0.529220E+08   -0.2501572E+09    0.4477330E+07
   7      0.248985E+08   -0.3190989E+09    0.4749114E+07
   8      0.107111E+09   -0.3758812E+09    0.3576044E+07
   9      0.177798E+09   -0.4317160E+09    0.3040643E+07
  10      0.240019E+09   -0.4652544E+09    0.2818902E+07
  11      0.281717E+09   -0.4984302E+09    0.2028707E+07
  12      0.301205E+09   -0.5011370E+09    0.1284006E+07
  13      0.290147E+09   -0.5039147E+09    0.7665626E+06
  14      0.258534E+09   -0.4701841E+09   -0.1068608E+07
  15      0.186116E+09   -0.4357046E+09   -0.2395950E+07
  16      0.899356E+08   -0.3680220E+09   -0.4135932E+07
  17     -0.325186E+08   -0.2981059E+09   -0.6018213E+07
  18     -0.168241E+09   -0.2072263E+09   -0.6867896E+07
  19     -0.306700E+09   -0.1118842E+09   -0.8365435E+07
  20     -0.415527E+09   -0.4583771E+08   -0.6069997E+07
  21     -0.426974E+09    0.1354263E+08   -0.3336292E+07
  22     -0.148957E+09    0.6160373E+07    0.5847123E+07
  23     -0.208170E+09   -0.1756855E+08    0.2668477E+08
  24     -0.214061E+09   -0.4351434E+08    0.4661351E+08
  25     -0.186064E+09   -0.9518625E+08    0.5261764E+08
  26     -0.129198E+09   -0.1458343E+09    0.5879059E+08
  27     -0.525548E+08   -0.1991573E+09    0.5721394E+08
  28      0.306153E+08   -0.2521665E+09    0.5609910E+08
  29      0.115161E+09   -0.2970078E+09    0.4771076E+08
  30      0.188407E+09   -0.3415490E+09    0.3949301E+08
  31      0.252696E+09   -0.3659442E+09    0.2680101E+08
  32      0.295907E+09   -0.3900021E+09    0.1409942E+08
  33      0.316192E+09   -0.3876654E+09   -0.1039478E+07
  34      0.307115E+09   -0.3845560E+09   -0.1661758E+08
  35      0.272738E+09   -0.3539135E+09   -0.3167623E+08
  36      0.201219E+09   -0.3231332E+09   -0.4665757E+08
  37      0.102390E+09   -0.2676042E+09   -0.5932405E+08
  38     -0.248497E+08   -0.2106663E+09   -0.7210668E+08
  39     -0.167385E+09   -0.1436496E+09   -0.7306273E+08
  40     -0.317449E+09   -0.7318615E+08   -0.7629948E+08
  41     -0.446088E+09   -0.2907351E+08   -0.4578134E+08
  42     -0.504061E+09    0.9994072E+07   -0.1236477E+08
  43     -0.194980E+09    0.5521834E+07    0.9638360E+07
  44     -0.227917E+09   -0.1062996E+08    0.4980970E+08
  45     -0.228294E+09   -0.2860009E+08    0.8942321E+08
  46     -0.192871E+09   -0.6925089E+08    0.1017172E+09
  47     -0.129296E+09   -0.1095656E+09    0.1136862E+09
  48     -0.520580E+08   -0.1543399E+09    0.1097502E+09
  49      0.364323E+08   -0.1976534E+09    0.1066741E+09
  50      0.123305E+09   -0.2323564E+09    0.9186011E+08
  51      0.199949E+09   -0.2680205E+09    0.7630347E+08
  52      0.266424E+09   -0.2863277E+09    0.5051124E+08
  53      0.310057E+09   -0.3039416E+09    0.2618384E+08
  54      0.332480E+09   -0.3004291E+09   -0.3414479E+07
  55      0.325701E+09   -0.2960366E+09   -0.3472998E+08
  56      0.287125E+09   -0.2668823E+09   -0.6294572E+08
  57      0.217892E+09   -0.2373218E+09   -0.9108247E+08
  58      0.115553E+09   -0.1938447E+09   -0.1138029E+09
  59     -0.154302E+08   -0.1494433E+09   -0.1375759E+09
  60     -0.166159E+09   -0.9731184E+08   -0.1387236E+09
  61     -0.328377E+09   -0.4392386E+08   -0.1427092E+09
  62     -0.478925E+09   -0.1691933E+08   -0.8413487E+08
  63     -0.588810E+09    0.7257915E+07   -0.2063698E+08
  64     -0.279366E+09    0.4495456E+07    0.8452691E+07
  65     -0.280626E+09   -0.8141253E+07    0.6162125E+08
  66     -0.263693E+09   -0.2195411E+08    0.1136574E+09
  67     -0.210733E+09   -0.5233718E+08    0.1308987E+09
  68     -0.135346E+09   -0.8272651E+08    0.1488163E+09
  69     -0.462503E+08   -0.1171450E+09    0.1430318E+09
  70      0.490033E+08   -0.1513339E+09    0.1376275E+09
  71      0.144725E+09   -0.1765015E+09    0.1163760E+09
  72      0.228854E+09   -0.2003531E+09    0.9458929E+08
  73      0.299667E+09   -0.2114654E+09    0.6191002E+08
  74      0.345685E+09   -0.2228776E+09    0.2948286E+08
  75      0.372543E+09   -0.2173765E+09   -0.9059238E+07
  76      0.364818E+09   -0.2124014E+09   -0.4748604E+08
  77      0.325078E+09   -0.1924890E+09   -0.8472812E+08
  78      0.251611E+09   -0.1709051E+09   -0.1222468E+09
  79      0.142673E+09   -0.1341507E+09   -0.1484266E+09
  80      0.152011E+07   -0.9696808E+08   -0.1759339E+09
  81     -0.170096E+09   -0.6218635E+08   -0.1725458E+09
  82     -0.359528E+09   -0.2683070E+08   -0.1717684E+09
  83     -0.555933E+09   -0.9820534E+07   -0.9813558E+08
  84     -0.744397E+09    0.5312093E+07   -0.1985092E+08
  85     -0.359307E+09    0.2041769E+07    0.9046712E+07
  86     -0.333964E+09   -0.7510894E+07    0.7405673E+08
  87     -0.296816E+09   -0.1758457E+08    0.1375599E+09
  88     -0.229240E+09   -0.4089433E+08    0.1598215E+09
  89     -0.141543E+09   -0.6435097E+08    0.1832055E+09
  90     -0.403163E+08   -0.9114454E+08    0.1763994E+09
  91      0.617720E+08   -0.1178020E+09    0.1692754E+09
  92      0.167067E+09   -0.1355195E+09    0.1403868E+09
  93      0.256262E+09   -0.1533173E+09    0.1126701E+09
  94      0.332100E+09   -0.1613298E+09    0.7364813E+08
  95      0.383089E+09   -0.1683928E+09    0.3239533E+08
  96      0.411613E+09   -0.1609973E+09   -0.1490168E+08
  97      0.401771E+09   -0.1531328E+09   -0.5990703E+08
  98      0.364455E+09   -0.1340483E+09   -0.1057350E+09
  99      0.284126E+09   -0.1152818E+09   -0.1527591E+09
 100      0.169710E+09   -0.9045544E+08   -0.1831372E+09
 101      0.165993E+08   -0.6472118E+08   -0.2144963E+09
 102     -0.174666E+09   -0.3784308E+08   -0.2067031E+09
 103     -0.390432E+09   -0.1104958E+08   -0.2015938E+09
 104     -0.632801E+09   -0.3202897E+07   -0.1124384E+09
 105     -0.893168E+09    0.3632163E+07   -0.1851395E+08
 106     -0.460708E+09    0.2320729E+07    0.1014247E+08
 107     -0.404975E+09   -0.4897981E+07    0.8103751E+08
 108     -0.345668E+09   -0.1286722E+08    0.1516069E+09
 109     -0.255467E+09   -0.3157538E+08    0.1774420E+09
 110     -0.150535E+09   -0.5009335E+08    0.2031483E+09
 111     -0.327731E+08   -0.6926324E+08    0.1950915E+09
 112      0.853187E+08   -0.8817353E+08    0.1860798E+09
 113      0.199255E+09   -0.1021056E+09    0.1532434E+09
 114      0.294805E+09   -0.1159660E+09    0.1214389E+09
 115      0.377933E+09   -0.1177315E+09    0.7566790E+08
 116      0.434385E+09   -0.1190092E+09    0.2967901E+08
 117      0.462401E+09   -0.1128912E+09   -0.2127968E+08
 118      0.453168E+09   -0.1064906E+09   -0.7252446E+08
 119      0.413931E+09   -0.9053164E+08   -0.1209411E+09
 120      0.326800E+09   -0.7464941E+08   -0.1695605E+09
 121      0.201098E+09   -0.5617406E+08   -0.2007005E+09
 122      0.307270E+08   -0.3737632E+08   -0.2326969E+09
 123     -0.186493E+09   -0.2230584E+08   -0.2217043E+09
 124     -0.438713E+09   -0.7530584E+07   -0.2115337E+09
 125     -0.730481E+09   -0.2921260E+07   -0.1161342E+09
 126     -0.105707E+10    0.1448162E+07   -0.1736507E+08
 127     -0.561338E+09    0.2687769E+07    0.9535251E+07
 128     -0.475072E+09   -0.3513748E+07    0.8798653E+08
 129     -0.395304E+09   -0.1017098E+08    0.1661946E+09
 130     -0.281322E+09   -0.2643459E+08    0.1956183E+09
 131     -0.159582E+09   -0.4419558E+08    0.2247093E+09
 132     -0.251206E+08   -0.5944028E+08    0.2135658E+09
 133      0.108938E+09   -0.7216061E+08    0.2021953E+09
 134      0.230283E+09   -0.7835847E+08    0.1663768E+09
 135      0.335387E+09   -0.8481196E+08    0.1296738E+09
 136      0.423950E+09   -0.8454179E+08    0.7773786E+08
 137      0.483736E+09   -0.8501262E+08    0.2785012E+08
 138      0.513529E+09   -0.7727089E+08   -0.2775663E+08
 139      0.506639E+09   -0.6810659E+08   -0.8536011E+08
 140      0.461419E+09   -0.5633735E+08   -0.1360794E+09
 141      0.369209E+09   -0.4567713E+08   -0.1863417E+09
 142      0.232223E+09   -0.3359085E+08   -0.2186940E+09
 143      0.444172E+08   -0.2015642E+08   -0.2512383E+09
 144     -0.197999E+09   -0.9829380E+07   -0.2362123E+09
 145     -0.488774E+09   -0.6288064E+06   -0.2214972E+09
 146     -0.825601E+09    0.3066686E+06   -0.1205056E+09
 147     -0.122297E+10    0.1312230E+07   -0.1695464E+08
 148     -0.668156E+09    0.1329566E+07    0.1038731E+08
 149     -0.559858E+09   -0.5361763E+07    0.9400666E+08
 150     -0.451143E+09   -0.1279201E+08    0.1771662E+09
 151     -0.312835E+09   -0.2518566E+08    0.2074964E+09
 152     -0.166904E+09   -0.3681557E+08    0.2372976E+09
 153     -0.111495E+08   -0.4641510E+08    0.2228336E+09
 154      0.134662E+09   -0.5669515E+08    0.2090914E+09
 155      0.269676E+09   -0.6057993E+08    0.1692259E+09
 156      0.385333E+09   -0.6335999E+08    0.1285728E+09
 157      0.476652E+09   -0.6007730E+08    0.7509634E+08
 158      0.539154E+09   -0.5668898E+08    0.2235682E+08
 159      0.571624E+09   -0.4934159E+08   -0.3497669E+08
 160      0.563261E+09   -0.4289857E+08   -0.9224366E+08
 161      0.512288E+09   -0.3567633E+08   -0.1434128E+09
 162      0.414729E+09   -0.2714748E+08   -0.1957418E+09
 163      0.263467E+09   -0.1680977E+08   -0.2272425E+09
 164      0.540063E+08   -0.7344288E+07   -0.2586176E+09
 165     -0.215904E+09   -0.2608799E+07   -0.2408338E+09
 166     -0.545003E+09    0.2411483E+07   -0.2237481E+09
 167     -0.930066E+09    0.2027733E+07   -0.1199488E+09
 168     -0.138414E+10    0.1425563E+07   -0.1311381E+08
 169     -0.775962E+09    0.1385013E+07    0.1266348E+08
 170     -0.643485E+09   -0.5585846E+07    0.1003514E+09
 171     -0.507319E+09   -0.1314436E+08    0.1881574E+09
 172     -0.344386E+09   -0.2523577E+08    0.2196409E+09
 173     -0.174372E+09   -0.3771306E+08    0.2496260E+09
 174      0.242907E+07   -0.4411281E+08    0.2327221E+09
 175      0.160060E+09   -0.4840262E+08    0.2164179E+09
 176      0.309606E+09   -0.4457094E+08    0.1726470E+09
 177      0.434165E+09   -0.4224679E+08    0.1288173E+09
 178      0.529574E+09   -0.3580349E+08    0.7229439E+08
 179      0.595952E+09   -0.2817802E+08    0.1577117E+08
 180      0.629311E+09   -0.2026078E+08   -0.4209984E+08
 181      0.617974E+09   -0.1318028E+08   -0.9883690E+08
 182      0.564533E+09   -0.8224541E+07   -0.1514908E+09
 183      0.460285E+09   -0.4011241E+07   -0.2052346E+09
 184      0.294013E+09   -0.4590234E+07   -0.2354608E+09
 185      0.644087E+08   -0.3579558E+07   -0.2667458E+09
 186     -0.234539E+09    0.1699250E+07   -0.2471375E+09
 187     -0.600133E+09    0.5643106E+07   -0.2263912E+09
 188     -0.103585E+10    0.2183274E+07   -0.1189792E+09
 189     -0.153962E+10   -0.6684808E+06   -0.9703252E+07
 190     -0.897960E+09    0.1934685E+07    0.1450426E+08
 191     -0.737292E+09   -0.6081833E+07    0.1076251E+09
 192     -0.568332E+09   -0.1561659E+08    0.2004915E+09
 193     -0.374017E+09   -0.2627096E+08    0.2286213E+09
 194     -0.174800E+09   -0.3535344E+08    0.2551698E+09
 195      0.215946E+08   -0.3541942E+08    0.2329960E+09
 196      0.196337E+09   -0.3556280E+08    0.2112209E+09
 197      0.354614E+09   -0.2692131E+08    0.1641518E+09
 198      0.487503E+09   -0.1717646E+08    0.1176346E+09
 199      0.584407E+09   -0.5373084E+07    0.6198447E+08
 200      0.652953E+09    0.5379497E+07    0.7267285E+07
 201      0.683644E+09    0.1052442E+08   -0.4721669E+08
 202      0.672840E+09    0.1595326E+08   -0.1022768E+09
 203      0.615053E+09    0.1726289E+08   -0.1521137E+09
 204      0.501656E+09    0.1795945E+08   -0.2016574E+09
 205      0.324250E+09    0.1459963E+08   -0.2314469E+09
 206      0.744763E+08    0.1098093E+08   -0.2624436E+09
 207     -0.254260E+09    0.5055019E+07   -0.2435516E+09
 208     -0.660514E+09   -0.3619143E+06   -0.2235510E+09
 209     -0.114142E+10   -0.4754161E+06   -0.1182600E+09
 210     -0.169191E+10   -0.5545854E+06   -0.1128828E+08
 211     -0.101580E+10    0.2244122E+07    0.1581166E+08
 212     -0.832478E+09   -0.7491331E+07    0.1152232E+09
 213     -0.628116E+09   -0.1896996E+08    0.2135412E+09
 214     -0.404507E+09   -0.2671306E+08    0.2379659E+09
 215     -0.175824E+09   -0.3299438E+08    0.2614893E+09
 216      0.405183E+08   -0.2505594E+08    0.2342296E+09
 217      0.232862E+09   -0.1532366E+08    0.2072190E+09
 218      0.400361E+09    0.4999907E+07    0.1560497E+09
 219      0.541263E+09    0.2480456E+08    0.1063083E+09
 220      0.639790E+09    0.3903497E+08    0.5259150E+08
 221      0.709744E+09    0.5266786E+08   -0.4713415E+06
 222      0.738656E+09    0.5723489E+08   -0.5249441E+08
 223      0.729736E+09    0.6079613E+08   -0.1055136E+09
 224      0.664543E+09    0.5022523E+08   -0.1524292E+09
 225      0.543437E+09    0.3877597E+08   -0.1994382E+09
 226      0.354840E+09    0.2777912E+08   -0.2298250E+09
 227      0.820767E+08    0.1828853E+08   -0.2594675E+09
 228     -0.274630E+09    0.1063574E+08   -0.2395408E+09
 229     -0.720301E+09    0.2825336E+07   -0.2212836E+09
 230     -0.124602E+10    0.1364635E+07   -0.1182503E+09
 231     -0.184692E+10   -0.7290068E+05   -0.1217173E+08
 232     -0.115542E+10    0.4460835E+05    0.2328385E+08
 233     -0.937885E+09   -0.1116967E+08    0.1254461E+09
 234     -0.684156E+09   -0.2466713E+08    0.2261649E+09
 235     -0.421274E+09   -0.2839807E+08    0.2391715E+09
 236     -0.161720E+09   -0.2939355E+08    0.2506127E+09
 237      0.732483E+08   -0.6345885E+07    0.2129124E+09
 238      0.278289E+09    0.1801755E+08    0.1762779E+09
 239      0.448157E+09    0.5055460E+08    0.1262222E+09
 240      0.588470E+09    0.8253225E+08    0.7824046E+08
 241      0.684341E+09    0.1035975E+09    0.3380464E+08
 242      0.754663E+09    0.1233732E+09   -0.1018859E+08
 243      0.781678E+09    0.1229555E+09   -0.5219839E+08
 244      0.772823E+09    0.1217782E+09   -0.9391419E+08
 245      0.705371E+09    0.1037371E+09   -0.1338182E+09
 246      0.581823E+09    0.8571721E+08   -0.1748405E+09
 247      0.385373E+09    0.5841760E+08   -0.2047895E+09
 248      0.938556E+08    0.2968827E+08   -0.2357505E+09
 249     -0.285792E+09    0.1427109E+08   -0.2258175E+09
 250     -0.769476E+09    0.2012528E+07   -0.2162477E+09
 251     -0.134738E+10    0.9956515E+06   -0.1162866E+09
 252     -0.200122E+10   -0.1233876E+07   -0.1330401E+08
 253     -0.129784E+10    0.2643135E+07    0.3097612E+08
 254     -0.104254E+10   -0.1134857E+08    0.1365603E+09
 255     -0.744330E+09   -0.2782706E+08    0.2407848E+09
 256     -0.438575E+09   -0.2161567E+08    0.2424085E+09
 257     -0.148178E+09   -0.1081203E+08    0.2412445E+09
 258      0.106483E+09    0.3267910E+08    0.1928902E+09
 259      0.324323E+09    0.7654117E+08    0.1472278E+09
 260      0.496418E+09    0.1253924E+09    0.9766575E+08
 261      0.637136E+09    0.1733961E+09    0.4998943E+08
 262      0.729077E+09    0.2055075E+09    0.1396752E+08
 263      0.800156E+09    0.2368443E+09   -0.2086447E+08
 264      0.825975E+09    0.2349004E+09   -0.5196070E+08
 265      0.815465E+09    0.2310390E+09   -0.8285671E+08
 266      0.747996E+09    0.1945254E+09   -0.1156943E+09
 267      0.620343E+09    0.1553572E+09   -0.1501534E+09
 268      0.415483E+09    0.1084941E+09   -0.1803783E+09
 269      0.107277E+09    0.6321459E+08   -0.2134504E+09
 270     -0.297468E+09    0.3277204E+08   -0.2133560E+09
 271     -0.822302E+09    0.3216937E+07   -0.2116209E+09
 272     -0.145026E+10    0.2878149E+06   -0.1148542E+09
 273     -0.215369E+10   -0.1887175E+07   -0.1562190E+08
 274     -0.148009E+10   -0.3267621E+07    0.4350887E+08
 275     -0.114936E+10   -0.1306611E+08    0.1464847E+09
 276     -0.778367E+09   -0.2745514E+08    0.2437088E+09
 277     -0.419351E+09   -0.2151581E+07    0.2146802E+09
 278     -0.101177E+09    0.2978776E+08    0.1859747E+09
 279      0.159164E+09    0.1025363E+09    0.1250536E+09
 280      0.370387E+09    0.1765189E+09    0.6940920E+08
 281      0.534511E+09    0.2501610E+09    0.3036396E+08
 282      0.661067E+09    0.3216845E+09   -0.5945123E+07
 283      0.746730E+09    0.3585511E+09   -0.2119130E+08
 284      0.809586E+09    0.3946551E+09   -0.3602608E+08
 285      0.834931E+09    0.3851419E+09   -0.4144983E+08
 286      0.826741E+09    0.3735417E+09   -0.4715207E+08
 287      0.765639E+09    0.3188198E+09   -0.6166983E+08
 288      0.646393E+09    0.2625468E+09   -0.7737322E+08
 289      0.446660E+09    0.1861696E+09   -0.1082770E+09
 290      0.141629E+09    0.1092235E+09   -0.1432408E+09
 291     -0.280134E+09    0.5568445E+08   -0.1640080E+09
 292     -0.845954E+09    0.7087204E+07   -0.1864460E+09
 293     -0.153283E+10    0.1324748E+07   -0.1085202E+09
 294     -0.231771E+10   -0.6352143E+07   -0.2460502E+08
 295     -0.166222E+10    0.3686768E+07    0.5939820E+08
 296     -0.126010E+10   -0.1466922E+08    0.1588432E+09
 297     -0.818760E+09   -0.2980364E+08    0.2508781E+09
 298     -0.399802E+09    0.3344117E+08    0.1909050E+09
 299     -0.559381E+08    0.1019330E+09    0.1334465E+09
 300      0.216074E+09    0.2219374E+09    0.5865292E+08
 301      0.417694E+09    0.3390437E+09   -0.1046536E+08
 302      0.574246E+09    0.4414860E+09   -0.3795645E+08
 303      0.683835E+09    0.5394046E+09   -0.6185490E+08
 304      0.766020E+09    0.5855861E+09   -0.5563238E+08
 305      0.819142E+09    0.6305189E+09   -0.4969998E+08
 306      0.843191E+09    0.6114656E+09   -0.2979079E+08
 307      0.839136E+09    0.5913264E+09   -0.9996052E+07
 308      0.784356E+09    0.5102048E+09   -0.6767180E+07
 309      0.673847E+09    0.4256829E+09   -0.4131016E+07
 310      0.481380E+09    0.3098550E+09   -0.3642692E+08
 311      0.174320E+09    0.1892890E+09   -0.7350526E+08
 312     -0.261988E+09    0.9935168E+08   -0.1184866E+09
 313     -0.876049E+09    0.1378386E+08   -0.1670661E+09
 314     -0.161824E+10    0.4910294E+07   -0.1040976E+09
 315     -0.248541E+10    0.2950164E+06   -0.3372163E+08
 316     -0.190212E+10   -0.2288358E+08    0.8746015E+08
 317     -0.133545E+10   -0.7186591E+07    0.1522100E+09
 318     -0.766919E+09    0.4539728E+06    0.1966554E+09
 319     -0.308017E+09    0.1182088E+09    0.7512949E+08
 320      0.360611E+08    0.2505440E+09   -0.3140638E+08
 321      0.275590E+09    0.4245845E+09   -0.1013653E+09
 322      0.446642E+09    0.5943934E+09   -0.1621006E+09
 323      0.568567E+09    0.7197903E+09   -0.1568691E+09
 324      0.658815E+09    0.8436414E+09   -0.1504394E+09
 325      0.722400E+09    0.8959940E+09   -0.1044180E+09
 326      0.769118E+09    0.9463756E+09   -0.5799479E+08
 327      0.787249E+09    0.9168764E+09    0.2078405E+06
 328      0.791377E+09    0.8878924E+09    0.5922404E+08
 329      0.747890E+09    0.7811597E+09    0.9999593E+08
 330      0.663041E+09    0.6711876E+09    0.1411838E+09
 331      0.502196E+09    0.5041056E+09    0.1248030E+09
 332      0.234940E+09    0.3337999E+09    0.1012556E+09
 333     -0.183211E+09    0.1858599E+09    0.1768993E+08
 334     -0.808589E+09    0.4761486E+08   -0.8168341E+08
 335     -0.164534E+10    0.1387353E+08   -0.7557663E+08
 336     -0.265788E+10   -0.2353747E+08   -0.5021023E+08
 337     -0.217573E+10    0.3373023E+08    0.1390016E+09
 338     -0.141343E+10    0.6269095E+07    0.1539817E+09
 339     -0.752926E+09    0.2427219E+08    0.1577270E+09
 340     -0.193568E+09    0.2720748E+09   -0.3056251E+08
 341      0.134839E+09    0.4972678E+09   -0.2077667E+09
 342      0.339018E+09    0.7483467E+09   -0.2673747E+09
 343      0.478212E+09    0.9786948E+09   -0.3179080E+09
 344      0.562300E+09    0.1126027E+10   -0.2786403E+09
 345      0.635094E+09    0.1270858E+10   -0.2403790E+09
 346      0.675191E+09    0.1322847E+10   -0.1533254E+09
 347      0.717873E+09    0.1375958E+10   -0.6574095E+08
 348      0.730793E+09    0.1337610E+10    0.3180722E+08
 349      0.742076E+09    0.1300523E+10    0.1309217E+09
 350      0.710584E+09    0.1169125E+10    0.2107592E+09
 351      0.653851E+09    0.1036579E+10    0.2916273E+09
 352      0.527711E+09    0.8158549E+09    0.2928762E+09
 353      0.302139E+09    0.5755254E+09    0.2880318E+09
 354     -0.851715E+08    0.3377418E+09    0.1478294E+09
 355     -0.769539E+09    0.7808290E+08   -0.7189198E+07
 356     -0.167657E+10    0.2953662E+08   -0.5446853E+08
 357     -0.286196E+10    0.2290274E+08   -0.8662511E+08
 358     -0.245396E+10   -0.1153809E+09    0.1714156E+09
 359     -0.132169E+10    0.5315927E+08    0.5129247E+08
 360     -0.467206E+09    0.2110322E+09   -0.1320579E+09
 361     -0.291541E+08    0.5863446E+09   -0.3808105E+09
 362      0.209020E+09    0.9750861E+09   -0.5456382E+09
 363      0.331219E+09    0.1254632E+10   -0.5310781E+09
 364      0.421865E+09    0.1526972E+10   -0.5193798E+09
 365      0.471331E+09    0.1673374E+10   -0.4229630E+09
 366      0.521244E+09    0.1820361E+10   -0.3293139E+09
 367      0.544739E+09    0.1863752E+10   -0.1968186E+09
 368      0.578242E+09    0.1910933E+10   -0.6508991E+08
 369      0.588994E+09    0.1864785E+10    0.8027094E+08
 370      0.600520E+09    0.1819596E+10    0.2270519E+09
 371      0.583837E+09    0.1673276E+10    0.3587553E+09
 372      0.554002E+09    0.1529115E+10    0.4932458E+09
 373      0.473714E+09    0.1265943E+10    0.5566311E+09
 374      0.331727E+09    0.9955000E+09    0.6253605E+09
 375      0.518813E+08    0.6210969E+09    0.4997255E+09
 376     -0.482904E+09    0.2549825E+09    0.3017768E+09
 377     -0.150729E+10    0.7903004E+08    0.7155192E+08
 378     -0.300665E+10   -0.1011695E+09   -0.1020582E+09
 379     -0.337564E+10    0.2576173E+09    0.6340414E+09
 380     -0.107501E+10    0.2615178E+09    0.3348542E+08
 381     -0.115449E+09    0.5125290E+09   -0.6006986E+09
 382      0.132007E+09    0.1265467E+10   -0.7917844E+09
 383      0.283125E+09    0.1765998E+10   -0.9002563E+09
 384      0.313453E+09    0.2022062E+10   -0.8068880E+09
 385      0.357216E+09    0.2283846E+10   -0.7219546E+09
 386      0.373521E+09    0.2398203E+10   -0.5674169E+09
 387      0.401847E+09    0.2519269E+10   -0.4167045E+09
 388      0.411803E+09    0.2545942E+10   -0.2389982E+09
 389      0.435581E+09    0.2576501E+10   -0.6182722E+08
 390      0.442426E+09    0.2523023E+10    0.1313488E+09
 391      0.456656E+09    0.2475247E+10    0.3248187E+09
 392      0.451833E+09    0.2338326E+10    0.5109724E+09
 393      0.449515E+09    0.2206464E+10    0.7008374E+09
 394      0.410405E+09    0.1941995E+10    0.8354875E+09
 395      0.363269E+09    0.1683789E+10    0.9806130E+09
 396      0.188415E+09    0.1206681E+10    0.9100445E+09
 397     -0.131181E+09    0.5153999E+09    0.7624958E+09
 398     -0.119790E+10    0.2683458E+09    0.1252597E+09
 399     -0.374655E+10    0.2263528E+09   -0.4601717E+09
 400     -0.268258E+10   -0.4605794E+09   -0.1372082E+09
 401     -0.390468E+09    0.8289349E+09   -0.8441265E+09
 402     -0.927970E+08    0.2062921E+10   -0.1365718E+10
 403      0.892191E+08    0.2467650E+10   -0.1215341E+10
 404      0.138400E+09    0.2893040E+10   -0.1145527E+10
 405      0.157259E+09    0.3045777E+10   -0.9776427E+09
 406      0.176046E+09    0.3214393E+10   -0.8196438E+09
 407      0.184733E+09    0.3272766E+10   -0.6308630E+09
 408      0.201350E+09    0.3339346E+10   -0.4433521E+09
 409      0.206571E+09    0.3337803E+10   -0.2375643E+09
 410      0.220128E+09    0.3339766E+10   -0.3173074E+08
 411      0.223235E+09    0.3287134E+10    0.1869456E+09
 412      0.233873E+09    0.3238438E+10    0.4060666E+09
 413      0.230271E+09    0.3127967E+10    0.6272428E+09
 414      0.232538E+09    0.3023885E+10    0.8504444E+09
 415      0.215091E+09    0.2824854E+10    0.1048677E+10
 416      0.192293E+09    0.2640057E+10    0.1256960E+10
 417      0.131846E+09    0.2228615E+10    0.1345623E+10
 418     -0.763226E+08    0.1819433E+10    0.1521176E+10
 419     -0.437456E+09    0.7240155E+09    0.9390373E+09
 420     -0.283844E+10   -0.3972406E+09    0.2250891E+09
 421     -0.133398E+10    0.4447891E+10   -0.1049887E+10
 422      0.123087E+09    0.4462193E+10   -0.1681892E+10
 423     -0.833349E+08    0.4425306E+10   -0.1963631E+10
 424      0.248412E+08    0.4338657E+10   -0.1567979E+10
 425     -0.103556E+08    0.4331194E+10   -0.1353395E+10
 426      0.242671E+07    0.4309852E+10   -0.1120925E+10
 427     -0.110810E+07    0.4304224E+10   -0.9021116E+09
 428      0.101285E+07    0.4283524E+10   -0.6829036E+09
 429      0.524236E+07    0.4267621E+10   -0.4628167E+09
 430      0.583542E+07    0.4232610E+10   -0.2305643E+09
 431      0.911623E+07    0.4200863E+10    0.9241361E+06
 432      0.983859E+07    0.4149826E+10    0.2434154E+09
 433      0.149736E+08    0.4101503E+10    0.4875303E+09
 434      0.144452E+08    0.4038839E+10    0.7396224E+09
 435      0.190139E+08    0.3980443E+10    0.9931318E+09
 436      0.235452E+08    0.3916647E+10    0.1245806E+10
 437      0.174263E+08    0.3865469E+10    0.1510125E+10
 438      0.582547E+08    0.3812160E+10    0.1734784E+10
 439     -0.429416E+08    0.3839913E+10    0.2151667E+10
 440      0.181984E+09    0.3776405E+10    0.1804710E+10
 441     -0.130989E+10    0.3637476E+10    0.1191301E+10
