   1      0.275542E+09   -0.9141205E+05   -0.4119121E+07
   2      0.278841E+09    0.1720365E+08   -0.4055406E+07
   3      0.243238E+09    0.3471115E+08   -0.3420467E+07
   4      0.199495E+09    0.4357016E+08   -0.3343524E+07
   5      0.139006E+09    0.5209511E+08   -0.3896409E+07
   6      0.719273E+08    0.5683635E+08   -0.3540299E+07
   7     -0.485862E+07    0.6192629E+08   -0.3688276E+07
   8     -0.775825E+08    0.6636691E+08   -0.3022570E+07
   9     -0.155791E+09    0.7016215E+08   -0.1618485E+07
  10     -0.226226E+09    0.7100501E+08   -0.1040954E+07
  11     -0.279867E+09    0.7300399E+08   -0.1096825E+07
  12     -0.324353E+09    0.7383481E+08   -0.2607290E+06
  13     -0.338866E+09    0.7389695E+08    0.1341008E+07
  14     -0.322544E+09    0.6235726E+08    0.1634662E+07
  15     -0.269267E+09    0.5174579E+08    0.2319189E+07
  16     -0.191040E+09    0.2572715E+08    0.8270981E+07
  17     -0.480623E+08   -0.5964687E+07    0.1191764E+08
  18      0.116165E+09   -0.1476692E+08    0.4895546E+07
  19      0.286879E+09   -0.1424710E+08    0.1500983E+05
  20      0.462661E+09   -0.3881351E+07    0.3787361E+06
  21      0.650287E+09    0.2017489E+07    0.2071542E+06
  22      0.297523E+09   -0.8082572E+06   -0.5576383E+07
  23      0.278533E+09    0.1478689E+07   -0.7307171E+07
  24      0.241282E+09    0.5064855E+07   -0.7892586E+07
  25      0.195176E+09    0.6326417E+07   -0.2875130E+07
  26      0.136703E+09    0.5733030E+07    0.1087053E+07
  27      0.705183E+08   -0.1090251E+07    0.2541164E+07
  28     -0.467122E+07   -0.8059465E+07    0.3804615E+07
  29     -0.764697E+08   -0.1492625E+08    0.2687312E+07
  30     -0.154435E+09   -0.2083833E+08    0.1516912E+07
  31     -0.225299E+09   -0.2200724E+08    0.5097006E+06
  32     -0.280068E+09   -0.2322760E+08   -0.4719088E+06
  33     -0.325437E+09   -0.2432595E+08    0.8156617E+06
  34     -0.343678E+09   -0.2456922E+08    0.2568625E+07
  35     -0.328095E+09   -0.3051257E+08    0.8469984E+07
  36     -0.276127E+09   -0.4148387E+08    0.1624733E+08
  37     -0.180878E+09   -0.4692370E+08    0.9927446E+07
  38     -0.358014E+08   -0.4514453E+08   -0.9414099E+06
  39      0.121091E+09   -0.2726496E+08   -0.8420414E+07
  40      0.284807E+09   -0.1220189E+08   -0.1287090E+08
  41      0.456663E+09   -0.4958191E+07   -0.6490910E+07
  42      0.643466E+09    0.1803663E+07   -0.8529432E+06
  43      0.323424E+09    0.1730735E+07   -0.6777699E+07
  44      0.279831E+09   -0.1914087E+07   -0.1008945E+08
  45      0.239599E+09   -0.5918072E+07   -0.1166052E+08
  46      0.190384E+09   -0.1949369E+08   -0.1768120E+07
  47      0.134078E+09   -0.3365166E+08    0.6847825E+07
  48      0.693264E+08   -0.5027503E+08    0.8952945E+07
  49     -0.564907E+07   -0.6593570E+08    0.1100026E+08
  50     -0.754173E+08   -0.7770876E+08    0.8432204E+07
  51     -0.153412E+09   -0.8965431E+08    0.4729302E+07
  52     -0.225287E+09   -0.9524362E+08    0.2014860E+07
  53     -0.281344E+09   -0.1007384E+09    0.3753547E+06
  54     -0.326772E+09   -0.1011819E+09    0.1882167E+07
  55     -0.349556E+09   -0.1012215E+09    0.3456336E+07
  56     -0.336938E+09   -0.1021851E+09    0.1663445E+08
  57     -0.286438E+09   -0.1045142E+09    0.3083173E+08
  58     -0.167659E+09   -0.8252518E+08    0.8962501E+07
  59     -0.219534E+08   -0.5806432E+08   -0.1646103E+08
  60      0.126692E+09   -0.3627690E+08   -0.2242121E+08
  61      0.283505E+09   -0.1499356E+08   -0.2561696E+08
  62      0.451184E+09   -0.5407610E+07   -0.1318598E+08
  63      0.637772E+09    0.3112424E+07   -0.1511239E+07
  64      0.334199E+09    0.2636256E+07   -0.4000295E+07
  65      0.275259E+09   -0.8997701E+07    0.1358008E+07
  66      0.229684E+09   -0.2185599E+08    0.7934967E+07
  67      0.179943E+09   -0.4274766E+08    0.1903379E+08
  68      0.125647E+09   -0.6228088E+08    0.2971279E+08
  69      0.676027E+08   -0.8527361E+08    0.3253382E+08
  70     -0.243414E+07   -0.1091862E+09    0.3382960E+08
  71     -0.694289E+08   -0.1287033E+09    0.2707413E+08
  72     -0.144765E+09   -0.1482806E+09    0.2037084E+08
  73     -0.217012E+09   -0.1583624E+09    0.1117411E+08
  74     -0.278835E+09   -0.1666255E+09    0.2867470E+07
  75     -0.325435E+09   -0.1655013E+09    0.1795596E+07
  76     -0.353478E+09   -0.1673867E+09    0.2415085E+07
  77     -0.344200E+09   -0.1564222E+09    0.5344240E+07
  78     -0.263864E+09   -0.1412833E+09    0.1926279E+07
  79     -0.139906E+09   -0.1064110E+09   -0.2609588E+08
  80     -0.946679E+07   -0.7313911E+08   -0.5017887E+08
  81      0.125360E+09   -0.4666136E+08   -0.4886412E+08
  82      0.270944E+09   -0.2016329E+08   -0.4649264E+08
  83      0.429368E+09   -0.8205478E+07   -0.2422784E+08
  84      0.612701E+09    0.3010013E+07   -0.2712035E+07
  85      0.342249E+09    0.4648041E+07   -0.1904298E+07
  86      0.269844E+09   -0.7807871E+07    0.1230214E+08
  87      0.221220E+09   -0.2122564E+08    0.2681602E+08
  88      0.170408E+09   -0.5325333E+08    0.3992325E+08
  89      0.118104E+09   -0.8610309E+08    0.5291911E+08
  90      0.646820E+08   -0.1191183E+09    0.5591564E+08
  91      0.216465E+07   -0.1514699E+09    0.5763342E+08
  92     -0.637531E+08   -0.1766956E+09    0.4583959E+08
  93     -0.136398E+09   -0.1996263E+09    0.3473314E+08
  94     -0.208364E+09   -0.2103252E+09    0.2070548E+08
  95     -0.276067E+09   -0.2231255E+09    0.6455051E+07
  96     -0.325311E+09   -0.2232832E+09    0.2487603E+07
  97     -0.357255E+09   -0.2262593E+09    0.3764424E+07
  98     -0.348388E+09   -0.2041829E+09   -0.8557071E+07
  99     -0.234974E+09   -0.1729698E+09   -0.3187931E+08
 100     -0.115688E+09   -0.1271946E+09   -0.5969906E+08
 101      0.145203E+07   -0.8688862E+08   -0.8142841E+08
 102      0.123447E+09   -0.5561532E+08   -0.7487899E+08
 103      0.258084E+09   -0.2310434E+08   -0.6777428E+08
 104      0.407505E+09   -0.8358536E+07   -0.3541386E+08
 105      0.587900E+09    0.4929776E+07   -0.3668908E+07
 106      0.311409E+09    0.4045093E+07    0.4692811E+06
 107      0.242839E+09   -0.1263984E+08    0.2851147E+08
 108      0.197317E+09   -0.3059075E+08    0.5729913E+08
 109      0.151835E+09   -0.6792086E+08    0.7686906E+08
 110      0.109942E+09   -0.1054670E+09    0.9571299E+08
 111      0.654056E+08   -0.1454212E+09    0.9436627E+08
 112      0.127405E+08   -0.1841724E+09    0.9248009E+08
 113     -0.455419E+08   -0.2123215E+09    0.7417199E+08
 114     -0.116762E+09   -0.2411511E+09    0.5594076E+08
 115     -0.185944E+09   -0.2542542E+09    0.3334085E+08
 116     -0.256667E+09   -0.2663468E+09    0.9921352E+07
 117     -0.312153E+09   -0.2571572E+09   -0.4849285E+07
 118     -0.358080E+09   -0.2484980E+09   -0.1219093E+08
 119     -0.309728E+09   -0.2184177E+09   -0.4059111E+08
 120     -0.199758E+09   -0.1860544E+09   -0.7872660E+08
 121     -0.960829E+08   -0.1428811E+09   -0.1019857E+09
 122      0.585554E+07   -0.1008524E+09   -0.1223642E+09
 123      0.110747E+09   -0.6482548E+08   -0.1102818E+09
 124      0.228199E+09   -0.2860092E+08   -0.9731184E+08
 125      0.361579E+09   -0.1170575E+08   -0.5127523E+08
 126      0.530683E+09    0.4068782E+07   -0.5744704E+07
 127      0.280198E+09    0.7961043E+07    0.1244750E+07
 128      0.215864E+09   -0.9504378E+07    0.4463355E+08
 129      0.171756E+09   -0.3019726E+08    0.8917911E+08
 130      0.133401E+09   -0.7612867E+08    0.1137228E+09
 131      0.100878E+09   -0.1199708E+09    0.1375434E+09
 132      0.675895E+08   -0.1640780E+09    0.1330058E+09
 133      0.235182E+08   -0.2073819E+09    0.1267183E+09
 134     -0.278856E+08   -0.2407153E+09    0.1029575E+09
 135     -0.969442E+08   -0.2749186E+09    0.7941699E+08
 136     -0.163216E+09   -0.2883697E+09    0.4577517E+08
 137     -0.236729E+09   -0.3010126E+09    0.1229232E+08
 138     -0.297586E+09   -0.2924286E+09   -0.1290837E+08
 139     -0.360756E+09   -0.2819566E+09   -0.3233147E+08
 140     -0.269009E+09   -0.2401849E+09   -0.7312236E+08
 141     -0.167846E+09   -0.1995861E+09   -0.1213163E+09
 142     -0.765126E+08   -0.1558967E+09   -0.1434256E+09
 143      0.984113E+07   -0.1114890E+09   -0.1635935E+09
 144      0.977399E+08   -0.7152001E+08   -0.1456760E+09
 145      0.197927E+09   -0.3058987E+08   -0.1269827E+09
 146      0.315694E+09   -0.1096544E+08   -0.6712557E+08
 147      0.472999E+09    0.6475482E+07   -0.7583328E+07
 148      0.209454E+09    0.5104365E+07    0.2786648E+07
 149      0.153763E+09   -0.1599523E+08    0.6511148E+08
 150      0.123762E+09   -0.3854358E+08    0.1282805E+09
 151      0.104712E+09   -0.8378749E+08    0.1584727E+09
 152      0.898685E+08   -0.1291332E+09    0.1874909E+09
 153      0.760383E+08   -0.1772010E+09    0.1796832E+09
 154      0.469087E+08   -0.2253567E+09    0.1711480E+09
 155      0.394530E+07   -0.2607819E+09    0.1373534E+09
 156     -0.530251E+08   -0.2943602E+09    0.1026934E+09
 157     -0.118460E+09   -0.3040346E+09    0.5637269E+08
 158     -0.194537E+09   -0.3141186E+09    0.1193971E+08
 159     -0.262310E+09   -0.3018669E+09   -0.2497176E+08
 160     -0.317919E+09   -0.2886914E+09   -0.6271740E+08
 161     -0.216416E+09   -0.2495873E+09   -0.1129337E+09
 162     -0.129712E+09   -0.2105625E+09   -0.1641248E+09
 163     -0.552578E+08   -0.1657201E+09   -0.1875450E+09
 164      0.101356E+08   -0.1205661E+09   -0.2099903E+09
 165      0.738136E+08   -0.7826519E+08   -0.1871778E+09
 166      0.147591E+09   -0.3533434E+08   -0.1636009E+09
 167      0.238664E+09   -0.1420515E+08   -0.8674885E+08
 168      0.370727E+09    0.5163770E+07   -0.9897513E+07
 169      0.138162E+09    0.7908463E+07    0.5667780E+07
 170      0.918823E+08   -0.1464378E+08    0.8582870E+08
 171      0.758324E+08   -0.4044957E+08    0.1669900E+09
 172      0.756069E+08   -0.9279418E+08    0.2034393E+09
 173      0.788860E+08   -0.1432725E+09    0.2379678E+09
 174      0.838339E+08   -0.1919677E+09    0.2268178E+09
 175      0.692261E+08   -0.2398131E+09    0.2159916E+09
 176      0.374234E+08   -0.2718577E+09    0.1717163E+09
 177     -0.843655E+07   -0.3045669E+09    0.1262331E+09
 178     -0.728435E+08   -0.3157376E+09    0.6706586E+08
 179     -0.152840E+09   -0.3258640E+09    0.1068515E+08
 180     -0.227483E+09   -0.3086148E+09   -0.3808434E+08
 181     -0.268668E+09   -0.2893756E+09   -0.9229180E+08
 182     -0.165849E+09   -0.2511330E+09   -0.1517199E+09
 183     -0.914158E+08   -0.2147062E+09   -0.2078696E+09
 184     -0.339481E+08   -0.1708727E+09   -0.2323003E+09
 185      0.102113E+08   -0.1261033E+09   -0.2567569E+09
 186      0.495502E+08   -0.8197186E+08   -0.2290116E+09
 187      0.967937E+08   -0.3608908E+08   -0.2003775E+09
 188      0.161400E+09   -0.1286025E+08   -0.1063123E+09
 189      0.268461E+09    0.7463688E+07   -0.1204805E+08
 190      0.120837E+08    0.6577421E+07    0.8470642E+07
 191     -0.934188E+07   -0.1821921E+08    0.1100962E+09
 192      0.278364E+07   -0.4551892E+08    0.2124651E+09
 193      0.361164E+08   -0.9709317E+08    0.2527941E+09
 194      0.713354E+08   -0.1480536E+09    0.2905632E+09
 195      0.100999E+09   -0.1941821E+09    0.2717570E+09
 196      0.106101E+09   -0.2387969E+09    0.2534250E+09
 197      0.917507E+08   -0.2660980E+09    0.1991791E+09
 198      0.556398E+08   -0.2929000E+09    0.1447900E+09
 199     -0.310152E+07   -0.3003179E+09    0.7516223E+08
 200     -0.866080E+08   -0.3083412E+09    0.6883339E+07
 201     -0.165576E+09   -0.2905241E+09   -0.5643643E+08
 202     -0.196982E+09   -0.2709671E+09   -0.1218443E+09
 203     -0.106972E+09   -0.2383088E+09   -0.1830052E+09
 204     -0.453131E+08   -0.2069996E+09   -0.2435080E+09
 205     -0.674339E+07   -0.1675237E+09   -0.2721355E+09
 206      0.113946E+08   -0.1270530E+09   -0.3009874E+09
 207      0.181354E+08   -0.8427365E+08   -0.2713694E+09
 208      0.260470E+08   -0.4001174E+08   -0.2409030E+09
 209      0.479197E+08   -0.1586409E+08   -0.1283724E+09
 210      0.111816E+09    0.5783755E+07   -0.1496875E+08
 211     -0.112121E+09    0.8305172E+07    0.1175867E+08
 212     -0.111476E+09   -0.1940889E+08    0.1349604E+09
 213     -0.699961E+08   -0.5084630E+08    0.2579419E+09
 214     -0.495965E+07   -0.1002394E+09    0.3022190E+09
 215      0.643199E+08   -0.1469794E+09    0.3441036E+09
 216      0.118399E+09   -0.1861402E+09    0.3179995E+09
 217      0.144464E+09   -0.2246056E+09    0.2925622E+09
 218      0.146534E+09   -0.2424241E+09    0.2269614E+09
 219      0.121122E+09   -0.2587091E+09    0.1617140E+09
 220      0.666214E+08   -0.2598608E+09    0.8307160E+08
 221     -0.169217E+08   -0.2632680E+09    0.4064913E+07
 222     -0.101964E+09   -0.2495602E+09   -0.7427589E+08
 223     -0.128058E+09   -0.2332490E+09   -0.1512706E+09
 224     -0.471802E+08   -0.2077812E+09   -0.2148930E+09
 225      0.110854E+07   -0.1845479E+09   -0.2797472E+09
 226      0.204803E+08   -0.1536448E+09   -0.3126264E+09
 227      0.121331E+08   -0.1214282E+09   -0.3460027E+09
 228     -0.139616E+08   -0.8185413E+08   -0.3143398E+09
 229     -0.454556E+08   -0.3940382E+08   -0.2818076E+09
 230     -0.661806E+08   -0.1413063E+08   -0.1505720E+09
 231     -0.447578E+08    0.7621874E+07   -0.1791683E+08
 232     -0.302721E+09    0.5943974E+07    0.1859517E+08
 233     -0.256256E+09   -0.2182449E+08    0.1621771E+09
 234     -0.159692E+09   -0.5401222E+08    0.3047617E+09
 235     -0.443037E+08   -0.9828686E+08    0.3419576E+09
 236      0.671174E+08   -0.1385063E+09    0.3772405E+09
 237      0.151539E+09   -0.1602235E+09    0.3412681E+09
 238      0.202114E+09   -0.1806011E+09    0.3057744E+09
 239      0.217468E+09   -0.1855270E+09    0.2337213E+09
 240      0.201075E+09   -0.1915626E+09    0.1631529E+09
 241      0.148699E+09   -0.1884749E+09    0.8084377E+08
 242      0.706910E+08   -0.1848697E+09   -0.1795517E+07
 243     -0.177487E+08   -0.1736352E+09   -0.8446765E+08
 244     -0.594890E+08   -0.1622126E+09   -0.1649681E+09
 245      0.163938E+08   -0.1496796E+09   -0.2268487E+09
 246      0.558937E+08   -0.1389060E+09   -0.2915150E+09
 247      0.584514E+08   -0.1222255E+09   -0.3309036E+09
 248      0.228952E+08   -0.1041533E+09   -0.3715459E+09
 249     -0.429643E+08   -0.7365176E+08   -0.3454972E+09
 250     -0.129220E+09   -0.4001066E+08   -0.3189298E+09
 251     -0.215398E+09   -0.1582649E+08   -0.1722099E+09
 252     -0.265918E+09    0.4958998E+07   -0.2260228E+08
 253     -0.493246E+09    0.7967479E+07    0.2563431E+08
 254     -0.402161E+09   -0.2180149E+08    0.1901333E+09
 255     -0.252803E+09   -0.5524795E+08    0.3531536E+09
 256     -0.830795E+08   -0.8636850E+08    0.3839775E+09
 257      0.680340E+08   -0.1133624E+09    0.4128979E+09
 258      0.185623E+09   -0.1113782E+09    0.3654326E+09
 259      0.260401E+09   -0.1072129E+09    0.3189136E+09
 260      0.289666E+09   -0.9044913E+08    0.2414448E+09
 261      0.281630E+09   -0.7478573E+08    0.1659973E+09
 262      0.233623E+09   -0.6504425E+08    0.7945780E+08
 263      0.157672E+09   -0.5786727E+08   -0.7839450E+07
 264      0.685730E+08   -0.5428013E+08   -0.9580225E+08
 265      0.762171E+07   -0.4893635E+08   -0.1792029E+09
 266      0.810782E+08   -0.5407190E+08   -0.2387748E+09
 267      0.111444E+09   -0.6217630E+08   -0.3036551E+09
 268      0.971321E+08   -0.6823914E+08   -0.3501491E+09
 269      0.329843E+08   -0.7341050E+08   -0.3984212E+09
 270     -0.728797E+08   -0.5749896E+08   -0.3779770E+09
 271     -0.215101E+09   -0.3665711E+08   -0.3572506E+09
 272     -0.365892E+09   -0.1321637E+08   -0.1943463E+09
 273     -0.487485E+09    0.6716288E+07   -0.2741928E+08
 274     -0.766871E+09    0.3240777E+06    0.4011993E+08
 275     -0.577775E+09   -0.2295471E+08    0.2133405E+09
 276     -0.337994E+09   -0.5165653E+08    0.3806084E+09
 277     -0.964878E+08   -0.5751040E+08    0.3868540E+09
 278      0.980667E+08   -0.5654536E+08    0.3936477E+09
 279      0.241231E+09   -0.1967460E+08    0.3325350E+09
 280      0.326871E+09    0.1851149E+08    0.2756024E+09
 281      0.360127E+09    0.6028852E+08    0.2048862E+09
 282      0.355878E+09    0.1005333E+09    0.1358602E+09
 283      0.308467E+09    0.1203037E+09    0.6368101E+08
 284      0.237536E+09    0.1390388E+09   -0.9841608E+07
 285      0.148996E+09    0.1296880E+09   -0.8605598E+08
 286      0.642773E+08    0.1192884E+09   -0.1586002E+09
 287      0.135303E+09    0.8943349E+08   -0.2100201E+09
 288      0.168295E+09    0.5803284E+08   -0.2646021E+09
 289      0.148682E+09    0.2077824E+08   -0.3161217E+09
 290      0.677486E+08   -0.1592628E+08   -0.3718838E+09
 291     -0.776265E+08   -0.2557826E+08   -0.3719245E+09
 292     -0.288532E+09   -0.2876872E+08   -0.3737814E+09
 293     -0.537570E+09   -0.1187138E+08   -0.2087063E+09
 294     -0.779235E+09    0.4023313E+06   -0.3573327E+08
 295     -0.104412E+10    0.8280705E+07    0.5713658E+08
 296     -0.755469E+09   -0.2006504E+08    0.2389123E+09
 297     -0.431527E+09   -0.4703714E+08    0.4138616E+09
 298     -0.109666E+09   -0.1228283E+08    0.3944552E+09
 299      0.127635E+09    0.2960775E+08    0.3762876E+09
 300      0.300958E+09    0.1229414E+09    0.3007338E+09
 301      0.395312E+09    0.2129539E+09    0.2310617E+09
 302      0.433084E+09    0.2903852E+09    0.1669407E+09
 303      0.432438E+09    0.3647510E+09    0.1041019E+09
 304      0.382951E+09    0.3909903E+09    0.4721001E+08
 305      0.318823E+09    0.4135744E+09   -0.1054577E+08
 306      0.228606E+09    0.3830448E+09   -0.7319996E+08
 307      0.123891E+09    0.3543549E+09   -0.1367429E+09
 308      0.190432E+09    0.3002580E+09   -0.1815067E+09
 309      0.226465E+09    0.2413866E+09   -0.2241404E+09
 310      0.203299E+09    0.1587199E+09   -0.2820414E+09
 311      0.102304E+09    0.7318754E+08   -0.3463076E+09
 312     -0.812328E+08    0.2430605E+08   -0.3689733E+09
 313     -0.369262E+09   -0.1891518E+08   -0.3941900E+09
 314     -0.712326E+09   -0.7264725E+07   -0.2247200E+09
 315     -0.107353E+10    0.6170995E+07   -0.4583207E+08
 316     -0.140527E+10   -0.1960385E+08    0.8318418E+08
 317     -0.918566E+09   -0.1283454E+08    0.2392027E+09
 318     -0.441430E+09   -0.1472990E+08    0.3737335E+09
 319     -0.579515E+08    0.8716455E+08    0.2937073E+09
 320      0.202486E+09    0.2041628E+09    0.2291595E+09
 321      0.362209E+09    0.3586527E+09    0.1595631E+09
 322      0.442765E+09    0.5103608E+09    0.9945163E+08
 323      0.465001E+09    0.6140143E+09    0.7056605E+08
 324      0.459097E+09    0.7133205E+09    0.4306742E+08
 325      0.408025E+09    0.7398873E+09    0.2271928E+08
 326      0.349443E+09    0.7663237E+09    0.1500874E+07
 327      0.263939E+09    0.7269923E+09   -0.3050431E+08
 328      0.175854E+09    0.6877026E+09   -0.6924072E+08
 329      0.203013E+09    0.5950319E+09   -0.9076099E+08
 330      0.261538E+09    0.5004288E+09   -0.1040440E+09
 331      0.255832E+09    0.3654293E+09   -0.1513461E+09
 332      0.172396E+09    0.2274134E+09   -0.2081397E+09
 333     -0.266078E+08    0.1157293E+09   -0.2681095E+09
 334     -0.371380E+09    0.1586239E+08   -0.3426827E+09
 335     -0.861215E+09    0.2486896E+07   -0.2136460E+09
 336     -0.143300E+10   -0.1710296E+08   -0.6240862E+08
 337     -0.179781E+10    0.3362486E+08    0.1343039E+09
 338     -0.108641E+10    0.4683960E+07    0.2486944E+09
 339     -0.485312E+09    0.2070368E+08    0.3486424E+09
 340      0.166268E+08    0.2622745E+09    0.2020024E+09
 341      0.283937E+09    0.4835088E+09    0.6938089E+08
 342      0.428957E+09    0.7226380E+09    0.1256636E+08
 343      0.492638E+09    0.9394470E+09   -0.3615582E+08
 344      0.495551E+09    0.1064719E+10   -0.2815054E+08
 345      0.483104E+09    0.1188596E+10   -0.1912338E+08
 346      0.432045E+09    0.1214980E+10   -0.1540262E+07
 347      0.378810E+09    0.1238842E+10    0.1414558E+08
 348      0.297919E+09    0.1179215E+10    0.1237566E+08
 349      0.230739E+09    0.1121371E+10    0.9218506E+06
 350      0.210500E+09    0.9960042E+09    0.5480352E+07
 351      0.299419E+09    0.8717414E+09    0.2232090E+08
 352      0.313023E+09    0.6808344E+09   -0.1363261E+08
 353      0.249164E+09    0.4719836E+09   -0.5812937E+08
 354      0.474983E+08    0.2725081E+09   -0.1733244E+09
 355     -0.400584E+09    0.5232703E+08   -0.3025151E+09
 356     -0.101416E+10    0.2082938E+08   -0.2098167E+09
 357     -0.182281E+10    0.2847185E+08   -0.9771388E+08
 358     -0.219780E+10   -0.1147531E+09    0.1654403E+09
 359     -0.108601E+10    0.5546359E+08    0.1401372E+09
 360     -0.260801E+09    0.2164249E+09    0.4963669E+08
 361      0.138180E+09    0.5954888E+09   -0.1538692E+09
 362      0.329759E+09    0.9888879E+09   -0.2720084E+09
 363      0.411198E+09    0.1262539E+10   -0.2443571E+09
 364      0.447598E+09    0.1527006E+10   -0.2204336E+09
 365      0.431520E+09    0.1651275E+10   -0.1502899E+09
 366      0.415398E+09    0.1776447E+10   -0.8255333E+08
 367      0.369311E+09    0.1791733E+10   -0.1509000E+08
 368      0.327629E+09    0.1808254E+10    0.5105949E+08
 369      0.262518E+09    0.1731026E+10    0.9018011E+08
 370      0.214988E+09    0.1652314E+10    0.1231773E+09
 371      0.172155E+09    0.1501291E+10    0.1546170E+09
 372      0.260019E+09    0.1360887E+10    0.1983535E+09
 373      0.303178E+09    0.1132175E+10    0.2212614E+09
 374      0.293189E+09    0.8921815E+09    0.2447479E+09
 375      0.158411E+09    0.5513681E+09    0.1459760E+09
 376     -0.195449E+09    0.2213248E+09   -0.2412007E+08
 377     -0.996056E+09    0.6640475E+08   -0.9936065E+08
 378     -0.220068E+10   -0.9436817E+08   -0.1124312E+09
 379     -0.324332E+10    0.2495893E+09    0.6223349E+09
 380     -0.929310E+09    0.2639659E+09    0.1156260E+09
 381      0.300801E+08    0.5271082E+09   -0.4305705E+09
 382      0.256049E+09    0.1291310E+10   -0.5708809E+09
 383      0.377373E+09    0.1801460E+10   -0.6280784E+09
 384      0.380396E+09    0.2053751E+10   -0.5131495E+09
 385      0.395073E+09    0.2312169E+10   -0.4055001E+09
 386      0.361045E+09    0.2404672E+10   -0.2719271E+09
 387      0.343217E+09    0.2502014E+10   -0.1415817E+09
 388      0.302509E+09    0.2490592E+10   -0.2643763E+08
 389      0.270451E+09    0.2483928E+10    0.8805846E+08
 390      0.224302E+09    0.2396495E+10    0.1700818E+09
 391      0.187811E+09    0.2308097E+10    0.2484513E+09
 392      0.136292E+09    0.2155702E+10    0.3065386E+09
 393      0.202308E+09    0.2016222E+10    0.3782915E+09
 394      0.282726E+09    0.1786311E+10    0.4722402E+09
 395      0.338960E+09    0.1562946E+10    0.5662503E+09
 396      0.269427E+09    0.1127398E+10    0.5247510E+09
 397      0.771419E+08    0.4790620E+09    0.4053014E+09
 398     -0.838753E+09    0.2536273E+09   -0.6159026E+08
 399     -0.317158E+10    0.2293727E+09   -0.4647911E+09
 400     -0.262645E+10   -0.4562608E+09   -0.1460379E+09
 401     -0.314485E+09    0.8308062E+09   -0.7746956E+09
 402     -0.153562E+08    0.2069397E+10   -0.1221166E+10
 403      0.154653E+09    0.2487286E+10   -0.1009817E+10
 404      0.191904E+09    0.2923658E+10   -0.8808459E+09
 405      0.193300E+09    0.3074182E+10   -0.6828432E+09
 406      0.200843E+09    0.3240788E+10   -0.4931340E+09
 407      0.183237E+09    0.3277253E+10   -0.3119431E+09
 408      0.175078E+09    0.3319506E+10   -0.1330946E+09
 409      0.155606E+09    0.3279367E+10    0.1547931E+08
 410      0.138277E+09    0.3241076E+10    0.1632588E+09
 411      0.116894E+09    0.3141905E+10    0.2716436E+09
 412      0.941413E+08    0.3042446E+10    0.3772785E+09
 413      0.718060E+08    0.2905291E+10    0.4459466E+09
 414      0.893568E+08    0.2778302E+10    0.5147582E+09
 415      0.149037E+09    0.2623025E+10    0.6446533E+09
 416      0.180572E+09    0.2483387E+10    0.7896566E+09
 417      0.175436E+09    0.2119500E+10    0.9190653E+09
 418      0.348123E+08    0.1753220E+10    0.1131524E+10
 419     -0.251850E+09    0.6930626E+09    0.7288805E+09
 420     -0.254234E+10   -0.3880057E+09    0.2072708E+09
 421     -0.135371E+10    0.4379192E+10   -0.1072620E+10
 422      0.129740E+09    0.4404567E+10   -0.1632721E+10
 423     -0.747023E+08    0.4381805E+10   -0.1843120E+10
 424      0.324078E+08    0.4308287E+10   -0.1377553E+10
 425      0.605853E+06    0.4317522E+10   -0.1096598E+10
 426      0.894870E+07    0.4303405E+10   -0.8244439E+09
 427      0.914489E+07    0.4304148E+10   -0.5652486E+09
 428      0.935794E+07    0.4265380E+10   -0.3402207E+09
 429      0.107654E+08    0.4229728E+10   -0.1183246E+09
 430      0.120371E+08    0.4149558E+10    0.6260726E+08
 431      0.111559E+08    0.4069252E+10    0.2430251E+09
 432      0.123879E+08    0.3955369E+10    0.3750329E+09
 433      0.773583E+07    0.3844158E+10    0.5056665E+09
 434      0.833045E+07    0.3731390E+10    0.5825648E+09
 435     -0.922594E+07    0.3621915E+10    0.6441159E+09
 436      0.187379E+08    0.3616188E+10    0.7980312E+09
 437      0.167719E+08    0.3626406E+10    0.9878121E+09
 438      0.628428E+08    0.3638631E+10    0.1265166E+10
 439     -0.325025E+08    0.3730771E+10    0.1728610E+10
 440      0.194855E+09    0.3689964E+10    0.1576232E+10
 441     -0.129919E+10    0.3576200E+10    0.1168959E+10
