   1      0.101433E+10    0.3140530E+07    0.2429420E+07
   2      0.844925E+09   -0.1530756E+08    0.2023820E+07
   3      0.640092E+09   -0.3493528E+08    0.1663789E+07
   4      0.388150E+09   -0.6721253E+08    0.1189610E+07
   5      0.104088E+09   -0.1001047E+09    0.1232253E+07
   6     -0.203178E+09   -0.1327426E+09    0.2087987E+06
   7     -0.491608E+09   -0.1659245E+09   -0.4996597E+06
   8     -0.792593E+09   -0.1754142E+09   -0.2549233E+07
   9     -0.735060E+09   -0.1795883E+09   -0.4156360E+07
  10     -0.603845E+09   -0.1763190E+09   -0.1235132E+07
  11     -0.476744E+09   -0.1776796E+09    0.7944851E+05
  12     -0.355033E+09   -0.1706288E+09   -0.1048228E+06
  13     -0.243077E+09   -0.1622229E+09    0.3151913E+05
  14     -0.137008E+09   -0.1420334E+09    0.6510214E+05
  15     -0.381208E+08   -0.1213886E+09    0.1131859E+06
  16      0.587959E+08   -0.9434578E+08    0.1634689E+06
  17      0.156214E+09   -0.6693017E+08    0.1815895E+06
  18      0.258446E+09   -0.4329813E+08    0.4297943E+06
  19      0.370505E+09   -0.1964930E+08   -0.1241905E+05
  20      0.494447E+09   -0.7269653E+07   -0.1819283E+06
  21      0.662620E+09    0.4019301E+07    0.4061672E+06
  22      0.990370E+09    0.3624991E+07    0.3466392E+07
  23      0.835758E+09   -0.7923975E+07    0.1393328E+08
  24      0.631994E+09   -0.2026525E+08    0.2403833E+08
  25      0.383032E+09   -0.4858219E+08    0.2885631E+08
  26      0.101867E+09   -0.7792488E+08    0.3433781E+08
  27     -0.196968E+09   -0.1086102E+09    0.2968562E+08
  28     -0.489779E+09   -0.1386410E+09    0.2561171E+08
  29     -0.776385E+09   -0.1562277E+09    0.1362985E+08
  30     -0.738292E+09   -0.1722444E+09    0.3167618E+07
  31     -0.600329E+09   -0.1752128E+09    0.2561060E+07
  32     -0.471053E+09   -0.1792416E+09   -0.1006385E+07
  33     -0.348503E+09   -0.1715861E+09   -0.8018005E+07
  34     -0.236909E+09   -0.1634120E+09   -0.1468665E+08
  35     -0.131895E+09   -0.1432007E+09   -0.1996546E+08
  36     -0.347488E+08   -0.1225971E+09   -0.2517786E+08
  37      0.599310E+08   -0.9547874E+08   -0.2644323E+08
  38      0.154755E+09   -0.6819699E+08   -0.2760588E+08
  39      0.254012E+09   -0.4367253E+08   -0.2334331E+08
  40      0.364206E+09   -0.1943928E+08   -0.1928193E+08
  41      0.486289E+09   -0.8284067E+07   -0.1085387E+08
  42      0.646838E+09    0.2310664E+07   -0.2190729E+07
  43      0.964940E+09    0.3475521E+07    0.3389912E+07
  44      0.826482E+09   -0.3800418E+07    0.2488995E+08
  45      0.624144E+09   -0.1261651E+08    0.4617265E+08
  46      0.377984E+09   -0.3826704E+08    0.5576912E+08
  47      0.998258E+08   -0.6220319E+08    0.6601655E+08
  48     -0.190094E+09   -0.9354579E+08    0.5950668E+08
  49     -0.487575E+09   -0.1264305E+09    0.5201087E+08
  50     -0.759118E+09   -0.1485595E+09    0.3028125E+08
  51     -0.742650E+09   -0.1703305E+09    0.1209610E+08
  52     -0.597419E+09   -0.1786873E+09    0.6795775E+07
  53     -0.465739E+09   -0.1862148E+09   -0.2192911E+07
  54     -0.342185E+09   -0.1784678E+09   -0.1591483E+08
  55     -0.230919E+09   -0.1705682E+09   -0.2938156E+08
  56     -0.126923E+09   -0.1495608E+09   -0.3995226E+08
  57     -0.315195E+08   -0.1281810E+09   -0.5040432E+08
  58      0.609568E+08   -0.9960376E+08   -0.5296452E+08
  59      0.153148E+09   -0.7073318E+08   -0.5532757E+08
  60      0.249628E+09   -0.4439511E+08   -0.4706561E+08
  61      0.357685E+09   -0.1761215E+08   -0.3869978E+08
  62      0.478871E+09   -0.5921053E+07   -0.2128228E+08
  63      0.629935E+09    0.4319764E+07   -0.3916861E+07
  64      0.927285E+09    0.3235049E+07    0.1159835E+07
  65      0.794828E+09   -0.5572945E+07    0.3244806E+08
  66      0.599616E+09   -0.1494998E+08    0.6439369E+08
  67      0.363420E+09   -0.3993615E+08    0.7977514E+08
  68      0.950224E+08   -0.6557331E+08    0.9483252E+08
  69     -0.183992E+09   -0.9569044E+08    0.8946780E+08
  70     -0.467677E+09   -0.1254572E+09    0.8184273E+08
  71     -0.730866E+09   -0.1505116E+09    0.5500131E+08
  72     -0.730752E+09   -0.1756177E+09    0.3192330E+08
  73     -0.580530E+09   -0.1854862E+09    0.1632490E+08
  74     -0.445768E+09   -0.1945934E+09   -0.1727640E+07
  75     -0.321309E+09   -0.1871228E+09   -0.2324270E+08
  76     -0.211563E+09   -0.1794524E+09   -0.4473668E+08
  77     -0.110932E+09   -0.1577643E+09   -0.6129220E+08
  78     -0.208399E+08   -0.1357482E+09   -0.7772482E+08
  79      0.649040E+08   -0.1059081E+09   -0.8214130E+08
  80      0.149060E+09   -0.7580515E+08   -0.8632767E+08
  81      0.237028E+09   -0.4802500E+08   -0.7397943E+08
  82      0.336325E+09   -0.2020197E+08   -0.6139130E+08
  83      0.450556E+09   -0.7848068E+07   -0.3237709E+08
  84      0.591201E+09    0.3483120E+07   -0.3462079E+07
  85      0.892489E+09    0.3100865E+07   -0.3322144E+04
  86      0.763148E+09   -0.4588548E+07    0.4054632E+08
  87      0.575180E+09   -0.1239518E+08    0.8210831E+08
  88      0.348737E+09   -0.3976756E+08    0.1047817E+09
  89      0.913516E+08   -0.6854905E+08    0.1255964E+09
  90     -0.178663E+09   -0.1027430E+09    0.1189846E+09
  91     -0.448569E+09   -0.1375854E+09    0.1122703E+09
  92     -0.703546E+09   -0.1654152E+09    0.7942146E+08
  93     -0.717798E+09   -0.1906643E+09    0.4915090E+08
  94     -0.563172E+09   -0.1991796E+09    0.2527501E+08
  95     -0.425606E+09   -0.2086179E+09   -0.9951427E+06
  96     -0.300395E+09   -0.2012867E+09   -0.3058538E+08
  97     -0.192215E+09   -0.1934146E+09   -0.6014784E+08
  98     -0.949826E+08   -0.1704258E+09   -0.8272549E+08
  99     -0.102159E+08   -0.1470713E+09   -0.1051737E+09
 100      0.687833E+08   -0.1149271E+09   -0.1114402E+09
 101      0.144996E+09   -0.8237589E+08   -0.1174291E+09
 102      0.224345E+09   -0.5189852E+08   -0.1009035E+09
 103      0.315426E+09   -0.2103167E+08   -0.8388312E+08
 104      0.421634E+09   -0.7483322E+07   -0.4351672E+08
 105      0.554798E+09    0.4521130E+07   -0.3427500E+07
 106      0.839032E+09    0.2979919E+07    0.8840275E+06
 107      0.712384E+09   -0.8196647E+07    0.5091119E+08
 108      0.534328E+09   -0.1991793E+08    0.1019925E+09
 109      0.319179E+09   -0.4670364E+08    0.1318648E+09
 110      0.832256E+08   -0.7418525E+08    0.1604800E+09
 111     -0.172186E+09   -0.1100370E+09    0.1538106E+09
 112     -0.426106E+09   -0.1454910E+09    0.1463285E+09
 113     -0.660954E+09   -0.1727784E+09    0.1062864E+09
 114     -0.689957E+09   -0.2003119E+09    0.6882539E+08
 115     -0.528611E+09   -0.2119492E+09    0.3588744E+08
 116     -0.387953E+09   -0.2226617E+09    0.4454607E+06
 117     -0.262674E+09   -0.2148463E+09   -0.3821944E+08
 118     -0.157569E+09   -0.2068079E+09   -0.7678464E+08
 119     -0.663099E+08   -0.1829170E+09   -0.1062682E+09
 120      0.949357E+07   -0.1586812E+09   -0.1356547E+09
 121      0.769825E+08   -0.1249133E+09   -0.1445942E+09
 122      0.139231E+09   -0.9073290E+08   -0.1532701E+09
 123      0.203057E+09   -0.5816021E+08   -0.1324902E+09
 124      0.277740E+09   -0.2547000E+08   -0.1108579E+09
 125      0.367872E+09   -0.1011408E+08   -0.5750733E+08
 126      0.493090E+09    0.3977952E+07   -0.4627110E+07
 127      0.784919E+09    0.5571866E+07    0.2728030E+06
 128      0.662340E+09   -0.5373936E+07    0.6131354E+08
 129      0.494473E+09   -0.1820768E+08    0.1230744E+09
 130      0.289706E+09   -0.5144878E+08    0.1585048E+09
 131      0.727118E+08   -0.8398072E+08    0.1947057E+09
 132     -0.165929E+09   -0.1229723E+09    0.1892871E+09
 133     -0.402464E+09   -0.1617609E+09    0.1797350E+09
 134     -0.618705E+09   -0.1895043E+09    0.1330571E+09
 135     -0.661990E+09   -0.2172291E+09    0.9007299E+08
 136     -0.493856E+09   -0.2286727E+09    0.4694341E+08
 137     -0.350069E+09   -0.2392931E+09    0.1774440E+07
 138     -0.224739E+09   -0.2308417E+09   -0.4591210E+08
 139     -0.122777E+09   -0.2222291E+09   -0.9356998E+08
 140     -0.375556E+08   -0.1972588E+09   -0.1300078E+09
 141      0.292023E+08   -0.1719403E+09   -0.1663767E+09
 142      0.851057E+08   -0.1360382E+09   -0.1779832E+09
 143      0.133331E+09   -0.9956378E+08   -0.1893194E+09
 144      0.181609E+09   -0.6384669E+08   -0.1642187E+09
 145      0.239852E+09   -0.2731047E+08   -0.1380786E+09
 146      0.314302E+09   -0.9800959E+07   -0.7155247E+08
 147      0.431524E+09    0.5630086E+07   -0.5544739E+07
 148      0.710066E+09    0.4192240E+07   -0.3671797E+06
 149      0.585517E+09   -0.1036763E+08    0.7526024E+08
 150      0.433736E+09   -0.2618020E+08    0.1528902E+09
 151      0.250070E+09   -0.6410337E+08    0.1947525E+09
 152      0.535052E+08   -0.1023914E+09    0.2356964E+09
 153     -0.155275E+09   -0.1401439E+09    0.2263781E+09
 154     -0.365294E+09   -0.1769582E+09    0.2133064E+09
 155     -0.565941E+09   -0.2041698E+09    0.1599341E+09
 156     -0.614305E+09   -0.2313974E+09    0.1097574E+09
 157     -0.440110E+09   -0.2410229E+09    0.5654709E+08
 158     -0.293517E+09   -0.2501322E+09    0.1800086E+07
 159     -0.169178E+09   -0.2411563E+09   -0.5463575E+08
 160     -0.716325E+08   -0.2320498E+09   -0.1110695E+09
 161      0.529903E+07   -0.2070364E+09   -0.1548008E+09
 162      0.598819E+08   -0.1816963E+09   -0.1985601E+09
 163      0.996126E+08   -0.1452278E+09   -0.2140623E+09
 164      0.127531E+09   -0.1081317E+09   -0.2293781E+09
 165      0.152125E+09   -0.7056484E+08   -0.2008463E+09
 166      0.184316E+09   -0.3243168E+08   -0.1712338E+09
 167      0.231719E+09   -0.1293210E+08   -0.8934579E+08
 168      0.331967E+09    0.4786518E+07   -0.7743248E+07
 169      0.636526E+09    0.5970458E+07    0.6458794E+06
 170      0.509106E+09   -0.1233613E+08    0.8992220E+08
 171      0.371045E+09   -0.3230984E+08    0.1821966E+09
 172      0.210140E+09   -0.7370275E+08    0.2316052E+09
 173      0.358582E+08   -0.1156824E+09    0.2777882E+09
 174     -0.144225E+09   -0.1554321E+09    0.2631253E+09
 175     -0.329879E+09   -0.1938981E+09    0.2470002E+09
 176     -0.513242E+09   -0.2192660E+09    0.1872545E+09
 177     -0.566204E+09   -0.2436236E+09    0.1291997E+09
 178     -0.385866E+09   -0.2497945E+09    0.6606919E+08
 179     -0.236481E+09   -0.2561422E+09    0.1828075E+07
 180     -0.113138E+09   -0.2465122E+09   -0.6349529E+08
 181     -0.200979E+08   -0.2369012E+09   -0.1288225E+09
 182      0.484363E+08   -0.2127380E+09   -0.1799354E+09
 183      0.906658E+08   -0.1883252E+09   -0.2311725E+09
 184      0.114072E+09   -0.1520995E+09   -0.2505791E+09
 185      0.121494E+09   -0.1150559E+09   -0.2698728E+09
 186      0.122398E+09   -0.7541662E+08   -0.2378449E+09
 187      0.128367E+09   -0.3430896E+08   -0.2045972E+09
 188      0.149062E+09   -0.1261999E+08   -0.1071889E+09
 189      0.232529E+09    0.6416444E+07   -0.9951289E+07
 190      0.515441E+09    0.5667399E+07    0.4362213E+07
 191      0.401487E+09   -0.1674692E+08    0.1117569E+09
 192      0.286971E+09   -0.4181484E+08    0.2211433E+09
 193      0.160430E+09   -0.8505714E+08    0.2726323E+09
 194      0.220395E+08   -0.1269927E+09    0.3217829E+09
 195     -0.122406E+09   -0.1660977E+09    0.3008586E+09
 196     -0.283319E+09   -0.2047071E+09    0.2779987E+09
 197     -0.441350E+09   -0.2241764E+09    0.2069291E+09
 198     -0.501739E+09   -0.2424177E+09    0.1384898E+09
 199     -0.315699E+09   -0.2442567E+09    0.6898620E+08
 200     -0.163967E+09   -0.2465932E+09   -0.1891851E+07
 201     -0.426183E+08   -0.2367118E+09   -0.7301329E+08
 202      0.456787E+08   -0.2270235E+09   -0.1441020E+09
 203      0.104976E+09   -0.2058209E+09   -0.2012512E+09
 204      0.133706E+09   -0.1844550E+09   -0.2587501E+09
 205      0.137845E+09   -0.1515776E+09   -0.2836748E+09
 206      0.119390E+09   -0.1177267E+09   -0.3087826E+09
 207      0.880731E+08   -0.7907416E+08   -0.2759887E+09
 208      0.554792E+08   -0.3900192E+08   -0.2422726E+09
 209      0.341867E+08   -0.1556624E+08   -0.1283695E+09
 210      0.788672E+08    0.5382263E+07   -0.1379520E+08
 211      0.394044E+09    0.7831795E+07    0.6904840E+07
 212      0.293521E+09   -0.1401278E+08    0.1330042E+09
 213      0.203710E+09   -0.3939122E+08    0.2608605E+09
 214      0.110844E+09   -0.8700324E+08    0.3145156E+09
 215      0.627502E+07   -0.1320793E+09    0.3660448E+09
 216     -0.101247E+09   -0.1662113E+09    0.3400346E+09
 217     -0.235243E+09   -0.2004994E+09    0.3107859E+09
 218     -0.368375E+09   -0.2143805E+09    0.2270348E+09
 219     -0.438254E+09   -0.2258758E+09    0.1481462E+09
 220     -0.244616E+09   -0.2211797E+09    0.7235487E+08
 221     -0.905938E+08   -0.2175479E+09   -0.5643071E+07
 222      0.287316E+08   -0.2078264E+09   -0.8270325E+08
 223      0.112171E+09   -0.1987825E+09   -0.1596703E+09
 224      0.162139E+09   -0.1833992E+09   -0.2230174E+09
 225      0.177077E+09   -0.1681413E+09   -0.2869453E+09
 226      0.161705E+09   -0.1420466E+09   -0.3174982E+09
 227      0.116916E+09   -0.1148777E+09   -0.3485003E+09
 228      0.531405E+08   -0.7835352E+08   -0.3148053E+09
 229     -0.179719E+08   -0.3923505E+08   -0.2803567E+09
 230     -0.810901E+08   -0.1470174E+08   -0.1497507E+09
 231     -0.752808E+08    0.6629644E+07   -0.1780586E+08
 232      0.212946E+09    0.5817149E+07    0.1188986E+08
 233      0.146429E+09   -0.2079477E+08    0.1581241E+09
 234      0.102504E+09   -0.5091081E+08    0.3055800E+09
 235      0.614402E+08   -0.9562091E+08    0.3562383E+09
 236      0.504548E+07   -0.1388197E+09    0.4031592E+09
 237     -0.639013E+08   -0.1628634E+09    0.3631925E+09
 238     -0.164251E+09   -0.1842006E+09    0.3220741E+09
 239     -0.274119E+09   -0.1831515E+09    0.2286314E+09
 240     -0.359399E+09   -0.1815210E+09    0.1389669E+09
 241     -0.166993E+09   -0.1686801E+09    0.6164013E+08
 242     -0.127843E+08   -0.1568715E+09   -0.1596266E+08
 243      0.103774E+09   -0.1483653E+09   -0.9038546E+08
 244      0.184149E+09   -0.1408991E+09   -0.1651522E+09
 245      0.226928E+09   -0.1348916E+09   -0.2297392E+09
 246      0.231492E+09   -0.1291975E+09   -0.2952431E+09
 247      0.198213E+09   -0.1153737E+09   -0.3327836E+09
 248      0.125944E+09   -0.1002944E+09   -0.3715913E+09
 249      0.228063E+08   -0.7179545E+08   -0.3439157E+09
 250     -0.101681E+09   -0.4021555E+08   -0.3160080E+09
 251     -0.227704E+09   -0.1602837E+08   -0.1711566E+09
 252     -0.297439E+09    0.4773953E+07   -0.2340087E+08
 253      0.328678E+08    0.9644376E+07    0.1720997E+08
 254     -0.123384E+07   -0.2026103E+08    0.1846987E+09
 255     -0.971566E+06   -0.5559329E+08    0.3529940E+09
 256      0.103686E+08   -0.9584242E+08    0.3996177E+09
 257      0.402229E+07   -0.1296800E+09    0.4417607E+09
 258     -0.253369E+08   -0.1317074E+09    0.3873770E+09
 259     -0.937285E+08   -0.1330813E+09    0.3340734E+09
 260     -0.178165E+09   -0.1190533E+09    0.2317773E+09
 261     -0.278197E+09   -0.1041644E+09    0.1291849E+09
 262     -0.888061E+08   -0.7620447E+08    0.4938965E+08
 263      0.657868E+08   -0.5091785E+08   -0.2648450E+08
 264      0.179682E+09   -0.4625006E+08   -0.9798634E+08
 265      0.257128E+09   -0.4233036E+08   -0.1705649E+09
 266      0.292882E+09   -0.5079174E+08   -0.2366659E+09
 267      0.286772E+09   -0.6047738E+08   -0.3039744E+09
 268      0.235531E+09   -0.6680811E+08   -0.3490682E+09
 269      0.134422E+09   -0.7254202E+08   -0.3961149E+09
 270     -0.838452E+07   -0.5710918E+08   -0.3744453E+09
 271     -0.187355E+09   -0.3691917E+08   -0.3529937E+09
 272     -0.375499E+09   -0.1370585E+08   -0.1930761E+09
 273     -0.520374E+09    0.6224157E+07   -0.2897532E+08
 274     -0.228777E+09    0.3028524E+07    0.2854055E+08
 275     -0.186823E+09   -0.2469576E+08    0.2123593E+09
 276     -0.102691E+09   -0.5872260E+08    0.3934641E+09
 277     -0.162444E+08   -0.7936563E+08    0.4161282E+09
 278      0.352688E+08   -0.9355004E+08    0.4360134E+09
 279      0.413974E+08   -0.6879394E+08    0.3647215E+09
 280     -0.502453E+07   -0.4158505E+08    0.2962442E+09
 281     -0.763180E+08    0.2666149E+07    0.1945234E+09
 282     -0.174182E+09    0.4611451E+08    0.8988695E+08
 283     -0.276773E+08    0.7687639E+08    0.1963194E+08
 284      0.126805E+09    0.1065342E+09   -0.4281783E+08
 285      0.238190E+09    0.1079737E+09   -0.9796183E+08
 286      0.316006E+09    0.1076831E+09   -0.1547967E+09
 287      0.350390E+09    0.8045924E+08   -0.2105455E+09
 288      0.344187E+09    0.5175384E+08   -0.2676615E+09
 289      0.285376E+09    0.1671358E+08   -0.3174683E+09
 290      0.166894E+09   -0.1772429E+08   -0.3711565E+09
 291     -0.148476E+08   -0.2662026E+08   -0.3692069E+09
 292     -0.260454E+09   -0.2911953E+08   -0.3695953E+09
 293     -0.543786E+09   -0.1203630E+08   -0.2073643E+09
 294     -0.812396E+09    0.4732832E+06   -0.3721048E+08
 295     -0.491854E+09    0.1142890E+08    0.4260867E+08
 296     -0.374424E+09   -0.2383793E+08    0.2419050E+09
 297     -0.213504E+09   -0.5947005E+08    0.4382266E+09
 298     -0.417229E+08   -0.4886468E+08    0.4372868E+09
 299      0.652865E+08   -0.3033820E+08    0.4334378E+09
 300      0.112012E+09    0.4474424E+08    0.3432443E+09
 301      0.883249E+08    0.1176985E+09    0.2557718E+09
 302      0.256135E+08    0.1889633E+09    0.1553940E+09
 303     -0.669765E+08    0.2564176E+09    0.5029264E+08
 304      0.335863E+08    0.2997861E+09   -0.9996305E+07
 305      0.187717E+09    0.3420530E+09   -0.5894440E+08
 306      0.296821E+09    0.3368061E+09   -0.9726853E+08
 307      0.375606E+09    0.3306031E+09   -0.1378959E+09
 308      0.409347E+09    0.2798355E+09   -0.1832365E+09
 309      0.403539E+09    0.2258431E+09   -0.2298428E+09
 310      0.338551E+09    0.1496159E+09   -0.2861178E+09
 311      0.199233E+09    0.6956370E+08   -0.3473550E+09
 312     -0.200919E+08    0.2232868E+08   -0.3671676E+09
 313     -0.340939E+09   -0.1934052E+08   -0.3901920E+09
 314     -0.715384E+09   -0.7628686E+07   -0.2233580E+09
 315     -0.110648E+10    0.6212838E+07   -0.4717134E+08
 316     -0.860982E+09   -0.1313015E+08    0.6750787E+08
 317     -0.568408E+09   -0.2203153E+08    0.2567576E+09
 318     -0.252512E+09   -0.4201448E+08    0.4277263E+09
 319     -0.296465E+07    0.2528833E+08    0.3672898E+09
 320      0.147745E+09    0.1089882E+09    0.3172726E+09
 321      0.196258E+09    0.2373545E+09    0.2253759E+09
 322      0.178042E+09    0.3625811E+09    0.1417336E+09
 323      0.104271E+09    0.4614952E+09    0.6309891E+08
 324      0.194515E+08    0.5602549E+09   -0.2252526E+08
 325      0.534326E+08    0.6078022E+09   -0.5443932E+08
 326      0.204624E+09    0.6541167E+09   -0.7632929E+08
 327      0.309440E+09    0.6428794E+09   -0.8450455E+08
 328      0.389354E+09    0.6312745E+09   -0.9412093E+08
 329      0.427276E+09    0.5563910E+09   -0.1082841E+09
 330      0.435378E+09    0.4787927E+09   -0.1225093E+09
 331      0.384333E+09    0.3523597E+09   -0.1644288E+09
 332      0.262736E+09    0.2226693E+09   -0.2141228E+09
 333      0.296110E+08    0.1131165E+09   -0.2690108E+09
 334     -0.344813E+09    0.1538575E+08   -0.3391616E+09
 335     -0.862629E+09    0.2027166E+07   -0.2123975E+09
 336     -0.146117E+10   -0.1729282E+08   -0.6367227E+08
 337     -0.126168E+10    0.3873548E+08    0.1172540E+09
 338     -0.766060E+09   -0.9402104E+07    0.2809666E+09
 339     -0.327093E+09   -0.1672300E+08    0.4334393E+09
 340      0.579588E+08    0.1782867E+09    0.3082240E+09
 341      0.238041E+09    0.3563726E+09    0.1897458E+09
 342      0.286898E+09    0.5656205E+09    0.1014245E+09
 343      0.268708E+09    0.7536484E+09    0.2254445E+08
 344      0.186547E+09    0.8686319E+09   -0.3417021E+08
 345      0.101727E+09    0.9800253E+09   -0.9887155E+08
 346      0.681740E+08    0.1022566E+10   -0.9938252E+08
 347      0.220254E+09    0.1069242E+10   -0.9326026E+08
 348      0.320155E+09    0.1054097E+10   -0.7067563E+08
 349      0.401558E+09    0.1039080E+10   -0.4810630E+08
 350      0.444527E+09    0.9444616E+09   -0.2940746E+08
 351      0.468569E+09    0.8474915E+09   -0.9540210E+07
 352      0.434782E+09    0.6666869E+09   -0.3588378E+08
 353      0.332752E+09    0.4680634E+09   -0.6932456E+08
 354      0.986230E+08    0.2706368E+09   -0.1771537E+09
 355     -0.376368E+09    0.5231258E+08   -0.2993684E+09
 356     -0.101356E+10    0.2084447E+08   -0.2086393E+09
 357     -0.184700E+10    0.2945231E+08   -0.9932131E+08
 358     -0.173122E+10   -0.1014984E+09    0.1495849E+09
 359     -0.833686E+09    0.3495745E+08    0.2012876E+09
 360     -0.141135E+09    0.1575571E+09    0.1859022E+09
 361      0.172201E+09    0.4852083E+09   -0.4244450E+07
 362      0.302567E+09    0.8323731E+09   -0.1125498E+09
 363      0.310460E+09    0.1072538E+10   -0.1238611E+09
 364      0.276448E+09    0.1304708E+10   -0.1381528E+09
 365      0.196982E+09    0.1409644E+10   -0.1378240E+09
 366      0.111807E+09    0.1509765E+10   -0.1477790E+09
 367      0.438731E+08    0.1537093E+10   -0.1315039E+09
 368      0.173503E+09    0.1575623E+10   -0.1082518E+09
 369      0.264335E+09    0.1559241E+10   -0.4909323E+08
 370      0.338203E+09    0.1542245E+10    0.8854031E+07
 371      0.379967E+09    0.1439663E+10    0.7691252E+08
 372      0.414918E+09    0.1337671E+10    0.1482348E+09
 373      0.406945E+09    0.1117557E+10    0.1856862E+09
 374      0.361265E+09    0.8893544E+09    0.2272556E+09
 375      0.198969E+09    0.5504788E+09    0.1391381E+09
 376     -0.176425E+09    0.2227396E+09   -0.2154295E+08
 377     -0.996505E+09    0.6665966E+08   -0.9791718E+08
 378     -0.221363E+10   -0.9533465E+08   -0.1128330E+09
 379     -0.284560E+10    0.2523131E+09    0.6047716E+09
 380     -0.755106E+09    0.2321757E+09    0.2143050E+09
 381      0.120286E+09    0.4513446E+09   -0.2326223E+09
 382      0.288310E+09    0.1167499E+10   -0.3787725E+09
 383      0.369937E+09    0.1642586E+10   -0.4348513E+09
 384      0.324424E+09    0.1858931E+10   -0.3638587E+09
 385      0.277469E+09    0.2075683E+10   -0.3003793E+09
 386      0.197887E+09    0.2129361E+10   -0.2423302E+09
 387      0.117803E+09    0.2184720E+10   -0.1953883E+09
 388      0.183385E+08    0.2179484E+10   -0.1654098E+09
 389      0.112608E+09    0.2189681E+10   -0.1243209E+09
 390      0.204457E+09    0.2173919E+10   -0.2612426E+08
 391      0.269865E+09    0.2158970E+10    0.6637060E+08
 392      0.309072E+09    0.2071524E+10    0.1860703E+09
 393      0.354268E+09    0.1988533E+10    0.3097648E+09
 394      0.368691E+09    0.1773823E+10    0.4218471E+09
 395      0.391155E+09    0.1564708E+10    0.5421053E+09
 396      0.299170E+09    0.1128490E+10    0.5145553E+09
 397      0.911673E+08    0.4789998E+09    0.4074728E+09
 398     -0.841666E+09    0.2554927E+09   -0.6006938E+08
 399     -0.316859E+10    0.2360695E+09   -0.4663136E+09
 400     -0.241691E+10   -0.4515839E+09   -0.1358800E+09
 401     -0.227089E+09    0.7924629E+09   -0.6563184E+09
 402      0.412289E+08    0.2001456E+10   -0.1013998E+10
 403      0.180905E+09    0.2403136E+10   -0.7940163E+09
 404      0.193919E+09    0.2813105E+10   -0.6502824E+09
 405      0.172708E+09    0.2911243E+10   -0.4825730E+09
 406      0.144323E+09    0.3022005E+10   -0.3241596E+09
 407      0.102114E+09    0.2999175E+10   -0.2266834E+09
 408      0.597535E+08    0.2977421E+10   -0.1354899E+09
 409      0.444356E+07    0.2922477E+10   -0.1185601E+09
 410      0.408303E+08    0.2881173E+10   -0.1018358E+09
 411      0.101999E+09    0.2866292E+10   -0.6594503E+07
 412      0.135664E+09    0.2853727E+10    0.9450194E+08
 413      0.157210E+09    0.2801732E+10    0.2466024E+09
 414      0.181430E+09    0.2752602E+10    0.3985762E+09
 415      0.193343E+09    0.2613441E+10    0.5767031E+09
 416      0.206737E+09    0.2487622E+10    0.7634198E+09
 417      0.189318E+09    0.2121737E+10    0.9065322E+09
 418      0.405912E+08    0.1757037E+10    0.1133483E+10
 419     -0.256463E+09    0.6916645E+09    0.7300751E+09
 420     -0.253473E+10   -0.3956323E+09    0.2049776E+09
 421     -0.134019E+10    0.4274352E+10   -0.1058161E+10
 422      0.137798E+09    0.4398986E+10   -0.1508287E+10
 423     -0.605255E+08    0.4474550E+10   -0.1629945E+10
 424      0.473246E+08    0.4373768E+10   -0.1135536E+10
 425      0.954289E+07    0.4354465E+10   -0.8219936E+09
 426      0.194315E+08    0.4241241E+10   -0.5691074E+09
 427      0.124749E+08    0.4144240E+10   -0.3304392E+09
 428      0.988138E+07    0.4002058E+10   -0.1974173E+09
 429      0.501769E+07    0.3858780E+10   -0.6692901E+08
 430     -0.520698E+07    0.3722903E+10   -0.6404172E+08
 431     -0.172126E+08    0.3604411E+10   -0.7612107E+08
 432      0.374904E+07    0.3610694E+10    0.1195476E+08
 433      0.598316E+07    0.3609739E+10    0.1207452E+09
 434      0.985896E+07    0.3608686E+10    0.3014677E+09
 435      0.122436E+08    0.3610912E+10    0.4789662E+09
 436      0.208052E+08    0.3616083E+10    0.7129503E+09
 437      0.172182E+08    0.3632794E+10    0.9589818E+09
 438      0.610467E+08    0.3645470E+10    0.1249133E+10
 439     -0.347130E+08    0.3731817E+10    0.1728765E+10
 440      0.189348E+09    0.3714595E+10    0.1571702E+10
 441     -0.129146E+10    0.3635143E+10    0.1157608E+10
