   1      0.615922E+09   -0.3757080E+07    0.1163967E+06
   2      0.537844E+09    0.9217671E+07   -0.1436954E+07
   3      0.404649E+09    0.2354733E+08   -0.2843728E+07
   4      0.249924E+09    0.4847689E+08   -0.3654632E+07
   5      0.756667E+08    0.7364947E+08   -0.4830495E+07
   6     -0.776635E+08    0.9507594E+08   -0.4056218E+07
   7     -0.210929E+09    0.1149831E+09   -0.3234912E+07
   8     -0.313293E+09    0.1217592E+09   -0.3450971E+07
   9     -0.387796E+09    0.1277100E+09   -0.2384513E+07
  10     -0.413012E+09    0.1176477E+09   -0.2585499E+07
  11     -0.415110E+09    0.1093493E+09   -0.3641350E+07
  12     -0.378081E+09    0.8839981E+08   -0.2257870E+07
  13     -0.314910E+09    0.6398865E+08    0.1439333E+06
  14     -0.228963E+09    0.4163475E+08    0.3272610E+07
  15     -0.135410E+09    0.2219728E+08    0.5221174E+07
  16     -0.291430E+08    0.1676765E+08    0.5069874E+07
  17      0.852848E+08    0.1110564E+08    0.4766620E+07
  18      0.198755E+09    0.1996027E+08    0.2409379E+07
  19      0.316897E+09    0.3501631E+08    0.1574735E+06
  20      0.451391E+09    0.2600180E+08    0.6637828E+07
  21      0.589882E+09    0.1076296E+08    0.1312162E+08
  22      0.632067E+09   -0.1892623E+07   -0.2932779E+07
  23      0.545106E+09    0.7352041E+07   -0.1053072E+08
  24      0.407252E+09    0.1814336E+08   -0.1752538E+08
  25      0.248266E+09    0.3144367E+08   -0.1575434E+08
  26      0.754299E+08    0.4318399E+08   -0.1501599E+08
  27     -0.818714E+08    0.5036439E+08   -0.1147544E+08
  28     -0.215935E+09    0.5834899E+08   -0.7455510E+07
  29     -0.320211E+09    0.5653978E+08   -0.5973425E+06
  30     -0.395281E+09    0.5468124E+08    0.6443787E+07
  31     -0.421079E+09    0.3826627E+08    0.1440629E+08
  32     -0.420582E+09    0.1964718E+08    0.2228855E+08
  33     -0.381636E+09   -0.9704737E+07    0.2575334E+08
  34     -0.314375E+09   -0.3966796E+08    0.2983171E+08
  35     -0.217472E+09   -0.6207383E+08    0.2003857E+08
  36     -0.121572E+09   -0.8239724E+08    0.7957361E+07
  37     -0.186123E+08   -0.7376581E+08   -0.3917526E+07
  38      0.899919E+08   -0.6249709E+08   -0.1410286E+08
  39      0.198456E+09   -0.4341171E+08   -0.1396888E+08
  40      0.313796E+09   -0.2790135E+08   -0.1330933E+08
  41      0.439856E+09   -0.1503379E+08   -0.4176994E+07
  42      0.600654E+09   -0.1174569E+07    0.4265618E+07
  43      0.652013E+09   -0.1918855E+06   -0.6298123E+07
  44      0.553355E+09    0.3059698E+07   -0.1957605E+08
  45      0.410705E+09    0.6443891E+07   -0.3186924E+08
  46      0.246419E+09    0.9420798E+07   -0.2789354E+08
  47      0.758745E+08    0.1276491E+08   -0.2513537E+08
  48     -0.858078E+08    0.9440160E+07   -0.1873555E+08
  49     -0.220818E+09    0.6201770E+07   -0.1174676E+08
  50     -0.327643E+09   -0.8334392E+07    0.2540978E+07
  51     -0.402039E+09   -0.2419142E+08    0.1563465E+08
  52     -0.429407E+09   -0.4970158E+08    0.3081265E+08
  53     -0.428599E+09   -0.7509918E+08    0.4904080E+08
  54     -0.392147E+09   -0.1116867E+09    0.5950451E+08
  55     -0.314028E+09   -0.1513636E+09    0.6443665E+08
  56     -0.204595E+09   -0.1409255E+09    0.3431275E+08
  57     -0.105483E+09   -0.1224844E+09    0.5705247E+07
  58     -0.632500E+07   -0.9263834E+08   -0.1488140E+08
  59      0.952427E+08   -0.6700596E+08   -0.3342476E+08
  60      0.198481E+09   -0.4454894E+08   -0.3070075E+08
  61      0.310076E+09   -0.2019893E+08   -0.2763546E+08
  62      0.431159E+09   -0.6770683E+07   -0.1610622E+08
  63      0.606283E+09    0.4671510E+07   -0.5255485E+07
  64      0.681657E+09    0.2496423E+06   -0.5594410E+07
  65      0.565441E+09   -0.2645554E+07   -0.1694297E+08
  66      0.413014E+09   -0.5301114E+07   -0.2732912E+08
  67      0.241257E+09   -0.1141769E+08   -0.2131876E+08
  68      0.669526E+08   -0.1737435E+08   -0.1575333E+08
  69     -0.960995E+08   -0.3177513E+08   -0.3969104E+07
  70     -0.237182E+09   -0.4673649E+08    0.7774595E+07
  71     -0.347160E+09   -0.7100323E+08    0.2709590E+08
  72     -0.419640E+09   -0.9458750E+08    0.4597113E+08
  73     -0.453267E+09   -0.1326071E+09    0.6778208E+08
  74     -0.441739E+09   -0.1791429E+09    0.9319345E+08
  75     -0.374293E+09   -0.1958456E+09    0.7391046E+08
  76     -0.271833E+09   -0.1982885E+09    0.4579900E+08
  77     -0.168648E+09   -0.1645627E+09    0.5846806E+07
  78     -0.761994E+08   -0.1370400E+09   -0.2942638E+08
  79      0.125786E+08   -0.1067090E+09   -0.4684380E+08
  80      0.101093E+09   -0.7613681E+08   -0.6377697E+08
  81      0.192608E+09   -0.4868114E+08   -0.5792551E+08
  82      0.294087E+09   -0.2040003E+08   -0.5220232E+08
  83      0.411265E+09   -0.7534026E+07   -0.2880079E+08
  84      0.561282E+09    0.4000437E+07   -0.5363049E+07
  85      0.708894E+09    0.3160993E+07   -0.5578324E+07
  86      0.577967E+09   -0.2003471E+07   -0.1463081E+08
  87      0.414926E+09   -0.8092649E+07   -0.2259378E+08
  88      0.236840E+09   -0.2708770E+08   -0.1416771E+08
  89      0.572050E+08   -0.4490207E+08   -0.6546229E+07
  90     -0.106733E+09   -0.6845490E+08    0.1045652E+08
  91     -0.253894E+09   -0.9245901E+08    0.2773062E+08
  92     -0.365952E+09   -0.1272226E+09    0.5192882E+08
  93     -0.436267E+09   -0.1637389E+09    0.7673363E+08
  94     -0.486585E+09   -0.2083387E+09    0.1091889E+09
  95     -0.452454E+09   -0.2520699E+09    0.1374780E+09
  96     -0.343510E+09   -0.2335024E+09    0.7814453E+08
  97     -0.229101E+09   -0.2130578E+09    0.1993629E+08
  98     -0.134076E+09   -0.1843730E+09   -0.2048579E+08
  99     -0.495145E+08   -0.1555695E+09   -0.5969620E+08
 100      0.293976E+08   -0.1205494E+09   -0.7707483E+08
 101      0.106437E+09   -0.8556666E+08   -0.9408659E+08
 102      0.186724E+09   -0.5396365E+08   -0.8496488E+08
 103      0.279322E+09   -0.2177908E+08   -0.7576852E+08
 104      0.388510E+09   -0.7846828E+07   -0.4012370E+08
 105      0.523389E+09    0.4490027E+07   -0.4498195E+07
 106      0.719532E+09    0.2881889E+07   -0.5008515E+07
 107      0.578181E+09   -0.8677220E+07   -0.3797331E+07
 108      0.407600E+09   -0.2084771E+08   -0.1856756E+07
 109      0.224917E+09   -0.4626767E+08    0.1150336E+08
 110      0.424348E+08   -0.7123125E+08    0.2375551E+08
 111     -0.128260E+09   -0.1060630E+09    0.4479274E+08
 112     -0.278138E+09   -0.1402657E+09    0.6574300E+08
 113     -0.395669E+09   -0.1842108E+09    0.9562952E+08
 114     -0.472669E+09   -0.2377207E+09    0.1349600E+09
 115     -0.489595E+09   -0.2689781E+09    0.1365878E+09
 116     -0.393156E+09   -0.2843775E+09    0.1202587E+09
 117     -0.277541E+09   -0.2551825E+09    0.5211894E+08
 118     -0.177270E+09   -0.2334677E+09   -0.7716507E+07
 119     -0.907106E+08   -0.2028362E+09   -0.5144754E+08
 120     -0.178389E+08   -0.1713861E+09   -0.9529540E+08
 121      0.474859E+08   -0.1338906E+09   -0.1142334E+09
 122      0.108903E+09   -0.9587789E+08   -0.1328617E+09
 123      0.172365E+09   -0.6147551E+08   -0.1186407E+09
 124      0.247611E+09   -0.2687078E+08   -0.1039076E+09
 125      0.338975E+09   -0.1069856E+08   -0.5482528E+08
 126      0.461387E+09    0.4217754E+07   -0.5973131E+07
 127      0.729321E+09    0.5320429E+07   -0.4170087E+07
 128      0.577972E+09   -0.7405484E+07    0.7190014E+07
 129      0.401206E+09   -0.2154529E+08    0.1854600E+08
 130      0.212949E+09   -0.5765089E+08    0.3700729E+08
 131      0.274378E+08   -0.9394835E+08    0.5555742E+08
 132     -0.150088E+09   -0.1393423E+09    0.8019844E+08
 133     -0.303104E+09   -0.1830890E+09    0.1032761E+09
 134     -0.426246E+09   -0.2270312E+09    0.1390628E+09
 135     -0.525629E+09   -0.2766849E+09    0.1939292E+09
 136     -0.475207E+09   -0.2927199E+09    0.1596718E+09
 137     -0.332695E+09   -0.2989325E+09    0.1001661E+09
 138     -0.218483E+09   -0.2728986E+09    0.3012648E+08
 139     -0.125592E+09   -0.2513927E+09   -0.3351352E+08
 140     -0.475608E+08   -0.2192649E+09   -0.8252456E+08
 141      0.140099E+08   -0.1865125E+09   -0.1312498E+09
 142      0.656275E+08   -0.1462667E+09   -0.1515560E+09
 143      0.111159E+09   -0.1054831E+09   -0.1715866E+09
 144      0.157563E+09   -0.6745449E+08   -0.1523503E+09
 145      0.215430E+09   -0.2862805E+08   -0.1323938E+09
 146      0.289946E+09   -0.1045129E+08   -0.6966744E+08
 147      0.398597E+09    0.5733095E+07   -0.7177786E+07
 148      0.709178E+09    0.4774494E+07   -0.4014301E+07
 149      0.551530E+09   -0.1139643E+08    0.2318879E+08
 150      0.375301E+09   -0.2845639E+08    0.5091558E+08
 151      0.186668E+09   -0.7066795E+08    0.7871768E+08
 152      0.225479E+07   -0.1133937E+09    0.1057607E+09
 153     -0.173915E+09   -0.1641413E+09    0.1299000E+09
 154     -0.330416E+09   -0.2152600E+09    0.1557222E+09
 155     -0.461682E+09   -0.2659854E+09    0.1870325E+09
 156     -0.529672E+09   -0.3156340E+09    0.2189214E+09
 157     -0.394361E+09   -0.3090578E+09    0.1539951E+09
 158     -0.260642E+09   -0.3012540E+09    0.8351119E+08
 159     -0.149307E+09   -0.2812897E+09    0.1049356E+08
 160     -0.619400E+08   -0.2617572E+09   -0.6023001E+08
 161      0.597732E+07   -0.2293149E+09   -0.1147650E+09
 162      0.537114E+08   -0.1966953E+09   -0.1692624E+09
 163      0.876415E+08   -0.1557459E+09   -0.1922455E+09
 164      0.111517E+09   -0.1141367E+09   -0.2150446E+09
 165      0.133104E+09   -0.7420908E+08   -0.1914458E+09
 166      0.163842E+09   -0.3367667E+08   -0.1670528E+09
 167      0.210948E+09   -0.1341933E+08   -0.8821799E+08
 168      0.295104E+09    0.5070706E+07   -0.9397496E+07
 169      0.691219E+09    0.7838284E+07   -0.4177271E+07
 170      0.524870E+09   -0.1233169E+08    0.3934859E+08
 171      0.348012E+09   -0.3581648E+08    0.8426480E+08
 172      0.159713E+09   -0.8700901E+08    0.1205068E+09
 173     -0.218517E+08   -0.1354324E+09    0.1540231E+09
 174     -0.198448E+09   -0.1852843E+09    0.1785937E+09
 175     -0.357003E+09   -0.2379758E+09    0.2089292E+09
 176     -0.501747E+09   -0.2781791E+09    0.2356751E+09
 177     -0.507167E+09   -0.3139712E+09    0.2434341E+09
 178     -0.321532E+09   -0.3087258E+09    0.1493030E+09
 179     -0.188628E+09   -0.3041615E+09    0.6882239E+08
 180     -0.788777E+08   -0.2837957E+09   -0.8947124E+07
 181      0.199112E+07   -0.2641829E+09   -0.8698208E+08
 182      0.598712E+08   -0.2332491E+09   -0.1472306E+09
 183      0.934954E+08   -0.2020062E+09   -0.2076315E+09
 184      0.109607E+09   -0.1614973E+09   -0.2333223E+09
 185      0.111604E+09   -0.1201497E+09   -0.2589127E+09
 186      0.108315E+09   -0.7822048E+08   -0.2308681E+09
 187      0.111965E+09   -0.3476135E+08   -0.2019726E+09
 188      0.131802E+09   -0.1261949E+08   -0.1068053E+09
 189      0.191548E+09    0.6825463E+07   -0.1140933E+08
 190      0.625040E+09    0.6058503E+07   -0.7502009E+06
 191      0.460981E+09   -0.1896307E+08    0.6385136E+08
 192      0.293070E+09   -0.4572833E+08    0.1293683E+09
 193      0.119428E+09   -0.9772536E+08    0.1715260E+09
 194     -0.503396E+08   -0.1507093E+09    0.2118866E+09
 195     -0.218597E+09   -0.2075864E+09    0.2316320E+09
 196     -0.375916E+09   -0.2650187E+09    0.2581611E+09
 197     -0.509082E+09   -0.2898548E+09    0.2589009E+09
 198     -0.405217E+09   -0.3087550E+09    0.2409699E+09
 199     -0.236122E+09   -0.2976175E+09    0.1419296E+09
 200     -0.102106E+09   -0.2892460E+09    0.5462484E+08
 201      0.297816E+07   -0.2700861E+09   -0.2741727E+08
 202      0.773256E+08   -0.2514189E+09   -0.1098522E+09
 203      0.124280E+09   -0.2238979E+09   -0.1748549E+09
 204      0.143018E+09   -0.1962676E+09   -0.2402235E+09
 205      0.138641E+09   -0.1594981E+09   -0.2703721E+09
 206      0.113696E+09   -0.1217608E+09   -0.3007467E+09
 207      0.771865E+08   -0.8101026E+08   -0.2711447E+09
 208      0.413312E+08   -0.3883506E+08   -0.2407117E+09
 209      0.183695E+08   -0.1542930E+08   -0.1280370E+09
 210      0.355570E+08    0.5545044E+07   -0.1454336E+08
 211      0.556252E+09    0.9811768E+07    0.2410279E+07
 212      0.397666E+09   -0.1687852E+08    0.8834991E+08
 213      0.238057E+09   -0.4826084E+08    0.1750003E+09
 214      0.783721E+08   -0.1100083E+09    0.2236751E+09
 215     -0.816450E+08   -0.1669516E+09    0.2706690E+09
 216     -0.238499E+09   -0.2156784E+09    0.2870914E+09
 217     -0.396420E+09   -0.2724738E+09    0.3128605E+09
 218     -0.509002E+09   -0.2919272E+09    0.2821980E+09
 219     -0.314545E+09   -0.2955200E+09    0.2337992E+09
 220     -0.148945E+09   -0.2697722E+09    0.1333429E+09
 221     -0.152488E+08   -0.2533027E+09    0.4077757E+08
 222      0.856919E+08   -0.2363157E+09   -0.4605444E+08
 223      0.153354E+09   -0.2189721E+09   -0.1329868E+09
 224      0.189386E+09   -0.1979712E+09   -0.2028955E+09
 225      0.192893E+09   -0.1770992E+09   -0.2733963E+09
 226      0.167798E+09   -0.1477595E+09   -0.3081244E+09
 227      0.115404E+09   -0.1173070E+09   -0.3433764E+09
 228      0.454661E+08   -0.7933990E+08   -0.3120630E+09
 229     -0.300725E+08   -0.3858820E+08   -0.2799499E+09
 230     -0.955684E+08   -0.1397828E+08   -0.1494493E+09
 231     -0.120532E+09    0.7256706E+07   -0.1756414E+08
 232      0.424606E+09    0.7979688E+07    0.5128226E+07
 233      0.285492E+09   -0.2207408E+08    0.1176048E+09
 234      0.157046E+09   -0.5641626E+08    0.2307662E+09
 235      0.328239E+08   -0.1133046E+09    0.2777589E+09
 236     -0.103380E+09   -0.1685781E+09    0.3212045E+09
 237     -0.242381E+09   -0.2059783E+09    0.3234734E+09
 238     -0.399102E+09   -0.2412573E+09    0.3366857E+09
 239     -0.436459E+09   -0.2375633E+09    0.2793430E+09
 240     -0.227255E+09   -0.2306427E+09    0.2078404E+09
 241     -0.583766E+08   -0.2079215E+09    0.1130995E+09
 242      0.738137E+08   -0.1878105E+09    0.2296826E+08
 243      0.169806E+09   -0.1719101E+09   -0.6106740E+08
 244      0.232321E+09   -0.1570748E+09   -0.1448328E+09
 245      0.259492E+09   -0.1459669E+09   -0.2145933E+09
 246      0.251436E+09   -0.1353343E+09   -0.2853283E+09
 247      0.207531E+09   -0.1189784E+09   -0.3259939E+09
 248      0.126970E+09   -0.1014129E+09   -0.3680324E+09
 249      0.169142E+08   -0.7198195E+08   -0.3421453E+09
 250     -0.112947E+09   -0.3948826E+08   -0.3158627E+09
 251     -0.243205E+09   -0.1575311E+08   -0.1705481E+09
 252     -0.339061E+09    0.4717616E+07   -0.2241640E+08
 253      0.296531E+09    0.1057432E+08    0.8722973E+07
 254      0.171858E+09   -0.2326926E+08    0.1473040E+09
 255      0.741820E+08   -0.6204224E+08    0.2862444E+09
 256     -0.137997E+08   -0.1159560E+09    0.3323771E+09
 257     -0.125688E+09   -0.1664916E+09    0.3747635E+09
 258     -0.246513E+09   -0.1811359E+09    0.3601791E+09
 259     -0.400310E+09   -0.1919471E+09    0.3555644E+09
 260     -0.361911E+09   -0.1651842E+09    0.2772189E+09
 261     -0.139046E+09   -0.1382181E+09    0.1878213E+09
 262      0.327094E+08   -0.1072146E+09    0.9452641E+08
 263      0.163828E+09   -0.7839727E+08    0.4908408E+07
 264      0.255001E+09   -0.6536475E+08   -0.7591503E+08
 265      0.312408E+09   -0.5385823E+08   -0.1565813E+09
 266      0.330847E+09   -0.5789227E+08   -0.2264749E+09
 267      0.310879E+09   -0.6321622E+08   -0.2976750E+09
 268      0.248102E+09   -0.6792550E+08   -0.3448274E+09
 269      0.137969E+09   -0.7201416E+08   -0.3940720E+09
 270     -0.124617E+08   -0.5665332E+08   -0.3735979E+09
 271     -0.197932E+09   -0.3647655E+08   -0.3530231E+09
 272     -0.392107E+09   -0.1337715E+08   -0.1922031E+09
 273     -0.558025E+09    0.6445058E+07   -0.2745567E+08
 274      0.818448E+08    0.5875686E+07    0.1965755E+08
 275      0.773969E+07   -0.2872208E+08    0.1814618E+09
 276     -0.156593E+08   -0.7084992E+08    0.3406665E+09
 277     -0.423063E+08   -0.1102898E+09    0.3662465E+09
 278     -0.109266E+09   -0.1440822E+09    0.3884152E+09
 279     -0.207729E+09   -0.1282711E+09    0.3443200E+09
 280     -0.357434E+09   -0.1067122E+09    0.3101554E+09
 281     -0.268247E+09   -0.5129800E+08    0.2281715E+09
 282     -0.519283E+08    0.2521675E+07    0.1385086E+09
 283      0.111282E+09    0.4383917E+08    0.5734376E+08
 284      0.236148E+09    0.8348694E+08   -0.2006968E+08
 285      0.320235E+09    0.9264084E+08   -0.8350597E+08
 286      0.375245E+09    0.1000320E+09   -0.1467210E+09
 287      0.390561E+09    0.7686753E+08   -0.2042779E+09
 288      0.369711E+09    0.5200021E+08   -0.2634265E+09
 289      0.299013E+09    0.1776752E+08   -0.3141313E+09
 290      0.171387E+09   -0.1589390E+08   -0.3688772E+09
 291     -0.181191E+08   -0.2550622E+08   -0.3677229E+09
 292     -0.270722E+09   -0.2878144E+08   -0.3687353E+09
 293     -0.561254E+09   -0.1212957E+08   -0.2062970E+09
 294     -0.845114E+09    0.1546923E+06   -0.3608192E+08
 295     -0.133941E+09    0.1505600E+08    0.3200802E+08
 296     -0.157513E+09   -0.2931987E+08    0.2171610E+09
 297     -0.114715E+09   -0.7622777E+08    0.4008297E+09
 298     -0.707064E+08   -0.9265840E+08    0.4054019E+09
 299     -0.932871E+08   -0.1007670E+09    0.4036036E+09
 300     -0.164474E+09   -0.3314120E+08    0.3291821E+09
 301     -0.311542E+09    0.3488285E+08    0.2646378E+09
 302     -0.175196E+09    0.1245628E+09    0.1779990E+09
 303      0.366391E+08    0.2107061E+09    0.8714301E+08
 304      0.190664E+09    0.2663033E+09    0.1945980E+08
 305      0.309025E+09    0.3200774E+09   -0.4500597E+08
 306      0.385921E+09    0.3246985E+09   -0.9059341E+08
 307      0.438925E+09    0.3275915E+09   -0.1358339E+09
 308      0.451746E+09    0.2801270E+09   -0.1809393E+09
 309      0.430461E+09    0.2294479E+09   -0.2276725E+09
 310      0.353216E+09    0.1530700E+09   -0.2836600E+09
 311      0.204651E+09    0.7292675E+08   -0.3447911E+09
 312     -0.226002E+08    0.2421639E+08   -0.3650370E+09
 313     -0.350850E+09   -0.1891593E+08   -0.3883724E+09
 314     -0.733507E+09   -0.7618271E+07   -0.2220950E+09
 315     -0.113485E+10    0.5925873E+07   -0.4658694E+08
 316     -0.475851E+09   -0.7728931E+07    0.5625856E+08
 317     -0.352020E+09   -0.3181266E+08    0.2466918E+09
 318     -0.159527E+09   -0.7014762E+08    0.4214493E+09
 319     -0.306107E+08   -0.3367667E+08    0.3637318E+09
 320     -0.371095E+07    0.2027443E+08    0.3106033E+09
 321     -0.797286E+08    0.1405830E+09    0.2168003E+09
 322     -0.238529E+09    0.2628867E+09    0.1360445E+09
 323     -0.100738E+09    0.3832798E+09    0.6592113E+08
 324      0.929153E+08    0.5007146E+09   -0.6714334E+07
 325      0.227633E+09    0.5679405E+09   -0.4348042E+08
 326      0.332469E+09    0.6338197E+09   -0.7784578E+08
 327      0.399236E+09    0.6333774E+09   -0.8814299E+08
 328      0.451075E+09    0.6317998E+09   -0.9777003E+08
 329      0.467361E+09    0.5596936E+09   -0.1090300E+09
 330      0.460328E+09    0.4849029E+09   -0.1207791E+09
 331      0.397771E+09    0.3576298E+09   -0.1613511E+09
 332      0.267711E+09    0.2271426E+09   -0.2098403E+09
 333      0.274859E+08    0.1157564E+09   -0.2651701E+09
 334     -0.353750E+09    0.1620918E+08   -0.3358017E+09
 335     -0.879248E+09    0.2229579E+07   -0.2106650E+09
 336     -0.148724E+10   -0.1753437E+08   -0.6354905E+08
 337     -0.847507E+09    0.4634930E+08    0.1047854E+09
 338     -0.549468E+09   -0.2443140E+08    0.2860242E+09
 339     -0.242172E+09   -0.5925137E+08    0.4593485E+09
 340      0.333546E+08    0.9348039E+08    0.3328578E+09
 341      0.934625E+08    0.2306004E+09    0.2065647E+09
 342      0.119470E+08    0.4276201E+09    0.9754042E+08
 343     -0.165476E+09    0.6102336E+09   -0.5639440E+06
 344     -0.275883E+08    0.7586027E+09   -0.5113693E+08
 345      0.147531E+09    0.9031436E+09   -0.1028018E+09
 346      0.262683E+09    0.9781099E+09   -0.1076488E+09
 347      0.354133E+09    0.1053033E+10   -0.1108362E+09
 348      0.410660E+09    0.1048525E+10   -0.8475452E+08
 349      0.461678E+09    0.1044067E+10   -0.5766206E+08
 350      0.482090E+09    0.9510185E+09   -0.3328254E+08
 351      0.491411E+09    0.8559355E+09   -0.8201899E+07
 352      0.446895E+09    0.6735311E+09   -0.3213827E+08
 353      0.337272E+09    0.4735403E+09   -0.6323633E+08
 354      0.969508E+08    0.2737721E+09   -0.1715140E+09
 355     -0.383950E+09    0.5316343E+08   -0.2944967E+09
 356     -0.102898E+10    0.2075158E+08   -0.2064789E+09
 357     -0.187015E+10    0.2844619E+08   -0.9961888E+08
 358     -0.134403E+10   -0.9153576E+08    0.1402287E+09
 359     -0.659862E+09    0.1233357E+08    0.2369807E+09
 360     -0.666239E+08    0.9746916E+08    0.2642544E+09
 361      0.161862E+09    0.3760968E+09    0.6331946E+08
 362      0.190324E+09    0.6772793E+09   -0.5790143E+08
 363      0.812748E+08    0.9012043E+09   -0.1142739E+09
 364     -0.115963E+09    0.1119738E+10   -0.1775073E+09
 365     -0.115623E+08    0.1266610E+10   -0.1959095E+09
 366      0.138385E+09    0.1415507E+10   -0.2124092E+09
 367      0.229477E+09    0.1489180E+10   -0.1788366E+09
 368      0.300368E+09    0.1563489E+10   -0.1439845E+09
 369      0.343588E+09    0.1556011E+10   -0.7471163E+08
 370      0.387706E+09    0.1549627E+10   -0.4832559E+07
 371      0.409772E+09    0.1447677E+10    0.7168771E+08
 372      0.432622E+09    0.1346645E+10    0.1506357E+09
 373      0.416109E+09    0.1124816E+10    0.1908524E+09
 374      0.364440E+09    0.8951861E+09    0.2352573E+09
 375      0.197440E+09    0.5541634E+09    0.1468955E+09
 376     -0.182053E+09    0.2237778E+09   -0.1418933E+08
 377     -0.100709E+10    0.6680955E+08   -0.9505805E+08
 378     -0.223747E+10   -0.9554863E+08   -0.1143941E+09
 379     -0.248782E+10    0.2585357E+09    0.6035034E+09
 380     -0.630574E+09    0.2023409E+09    0.2867191E+09
 381      0.195753E+09    0.3820605E+09   -0.9912926E+08
 382      0.295550E+09    0.1045494E+10   -0.2682099E+09
 383      0.296996E+09    0.1465075E+10   -0.3430830E+09
 384      0.144100E+09    0.1648266E+10   -0.3459147E+09
 385     -0.794747E+08    0.1836869E+10   -0.3627531E+09
 386     -0.105584E+08    0.1939033E+10   -0.3435124E+09
 387      0.125319E+09    0.2056035E+10   -0.3209408E+09
 388      0.192462E+09    0.2119864E+10   -0.2507745E+09
 389      0.241937E+09    0.2182618E+10   -0.1773801E+09
 390      0.271991E+09    0.2174564E+10   -0.6403408E+08
 391      0.308468E+09    0.2169022E+10    0.4895518E+08
 392      0.330956E+09    0.2079749E+10    0.1797173E+09
 393      0.366781E+09    0.1996488E+10    0.3132481E+09
 394      0.374899E+09    0.1780342E+10    0.4284065E+09
 395      0.392950E+09    0.1570086E+10    0.5518275E+09
 396      0.297490E+09    0.1132704E+10    0.5243566E+09
 397      0.866039E+08    0.4826414E+09    0.4176883E+09
 398     -0.845356E+09    0.2555107E+09   -0.5630348E+08
 399     -0.319734E+10    0.2316615E+09   -0.4696611E+09
 400     -0.222679E+10   -0.4497814E+09   -0.1199660E+09
 401     -0.164700E+09    0.7607212E+09   -0.5616006E+09
 402      0.923062E+08    0.1944717E+10   -0.8519981E+09
 403      0.191421E+09    0.2301709E+10   -0.6331687E+09
 404      0.165994E+09    0.2655704E+10   -0.4840807E+09
 405      0.835221E+08    0.2684587E+10   -0.4032541E+09
 406     -0.548019E+08    0.2723546E+10   -0.3600369E+09
 407     -0.192082E+08    0.2747919E+10   -0.3825721E+09
 408      0.617370E+08    0.2797284E+10   -0.3793099E+09
 409      0.963986E+08    0.2838479E+10   -0.2832476E+09
 410      0.121595E+09    0.2873158E+10   -0.1890203E+09
 411      0.136840E+09    0.2865713E+10   -0.5455850E+08
 412      0.155741E+09    0.2861003E+10    0.7880867E+08
 413      0.168072E+09    0.2806567E+10    0.2402492E+09
 414      0.187620E+09    0.2757345E+10    0.4028825E+09
 415      0.196321E+09    0.2617491E+10    0.5837771E+09
 416      0.207439E+09    0.2490993E+10    0.7735375E+09
 417      0.188136E+09    0.2125695E+10    0.9158119E+09
 418      0.375062E+08    0.1761914E+10    0.1142363E+10
 419     -0.256412E+09    0.6965900E+09    0.7358954E+09
 420     -0.255457E+10   -0.3909601E+09    0.2066841E+09
 421     -0.132172E+10    0.4254841E+10   -0.1032408E+10
 422      0.143279E+09    0.4421260E+10   -0.1395516E+10
 423     -0.431648E+08    0.4532734E+10   -0.1437364E+10
 424      0.575669E+08    0.4357416E+10   -0.9219801E+09
 425      0.203812E+08    0.4268821E+10   -0.5787525E+09
 426      0.182438E+08    0.4027594E+10   -0.4220749E+09
 427     -0.209092E+08    0.3775330E+10   -0.3324602E+09
 428     -0.155149E+08    0.3660074E+10   -0.4090609E+09
 429      0.996928E+06    0.3607106E+10   -0.4338683E+09
 430      0.361861E+07    0.3623258E+10   -0.3113682E+09
 431      0.557038E+07    0.3616030E+10   -0.1985227E+09
 432      0.605456E+07    0.3611963E+10   -0.4534824E+08
 433      0.768640E+07    0.3609018E+10    0.1064395E+09
 434      0.100139E+08    0.3608709E+10    0.2948682E+09
 435      0.123000E+08    0.3611016E+10    0.4839263E+09
 436      0.206826E+08    0.3616401E+10    0.7203987E+09
 437      0.169038E+08    0.3633347E+10    0.9694937E+09
 438      0.606115E+08    0.3646132E+10    0.1257749E+10
 439     -0.357966E+08    0.3738538E+10    0.1735843E+10
 440      0.191537E+09    0.3710768E+10    0.1579507E+10
 441     -0.129817E+10    0.3613773E+10    0.1165399E+10
