   1      0.123029E+09   -0.4897179E+07    0.1146460E+07
   2      0.131901E+09    0.8301801E+07   -0.1098722E+07
   3      0.122846E+09    0.2303768E+08   -0.2496863E+07
   4      0.103152E+09    0.4950263E+08   -0.3089204E+07
   5      0.737052E+08    0.7675786E+08   -0.4508022E+07
   6      0.318484E+08    0.9750681E+08   -0.2883601E+07
   7     -0.479671E+07    0.1148500E+09   -0.1226783E+07
   8     -0.406619E+08    0.1198110E+09   -0.1278098E+07
   9     -0.704697E+08    0.1266588E+09   -0.1980942E+07
  10     -0.103563E+09    0.1273181E+09   -0.7842003E+06
  11     -0.124245E+09    0.1261735E+09    0.1075630E+07
  12     -0.134192E+09    0.1150614E+09    0.1126641E+07
  13     -0.143476E+09    0.1048627E+09    0.1379204E+07
  14     -0.144256E+09    0.9275400E+08    0.1794476E+07
  15     -0.129194E+09    0.8018731E+08    0.2785187E+07
  16     -0.902363E+08    0.6327686E+08    0.2847084E+07
  17     -0.474576E+08    0.4851867E+08    0.1444488E+07
  18      0.207060E+08    0.3594350E+08    0.2101167E+07
  19      0.111326E+09    0.1860701E+08    0.3845872E+07
  20      0.216296E+09    0.5157222E+07    0.1208045E+07
  21      0.343906E+09   -0.5042475E+07   -0.1890217E+07
  22      0.134277E+09   -0.2432298E+07   -0.9821261E+06
  23      0.142276E+09    0.7102857E+07   -0.1076057E+08
  24      0.126102E+09    0.1855677E+08   -0.2032685E+08
  25      0.102229E+09    0.3673214E+08   -0.1916730E+08
  26      0.685964E+08    0.5262407E+08   -0.1738124E+08
  27      0.279820E+08    0.6173667E+08   -0.1248512E+08
  28     -0.892713E+07    0.7178090E+08   -0.8428220E+07
  29     -0.446991E+08    0.7587855E+08   -0.4402860E+07
  30     -0.745428E+08    0.7861611E+08   -0.1414512E+06
  31     -0.105581E+09    0.7425551E+08    0.2381107E+07
  32     -0.126633E+09    0.7125708E+08    0.4636296E+07
  33     -0.136639E+09    0.6636676E+08    0.6956259E+07
  34     -0.145258E+09    0.6036152E+08    0.9559177E+07
  35     -0.143962E+09    0.5139099E+08    0.9565965E+07
  36     -0.127616E+09    0.4377436E+08    0.8737078E+07
  37     -0.924556E+08    0.3802316E+08    0.9767916E+07
  38     -0.476279E+08    0.3030882E+08    0.1133326E+08
  39      0.209128E+08    0.1939634E+08    0.1117193E+08
  40      0.111012E+09    0.9839160E+07    0.1197161E+08
  41      0.222712E+09    0.4755734E+07    0.6896523E+07
  42      0.352021E+09   -0.4725685E+06    0.8965429E+06
  43      0.148046E+09   -0.2006593E+06   -0.4525559E+07
  44      0.153455E+09    0.6888775E+07   -0.2089650E+08
  45      0.131192E+09    0.1375234E+08   -0.3735517E+08
  46      0.101243E+09    0.1871190E+08   -0.3496503E+08
  47      0.626521E+08    0.2488318E+08   -0.3069642E+08
  48      0.242451E+08    0.2747833E+08   -0.2218315E+08
  49     -0.135507E+08    0.2854665E+08   -0.1554190E+08
  50     -0.494809E+08    0.2454506E+08   -0.7557884E+07
  51     -0.800806E+08    0.2095815E+08    0.1499060E+07
  52     -0.107500E+09    0.1758120E+08    0.5156942E+07
  53     -0.130366E+09    0.1400894E+08    0.8202622E+07
  54     -0.139991E+09    0.8969782E+07    0.1287274E+08
  55     -0.147083E+09    0.4431131E+07    0.1700693E+08
  56     -0.144167E+09    0.5934886E+07    0.1639003E+08
  57     -0.125910E+09    0.6395772E+07    0.1514594E+08
  58     -0.951954E+08    0.4593617E+07    0.1689524E+08
  59     -0.482348E+08    0.5523072E+07    0.1983474E+08
  60      0.214792E+08    0.8601027E+07    0.1997371E+08
  61      0.111190E+09    0.9140241E+07    0.2108929E+08
  62      0.229927E+09    0.4270994E+07    0.1389263E+08
  63      0.364080E+09    0.9028383E+05    0.5300045E+07
  64      0.186005E+09   -0.6188918E+06   -0.6321821E+07
  65      0.170015E+09    0.6678789E+06   -0.2267502E+08
  66      0.135835E+09    0.2799136E+07   -0.3758959E+08
  67      0.964507E+08    0.7987807E+06   -0.3162670E+08
  68      0.522821E+08   -0.2168550E+07   -0.2605208E+08
  69      0.146775E+08   -0.9192362E+07   -0.1539055E+08
  70     -0.222230E+08   -0.1669658E+08   -0.5741505E+07
  71     -0.573884E+08   -0.2641926E+08    0.1477504E+07
  72     -0.877133E+08   -0.3544563E+08    0.9100396E+07
  73     -0.109090E+09   -0.4255676E+08    0.1156825E+08
  74     -0.132153E+09   -0.5030596E+08    0.1323661E+08
  75     -0.141836E+09   -0.5092014E+08    0.1363408E+08
  76     -0.147393E+09   -0.5088125E+08    0.1470949E+08
  77     -0.141104E+09   -0.4751223E+08    0.1200717E+08
  78     -0.124175E+09   -0.4374009E+08    0.8784928E+07
  79     -0.966561E+08   -0.3485536E+08    0.9092505E+07
  80     -0.491153E+08   -0.2644685E+08    0.9624923E+07
  81      0.196838E+08   -0.1811396E+08    0.1127744E+08
  82      0.112996E+09   -0.9466864E+07    0.1381395E+08
  83      0.233329E+09   -0.4095167E+07    0.9846435E+07
  84      0.393119E+09    0.8977906E+06    0.4898110E+07
  85      0.222821E+09    0.2386962E+07   -0.7366329E+07
  86      0.187660E+09   -0.1406143E+07   -0.2398880E+08
  87      0.138733E+09   -0.5743689E+07   -0.3851016E+08
  88      0.917377E+08   -0.1887315E+08   -0.2859662E+08
  89      0.433457E+08   -0.3216130E+08   -0.2070037E+08
  90      0.413280E+07   -0.4865477E+08   -0.8685055E+07
  91     -0.306989E+08   -0.6474290E+08    0.3495585E+07
  92     -0.650859E+08   -0.7927582E+08    0.1027385E+08
  93     -0.939225E+08   -0.9397268E+08    0.1683278E+08
  94     -0.111832E+09   -0.1015729E+09    0.1785054E+08
  95     -0.132028E+09   -0.1081237E+09    0.1737252E+08
  96     -0.143709E+09   -0.1094423E+09    0.1463286E+08
  97     -0.148560E+09   -0.1117751E+09    0.1388180E+08
  98     -0.137611E+09   -0.1048749E+09    0.8571263E+07
  99     -0.121384E+09   -0.9743796E+08    0.1263505E+07
 100     -0.991511E+08   -0.8338999E+08    0.1106308E+07
 101     -0.510005E+08   -0.6984799E+08    0.2945983E+07
 102      0.167540E+08   -0.5320532E+08    0.4312130E+07
 103      0.115910E+09   -0.3372365E+08    0.4716390E+07
 104      0.237935E+09   -0.1371632E+08    0.2995896E+07
 105      0.421735E+09    0.3758084E+07    0.1547391E+07
 106      0.256447E+09    0.3118589E+07   -0.8184671E+07
 107      0.194768E+09   -0.5943046E+07   -0.1488894E+08
 108      0.134759E+09   -0.1592760E+08   -0.2005536E+08
 109      0.791415E+08   -0.3899335E+08   -0.6690633E+07
 110      0.332910E+08   -0.6196520E+08    0.5473695E+07
 111     -0.725651E+07   -0.8790866E+08    0.1626722E+08
 112     -0.386074E+08   -0.1133896E+09    0.2702932E+08
 113     -0.684352E+08   -0.1342783E+09    0.3049009E+08
 114     -0.933918E+08   -0.1552418E+09    0.3363936E+08
 115     -0.107776E+09   -0.1673201E+09    0.2867911E+08
 116     -0.122574E+09   -0.1795710E+09    0.2300706E+08
 117     -0.136851E+09   -0.1792664E+09    0.1419005E+08
 118     -0.138515E+09   -0.1773996E+09    0.5308249E+07
 119     -0.128937E+09   -0.1627957E+09   -0.4219468E+07
 120     -0.113704E+09   -0.1499983E+09   -0.1282453E+08
 121     -0.953082E+08   -0.1323714E+09   -0.1811192E+08
 122     -0.461404E+08   -0.1135921E+09   -0.2448903E+08
 123      0.202541E+08   -0.7800392E+08   -0.2907498E+08
 124      0.112628E+09   -0.3942415E+08   -0.3344080E+08
 125      0.224597E+09   -0.1535580E+08   -0.1892990E+08
 126      0.400339E+09    0.5245114E+07   -0.4041431E+07
 127      0.291536E+09    0.3916821E+07   -0.7870821E+07
 128      0.200920E+09   -0.1031613E+08   -0.5649621E+07
 129      0.131483E+09   -0.2594299E+08   -0.1679524E+07
 130      0.668365E+08   -0.5755719E+08    0.1514989E+08
 131      0.218523E+08   -0.8844778E+08    0.3119522E+08
 132     -0.177098E+08   -0.1238866E+09    0.4186802E+08
 133     -0.470443E+08   -0.1598329E+09    0.5184541E+08
 134     -0.717344E+08   -0.1873270E+09    0.5146175E+08
 135     -0.936364E+08   -0.2132284E+09    0.5034039E+08
 136     -0.103338E+09   -0.2255435E+09    0.4015275E+08
 137     -0.113447E+09   -0.2387398E+09    0.2967171E+08
 138     -0.128596E+09   -0.2360327E+09    0.1255567E+08
 139     -0.127715E+09   -0.2324927E+09   -0.5101188E+07
 140     -0.121379E+09   -0.2206531E+09   -0.1622564E+08
 141     -0.112718E+09   -0.2123267E+09   -0.2291125E+08
 142     -0.900097E+08   -0.1820356E+09   -0.3698172E+08
 143     -0.378872E+08   -0.1437005E+09   -0.5785319E+08
 144      0.263007E+08   -0.8890022E+08   -0.6633010E+08
 145      0.108309E+09   -0.3713508E+08   -0.7143822E+08
 146      0.209999E+09   -0.1383467E+08   -0.3927703E+08
 147      0.375470E+09    0.7367372E+07   -0.7336051E+07
 148      0.287905E+09    0.5222816E+07   -0.4618345E+07
 149      0.184238E+09   -0.1345383E+08    0.1306845E+08
 150      0.107945E+09   -0.3401958E+08    0.3279495E+08
 151      0.481741E+08   -0.7554293E+08    0.5444253E+08
 152      0.577050E+07   -0.1163218E+09    0.7445168E+08
 153     -0.251648E+08   -0.1577386E+09    0.8277685E+08
 154     -0.472828E+08   -0.1987896E+09    0.9044730E+08
 155     -0.636223E+08   -0.2301851E+09    0.8190477E+08
 156     -0.776922E+08   -0.2615065E+09    0.7229638E+08
 157     -0.849170E+08   -0.2735150E+09    0.5234846E+08
 158     -0.938945E+08   -0.2842086E+09    0.3377647E+08
 159     -0.104915E+09   -0.2833044E+09    0.1130339E+08
 160     -0.106162E+09   -0.2839551E+09   -0.1135718E+08
 161     -0.103320E+09   -0.2688851E+09   -0.3152616E+08
 162     -0.894440E+08   -0.2532090E+09   -0.5300439E+08
 163     -0.561901E+08   -0.2025917E+09   -0.8640242E+08
 164     -0.171794E+08   -0.1487760E+09   -0.1210008E+09
 165      0.242331E+08   -0.9516903E+08   -0.1193652E+09
 166      0.800991E+08   -0.4259258E+08   -0.1156619E+09
 167      0.157555E+09   -0.1701572E+08   -0.6268915E+08
 168      0.294920E+09    0.6489283E+07   -0.9652718E+07
 169      0.282629E+09    0.7095818E+07   -0.2294614E+07
 170      0.168018E+09   -0.1521888E+08    0.3163200E+08
 171      0.839974E+08   -0.3967086E+08    0.6717243E+08
 172      0.290354E+08   -0.8891855E+08    0.9438784E+08
 173     -0.911677E+07   -0.1383070E+09    0.1193897E+09
 174     -0.339335E+08   -0.1882699E+09    0.1243134E+09
 175     -0.468219E+08   -0.2371425E+09    0.1289577E+09
 176     -0.548548E+08   -0.2655699E+09    0.1114495E+09
 177     -0.614862E+08   -0.2917321E+09    0.9405829E+08
 178     -0.651171E+08   -0.3065499E+09    0.6558750E+08
 179     -0.756215E+08   -0.3219484E+09    0.3830258E+08
 180     -0.816491E+08   -0.3209142E+09    0.1145077E+08
 181     -0.867409E+08   -0.3258581E+09   -0.1313671E+08
 182     -0.855959E+08   -0.3054651E+09   -0.4788731E+08
 183     -0.563282E+08   -0.2742151E+09   -0.9190961E+08
 184     -0.209947E+08   -0.2103793E+09   -0.1391098E+09
 185      0.118537E+07   -0.1513252E+09   -0.1810502E+09
 186      0.198445E+08   -0.9792191E+08   -0.1706403E+09
 187      0.511184E+08   -0.4239118E+08   -0.1598241E+09
 188      0.104546E+09   -0.1546903E+08   -0.8615108E+08
 189      0.215059E+09    0.8403683E+07   -0.1207770E+08
 190      0.222878E+09    0.7541940E+07    0.7777907E+06
 191      0.111669E+09   -0.1963595E+08    0.5814501E+08
 192      0.397202E+08   -0.5007112E+08    0.1161856E+09
 193     -0.113365E+07   -0.1061183E+09    0.1470946E+09
 194     -0.208372E+08   -0.1611326E+09    0.1767314E+09
 195     -0.302550E+08   -0.2097712E+09    0.1721181E+09
 196     -0.301401E+08   -0.2555806E+09    0.1668771E+09
 197     -0.285786E+08   -0.2845679E+09    0.1402161E+09
 198     -0.300912E+08   -0.3144781E+09    0.1136591E+09
 199     -0.288676E+08   -0.3254257E+09    0.7778107E+08
 200     -0.422834E+08   -0.3364046E+09    0.4287020E+08
 201     -0.478395E+08   -0.3331682E+09    0.8717466E+07
 202     -0.501344E+08   -0.3312150E+09   -0.2332205E+08
 203     -0.231442E+08   -0.2973065E+09   -0.8249799E+08
 204      0.843876E+07   -0.2594868E+09   -0.1482085E+09
 205      0.218688E+08   -0.2049301E+09   -0.1934613E+09
 206      0.171832E+08   -0.1517451E+09   -0.2362278E+09
 207      0.387430E+07   -0.9980290E+08   -0.2219874E+09
 208     -0.314849E+07   -0.4632587E+08   -0.2070909E+09
 209      0.830993E+07   -0.1835569E+08   -0.1116233E+09
 210      0.735365E+08    0.6919527E+07   -0.1517651E+08
 211      0.164219E+09    0.9288645E+07    0.3439942E+07
 212      0.539513E+08   -0.1978001E+08    0.8483157E+08
 213     -0.429369E+07   -0.5289164E+08    0.1662656E+09
 214     -0.317780E+08   -0.1115317E+09    0.2002868E+09
 215     -0.340948E+08   -0.1671520E+09    0.2336325E+09
 216     -0.252600E+08   -0.2152630E+09    0.2211068E+09
 217     -0.133683E+08   -0.2638217E+09    0.2075325E+09
 218     -0.267448E+07   -0.2896509E+09    0.1710357E+09
 219      0.340707E+07   -0.3128631E+09    0.1343073E+09
 220      0.748344E+07   -0.3174523E+09    0.8918922E+08
 221     -0.683591E+07   -0.3229017E+09    0.4625293E+08
 222     -0.152916E+08   -0.3145974E+09    0.5467331E+07
 223     -0.850095E+07   -0.3067366E+09   -0.3876391E+08
 224      0.442863E+08   -0.2691692E+09   -0.1198678E+09
 225      0.688604E+08   -0.2317694E+09   -0.2002808E+09
 226      0.631154E+08   -0.1887426E+09   -0.2463016E+09
 227      0.325779E+08   -0.1447395E+09   -0.2924006E+09
 228     -0.127225E+08   -0.9622488E+08   -0.2739385E+09
 229     -0.583483E+08   -0.4487352E+08   -0.2547827E+09
 230     -0.885885E+08   -0.1626045E+08   -0.1372296E+09
 231     -0.678419E+08    0.8647074E+07   -0.1816129E+08
 232      0.329255E+08    0.7315198E+07    0.9763858E+07
 233     -0.522463E+08   -0.2422904E+08    0.1155974E+09
 234     -0.736700E+08   -0.6019056E+08    0.2214864E+09
 235     -0.626777E+08   -0.1170171E+09    0.2531142E+09
 236     -0.364651E+08   -0.1709652E+09    0.2823245E+09
 237     -0.138336E+07   -0.2068683E+09    0.2575189E+09
 238      0.241909E+08   -0.2408727E+09    0.2329297E+09
 239      0.443469E+08   -0.2519951E+09    0.1845072E+09
 240      0.531112E+08   -0.2622269E+09    0.1373093E+09
 241      0.548660E+08   -0.2608978E+09    0.8960241E+08
 242      0.438473E+08   -0.2627012E+09    0.4388844E+08
 243      0.322165E+08   -0.2509646E+09   -0.6954725E+07
 244      0.774065E+08   -0.2356083E+09   -0.6456502E+08
 245      0.124665E+09   -0.2090068E+09   -0.1465676E+09
 246      0.136232E+09   -0.1851805E+09   -0.2251838E+09
 247      0.112788E+09   -0.1563957E+09   -0.2760953E+09
 248      0.545677E+08   -0.1264500E+09   -0.3283583E+09
 249     -0.306599E+08   -0.8763474E+08   -0.3132601E+09
 250     -0.131092E+09   -0.4572536E+08   -0.2978458E+09
 251     -0.227092E+09   -0.1817245E+08   -0.1619153E+09
 252     -0.279449E+09    0.5884343E+07   -0.2302654E+08
 253     -0.992349E+08    0.9873247E+07    0.1664616E+08
 254     -0.158510E+09   -0.2448735E+08    0.1469513E+09
 255     -0.146875E+09   -0.6274642E+08    0.2774474E+09
 256     -0.945041E+08   -0.1138649E+09    0.3082494E+09
 257     -0.393343E+08   -0.1626355E+09    0.3351221E+09
 258      0.232135E+08   -0.1809616E+09    0.2946234E+09
 259      0.617551E+08   -0.1946521E+09    0.2560270E+09
 260      0.934152E+08   -0.1864433E+09    0.1983388E+09
 261      0.102968E+09   -0.1810068E+09    0.1416764E+09
 262      0.102877E+09   -0.1685362E+09    0.9017620E+08
 263      0.952080E+08   -0.1576276E+09    0.4267751E+08
 264      0.848497E+08   -0.1435564E+09   -0.2055554E+08
 265      0.163479E+09   -0.1259055E+09   -0.9132661E+08
 266      0.203474E+09   -0.1140768E+09   -0.1719165E+09
 267      0.204620E+09   -0.1071986E+09   -0.2505219E+09
 268      0.163319E+09   -0.1013026E+09   -0.3070271E+09
 269      0.760326E+08   -0.9433875E+08   -0.3656256E+09
 270     -0.494648E+08   -0.7034484E+08   -0.3539023E+09
 271     -0.205924E+09   -0.4147282E+08   -0.3420885E+09
 272     -0.366855E+09   -0.1516120E+08   -0.1871258E+09
 273     -0.491616E+09    0.7593304E+07   -0.2808836E+08
 274     -0.326085E+09    0.4405793E+07    0.2888807E+08
 275     -0.308481E+09   -0.2778698E+08    0.1787256E+09
 276     -0.225316E+09   -0.6688858E+08    0.3247791E+09
 277     -0.109214E+09   -0.9738746E+08    0.3348746E+09
 278     -0.907756E+07   -0.1203565E+09    0.3426234E+09
 279      0.761838E+08   -0.1072791E+09    0.2846254E+09
 280      0.120704E+09   -0.9337438E+08    0.2303955E+09
 281      0.152780E+09   -0.6127103E+08    0.1704579E+09
 282      0.155005E+09   -0.2922382E+08    0.1130727E+09
 283      0.151054E+09   -0.2371617E+07    0.6679105E+08
 284      0.134606E+09    0.2391666E+08    0.2470402E+08
 285      0.149772E+09    0.3431148E+08   -0.3029049E+08
 286      0.231260E+09    0.4372440E+08   -0.9126940E+08
 287      0.270744E+09    0.2961295E+08   -0.1582000E+09
 288      0.272244E+09    0.1315295E+08   -0.2252481E+09
 289      0.223295E+09   -0.1170163E+08   -0.2854082E+09
 290      0.117843E+09   -0.3596115E+08   -0.3493795E+09
 291     -0.479869E+08   -0.3788115E+08   -0.3554681E+09
 292     -0.273544E+09   -0.3347157E+08   -0.3636588E+09
 293     -0.533159E+09   -0.1384415E+08   -0.2040637E+09
 294     -0.779464E+09    0.1187573E+07   -0.3654921E+08
 295     -0.554057E+09    0.1323263E+08    0.4239624E+08
 296     -0.461050E+09   -0.2569688E+08    0.2123452E+09
 297     -0.311477E+09   -0.6599581E+08    0.3782270E+09
 298     -0.122966E+09   -0.6552092E+08    0.3653941E+09
 299      0.193242E+08   -0.5627160E+08    0.3505333E+09
 300      0.131840E+09    0.8490914E+07    0.2759116E+09
 301      0.183631E+09    0.7066663E+08    0.2048075E+09
 302      0.214461E+09    0.1366331E+09    0.1413931E+09
 303      0.207881E+09    0.1992595E+09    0.8212634E+08
 304      0.200862E+09    0.2364762E+09    0.4294837E+08
 305      0.175281E+09    0.2733501E+09    0.5864194E+07
 306      0.213866E+09    0.2791840E+09   -0.3911921E+08
 307      0.298738E+09    0.2832495E+09   -0.8736060E+08
 308      0.339359E+09    0.2408938E+09   -0.1425593E+09
 309      0.341748E+09    0.1955789E+09   -0.1984502E+09
 310      0.286595E+09    0.1273659E+09   -0.2638649E+09
 311      0.159529E+09    0.5527874E+08   -0.3341942E+09
 312     -0.453200E+08    0.1355252E+08   -0.3601850E+09
 313     -0.348463E+09   -0.2254500E+08   -0.3891556E+09
 314     -0.702603E+09   -0.8762104E+07   -0.2226732E+09
 315     -0.106989E+10    0.6927900E+07   -0.4676338E+08
 316     -0.886279E+09   -0.1252839E+08    0.6635785E+08
 317     -0.629986E+09   -0.2390464E+08    0.2298434E+09
 318     -0.332877E+09   -0.4609177E+08    0.3748586E+09
 319     -0.753688E+08    0.1170310E+08    0.3052651E+09
 320      0.100038E+09    0.8424544E+08    0.2454494E+09
 321      0.203116E+09    0.2056294E+09    0.1645413E+09
 322      0.244487E+09    0.3265902E+09    0.9320961E+08
 323      0.256363E+09    0.4224241E+09    0.5311166E+08
 324      0.238837E+09    0.5153942E+09    0.1380049E+08
 325      0.218049E+09    0.5637257E+09   -0.1164046E+07
 326      0.189865E+09    0.6120355E+09   -0.1459591E+08
 327      0.235286E+09    0.6042502E+09   -0.3070923E+08
 328      0.321619E+09    0.5962977E+09   -0.4819612E+08
 329      0.366916E+09    0.5275589E+09   -0.7278152E+08
 330      0.383035E+09    0.4558789E+09   -0.9689721E+08
 331      0.341084E+09    0.3353122E+09   -0.1476022E+09
 332      0.230266E+09    0.2114292E+09   -0.2059710E+09
 333      0.967138E+07    0.1061993E+09   -0.2660494E+09
 334     -0.349859E+09    0.1274127E+08   -0.3412436E+09
 335     -0.850668E+09    0.1061379E+07   -0.2134099E+09
 336     -0.142912E+10   -0.1659280E+08   -0.6337927E+08
 337     -0.124982E+10    0.4150591E+08    0.1148432E+09
 338     -0.800920E+09   -0.1138802E+08    0.2559805E+09
 339     -0.392056E+09   -0.2548841E+08    0.3873027E+09
 340     -0.738522E+07    0.1590057E+09    0.2561498E+09
 341      0.189957E+09    0.3289893E+09    0.1285210E+09
 342      0.281995E+09    0.5371190E+09    0.4647250E+08
 343      0.306502E+09    0.7237622E+09   -0.2416294E+08
 344      0.298105E+09    0.8407923E+09   -0.3909522E+08
 345      0.269249E+09    0.9535124E+09   -0.5487456E+08
 346      0.232951E+09    0.9934368E+09   -0.4512664E+08
 347      0.201650E+09    0.1037937E+10   -0.3533898E+08
 348      0.253633E+09    0.1027542E+10   -0.2110103E+08
 349      0.342891E+09    0.1016356E+10   -0.6783007E+07
 350      0.393860E+09    0.9244030E+09    0.1029546E+07
 351      0.425783E+09    0.8308149E+09    0.1050491E+08
 352      0.400295E+09    0.6542936E+09   -0.2431943E+08
 353      0.307642E+09    0.4599098E+09   -0.6604303E+08
 354      0.840544E+08    0.2655894E+09   -0.1780834E+09
 355     -0.378479E+09    0.5065524E+08   -0.3046311E+09
 356     -0.100278E+10    0.2000718E+08   -0.2113777E+09
 357     -0.181882E+10    0.2894126E+08   -0.9882727E+08
 358     -0.167741E+10   -0.9853963E+08    0.1449064E+09
 359     -0.859645E+09    0.2941847E+08    0.1848194E+09
 360     -0.192877E+09    0.1407821E+09    0.1571716E+09
 361      0.119278E+09    0.4573791E+09   -0.4719798E+08
 362      0.262026E+09    0.7972476E+09   -0.1713317E+09
 363      0.297895E+09    0.1037223E+10   -0.1776555E+09
 364      0.297674E+09    0.1267173E+10   -0.1867452E+09
 365      0.268472E+09    0.1381374E+10   -0.1518919E+09
 366      0.235145E+09    0.1495969E+10   -0.1195298E+09
 367      0.195335E+09    0.1532672E+10   -0.7959750E+08
 368      0.160719E+09    0.1572321E+10   -0.4128086E+08
 369      0.208355E+09    0.1548147E+10    0.4056592E+07
 370      0.291297E+09    0.1527470E+10    0.5089364E+08
 371      0.340949E+09    0.1426731E+10    0.1067961E+09
 372      0.382474E+09    0.1326160E+10    0.1663638E+09
 373      0.381144E+09    0.1108855E+10    0.1951996E+09
 374      0.342674E+09    0.8833357E+09    0.2282708E+09
 375      0.188407E+09    0.5467104E+09    0.1365481E+09
 376     -0.177331E+09    0.2206777E+09   -0.2762058E+08
 377     -0.986810E+09    0.6592378E+08   -0.1015517E+09
 378     -0.219786E+10   -0.9428500E+08   -0.1133512E+09
 379     -0.274092E+10    0.2614259E+09    0.6059450E+09
 380     -0.776928E+09    0.2244208E+09    0.2104256E+09
 381      0.860188E+08    0.4264376E+09   -0.2446532E+09
 382      0.250739E+09    0.1133635E+10   -0.4135216E+09
 383      0.336552E+09    0.1598159E+10   -0.4906018E+09
 384      0.302381E+09    0.1814739E+10   -0.4176033E+09
 385      0.282711E+09    0.2034584E+10   -0.3528956E+09
 386      0.230866E+09    0.2105533E+10   -0.2671649E+09
 387      0.195710E+09    0.2182123E+10   -0.1854691E+09
 388      0.153314E+09    0.2187254E+10   -0.1158320E+09
 389      0.109451E+09    0.2197987E+10   -0.4568516E+08
 390      0.158472E+09    0.2171267E+10    0.3207145E+08
 391      0.235318E+09    0.2150532E+10    0.1096729E+09
 392      0.281975E+09    0.2063796E+10    0.2155759E+09
 393      0.332251E+09    0.1981111E+10    0.3260999E+09
 394      0.351669E+09    0.1768000E+10    0.4295148E+09
 395      0.379153E+09    0.1560435E+10    0.5409438E+09
 396      0.292463E+09    0.1125875E+10    0.5105385E+09
 397      0.909182E+08    0.4797494E+09    0.4007168E+09
 398     -0.831305E+09    0.2536901E+09   -0.6440888E+08
 399     -0.316988E+10    0.2296093E+09   -0.4666630E+09
 400     -0.234692E+10   -0.4630845E+09   -0.1239999E+09
 401     -0.243805E+09    0.7724430E+09   -0.6485699E+09
 402      0.266150E+08    0.1975009E+10   -0.1015425E+10
 403      0.161688E+09    0.2370683E+10   -0.8163678E+09
 404      0.175753E+09    0.2770620E+10   -0.6911489E+09
 405      0.158096E+09    0.2864471E+10   -0.5331530E+09
 406      0.144837E+09    0.2973114E+10   -0.3843176E+09
 407      0.115860E+09    0.2966903E+10   -0.2684603E+09
 408      0.975085E+08    0.2966937E+10   -0.1545375E+09
 409      0.757551E+08    0.2927573E+10   -0.7891488E+08
 410      0.439116E+08    0.2893239E+10   -0.1098747E+08
 411      0.774380E+08    0.2868669E+10    0.5995862E+08
 412      0.118696E+09    0.2850427E+10    0.1402201E+09
 413      0.143923E+09    0.2798619E+10    0.2775098E+09
 414      0.170806E+09    0.2749073E+10    0.4156978E+09
 415      0.185299E+09    0.2610136E+10    0.5850357E+09
 416      0.201259E+09    0.2484160E+10    0.7628246E+09
 417      0.186511E+09    0.2119633E+10    0.9022513E+09
 418      0.409088E+08    0.1755686E+10    0.1125918E+10
 419     -0.248419E+09    0.6942532E+09    0.7264656E+09
 420     -0.254160E+10   -0.3882286E+09    0.2070715E+09
 421     -0.131208E+10    0.4343134E+10   -0.1023305E+10
 422      0.130146E+09    0.4478057E+10   -0.1480963E+10
 423     -0.587365E+08    0.4553146E+10   -0.1614924E+10
 424      0.451951E+08    0.4399554E+10   -0.1141537E+10
 425      0.651335E+07    0.4335765E+10   -0.8466553E+09
 426      0.138999E+08    0.4201173E+10   -0.6146042E+09
 427      0.827716E+07    0.4084915E+10   -0.3961960E+09
 428      0.520963E+07    0.3956790E+10   -0.2551846E+09
 429      0.311452E+07    0.3835246E+10   -0.1149967E+09
 430      0.222939E+07    0.3733937E+10   -0.3538765E+08
 431     -0.111725E+08    0.3632051E+10    0.2623623E+08
 432      0.143588E+07    0.3616415E+10    0.8661170E+08
 433      0.608112E+07    0.3607719E+10    0.1683083E+09
 434      0.101423E+08    0.3609618E+10    0.3337459E+09
 435      0.128796E+08    0.3610794E+10    0.4970184E+09
 436      0.216631E+08    0.3614765E+10    0.7221481E+09
 437      0.181567E+08    0.3630268E+10    0.9593962E+09
 438      0.623888E+08    0.3640745E+10    0.1245231E+10
 439     -0.335784E+08    0.3733863E+10    0.1721083E+10
 440      0.194040E+09    0.3695654E+10    0.1572264E+10
 441     -0.129916E+10    0.3584908E+10    0.1168091E+10
