   1      0.864599E+09   -0.8975165E+06   -0.1491177E+07
   2      0.777473E+09    0.6886252E+07   -0.2170086E+07
   3      0.623374E+09    0.1552283E+08   -0.2842387E+07
   4      0.418904E+09    0.2441649E+08   -0.3388118E+07
   5      0.158698E+09    0.3266708E+08   -0.3964597E+07
   6     -0.133891E+09    0.3489746E+08   -0.4719381E+07
   7     -0.445089E+09    0.4535313E+08   -0.5486970E+07
   8     -0.751788E+09   -0.4246586E+07    0.5494471E+07
   9     -0.829705E+09   -0.7681392E+08    0.1246983E+08
  10     -0.640906E+09   -0.1284703E+09    0.3626146E+07
  11     -0.488185E+09   -0.1620116E+09   -0.1498819E+06
  12     -0.351133E+09   -0.1593420E+09    0.4914720E+06
  13     -0.233407E+09   -0.1593727E+09    0.1412544E+06
  14     -0.125273E+09   -0.1410745E+09    0.1662805E+06
  15     -0.279707E+08   -0.1228006E+09    0.1309087E+06
  16      0.656712E+08   -0.9558641E+08    0.1303544E+06
  17      0.158318E+09   -0.6829739E+08    0.1388194E+06
  18      0.255000E+09   -0.4262933E+08    0.1452049E+05
  19      0.362847E+09   -0.1683091E+08    0.1103325E+06
  20      0.483478E+09   -0.6296311E+07    0.3091178E+06
  21      0.648589E+09    0.3177711E+07    0.2595496E+06
  22      0.872191E+09    0.1776293E+06   -0.2204556E+07
  23      0.777313E+09    0.4011136E+06   -0.2762395E+07
  24      0.623311E+09    0.9707043E+06   -0.3246559E+07
  25      0.416220E+09   -0.1703565E+07   -0.6831078E+06
  26      0.155632E+09   -0.3491660E+07    0.1243254E+07
  27     -0.141551E+09   -0.1599027E+08    0.8465850E+07
  28     -0.458278E+09   -0.2997557E+08    0.1819604E+08
  29     -0.783617E+09   -0.6707720E+08    0.4382106E+08
  30     -0.795366E+09   -0.1077908E+09    0.5863286E+08
  31     -0.621892E+09   -0.1371935E+09    0.2942003E+08
  32     -0.474249E+09   -0.1622365E+09    0.1005299E+08
  33     -0.340335E+09   -0.1614037E+09    0.1308779E+06
  34     -0.224588E+09   -0.1605489E+09   -0.1077337E+08
  35     -0.118508E+09   -0.1423523E+09   -0.1753354E+08
  36     -0.234876E+08   -0.1239788E+09   -0.2438339E+08
  37      0.675690E+08   -0.9684373E+08   -0.2635752E+08
  38      0.157332E+09   -0.6952931E+08   -0.2829489E+08
  39      0.251074E+09   -0.4432011E+08   -0.2441393E+08
  40      0.355609E+09   -0.1918996E+08   -0.2030686E+08
  41      0.473408E+09   -0.7488094E+07   -0.1035564E+08
  42      0.638198E+09    0.3273312E+07   -0.6146684E+06
  43      0.880859E+09    0.3046456E+06   -0.1870795E+07
  44      0.778414E+09   -0.3442038E+07   -0.2938995E+07
  45      0.624025E+09   -0.6005922E+07   -0.4151430E+07
  46      0.413606E+09   -0.1581665E+08    0.2352471E+07
  47      0.152944E+09   -0.2775037E+08    0.8215180E+07
  48     -0.148538E+09   -0.5253726E+08    0.2246224E+08
  49     -0.470325E+09   -0.7741447E+08    0.4126391E+08
  50     -0.824500E+09   -0.1087743E+09    0.8057761E+08
  51     -0.756038E+09   -0.1406753E+09    0.1030708E+09
  52     -0.600806E+09   -0.1586075E+09    0.5464192E+08
  53     -0.459291E+09   -0.1750156E+09    0.2024243E+08
  54     -0.329224E+09   -0.1723393E+09   -0.1749587E+06
  55     -0.215615E+09   -0.1693169E+09   -0.2164281E+08
  56     -0.111737E+09   -0.1498208E+09   -0.3516104E+08
  57     -0.190306E+08   -0.1300681E+09   -0.4881895E+08
  58      0.694141E+08   -0.1014905E+09   -0.5274744E+08
  59      0.156338E+09   -0.7270867E+08   -0.5659745E+08
  60      0.247127E+09   -0.4605890E+08   -0.4868345E+08
  61      0.348560E+09   -0.1940598E+08   -0.4052269E+08
  62      0.463395E+09   -0.7522564E+07   -0.2090201E+08
  63      0.628449E+09    0.3332575E+07   -0.1483253E+07
  64      0.877727E+09    0.2592976E+07   -0.1524117E+07
  65      0.774272E+09   -0.4108375E+07    0.4077927E+07
  66      0.617052E+09   -0.1162220E+08    0.9470948E+07
  67      0.402232E+09   -0.3066714E+08    0.2085520E+08
  68      0.138403E+09   -0.4691519E+08    0.3109198E+08
  69     -0.173542E+09   -0.7881730E+08    0.5611948E+08
  70     -0.511062E+09   -0.1205050E+09    0.9135954E+08
  71     -0.842191E+09   -0.1565631E+09    0.1075345E+09
  72     -0.710728E+09   -0.1801545E+09    0.1067487E+09
  73     -0.561973E+09   -0.1812943E+09    0.6169424E+08
  74     -0.424932E+09   -0.1888438E+09    0.2464344E+08
  75     -0.299246E+09   -0.1849589E+09   -0.5144117E+07
  76     -0.190085E+09   -0.1795089E+09   -0.3513927E+08
  77     -0.916786E+08   -0.1589503E+09   -0.5541928E+08
  78     -0.556070E+07   -0.1379115E+09   -0.7573750E+08
  79      0.751686E+08   -0.1081245E+09   -0.8181640E+08
  80      0.153375E+09   -0.7805502E+08   -0.8774695E+08
  81      0.234789E+09   -0.5006080E+08   -0.7567962E+08
  82      0.327086E+09   -0.2208882E+08   -0.6324877E+08
  83      0.433049E+09   -0.8781640E+07   -0.3302786E+08
  84      0.592172E+09    0.3486932E+07   -0.3070919E+07
  85      0.874977E+09    0.3155829E+07   -0.2563543E+07
  86      0.769197E+09   -0.5370640E+07    0.1061390E+08
  87      0.609831E+09   -0.1428226E+08    0.2378166E+08
  88      0.391479E+09   -0.3899472E+08    0.3951511E+08
  89      0.123601E+09   -0.6428532E+08    0.5292580E+08
  90     -0.201257E+09   -0.9912909E+08    0.8897152E+08
  91     -0.557059E+09   -0.1360004E+09    0.1417909E+09
  92     -0.846198E+09   -0.1666233E+09    0.1361154E+09
  93     -0.673360E+09   -0.1932998E+09    0.1119079E+09
  94     -0.525975E+09   -0.2001615E+09    0.6884398E+08
  95     -0.391793E+09   -0.2085950E+09    0.2867980E+08
  96     -0.269619E+09   -0.2020624E+09   -0.1033415E+08
  97     -0.164731E+09   -0.1950107E+09   -0.4878676E+08
  98     -0.717080E+08   -0.1724828E+09   -0.7583408E+08
  99      0.782497E+07   -0.1495286E+09   -0.1028034E+09
 100      0.808373E+08   -0.1172925E+09   -0.1110238E+09
 101      0.150332E+09   -0.8473350E+08   -0.1190350E+09
 102      0.222437E+09   -0.5383867E+08   -0.1028573E+09
 103      0.305562E+09   -0.2254148E+08   -0.8620625E+08
 104      0.402934E+09   -0.8359260E+07   -0.4505169E+08
 105      0.555999E+09    0.4332050E+07   -0.4214478E+07
 106      0.855004E+09    0.3145429E+07   -0.2035384E+07
 107      0.745884E+09   -0.7595360E+07    0.2142343E+08
 108      0.587424E+09   -0.1866561E+08    0.4481366E+08
 109      0.369280E+09   -0.4740825E+08    0.6826334E+08
 110      0.968677E+08   -0.7740863E+08    0.9048989E+08
 111     -0.238832E+09   -0.1160767E+09    0.1260205E+09
 112     -0.615479E+09   -0.1543651E+09    0.1765192E+09
 113     -0.804919E+09   -0.1811738E+09    0.1622949E+09
 114     -0.634130E+09   -0.2073237E+09    0.1296932E+09
 115     -0.478930E+09   -0.2165810E+09    0.7742720E+08
 116     -0.343278E+09   -0.2256467E+09    0.2888469E+08
 117     -0.223193E+09   -0.2175741E+09   -0.1840859E+08
 118     -0.123537E+09   -0.2092511E+09   -0.6546091E+08
 119     -0.383296E+08   -0.1853463E+09   -0.9947797E+08
 120      0.308194E+08   -0.1610169E+09   -0.1334154E+09
 121      0.911504E+08   -0.1270724E+09   -0.1443569E+09
 122      0.145786E+09   -0.9269769E+08   -0.1550571E+09
 123      0.201639E+09   -0.5993368E+08   -0.1347165E+09
 124      0.267769E+09   -0.2701043E+08   -0.1138209E+09
 125      0.348966E+09   -0.1079581E+08   -0.5977309E+08
 126      0.487643E+09    0.4096883E+07   -0.5992886E+07
 127      0.834250E+09    0.4778355E+07   -0.1232563E+07
 128      0.722791E+09   -0.9353137E+07    0.3276519E+08
 129      0.565210E+09   -0.2497984E+08    0.6619001E+08
 130      0.346534E+09   -0.5723436E+08    0.9605778E+08
 131      0.691484E+08   -0.8891047E+08    0.1265161E+09
 132     -0.274441E+09   -0.1286316E+09    0.1631320E+09
 133     -0.669350E+09   -0.1692124E+09    0.2119870E+09
 134     -0.768897E+09   -0.1981037E+09    0.1886577E+09
 135     -0.591650E+09   -0.2256273E+09    0.1480608E+09
 136     -0.431183E+09   -0.2346776E+09    0.8670496E+08
 137     -0.294561E+09   -0.2435688E+09    0.2944655E+08
 138     -0.176690E+09   -0.2343563E+09   -0.2644966E+08
 139     -0.823056E+08   -0.2249657E+09   -0.8226770E+08
 140     -0.492274E+07   -0.1995931E+09   -0.1233172E+09
 141      0.537794E+08   -0.1738505E+09   -0.1642833E+09
 142      0.101376E+09   -0.1376530E+09   -0.1779353E+09
 143      0.141111E+09   -0.1008943E+09   -0.1913230E+09
 144      0.180676E+09   -0.6492144E+08   -0.1666633E+09
 145      0.230018E+09   -0.2823267E+08   -0.1414946E+09
 146      0.295113E+09   -0.1046011E+08   -0.7459558E+08
 147      0.419248E+09    0.5357187E+07   -0.7770115E+07
 148      0.782481E+09    0.4256235E+07   -0.3907730E+06
 149      0.675273E+09   -0.1010722E+08    0.4753795E+08
 150      0.524659E+09   -0.2540485E+08    0.9518699E+08
 151      0.310164E+09   -0.6280366E+08    0.1320570E+09
 152      0.333118E+08   -0.1009634E+09    0.1689568E+09
 153     -0.308055E+09   -0.1427271E+09    0.2032894E+09
 154     -0.706129E+09   -0.1841717E+09    0.2493755E+09
 155     -0.716334E+09   -0.2123452E+09    0.2157590E+09
 156     -0.530068E+09   -0.2394160E+09    0.1656619E+09
 157     -0.365537E+09   -0.2471712E+09    0.9482965E+08
 158     -0.228093E+09   -0.2548291E+09    0.2809070E+08
 159     -0.113147E+09   -0.2447332E+09   -0.3631200E+08
 160     -0.250045E+08   -0.2345400E+09   -0.1006609E+09
 161      0.424470E+08   -0.2088647E+09   -0.1487982E+09
 162      0.876145E+08   -0.1828648E+09   -0.1969594E+09
 163      0.117911E+09   -0.1460360E+09   -0.2143892E+09
 164      0.136459E+09   -0.1085772E+09   -0.2316435E+09
 165      0.151681E+09   -0.7077921E+08   -0.2035277E+09
 166      0.174579E+09   -0.3235261E+08   -0.1747654E+09
 167      0.212795E+09   -0.1280192E+08   -0.9239813E+08
 168      0.309391E+09    0.4920623E+07   -0.9946108E+07
 169      0.731132E+09    0.5799129E+07   -0.1955916E+06
 170      0.627895E+09   -0.9318259E+07    0.6144823E+08
 171      0.483529E+09   -0.2590038E+08    0.1236270E+09
 172      0.273723E+09   -0.6931119E+08    0.1691059E+09
 173     -0.157160E+07   -0.1139466E+09    0.2132908E+09
 174     -0.341396E+09   -0.1590275E+09    0.2435274E+09
 175     -0.746743E+09   -0.2022058E+09    0.2867147E+09
 176     -0.662943E+09   -0.2269151E+09    0.2437560E+09
 177     -0.468216E+09   -0.2507709E+09    0.1835026E+09
 178     -0.299273E+09   -0.2555771E+09    0.1029665E+09
 179     -0.161103E+09   -0.2605457E+09    0.2678822E+08
 180     -0.491147E+08   -0.2495771E+09   -0.4624220E+08
 181      0.326723E+08   -0.2386702E+09   -0.1192557E+09
 182      0.900981E+08   -0.2136757E+09   -0.1745974E+09
 183      0.121559E+09   -0.1884536E+09   -0.2300600E+09
 184      0.134408E+09   -0.1518906E+09   -0.2512876E+09
 185      0.131602E+09   -0.1145120E+09   -0.2724254E+09
 186      0.122451E+09   -0.7476414E+08   -0.2408009E+09
 187      0.118762E+09   -0.3342636E+08   -0.2084420E+09
 188      0.130209E+09   -0.1201988E+08   -0.1101896E+09
 189      0.200177E+09    0.6633440E+07   -0.1165119E+08
 190      0.644000E+09    0.5442310E+07    0.9265081E+06
 191      0.549281E+09   -0.1413016E+08    0.7994971E+08
 192      0.416400E+09   -0.3547850E+08    0.1598559E+09
 193      0.222650E+09   -0.7949506E+08    0.2123523E+09
 194     -0.369652E+08   -0.1237309E+09    0.2636770E+09
 195     -0.365444E+09   -0.1700647E+09    0.2877108E+09
 196     -0.757658E+09   -0.2154126E+09    0.3194397E+09
 197     -0.590554E+09   -0.2329716E+09    0.2611557E+09
 198     -0.388912E+09   -0.2490753E+09    0.1913250E+09
 199     -0.216791E+09   -0.2495544E+09    0.1046109E+09
 200     -0.787093E+08   -0.2504943E+09    0.2147553E+08
 201      0.290734E+08   -0.2390909E+09   -0.5721739E+08
 202      0.104127E+09   -0.2279133E+09   -0.1358621E+09
 203      0.150622E+09   -0.2057348E+09   -0.1968617E+09
 204      0.167268E+09   -0.1834434E+09   -0.2582178E+09
 205      0.159821E+09   -0.1503180E+09   -0.2846544E+09
 206      0.130417E+09   -0.1162419E+09   -0.3113157E+09
 207      0.884987E+08   -0.7777383E+08   -0.2788041E+09
 208      0.457487E+08   -0.3794956E+08   -0.2456308E+09
 209      0.145993E+08   -0.1517780E+08   -0.1307727E+09
 210      0.403545E+08    0.5210111E+07   -0.1499754E+08
 211      0.557744E+09    0.7564902E+07    0.1890114E+07
 212      0.470899E+09   -0.1319597E+08    0.9860643E+08
 213      0.349286E+09   -0.3665083E+08    0.1964509E+09
 214      0.170126E+09   -0.8768046E+08    0.2562995E+09
 215     -0.725121E+08   -0.1379337E+09    0.3148617E+09
 216     -0.391152E+09   -0.1826119E+09    0.3343703E+09
 217     -0.763671E+09   -0.2255114E+09    0.3534092E+09
 218     -0.518396E+09   -0.2286871E+09    0.2772333E+09
 219     -0.309238E+09   -0.2314205E+09    0.1991138E+09
 220     -0.133571E+09   -0.2263005E+09    0.1065473E+09
 221      0.452769E+07   -0.2212573E+09    0.1622644E+08
 222      0.108129E+09   -0.2095975E+09   -0.6827368E+08
 223      0.176368E+09   -0.1986336E+09   -0.1527029E+09
 224      0.211822E+09   -0.1820910E+09   -0.2195534E+09
 225      0.213340E+09   -0.1657492E+09   -0.2869870E+09
 226      0.185341E+09   -0.1396001E+09   -0.3187398E+09
 227      0.128838E+09   -0.1123386E+09   -0.3510137E+09
 228      0.539259E+08   -0.7651775E+08   -0.3173775E+09
 229     -0.279642E+08   -0.3805089E+08   -0.2832053E+09
 230     -0.101302E+09   -0.1394460E+08   -0.1516620E+09
 231     -0.120098E+09    0.6899206E+07   -0.1855138E+08
 232      0.421747E+09    0.6837993E+07    0.5020356E+07
 233      0.351665E+09   -0.1982758E+08    0.1238399E+09
 234      0.259439E+09   -0.5074664E+08    0.2437455E+09
 235      0.113424E+09   -0.9822669E+08    0.3010949E+09
 236     -0.986462E+08   -0.1435198E+09    0.3579126E+09
 237     -0.403475E+09   -0.1729523E+09    0.3640182E+09
 238     -0.698652E+09   -0.1994712E+09    0.3630264E+09
 239     -0.434484E+09   -0.1944058E+09    0.2724327E+09
 240     -0.217972E+09   -0.1889093E+09    0.1868395E+09
 241     -0.426021E+08   -0.1743938E+09    0.9448257E+08
 242      0.929113E+08   -0.1609388E+09    0.3684836E+07
 243      0.190643E+09   -0.1499500E+09   -0.7840725E+08
 244      0.253208E+09   -0.1399306E+09   -0.1604115E+09
 245      0.279481E+09   -0.1324751E+09   -0.2276031E+09
 246      0.269371E+09   -0.1255062E+09   -0.2957852E+09
 247      0.222634E+09   -0.1118204E+09   -0.3339351E+09
 248      0.138220E+09   -0.9693901E+08   -0.3734642E+09
 249      0.235406E+08   -0.6917328E+08   -0.3457199E+09
 250     -0.111941E+09   -0.3834994E+08   -0.3178197E+09
 251     -0.248795E+09   -0.1528583E+08   -0.1721486E+09
 252     -0.343621E+09    0.4523662E+07   -0.2348638E+08
 253      0.286773E+09    0.9364554E+07    0.8660138E+07
 254      0.232059E+09   -0.2012105E+08    0.1495736E+09
 255      0.166767E+09   -0.5394973E+08    0.2922304E+09
 256      0.569955E+08   -0.1031414E+09    0.3474142E+09
 257     -0.128368E+09   -0.1495348E+09    0.4022026E+09
 258     -0.415373E+09   -0.1573693E+09    0.3931605E+09
 259     -0.632885E+09   -0.1608561E+09    0.3732743E+09
 260     -0.349335E+09   -0.1346089E+09    0.2699512E+09
 261     -0.125595E+09   -0.1092092E+09    0.1750972E+09
 262      0.494081E+08   -0.8283854E+08    0.8248358E+08
 263      0.182392E+09   -0.5796811E+08   -0.8813368E+07
 264      0.274256E+09   -0.4829922E+08   -0.8850364E+08
 265      0.331193E+09   -0.4019361E+08   -0.1680775E+09
 266      0.348383E+09   -0.4700820E+08   -0.2358860E+09
 267      0.326299E+09   -0.5514332E+08   -0.3050348E+09
 268      0.260755E+09   -0.6199861E+08   -0.3501376E+09
 269      0.147029E+09   -0.6824554E+08   -0.3973476E+09
 270     -0.764759E+07   -0.5415278E+08   -0.3755532E+09
 271     -0.198093E+09   -0.3515314E+08   -0.3538319E+09
 272     -0.397549E+09   -0.1271595E+08   -0.1930864E+09
 273     -0.567494E+09    0.6374434E+07   -0.2829140E+08
 274      0.734677E+08    0.5455614E+07    0.1831518E+08
 275      0.678430E+08   -0.2640097E+08    0.1807813E+09
 276      0.679388E+08   -0.6526642E+08    0.3418195E+09
 277      0.208606E+08   -0.9901718E+08    0.3769931E+09
 278     -0.122810E+09   -0.1276382E+09    0.4115865E+09
 279     -0.383563E+09   -0.1084950E+09    0.3731663E+09
 280     -0.536276E+09   -0.8356071E+08    0.3278878E+09
 281     -0.253781E+09   -0.3040568E+08    0.2233236E+09
 282     -0.351838E+08    0.2098542E+08    0.1269445E+09
 283      0.129609E+09    0.6041863E+08    0.4677031E+08
 284      0.254866E+09    0.9824794E+08   -0.3187873E+08
 285      0.338513E+09    0.1053042E+09   -0.9413858E+08
 286      0.392484E+09    0.1106202E+09   -0.1562018E+09
 287      0.406219E+09    0.8541334E+08   -0.2117538E+09
 288      0.383229E+09    0.5851644E+08   -0.2689381E+09
 289      0.309900E+09    0.2259715E+08   -0.3178275E+09
 290      0.179012E+09   -0.1273764E+08   -0.3707835E+09
 291     -0.142599E+08   -0.2343382E+08   -0.3686573E+09
 292     -0.271265E+09   -0.2777106E+08   -0.3688207E+09
 293     -0.566445E+09   -0.1165211E+08   -0.2065343E+09
 294     -0.855319E+09    0.8946153E+05   -0.3640207E+08
 295     -0.138465E+09    0.1553909E+08    0.2912521E+08
 296     -0.982587E+08   -0.2835876E+08    0.2139121E+09
 297     -0.380227E+08   -0.7526698E+08    0.3973560E+09
 298     -0.160637E+08   -0.9085114E+08    0.4109837E+09
 299     -0.118482E+09   -0.9842246E+08    0.4231617E+09
 300     -0.347531E+09   -0.2800648E+08    0.3544615E+09
 301     -0.439388E+09    0.4482038E+08    0.2803341E+09
 302     -0.156345E+09    0.1354923E+09    0.1751031E+09
 303      0.563496E+08    0.2212792E+09    0.7779342E+08
 304      0.210486E+09    0.2764985E+09    0.1054404E+08
 305      0.327768E+09    0.3300328E+09   -0.5499730E+08
 306      0.403205E+09    0.3336698E+09   -0.9932937E+08
 307      0.454568E+09    0.3355014E+09   -0.1433485E+09
 308      0.465496E+09    0.2866098E+09   -0.1865185E+09
 309      0.442054E+09    0.2345115E+09   -0.2313646E+09
 310      0.362325E+09    0.1568097E+09   -0.2857598E+09
 311      0.210845E+09    0.7536288E+08   -0.3453376E+09
 312     -0.197142E+08    0.2572496E+08   -0.3649123E+09
 313     -0.351727E+09   -0.1835746E+08   -0.3876453E+09
 314     -0.738607E+09   -0.7469711E+07   -0.2217527E+09
 315     -0.114533E+10    0.5696650E+07   -0.4662454E+08
 316     -0.470544E+09   -0.7909588E+07    0.5337605E+08
 317     -0.293873E+09   -0.3191591E+08    0.2438932E+09
 318     -0.872209E+08   -0.6973313E+08    0.4197218E+09
 319      0.143435E+08   -0.3648356E+08    0.3721287E+09
 320     -0.389318E+08    0.1320861E+08    0.3315109E+09
 321     -0.261439E+09    0.1368387E+09    0.2381363E+09
 322     -0.338555E+09    0.2638024E+09    0.1469128E+09
 323     -0.761625E+08    0.3859890E+09    0.6174416E+08
 324      0.115838E+09    0.5045519E+09   -0.1751520E+08
 325      0.248004E+09    0.5730306E+09   -0.5376399E+08
 326      0.350425E+09    0.6400592E+09   -0.8848161E+08
 327      0.414844E+09    0.6394039E+09   -0.9686082E+08
 328      0.464756E+09    0.6375821E+09   -0.1046847E+09
 329      0.479098E+09    0.5645110E+09   -0.1138425E+09
 330      0.470074E+09    0.4888027E+09   -0.1235417E+09
 331      0.405333E+09    0.3605193E+09   -0.1625602E+09
 332      0.272792E+09    0.2290386E+09   -0.2095363E+09
 333      0.297852E+08    0.1168815E+09   -0.2643299E+09
 334     -0.354650E+09    0.1653811E+08   -0.3344656E+09
 335     -0.883805E+09    0.2320845E+07   -0.2100721E+09
 336     -0.149609E+10   -0.1763849E+08   -0.6374847E+08
 337     -0.832589E+09    0.4848459E+08    0.1016871E+09
 338     -0.491804E+09   -0.2683854E+08    0.2840652E+09
 339     -0.174678E+09   -0.6829846E+08    0.4600016E+09
 340      0.678371E+08    0.7754839E+08    0.3434089E+09
 341      0.507349E+08    0.2105646E+09    0.2261890E+09
 342     -0.170315E+09    0.4139786E+09    0.1142849E+09
 343     -0.236942E+09    0.6026721E+09    0.7387472E+07
 344      0.323041E+07    0.7538292E+09   -0.5590823E+08
 345      0.173781E+09    0.9015766E+09   -0.1152035E+09
 346      0.284005E+09    0.9796615E+09   -0.1193787E+09
 347      0.371205E+09    0.1056963E+10   -0.1223103E+09
 348      0.424510E+09    0.1052630E+10   -0.9350423E+08
 349      0.473341E+09    0.1048308E+10   -0.6398683E+08
 350      0.491768E+09    0.9545777E+09   -0.3735632E+08
 351      0.499278E+09    0.8588916E+09   -0.1005860E+08
 352      0.452880E+09    0.6757228E+09   -0.3247996E+08
 353      0.341207E+09    0.4749764E+09   -0.6208231E+08
 354      0.986695E+08    0.2745500E+09   -0.1699814E+09
 355     -0.384912E+09    0.5335237E+08   -0.2926616E+09
 356     -0.103296E+10    0.2068864E+08   -0.2056373E+09
 357     -0.187748E+10    0.2808617E+08   -0.9986251E+08
 358     -0.133062E+10   -0.8996067E+08    0.1379520E+09
 359     -0.607987E+09    0.7845339E+07    0.2410359E+09
 360     -0.100505E+08    0.8582510E+08    0.2774701E+09
 361      0.191243E+09    0.3526391E+09    0.8353958E+08
 362      0.154267E+09    0.6416451E+09   -0.3328128E+08
 363     -0.856523E+08    0.8695769E+09   -0.1037144E+09
 364     -0.181631E+09    0.1096927E+10   -0.1827541E+09
 365      0.270721E+08    0.1254310E+10   -0.2082295E+09
 366      0.166144E+09    0.1410718E+10   -0.2311164E+09
 367      0.248075E+09    0.1488342E+10   -0.1946000E+09
 368      0.314224E+09    0.1566229E+10   -0.1566725E+09
 369      0.354415E+09    0.1558680E+10   -0.8406325E+08
 370      0.396610E+09    0.1552588E+10   -0.1111740E+08
 371      0.417066E+09    0.1450224E+10    0.6778311E+08
 372      0.438477E+09    0.1348839E+10    0.1490990E+09
 373      0.420508E+09    0.1126523E+10    0.1908472E+09
 374      0.367270E+09    0.8964373E+09    0.2367818E+09
 375      0.198625E+09    0.5548902E+09    0.1488321E+09
 376     -0.182657E+09    0.2238583E+09   -0.1198054E+08
 377     -0.101015E+10    0.6683017E+08   -0.9414642E+08
 378     -0.224287E+10   -0.9547638E+08   -0.1148626E+09
 379     -0.247959E+10    0.2597645E+09    0.6005660E+09
 380     -0.584358E+09    0.1984301E+09    0.2966344E+09
 381      0.240147E+09    0.3718777E+09   -0.7202131E+08
 382      0.323369E+09    0.1015699E+10   -0.2359359E+09
 383      0.268892E+09    0.1413190E+10   -0.3127226E+09
 384     -0.836845E+07    0.1596248E+10   -0.3449680E+09
 385     -0.156096E+09    0.1792971E+10   -0.3797799E+09
 386      0.445782E+08    0.1918507E+10   -0.3624466E+09
 387      0.153256E+09    0.2053510E+10   -0.3493602E+09
 388      0.207198E+09    0.2119870E+10   -0.2708162E+09
 389      0.252649E+09    0.2184909E+10   -0.1907582E+09
 390      0.279668E+09    0.2176328E+10   -0.7397143E+08
 391      0.314629E+09    0.2170992E+10    0.4273386E+08
 392      0.335850E+09    0.2081454E+10    0.1759566E+09
 393      0.370621E+09    0.1998043E+10    0.3119844E+09
 394      0.377689E+09    0.1781674E+10    0.4286751E+09
 395      0.394649E+09    0.1571267E+10    0.5536126E+09
 396      0.298045E+09    0.1133584E+10    0.5266555E+09
 397      0.860519E+08    0.4832081E+09    0.4206201E+09
 398     -0.846985E+09    0.2547758E+09   -0.5533750E+08
 399     -0.320173E+10    0.2295627E+09   -0.4712769E+09
 400     -0.222491E+10   -0.4448242E+09   -0.1244894E+09
 401     -0.139158E+09    0.7579126E+09   -0.5464883E+09
 402      0.115453E+09    0.1934338E+10   -0.8132659E+09
 403      0.209158E+09    0.2269752E+10   -0.5803030E+09
 404      0.154784E+09    0.2593718E+10   -0.4183870E+09
 405      0.104355E+07    0.2611978E+10   -0.3978404E+09
 406     -0.116014E+09    0.2659388E+10   -0.4220055E+09
 407      0.211049E+08    0.2725341E+10   -0.4336825E+09
 408      0.746007E+08    0.2801083E+10   -0.4109459E+09
 409      0.103827E+09    0.2838689E+10   -0.3043873E+09
 410      0.126647E+09    0.2873647E+10   -0.2028180E+09
 411      0.140642E+09    0.2866445E+10   -0.6484660E+08
 412      0.158755E+09    0.2861790E+10    0.7235912E+08
 413      0.170446E+09    0.2807391E+10    0.2362458E+09
 414      0.189440E+09    0.2758208E+10    0.4013818E+09
 415      0.197578E+09    0.2618437E+10    0.5837570E+09
 416      0.208085E+09    0.2492005E+10    0.7750001E+09
 417      0.188168E+09    0.2126937E+10    0.9176745E+09
 418      0.366440E+08    0.1763445E+10    0.1144643E+10
 419     -0.256978E+09    0.6982084E+09    0.7372289E+09
 420     -0.255784E+10   -0.3893193E+09    0.2063145E+09
 421     -0.132439E+10    0.4236174E+10   -0.1040646E+10
 422      0.147596E+09    0.4403293E+10   -0.1376430E+10
 423     -0.405606E+08    0.4523753E+10   -0.1388617E+10
 424      0.626479E+08    0.4346864E+10   -0.8487866E+09
 425      0.238585E+08    0.4242279E+10   -0.4746527E+09
 426      0.815951E+07    0.3932016E+10   -0.4088018E+09
 427     -0.503849E+08    0.3647357E+10   -0.4445670E+09
 428      0.110741E+07    0.3638496E+10   -0.4951013E+09
 429     -0.508550E+05    0.3631937E+10   -0.4649881E+09
 430      0.443620E+07    0.3621979E+10   -0.3333418E+09
 431      0.491976E+07    0.3615504E+10   -0.2130809E+09
 432      0.614092E+07    0.3611334E+10   -0.5598899E+08
 433      0.755796E+07    0.3608680E+10    0.9970483E+08
 434      0.991669E+07    0.3608592E+10    0.2905954E+09
 435      0.121168E+08    0.3611176E+10    0.4821553E+09
 436      0.204360E+08    0.3616887E+10    0.7200326E+09
 437      0.165198E+08    0.3634189E+10    0.9705789E+09
 438      0.601803E+08    0.3647456E+10    0.1258962E+10
 439     -0.366988E+08    0.3742880E+10    0.1736942E+10
 440      0.191585E+09    0.3711269E+10    0.1580495E+10
 441     -0.129926E+10    0.3607599E+10    0.1165843E+10
