   1     -0.787805E+09    0.1619693E+07   -0.4320896E+06
   2     -0.613238E+09   -0.2117910E+07   -0.1299693E+06
   3     -0.466277E+09   -0.6771475E+07    0.8912972E+05
   4     -0.314151E+09   -0.1534730E+08   -0.7285880E+04
   5     -0.161602E+09   -0.2365451E+08   -0.2112286E+05
   6     -0.113173E+08   -0.2699104E+08   -0.6248475E+05
   7      0.131225E+09   -0.3018693E+08   -0.1231387E+06
   8      0.266085E+09   -0.2128354E+08   -0.2255932E+06
   9      0.386242E+09   -0.1229611E+08   -0.3336170E+06
  10      0.494669E+09    0.1592522E+08   -0.7905544E+06
  11      0.582400E+09    0.4426361E+08   -0.2012730E+07
  12      0.665903E+09    0.1029688E+09   -0.8163783E+07
  13      0.645042E+09    0.1684003E+09   -0.1135350E+08
  14      0.555563E+09    0.2020517E+09   -0.4422084E+07
  15      0.433138E+09    0.2273499E+09   -0.1292892E+06
  16      0.259800E+09    0.2146419E+09    0.6983860E+06
  17      0.451730E+08    0.2036518E+09    0.1946131E+07
  18     -0.234601E+09    0.1623885E+09    0.3632203E+07
  19     -0.573725E+09    0.1172176E+09    0.6653738E+07
  20     -0.979293E+09    0.5461501E+08    0.9374615E+07
  21     -0.154523E+10   -0.4141166E+07    0.1072460E+08
  22     -0.789569E+09    0.1070933E+07    0.2256465E+06
  23     -0.617606E+09   -0.3039644E+07    0.3961126E+07
  24     -0.467977E+09   -0.7742330E+07    0.7866694E+07
  25     -0.313750E+09   -0.1584273E+08    0.7525680E+07
  26     -0.159212E+09   -0.2394139E+08    0.6980607E+07
  27     -0.711765E+07   -0.2717465E+08    0.2632637E+07
  28      0.137215E+09   -0.3035721E+08   -0.1700840E+07
  29      0.273631E+09   -0.2157690E+08   -0.9386274E+07
  30      0.395770E+09   -0.1300736E+08   -0.1692929E+08
  31      0.505954E+09    0.1441643E+08   -0.2841700E+08
  32      0.597967E+09    0.4718736E+08   -0.4372687E+08
  33      0.658241E+09    0.8383882E+08   -0.4119247E+08
  34      0.627724E+09    0.1143647E+09   -0.3197909E+08
  35      0.542739E+09    0.1228827E+09   -0.1576907E+08
  36      0.420709E+09    0.1335390E+09   -0.2712506E+07
  37      0.247717E+09    0.1257682E+09    0.9229130E+07
  38      0.316647E+08    0.1171396E+09    0.2228069E+08
  39     -0.246612E+09    0.8592195E+08    0.3437704E+08
  40     -0.575859E+09    0.4959136E+08    0.4977970E+08
  41     -0.968428E+09    0.1885515E+08    0.3646785E+08
  42     -0.145737E+10   -0.6736164E+07    0.1894849E+08
  43     -0.790691E+09    0.1461493E+07    0.7795329E+06
  44     -0.622034E+09   -0.3218942E+07    0.8046469E+07
  45     -0.469634E+09   -0.8671719E+07    0.1562764E+08
  46     -0.313314E+09   -0.1738425E+08    0.1499228E+08
  47     -0.156821E+09   -0.2598714E+08    0.1397657E+08
  48     -0.286015E+07   -0.2999255E+08    0.5326724E+07
  49      0.143181E+09   -0.3369419E+08   -0.3257551E+07
  50      0.281482E+09   -0.2668983E+08   -0.1840810E+08
  51      0.405298E+09   -0.1876904E+08   -0.3339871E+08
  52      0.519782E+09    0.4051535E+07   -0.5694510E+08
  53      0.618453E+09    0.2720729E+08   -0.8568230E+08
  54      0.647474E+09    0.4053942E+08   -0.7243500E+08
  55      0.608226E+09    0.5378033E+08   -0.5105045E+08
  56      0.528325E+09    0.6072496E+08   -0.2632207E+08
  57      0.407452E+09    0.6727586E+08   -0.4908509E+07
  58      0.234137E+09    0.6062924E+08    0.1828822E+08
  59      0.167160E+08    0.5262805E+08    0.4343702E+08
  60     -0.260681E+09    0.3369503E+08    0.6529471E+08
  61     -0.578061E+09    0.1389575E+08    0.9148235E+08
  62     -0.955311E+09    0.4587822E+07    0.6098377E+08
  63     -0.136039E+10   -0.2938774E+07    0.2446649E+08
  64     -0.801778E+09    0.1044205E+07    0.2421131E+07
  65     -0.633932E+09   -0.4249188E+07    0.1326936E+08
  66     -0.474950E+09   -0.1013783E+08    0.2442685E+08
  67     -0.312291E+09   -0.1918941E+08    0.2338639E+08
  68     -0.149768E+09   -0.2818886E+08    0.2188770E+08
  69      0.952920E+07   -0.3246044E+08    0.9066498E+07
  70      0.160403E+09   -0.3643283E+08   -0.3796297E+07
  71      0.302402E+09   -0.2999997E+08   -0.2501026E+08
  72      0.431334E+09   -0.2189797E+08   -0.4849178E+08
  73      0.544590E+09   -0.6719348E+07   -0.7135811E+08
  74      0.619385E+09    0.6781881E+07   -0.9014629E+08
  75      0.624626E+09    0.5148928E+07   -0.7011826E+08
  76      0.585707E+09    0.3461833E+07   -0.5091513E+08
  77      0.505375E+09    0.6086146E+07   -0.2865861E+08
  78      0.381141E+09    0.9451174E+07   -0.6493023E+07
  79      0.206475E+09    0.8474836E+07    0.2034491E+08
  80     -0.125281E+08    0.6420748E+07    0.4887484E+08
  81     -0.281475E+09    0.2552729E+07    0.6906885E+08
  82     -0.579420E+09   -0.6442541E+06    0.9230475E+08
  83     -0.917356E+09   -0.8985992E+06    0.5856064E+08
  84     -0.124756E+10   -0.1131146E+07    0.1959830E+08
  85     -0.813347E+09    0.1787204E+07    0.3921358E+07
  86     -0.645574E+09   -0.4108002E+07    0.1851580E+08
  87     -0.480304E+09   -0.1098477E+08    0.3339801E+08
  88     -0.311297E+09   -0.2134824E+08    0.3190168E+08
  89     -0.142804E+09   -0.3144448E+08    0.2993692E+08
  90      0.219717E+08   -0.3630784E+08    0.1283833E+08
  91      0.177193E+09   -0.4112515E+08   -0.3723216E+07
  92      0.323865E+09   -0.3404680E+08   -0.3279192E+08
  93      0.462299E+09   -0.2075277E+08   -0.6829918E+08
  94      0.566568E+09   -0.1455255E+08   -0.8486138E+08
  95      0.610775E+09   -0.1951070E+08   -0.9007498E+08
  96      0.603859E+09   -0.3078584E+08   -0.6852992E+08
  97      0.564787E+09   -0.3502161E+08   -0.5213969E+08
  98      0.483768E+09   -0.3317831E+08   -0.3105237E+08
  99      0.353789E+09   -0.3231298E+08   -0.8216279E+07
 100      0.179425E+09   -0.2944786E+08    0.2211481E+08
 101     -0.413499E+08   -0.2701591E+08    0.5318246E+08
 102     -0.300087E+09   -0.1999596E+08    0.7183213E+08
 103     -0.580637E+09   -0.1182509E+08    0.9317299E+08
 104     -0.879913E+09   -0.4134070E+07    0.5818233E+08
 105     -0.114228E+10    0.2496309E+07    0.1833891E+08
 106     -0.839466E+09    0.1322842E+07    0.5780705E+07
 107     -0.665695E+09   -0.5268355E+07    0.2495803E+08
 108     -0.489177E+09   -0.1264498E+08    0.4426255E+08
 109     -0.309301E+09   -0.2331572E+08    0.4177664E+08
 110     -0.130876E+09   -0.3359001E+08    0.3880671E+08
 111      0.424383E+08   -0.3872464E+08    0.1748615E+08
 112      0.205846E+09   -0.4283594E+08   -0.5078568E+07
 113      0.356370E+09   -0.3751884E+08   -0.3771741E+08
 114      0.487720E+09   -0.3225384E+08   -0.7018555E+08
 115      0.565433E+09   -0.4469741E+08   -0.7237599E+08
 116      0.599477E+09   -0.5914371E+08   -0.7156874E+08
 117      0.594602E+09   -0.6700891E+08   -0.6132859E+08
 118      0.549003E+09   -0.7277713E+08   -0.5189446E+08
 119      0.464857E+09   -0.7002785E+08   -0.3256637E+08
 120      0.328240E+09   -0.6819587E+08   -0.1283938E+08
 121      0.152819E+09   -0.5950774E+08    0.1339683E+08
 122     -0.658206E+08   -0.5030584E+08    0.4057937E+08
 123     -0.315243E+09   -0.3592182E+08    0.5686779E+08
 124     -0.579451E+09   -0.1988048E+08    0.7510811E+08
 125     -0.849541E+09   -0.7821889E+07    0.4747256E+08
 126     -0.105743E+10    0.2463049E+07    0.1620984E+08
 127     -0.865468E+09    0.1883635E+07    0.7778279E+07
 128     -0.685941E+09   -0.5317802E+07    0.3150600E+08
 129     -0.498018E+09   -0.1373658E+08    0.5523248E+08
 130     -0.307362E+09   -0.2500895E+08    0.5176471E+08
 131     -0.118997E+09   -0.3609333E+08    0.4825685E+08
 132      0.634163E+08   -0.3962025E+08    0.2101876E+08
 133      0.239370E+09   -0.3751625E+08   -0.1144487E+08
 134      0.388800E+09   -0.4035682E+08   -0.4192889E+08
 135      0.503136E+09   -0.5231349E+08   -0.6283621E+08
 136      0.563132E+09   -0.7553223E+08   -0.5819643E+08
 137      0.592504E+09   -0.9357665E+08   -0.5789885E+08
 138      0.586167E+09   -0.9883895E+08   -0.5503232E+08
 139      0.533698E+09   -0.1048193E+09   -0.5162826E+08
 140      0.445255E+09   -0.1007159E+09   -0.3494933E+08
 141      0.304235E+09   -0.9651081E+08   -0.1786433E+08
 142      0.126924E+09   -0.8258713E+08    0.4016996E+07
 143     -0.899469E+08   -0.6703570E+08    0.2719898E+08
 144     -0.330122E+09   -0.4558419E+08    0.4247797E+08
 145     -0.579102E+09   -0.2561513E+08    0.5952114E+08
 146     -0.819250E+09   -0.1230255E+08    0.3699710E+08
 147     -0.974994E+09    0.1030505E+07    0.1102002E+08
 148     -0.910385E+09    0.1288670E+07    0.1060005E+08
 149     -0.715372E+09   -0.6363350E+07    0.3893386E+08
 150     -0.510171E+09   -0.1487542E+08    0.6700375E+08
 151     -0.303162E+09   -0.2568761E+08    0.6161983E+08
 152     -0.100534E+09   -0.3531035E+08    0.5502318E+08
 153      0.925114E+08   -0.3897136E+08    0.2511316E+08
 154      0.268701E+09   -0.4223265E+08   -0.4878840E+07
 155      0.404703E+09   -0.6219389E+08   -0.2207953E+08
 156      0.503466E+09   -0.8437628E+08   -0.3554968E+08
 157      0.569361E+09   -0.1012687E+09   -0.4112482E+08
 158      0.596926E+09   -0.1165728E+09   -0.4853218E+08
 159      0.587738E+09   -0.1216333E+09   -0.4990810E+08
 160      0.529912E+09   -0.1268737E+09   -0.5091282E+08
 161      0.433890E+09   -0.1215434E+09   -0.4070710E+08
 162      0.291752E+09   -0.1157338E+09   -0.3027612E+08
 163      0.110140E+09   -0.9811761E+08   -0.1370748E+08
 164     -0.106273E+09   -0.8039271E+08    0.3559188E+07
 165     -0.343832E+09   -0.5601951E+08    0.1799396E+08
 166     -0.583294E+09   -0.2900567E+08    0.3321263E+08
 167     -0.804317E+09   -0.1036736E+08    0.2137278E+08
 168     -0.941535E+09    0.5340765E+07    0.7773567E+07
 169     -0.955934E+09    0.1656196E+07    0.1361716E+08
 170     -0.744898E+09   -0.5887404E+07    0.4645463E+08
 171     -0.522147E+09   -0.1515084E+08    0.7886761E+08
 172     -0.297547E+09   -0.2384949E+08    0.6965499E+08
 173     -0.792512E+08   -0.2680600E+08    0.5713807E+08
 174      0.121427E+09   -0.4000362E+08    0.3102962E+08
 175      0.289344E+09   -0.6140821E+08    0.1128799E+08
 176      0.418481E+09   -0.9112140E+08    0.2428383E+06
 177      0.508687E+09   -0.1159241E+09   -0.1320982E+08
 178      0.576896E+09   -0.1272770E+09   -0.2592350E+08
 179      0.602294E+09   -0.1389513E+09   -0.3895924E+08
 180      0.588847E+09   -0.1422247E+09   -0.4504430E+08
 181      0.526507E+09   -0.1469277E+09   -0.5003600E+08
 182      0.423454E+09   -0.1407670E+09   -0.4678264E+08
 183      0.279625E+09   -0.1332924E+09   -0.4315242E+08
 184      0.930622E+08   -0.1134538E+09   -0.3157815E+08
 185     -0.121521E+09   -0.9224375E+08   -0.2015705E+08
 186     -0.358633E+09   -0.6084022E+08   -0.7130463E+07
 187     -0.585268E+09   -0.2918016E+08    0.5799090E+07
 188     -0.791523E+09   -0.1192987E+08    0.6282314E+07
 189     -0.904361E+09    0.3656753E+07    0.6445141E+07
 190     -0.102105E+10    0.7669665E+06    0.1676163E+08
 191     -0.782539E+09   -0.5959324E+07    0.5301008E+08
 192     -0.535785E+09   -0.1198297E+08    0.8767237E+08
 193     -0.292378E+09   -0.2339807E+08    0.8095949E+08
 194     -0.632272E+08   -0.3641709E+08    0.7417170E+08
 195      0.136079E+09   -0.6363214E+08    0.5673891E+08
 196      0.301767E+09   -0.9059978E+08    0.4145446E+08
 197      0.436627E+09   -0.1104866E+09    0.2136095E+08
 198      0.529081E+09   -0.1298570E+09    0.9159719E+06
 199      0.593270E+09   -0.1394077E+09   -0.1672194E+08
 200      0.617395E+09   -0.1486070E+09   -0.3360237E+08
 201      0.597719E+09   -0.1503933E+09   -0.4291890E+08
 202      0.532352E+09   -0.1522632E+09   -0.5160783E+08
 203      0.427096E+09   -0.1450434E+09   -0.5414735E+08
 204      0.277336E+09   -0.1381191E+09   -0.5634131E+08
 205      0.891499E+08   -0.1188485E+09   -0.5155247E+08
 206     -0.128333E+09   -0.9900455E+08   -0.4721890E+08
 207     -0.368664E+09   -0.7002297E+08   -0.3715486E+08
 208     -0.595970E+09   -0.3804109E+08   -0.2709272E+08
 209     -0.806069E+09   -0.1497414E+08   -0.1262786E+08
 210     -0.915616E+09    0.4878578E+07    0.1451895E+07
 211     -0.108559E+10    0.2122981E+07    0.1929301E+08
 212     -0.818193E+09   -0.4899045E+07    0.5831251E+08
 213     -0.548684E+09   -0.1148950E+08    0.9540316E+08
 214     -0.289881E+09   -0.3785586E+08    0.9631602E+08
 215     -0.525757E+08   -0.6724149E+08    0.9912056E+08
 216      0.149014E+09   -0.9000360E+08    0.8290244E+08
 217      0.318437E+09   -0.1092501E+09    0.6628918E+08
 218      0.456282E+09   -0.1176204E+09    0.4065088E+08
 219      0.550360E+09   -0.1257071E+09    0.1536160E+08
 220      0.610745E+09   -0.1299670E+09   -0.6928475E+07
 221      0.631756E+09   -0.1359666E+09   -0.2708055E+08
 222      0.608371E+09   -0.1394449E+09   -0.4082776E+08
 223      0.537416E+09   -0.1430602E+09   -0.5422574E+08
 224      0.431507E+09   -0.1391983E+09   -0.6224903E+08
 225      0.274497E+09   -0.1348803E+09   -0.7066812E+08
 226      0.852226E+08   -0.1174402E+09   -0.7241233E+08
 227     -0.136199E+09   -0.9804652E+08   -0.7527593E+08
 228     -0.378939E+09   -0.6514972E+08   -0.6738823E+08
 229     -0.608141E+09   -0.3204744E+08   -0.5950033E+08
 230     -0.819834E+09   -0.1273512E+08   -0.3154117E+08
 231     -0.930422E+09    0.4822702E+07   -0.3191862E+07
 232     -0.116344E+10    0.4025181E+07    0.2073494E+08
 233     -0.870287E+09   -0.1162373E+08    0.7160177E+08
 234     -0.575718E+09   -0.3032914E+08    0.1219800E+09
 235     -0.294333E+09   -0.5763380E+08    0.1224211E+09
 236     -0.414833E+08   -0.8191099E+08    0.1218372E+09
 237      0.171100E+09   -0.9301614E+08    0.9487849E+08
 238      0.346077E+09   -0.1034177E+09    0.6923608E+08
 239      0.483110E+09   -0.1024112E+09    0.4031444E+08
 240      0.576345E+09   -0.1013850E+09    0.1239498E+08
 241      0.630663E+09   -0.9902306E+08   -0.7624169E+07
 242      0.646223E+09   -0.9679786E+08   -0.2599123E+08
 243      0.621589E+09   -0.9968523E+08   -0.3709701E+08
 244      0.549864E+09   -0.1037721E+09   -0.4875305E+08
 245      0.443605E+09   -0.1075019E+09   -0.5976350E+08
 246      0.286672E+09   -0.1119140E+09   -0.7092846E+08
 247      0.970384E+08   -0.1040422E+09   -0.8248572E+08
 248     -0.128131E+09   -0.9475029E+08   -0.9560468E+08
 249     -0.380445E+09   -0.6809105E+08   -0.9484014E+08
 250     -0.630641E+09   -0.3727835E+08   -0.9317965E+08
 251     -0.861724E+09   -0.1402820E+08   -0.5028224E+08
 252     -0.100249E+10    0.5077890E+07   -0.6823218E+07
 253     -0.123570E+10    0.5785297E+07    0.2301723E+08
 254     -0.925152E+09   -0.1716239E+08    0.8725989E+08
 255     -0.606048E+09   -0.4249761E+08    0.1510393E+09
 256     -0.299419E+09   -0.6275219E+08    0.1480497E+09
 257     -0.297490E+08   -0.8039897E+08    0.1439146E+09
 258      0.194340E+09   -0.7630269E+08    0.1085529E+09
 259      0.374455E+09   -0.6983246E+08    0.7414786E+08
 260      0.511358E+09   -0.5033194E+08    0.4090863E+08
 261      0.602482E+09   -0.3201956E+08    0.1037759E+08
 262      0.651652E+09   -0.2403398E+08   -0.7823851E+07
 263      0.662938E+09   -0.1735049E+08   -0.2557547E+08
 264      0.634155E+09   -0.2349003E+08   -0.3377941E+08
 265      0.565865E+09   -0.3126443E+08   -0.4312067E+08
 266      0.455808E+09   -0.4841065E+08   -0.5734088E+08
 267      0.300247E+09   -0.6601054E+08   -0.7156841E+08
 268      0.109662E+09   -0.7299469E+08   -0.9394025E+08
 269     -0.121334E+09   -0.7796666E+08   -0.1174492E+09
 270     -0.382732E+09   -0.5915061E+08   -0.1234105E+09
 271     -0.656776E+09   -0.3766911E+08   -0.1285136E+09
 272     -0.905296E+09   -0.1440533E+08   -0.6940054E+08
 273     -0.107083E+10    0.6178761E+07   -0.9443707E+07
 274     -0.135960E+10    0.1023015E+06    0.3760558E+08
 275     -0.100385E+10   -0.2204985E+08    0.1100227E+09
 276     -0.628130E+09   -0.4936477E+08    0.1782024E+09
 277     -0.283095E+09   -0.5790913E+08    0.1525018E+09
 278      0.567481E+07   -0.6016978E+08    0.1278638E+09
 279      0.236367E+09   -0.2661562E+08    0.7922277E+08
 280      0.411496E+09    0.8355000E+07    0.3401548E+08
 281      0.537169E+09    0.4690248E+08    0.6560223E+07
 282      0.617005E+09    0.8424361E+08   -0.1828344E+08
 283      0.657618E+09    0.1019448E+09   -0.2233986E+08
 284      0.663662E+09    0.1176584E+09   -0.2533456E+08
 285      0.631874E+09    0.1046369E+09   -0.2107231E+08
 286      0.570866E+09    0.9142011E+08   -0.1695432E+08
 287      0.464608E+09    0.5695483E+08   -0.2397498E+08
 288      0.325201E+09    0.2093300E+08   -0.3317171E+08
 289      0.141755E+09   -0.1138188E+08   -0.6479925E+08
 290     -0.888578E+08   -0.4307713E+08   -0.9891897E+08
 291     -0.358989E+09   -0.4519148E+08   -0.1245753E+09
 292     -0.670635E+09   -0.4014451E+08   -0.1523427E+09
 293     -0.973890E+09   -0.1650168E+08   -0.8885571E+08
 294     -0.120407E+10    0.1606852E+07   -0.1996277E+08
 295     -0.148963E+10    0.1012659E+08    0.5339442E+08
 296     -0.108448E+10   -0.2277463E+08    0.1347076E+09
 297     -0.658981E+09   -0.5501024E+08    0.2115547E+09
 298     -0.265290E+09   -0.3103640E+08    0.1618486E+09
 299      0.395900E+08    0.6293794E+06    0.1135106E+09
 300      0.282357E+09    0.7951201E+08    0.5130839E+08
 301      0.449710E+09    0.1545253E+09   -0.6103294E+07
 302      0.564887E+09    0.2203622E+09   -0.2746306E+08
 303      0.633313E+09    0.2824164E+09   -0.4704795E+08
 304      0.664052E+09    0.3070091E+09   -0.3744231E+08
 305      0.663048E+09    0.3314051E+09   -0.2530487E+08
 306      0.631673E+09    0.3100380E+09   -0.7263634E+07
 307      0.574715E+09    0.2862905E+09    0.1026749E+08
 308      0.475335E+09    0.2279341E+09    0.9798725E+07
 309      0.351746E+09    0.1675091E+09    0.7094924E+07
 310      0.177390E+09    0.9132278E+08   -0.3517631E+08
 311     -0.569586E+08    0.1263592E+08   -0.8180237E+08
 312     -0.336443E+09   -0.2025615E+08   -0.1288892E+09
 313     -0.693868E+09   -0.4882211E+08   -0.1787789E+09
 314     -0.104356E+10   -0.2200731E+08   -0.1106394E+09
 315     -0.133955E+10    0.6793889E+07   -0.3522843E+08
 316     -0.171007E+10   -0.1756900E+08    0.8075278E+08
 317     -0.115925E+10   -0.1880787E+08    0.1447186E+09
 318     -0.619059E+09   -0.2890335E+08    0.1904709E+09
 319     -0.188449E+09    0.4749464E+08    0.8583999E+08
 320      0.120091E+09    0.1370054E+09   -0.5044484E+07
 321      0.333538E+09    0.2660550E+09   -0.6655910E+08
 322      0.473665E+09    0.3935995E+09   -0.1186980E+09
 323      0.558245E+09    0.4853161E+09   -0.1116824E+09
 324      0.612211E+09    0.5743220E+09   -0.1036751E+09
 325      0.625770E+09    0.6022530E+09   -0.6298895E+08
 326      0.618485E+09    0.6291633E+09   -0.2136809E+08
 327      0.589259E+09    0.5972389E+09    0.2576265E+08
 328      0.539373E+09    0.5652341E+09    0.7339993E+08
 329      0.457948E+09    0.4773536E+09    0.9605991E+08
 330      0.359441E+09    0.3883832E+09    0.1182819E+09
 331      0.215226E+09    0.2652316E+09    0.8506944E+08
 332      0.186146E+08    0.1366786E+09    0.4435000E+08
 333     -0.249519E+09    0.4278102E+08   -0.4861483E+08
 334     -0.630130E+09   -0.3302203E+08   -0.1609086E+09
 335     -0.110014E+10   -0.1690694E+08   -0.1235506E+09
 336     -0.160084E+10   -0.1170496E+08   -0.6140084E+08
 337     -0.196413E+10    0.3913554E+08    0.1335229E+09
 338     -0.123690E+10   -0.7531813E+07    0.1634072E+09
 339     -0.615770E+09   -0.1100459E+08    0.1841433E+09
 340     -0.911033E+08    0.1961768E+09    0.2059948E+08
 341      0.208641E+09    0.3830212E+09   -0.1334841E+09
 342      0.390641E+09    0.5930560E+09   -0.1892952E+09
 343      0.501204E+09    0.7822505E+09   -0.2357801E+09
 344      0.551281E+09    0.8931692E+09   -0.1986866E+09
 345      0.590076E+09    0.1000443E+10   -0.1611490E+09
 346      0.586437E+09    0.1025807E+10   -0.8863719E+08
 347      0.574038E+09    0.1054159E+10   -0.1710465E+08
 348      0.544064E+09    0.1008120E+10    0.6052126E+08
 349      0.503592E+09    0.9616147E+09    0.1391824E+09
 350      0.439785E+09    0.8473959E+09    0.1873043E+09
 351      0.370154E+09    0.7323624E+09    0.2355975E+09
 352      0.253622E+09    0.5486151E+09    0.2140931E+09
 353      0.988227E+08    0.3450743E+09    0.1870237E+09
 354     -0.138793E+09    0.1802976E+09    0.2331450E+08
 355     -0.586960E+09    0.4730930E+07   -0.1619899E+09
 356     -0.116378E+10    0.5139021E+07   -0.1445430E+09
 357     -0.189828E+10    0.3757184E+08   -0.1021854E+09
 358     -0.226578E+10   -0.1083881E+09    0.1656578E+09
 359     -0.117945E+10    0.4038739E+08    0.7955394E+08
 360     -0.359644E+09    0.1749850E+09   -0.6845811E+08
 361      0.505968E+08    0.5099402E+09   -0.2940357E+09
 362      0.268560E+09    0.8628006E+09   -0.4365123E+09
 363      0.378074E+09    0.1106076E+10   -0.4152296E+09
 364      0.445765E+09    0.1340487E+10   -0.3968528E+09
 365      0.464997E+09    0.1448521E+10   -0.3047878E+09
 366      0.487310E+09    0.1558564E+10   -0.2150928E+09
 367      0.476140E+09    0.1571632E+10   -0.1008388E+09
 368      0.463926E+09    0.1584968E+10    0.1179270E+08
 369      0.434728E+09    0.1523540E+10    0.1225986E+09
 370      0.404405E+09    0.1466628E+10    0.2340899E+09
 371      0.357036E+09    0.1335865E+10    0.3212545E+09
 372      0.310012E+09    0.1203947E+10    0.4139986E+09
 373      0.241544E+09    0.9847506E+09    0.4341210E+09
 374      0.176570E+09    0.7654042E+09    0.4519477E+09
 375      0.273010E+08    0.4728148E+09    0.2981432E+09
 376     -0.321845E+09    0.1879048E+09    0.7367109E+08
 377     -0.109633E+10    0.5293843E+08   -0.5410375E+08
 378     -0.223778E+10   -0.8980502E+08   -0.1175572E+09
 379     -0.321049E+10    0.2624413E+09    0.6330411E+09
 380     -0.970677E+09    0.2452480E+09    0.8468484E+08
 381     -0.364289E+08    0.4746626E+09   -0.4979137E+09
 382      0.191875E+09    0.1202096E+10   -0.6676213E+09
 383      0.330467E+09    0.1678305E+10   -0.7551528E+09
 384      0.354471E+09    0.1903501E+10   -0.6530640E+09
 385      0.384260E+09    0.2132914E+10   -0.5585531E+09
 386      0.372382E+09    0.2206731E+10   -0.4109515E+09
 387      0.381232E+09    0.2285540E+10   -0.2664144E+09
 388      0.361734E+09    0.2270640E+10   -0.1114338E+09
 389      0.350338E+09    0.2261818E+10    0.4272615E+08
 390      0.323020E+09    0.2184835E+10    0.1868773E+09
 391      0.299743E+09    0.2110353E+10    0.3303349E+09
 392      0.266082E+09    0.1980662E+10    0.4594398E+09
 393      0.232537E+09    0.1856727E+10    0.5997485E+09
 394      0.227972E+09    0.1655443E+10    0.6651862E+09
 395      0.263166E+09    0.1470234E+10    0.7258599E+09
 396      0.191011E+09    0.1073176E+10    0.6329350E+09
 397      0.498307E+07    0.4572601E+09    0.4661115E+09
 398     -0.891341E+09    0.2466106E+09   -0.3493605E+08
 399     -0.316946E+10    0.2377460E+09   -0.4719339E+09
 400     -0.259439E+10   -0.4634951E+09   -0.1340374E+09
 401     -0.340563E+09    0.8177596E+09   -0.7874040E+09
 402     -0.512200E+08    0.2046614E+10   -0.1256922E+10
 403      0.120564E+09    0.2442873E+10   -0.1078492E+10
 404      0.166671E+09    0.2858681E+10   -0.9794259E+09
 405      0.179154E+09    0.2983039E+10   -0.7929890E+09
 406      0.195154E+09    0.3122529E+10   -0.6148980E+09
 407      0.186106E+09    0.3133630E+10   -0.4260762E+09
 408      0.193863E+09    0.3152455E+10   -0.2387282E+09
 409      0.182567E+09    0.3100108E+10   -0.5838260E+08
 410      0.177730E+09    0.3050400E+10    0.1213803E+09
 411      0.163485E+09    0.2958328E+10    0.2811119E+09
 412      0.150592E+09    0.2867428E+10    0.4404529E+09
 413      0.131429E+09    0.2760057E+10    0.5708250E+09
 414      0.106823E+09    0.2666576E+10    0.6982396E+09
 415      0.126083E+09    0.2548549E+10    0.8039142E+09
 416      0.146713E+09    0.2440899E+10    0.9218726E+09
 417      0.136751E+09    0.2092202E+10    0.1008796E+10
 418     -0.126883E+07    0.1742743E+10    0.1179475E+10
 419     -0.279481E+09    0.6874377E+09    0.7480959E+09
 420     -0.253810E+10   -0.3900975E+09    0.1993564E+09
 421     -0.132326E+10    0.4463183E+10   -0.1038308E+10
 422      0.122117E+09    0.4503027E+10   -0.1615003E+10
 423     -0.799574E+08    0.4494760E+10   -0.1845376E+10
 424      0.266837E+08    0.4408829E+10   -0.1414985E+10
 425     -0.391218E+07    0.4402317E+10   -0.1162984E+10
 426      0.505565E+07    0.4349011E+10   -0.9022626E+09
 427      0.718899E+07    0.4311196E+10   -0.6534291E+09
 428      0.412348E+07    0.4230881E+10   -0.4272788E+09
 429      0.933545E+07    0.4156084E+10   -0.2031206E+09
 430      0.775883E+07    0.4050086E+10    0.1953567E+07
 431      0.919703E+07    0.3943468E+10    0.2055559E+09
 432      0.810493E+07    0.3832762E+10    0.3773924E+09
 433      0.717068E+07    0.3720002E+10    0.5513660E+09
 434      0.437111E+07    0.3647009E+10    0.6778809E+09
 435     -0.597836E+07    0.3598595E+10    0.7863816E+09
 436      0.219946E+08    0.3615899E+10    0.9272326E+09
 437      0.201483E+08    0.3632133E+10    0.1099363E+10
 438      0.636395E+08    0.3642353E+10    0.1338378E+10
 439     -0.312051E+08    0.3730218E+10    0.1763677E+10
 440      0.194400E+09    0.3701339E+10    0.1586640E+10
 441     -0.129200E+10    0.3604444E+10    0.1156127E+10
