   1      0.614833E+09    0.1320087E+08   -0.1495924E+07
   2      0.459335E+09   -0.2231003E+08    0.8013549E+06
   3      0.338112E+09   -0.6074639E+08    0.2651021E+07
   4      0.226975E+09   -0.1563849E+09    0.4097311E+07
   5      0.127418E+09   -0.2536603E+09    0.6188493E+07
   6      0.409481E+08   -0.3693107E+09    0.4842028E+07
   7     -0.505133E+08   -0.4809114E+09    0.3495398E+07
   8     -0.133206E+09   -0.5808030E+09    0.5065188E+07
   9     -0.225793E+09   -0.6870398E+09    0.7302198E+07
  10     -0.325716E+09   -0.7426828E+09    0.2234274E+07
  11     -0.440193E+09   -0.7931874E+09   -0.7684159E+07
  12     -0.529925E+09   -0.7101497E+09   -0.1602520E+08
  13     -0.465638E+09   -0.6161380E+09   -0.1408146E+08
  14     -0.370471E+09   -0.5039655E+09   -0.2629383E+07
  15     -0.274088E+09   -0.4015722E+09    0.9609937E+06
  16     -0.164055E+09   -0.3040800E+09    0.1051412E+06
  17     -0.285467E+08   -0.2045987E+09    0.6525805E+06
  18      0.136117E+09   -0.1272158E+09    0.1037013E+07
  19      0.347899E+09   -0.4965688E+08    0.6823106E+06
  20      0.604849E+09   -0.1804894E+08    0.5381707E+06
  21      0.974872E+09    0.1100629E+08    0.1300610E+07
  22      0.576477E+09    0.9549554E+07    0.2228052E+07
  23      0.426464E+09   -0.2449589E+08    0.3466329E+08
  24      0.313899E+09   -0.6089174E+08    0.6701718E+08
  25      0.209138E+09   -0.1430768E+09    0.8435343E+08
  26      0.119792E+09   -0.2249868E+09    0.1014596E+09
  27      0.403544E+08   -0.3234073E+09    0.1015105E+09
  28     -0.425975E+08   -0.4229681E+09    0.1014479E+09
  29     -0.120310E+09   -0.5079849E+09    0.8790930E+08
  30     -0.204540E+09   -0.5915306E+09    0.7563421E+08
  31     -0.293089E+09   -0.6336103E+09    0.4343317E+08
  32     -0.392111E+09   -0.6785898E+09    0.7121145E+07
  33     -0.471259E+09   -0.6510067E+09   -0.4919637E+08
  34     -0.452588E+09   -0.6118572E+09   -0.9899686E+08
  35     -0.367909E+09   -0.5074400E+09   -0.9862207E+08
  36     -0.275697E+09   -0.4090320E+09   -0.1012468E+09
  37     -0.167715E+09   -0.3107054E+09   -0.9694827E+08
  38     -0.387009E+08   -0.2117920E+09   -0.9329486E+08
  39      0.118694E+09   -0.1327336E+09   -0.7635189E+08
  40      0.323946E+09   -0.5443443E+08   -0.5875243E+08
  41      0.576418E+09   -0.2222467E+08   -0.3025636E+08
  42      0.942267E+09    0.8467550E+07   -0.2231511E+07
  43      0.536689E+09    0.1003356E+08    0.5472677E+07
  44      0.392332E+09   -0.1935864E+08    0.6856943E+08
  45      0.288814E+09   -0.5173195E+08    0.1317178E+09
  46      0.190818E+09   -0.1236697E+09    0.1642673E+09
  47      0.112017E+09   -0.1948967E+09    0.1962487E+09
  48      0.395547E+08   -0.2795756E+09    0.1978884E+09
  49     -0.335150E+08   -0.3637549E+09    0.1994242E+09
  50     -0.106678E+09   -0.4379013E+09    0.1710507E+09
  51     -0.181299E+09   -0.5117760E+09    0.1433751E+09
  52     -0.258524E+09   -0.5510832E+09    0.8458602E+08
  53     -0.340926E+09   -0.5884559E+09    0.2398171E+08
  54     -0.405184E+09   -0.5932529E+09   -0.7619621E+08
  55     -0.436240E+09   -0.6022402E+09   -0.1792695E+09
  56     -0.372034E+09   -0.5243476E+09   -0.1997523E+09
  57     -0.284385E+09   -0.4362066E+09   -0.2111976E+09
  58     -0.173606E+09   -0.3298123E+09   -0.1963672E+09
  59     -0.496426E+08   -0.2276991E+09   -0.1869059E+09
  60      0.100480E+09   -0.1421490E+09   -0.1530843E+09
  61      0.299980E+09   -0.5557032E+08   -0.1173934E+09
  62      0.549312E+09   -0.1966129E+08   -0.5981953E+08
  63      0.912071E+09    0.1265288E+08   -0.3471408E+07
  64      0.423167E+09    0.7101249E+07    0.8291373E+07
  65      0.305456E+09   -0.1852606E+08    0.9427523E+08
  66      0.221960E+09   -0.4579318E+08    0.1803475E+09
  67      0.146559E+09   -0.1073278E+09    0.2238892E+09
  68      0.913711E+08   -0.1692590E+09    0.2665610E+09
  69      0.373761E+08   -0.2406647E+09    0.2674582E+09
  70     -0.145360E+08   -0.3118367E+09    0.2690805E+09
  71     -0.677997E+08   -0.3732932E+09    0.2310767E+09
  72     -0.123372E+09   -0.4338521E+09    0.1929385E+09
  73     -0.183658E+09   -0.4701378E+09    0.1197569E+09
  74     -0.246359E+09   -0.5041309E+09    0.4517157E+08
  75     -0.293913E+09   -0.5146259E+09   -0.5856752E+08
  76     -0.329871E+09   -0.5333696E+09   -0.1675872E+09
  77     -0.315475E+09   -0.5091644E+09   -0.2380164E+09
  78     -0.265712E+09   -0.4717577E+09   -0.2999106E+09
  79     -0.178783E+09   -0.3641052E+09   -0.2954085E+09
  80     -0.780755E+08   -0.2595864E+09   -0.2922411E+09
  81      0.513432E+08   -0.1660343E+09   -0.2433352E+09
  82      0.225817E+09   -0.7254304E+08   -0.1938240E+09
  83      0.455501E+09   -0.2889584E+08   -0.9948204E+08
  84      0.809364E+09    0.1125833E+08   -0.6578570E+07
  85      0.309563E+09    0.7623083E+07    0.1059794E+08
  86      0.219285E+09   -0.1333451E+08    0.1195877E+09
  87      0.154913E+09   -0.3683226E+08    0.2288055E+09
  88      0.102368E+09   -0.8926144E+08    0.2835282E+09
  89      0.713835E+08   -0.1408437E+09    0.3373217E+09
  90      0.356042E+08   -0.2024574E+09    0.3378681E+09
  91      0.364772E+07   -0.2631016E+09    0.3384418E+09
  92     -0.284111E+08   -0.3102079E+09    0.2903267E+09
  93     -0.679363E+08   -0.3579332E+09    0.2435688E+09
  94     -0.108848E+09   -0.3881506E+09    0.1554216E+09
  95     -0.154718E+09   -0.4164342E+09    0.6503222E+08
  96     -0.190376E+09   -0.4256561E+09   -0.4646639E+08
  97     -0.226524E+09   -0.4349855E+09   -0.1599243E+09
  98     -0.245751E+09   -0.4281128E+09   -0.2653517E+09
  99     -0.237535E+09   -0.4283368E+09   -0.3695319E+09
 100     -0.183065E+09   -0.3790479E+09   -0.3891159E+09
 101     -0.110585E+09   -0.3134697E+09   -0.4052165E+09
 102     -0.633889E+06   -0.2014233E+09   -0.3405848E+09
 103      0.147910E+09   -0.9285991E+08   -0.2758543E+09
 104      0.359793E+09   -0.3512088E+08   -0.1427179E+09
 105      0.710419E+09    0.1630908E+08   -0.1161759E+08
 106      0.144673E+09    0.5561953E+07    0.1184659E+08
 107      0.921282E+08   -0.1389745E+08    0.1384721E+09
 108      0.601071E+08   -0.3510936E+08    0.2646700E+09
 109      0.415495E+08   -0.7797076E+08    0.3247813E+09
 110      0.396494E+08   -0.1203995E+09    0.3855912E+09
 111      0.365162E+08   -0.1681888E+09    0.3851559E+09
 112      0.346910E+08   -0.2156062E+09    0.3829230E+09
 113      0.258059E+08   -0.2552281E+09    0.3282364E+09
 114      0.754076E+07   -0.2938894E+09    0.2743648E+09
 115     -0.991213E+07   -0.3150409E+09    0.1774225E+09
 116     -0.432937E+08   -0.3363721E+09    0.7944115E+08
 117     -0.714637E+08   -0.3411358E+09   -0.4044409E+08
 118     -0.106395E+09   -0.3453328E+09   -0.1617411E+09
 119     -0.132765E+09   -0.3339771E+09   -0.2699383E+09
 120     -0.150470E+09   -0.3237547E+09   -0.3786039E+09
 121     -0.139567E+09   -0.2850406E+09   -0.4265659E+09
 122     -0.116141E+09   -0.2444646E+09   -0.4728729E+09
 123     -0.611365E+08   -0.1746937E+09   -0.4181457E+09
 124      0.334412E+08   -0.9842527E+08   -0.3633852E+09
 125      0.191029E+09   -0.4022854E+08   -0.1956555E+09
 126      0.467418E+09    0.1058615E+08   -0.2663724E+08
 127     -0.192382E+08    0.4596361E+07    0.1430605E+08
 128     -0.346506E+08   -0.1069153E+08    0.1573686E+09
 129     -0.334716E+08   -0.2703954E+08    0.2996651E+09
 130     -0.193625E+08   -0.6504203E+08    0.3670207E+09
 131      0.717091E+07   -0.1040757E+09    0.4350705E+09
 132      0.378160E+08   -0.1407956E+09    0.4318618E+09
 133      0.661209E+08   -0.1755341E+09    0.4276209E+09
 134      0.790520E+08   -0.2022726E+09    0.3671336E+09
 135      0.859378E+08   -0.2294476E+09    0.3056595E+09
 136      0.876213E+08   -0.2453128E+09    0.1995434E+09
 137      0.704394E+08   -0.2594993E+09    0.9249432E+08
 138      0.478442E+08   -0.2613563E+09   -0.3553532E+08
 139      0.152321E+08   -0.2660936E+09   -0.1638159E+09
 140     -0.270477E+08   -0.2552667E+09   -0.2820274E+09
 141     -0.628278E+08   -0.2415477E+09   -0.4021747E+09
 142     -0.942359E+08   -0.2084219E+09   -0.4671551E+09
 143     -0.114630E+09   -0.1758143E+09   -0.5309750E+09
 144     -0.117789E+09   -0.1218523E+09   -0.4884099E+09
 145     -0.765829E+08   -0.5973987E+08   -0.4476092E+09
 146      0.200302E+08   -0.1859460E+08   -0.2450940E+09
 147      0.211065E+09    0.1409002E+08   -0.3757102E+08
 148     -0.225639E+09    0.4252455E+07    0.1622053E+08
 149     -0.189882E+09   -0.1085847E+08    0.1716555E+09
 150     -0.146494E+09   -0.2815866E+08    0.3267222E+09
 151     -0.891256E+08   -0.5823053E+08    0.3954986E+09
 152     -0.228857E+08   -0.8643918E+08    0.4634568E+09
 153      0.451821E+08   -0.1107087E+09    0.4556369E+09
 154      0.102806E+09   -0.1353707E+09    0.4482961E+09
 155      0.145109E+09   -0.1505418E+09    0.3821612E+09
 156      0.177465E+09   -0.1643003E+09    0.3154364E+09
 157      0.196111E+09   -0.1693788E+09    0.2064361E+09
 158      0.197219E+09   -0.1752940E+09    0.9646229E+08
 159      0.176499E+09   -0.1768996E+09   -0.3375877E+08
 160      0.148549E+09   -0.1782110E+09   -0.1640523E+09
 161      0.981906E+08   -0.1708781E+09   -0.2901437E+09
 162      0.438013E+08   -0.1640128E+09   -0.4171526E+09
 163     -0.228790E+08   -0.1422950E+09   -0.4892147E+09
 164     -0.888624E+08   -0.1182703E+09   -0.5622080E+09
 165     -0.155911E+09   -0.7911749E+08   -0.5255015E+09
 166     -0.197724E+09   -0.3824282E+08   -0.4903902E+09
 167     -0.209808E+09   -0.1469202E+08   -0.2670588E+09
 168     -0.148087E+09    0.5606113E+07   -0.3852884E+08
 169     -0.429915E+09    0.4683876E+07    0.1703089E+08
 170     -0.345297E+09   -0.8296054E+07    0.1864964E+09
 171     -0.259969E+09   -0.2395637E+08    0.3553978E+09
 172     -0.158141E+09   -0.4647511E+08    0.4237211E+09
 173     -0.530027E+08   -0.6660141E+08    0.4911471E+09
 174      0.519890E+08   -0.7832993E+08    0.4803266E+09
 175      0.139026E+09   -0.8923269E+08    0.4700218E+09
 176      0.212462E+09   -0.9049870E+08    0.3978357E+09
 177      0.267673E+09   -0.9183067E+08    0.3250969E+09
 178      0.305967E+09   -0.8965565E+08    0.2130720E+09
 179      0.322407E+09   -0.8743525E+08    0.1011784E+09
 180      0.306527E+09   -0.8870295E+08   -0.3175756E+08
 181      0.281082E+09   -0.9069670E+08   -0.1652366E+09
 182      0.225952E+09   -0.9317716E+08   -0.2972892E+09
 183      0.147153E+09   -0.9548328E+08   -0.4303902E+09
 184      0.486130E+08   -0.8607895E+08   -0.5124210E+09
 185     -0.654391E+08   -0.7483072E+08   -0.5968139E+09
 186     -0.195249E+09   -0.5280856E+08   -0.5631047E+09
 187     -0.322176E+09   -0.2969760E+08   -0.5297408E+09
 188     -0.437315E+09   -0.1146598E+08   -0.2896286E+09
 189     -0.503381E+09    0.4487400E+07   -0.4385267E+08
 190     -0.663202E+09    0.1652065E+07    0.2105925E+08
 191     -0.523602E+09   -0.1016225E+08    0.1976678E+09
 192     -0.376919E+09   -0.2352886E+08    0.3727141E+09
 193     -0.222463E+09   -0.3689570E+08    0.4350473E+09
 194     -0.715569E+08   -0.4940945E+08    0.4965524E+09
 195      0.684321E+08   -0.4583136E+08    0.4768647E+09
 196      0.187368E+09   -0.4042865E+08    0.4579616E+09
 197      0.285632E+09   -0.2449568E+08    0.3841609E+09
 198      0.362103E+09   -0.8272974E+07    0.3102257E+09
 199      0.412089E+09    0.3043049E+07    0.2037389E+09
 200      0.441748E+09    0.1277462E+08    0.9797893E+08
 201      0.435634E+09    0.1111668E+08   -0.2961666E+08
 202      0.411747E+09    0.9931023E+07   -0.1575296E+09
 203      0.355693E+09   -0.1188622E+07   -0.2853190E+09
 204      0.263885E+09   -0.1375448E+08   -0.4157820E+09
 205      0.136743E+09   -0.2315444E+08   -0.5050294E+09
 206     -0.241154E+08   -0.3132253E+08   -0.5957041E+09
 207     -0.224081E+09   -0.2449849E+08   -0.5698738E+09
 208     -0.449021E+09   -0.1383679E+08   -0.5458155E+09
 209     -0.687529E+09   -0.3352164E+07   -0.2990118E+09
 210     -0.918603E+09    0.3694853E+07   -0.4434924E+08
 211     -0.897422E+09    0.1449558E+07    0.2687122E+08
 212     -0.700928E+09   -0.9467412E+07    0.2096078E+09
 213     -0.494790E+09   -0.2299390E+08    0.3906530E+09
 214     -0.287851E+09   -0.2474419E+08    0.4472872E+09
 215     -0.900863E+08   -0.2303496E+08    0.5031809E+09
 216      0.851390E+08   -0.1071961E+07    0.4748628E+09
 217      0.237396E+09    0.2223984E+08    0.4463056E+09
 218      0.358492E+09    0.5841665E+08    0.3703150E+09
 219      0.457363E+09    0.9291326E+08    0.2960544E+09
 220      0.518357E+09    0.1147018E+09    0.1944483E+09
 221      0.562286E+09    0.1377459E+09    0.9357953E+08
 222      0.566227E+09    0.1373522E+09   -0.2803256E+08
 223      0.542354E+09    0.1341792E+09   -0.1497836E+09
 224      0.485268E+09    0.1064644E+09   -0.2734934E+09
 225      0.382072E+09    0.7778492E+08   -0.4006273E+09
 226      0.225146E+09    0.4528647E+08   -0.4973393E+09
 227      0.155491E+08    0.1433623E+08   -0.5951764E+09
 228     -0.253072E+09    0.2842542E+07   -0.5781719E+09
 229     -0.575089E+09   -0.5747727E+07   -0.5641134E+09
 230     -0.939505E+09   -0.1168699E+07   -0.3084001E+09
 231     -0.132831E+10    0.1275227E+07   -0.4335035E+08
 232     -0.116819E+10   -0.6617777E+06    0.3457597E+08
 233     -0.883370E+09   -0.8449056E+07    0.2165432E+09
 234     -0.601970E+09   -0.1905839E+08    0.3950037E+09
 235     -0.329444E+09   -0.6237215E+07    0.4316964E+09
 236     -0.887007E+08    0.1024063E+08    0.4691033E+09
 237      0.121946E+09    0.5959594E+08    0.4286658E+09
 238      0.296024E+09    0.1106567E+09    0.3891045E+09
 239      0.427533E+09    0.1665706E+09    0.3179132E+09
 240      0.535402E+09    0.2221204E+09    0.2489835E+09
 241      0.605552E+09    0.2565530E+09    0.1635372E+09
 242      0.655148E+09    0.2895017E+09    0.7869664E+08
 243      0.668631E+09    0.2823249E+09   -0.2005969E+08
 244      0.652123E+09    0.2731450E+09   -0.1203726E+09
 245      0.597465E+09    0.2309619E+09   -0.2313208E+09
 246      0.494176E+09    0.1876515E+09   -0.3438727E+09
 247      0.324330E+09    0.1303272E+09   -0.4420726E+09
 248      0.779127E+08    0.7317031E+08   -0.5444490E+09
 249     -0.254727E+09    0.3844797E+08   -0.5462685E+09
 250     -0.679012E+09    0.7748271E+07   -0.5509489E+09
 251     -0.119332E+10    0.3498809E+07   -0.3046141E+09
 252     -0.175950E+10   -0.2599211E+07   -0.4677321E+08
 253     -0.143793E+10   -0.2143212E+07    0.4352943E+08
 254     -0.106752E+10   -0.7919759E+07    0.2247241E+09
 255     -0.709890E+09   -0.1490404E+08    0.4006193E+09
 256     -0.371688E+09    0.2162704E+08    0.4180284E+09
 257     -0.876581E+08    0.6266698E+08    0.4366198E+09
 258      0.160118E+09    0.1453714E+09    0.3826801E+09
 259      0.353059E+09    0.2280793E+09    0.3327830E+09
 260      0.498396E+09    0.3114945E+09    0.2660062E+09
 261      0.613429E+09    0.3942740E+09    0.2007872E+09
 262      0.693318E+09    0.4407041E+09    0.1330882E+09
 263      0.748760E+09    0.4850019E+09    0.6562872E+08
 264      0.769980E+09    0.4756941E+09   -0.1139954E+08
 265      0.765084E+09    0.4642089E+09   -0.9031868E+08
 266      0.710448E+09    0.3968149E+09   -0.1882947E+09
 267      0.607345E+09    0.3273659E+09   -0.2874421E+09
 268      0.423701E+09    0.2370903E+09   -0.3877852E+09
 269      0.142201E+09    0.1447324E+09   -0.4937658E+09
 270     -0.257352E+09    0.7656426E+08   -0.5153703E+09
 271     -0.785523E+09    0.1376141E+08   -0.5396512E+09
 272     -0.144702E+10    0.4310142E+07   -0.3024494E+09
 273     -0.219346E+10   -0.5273581E+07   -0.5241361E+08
 274     -0.172974E+10   -0.8942542E+07    0.5811247E+08
 275     -0.123330E+10   -0.2646378E+07    0.2188540E+09
 276     -0.768638E+09    0.1589974E+06    0.3706531E+09
 277     -0.364666E+09    0.6803995E+08    0.3494249E+09
 278     -0.423753E+08    0.1431481E+09    0.3318735E+09
 279      0.215942E+09    0.2648838E+09    0.2678474E+09
 280      0.406032E+09    0.3869087E+09    0.2097894E+09
 281      0.546989E+09    0.4991026E+09    0.1607629E+09
 282      0.654644E+09    0.6091995E+09    0.1138021E+09
 283      0.729598E+09    0.6672029E+09    0.7937689E+08
 284      0.787388E+09    0.7232347E+09    0.4570293E+08
 285      0.812783E+09    0.7074150E+09    0.5744159E+07
 286      0.821786E+09    0.6900668E+09   -0.3435268E+08
 287      0.779700E+09    0.6019689E+09   -0.9967723E+08
 288      0.694610E+09    0.5105513E+09   -0.1675811E+09
 289      0.519884E+09    0.3798195E+09   -0.2617569E+09
 290      0.231567E+09    0.2476660E+09   -0.3623383E+09
 291     -0.206541E+09    0.1425683E+09   -0.4162705E+09
 292     -0.834841E+09    0.4377560E+08   -0.4780778E+09
 293     -0.165592E+10    0.1670659E+08   -0.2781097E+09
 294     -0.263742E+10   -0.1159326E+08   -0.6032932E+08
 295     -0.202304E+10   -0.4980412E+07    0.7596625E+08
 296     -0.140201E+10   -0.7488807E+06    0.2153449E+09
 297     -0.835422E+09    0.9936835E+07    0.3448636E+09
 298     -0.355569E+09    0.1299454E+09    0.2838224E+09
 299      0.191393E+07    0.2534340E+09    0.2283558E+09
 300      0.274762E+09    0.4300557E+09    0.1532517E+09
 301      0.462301E+09    0.6025232E+09    0.8429320E+08
 302      0.595017E+09    0.7467322E+09    0.5458914E+08
 303      0.696850E+09    0.8861414E+09    0.2696453E+08
 304      0.764961E+09    0.9569812E+09    0.2507619E+08
 305      0.824309E+09    0.1028351E+10    0.2496281E+08
 306      0.855635E+09    0.1010925E+10    0.2442706E+08
 307      0.876236E+09    0.9902531E+09    0.2400887E+08
 308      0.850389E+09    0.8768424E+09   -0.9060431E+07
 309      0.783005E+09    0.7594312E+09   -0.4443957E+08
 310      0.621167E+09    0.5793824E+09   -0.1343358E+09
 311      0.320383E+09    0.3921887E+09   -0.2313850E+09
 312     -0.152573E+09    0.2268625E+09   -0.3197167E+09
 313     -0.890102E+09    0.6297828E+08   -0.4201059E+09
 314     -0.186991E+10    0.2089282E+08   -0.2561224E+09
 315     -0.308298E+10   -0.1133446E+08   -0.7086159E+08
 316     -0.232037E+10   -0.3322252E+08    0.1041285E+09
 317     -0.148971E+10    0.1285771E+08    0.1787375E+09
 318     -0.784560E+09    0.5506176E+08    0.2315599E+09
 319     -0.264670E+09    0.2385113E+09    0.1070006E+09
 320      0.916268E+08    0.4331014E+09    0.1667825E+07
 321      0.327907E+09    0.6636048E+09   -0.6241117E+08
 322      0.485038E+09    0.8891114E+09   -0.1165558E+09
 323      0.584728E+09    0.1057184E+10   -0.1063185E+09
 324      0.669409E+09    0.1223736E+10   -0.9550081E+08
 325      0.721563E+09    0.1302257E+10   -0.4992924E+08
 326      0.774373E+09    0.1379629E+10   -0.3913760E+07
 327      0.807395E+09    0.1358298E+10    0.4802902E+08
 328      0.839095E+09    0.1337344E+10    0.1005511E+09
 329      0.833608E+09    0.1207500E+10    0.1230715E+09
 330      0.802409E+09    0.1074075E+10    0.1451692E+09
 331      0.680010E+09    0.8424851E+09    0.9336435E+08
 332      0.427735E+09    0.6028518E+09    0.3246110E+08
 333     -0.290995E+08    0.3617034E+09   -0.9370116E+08
 334     -0.803944E+09    0.1277407E+09   -0.2466678E+09
 335     -0.195977E+10    0.4356031E+08   -0.1850510E+09
 336     -0.348090E+10   -0.3843038E+08   -0.8942539E+08
 337     -0.265322E+10    0.2109402E+08    0.1574302E+09
 338     -0.157755E+10    0.3149711E+08    0.1491578E+09
 339     -0.766466E+09    0.9395662E+08    0.1284271E+09
 340     -0.152516E+09    0.4127189E+09   -0.6396810E+08
 341      0.186650E+09    0.7020430E+09   -0.2388056E+09
 342      0.384444E+09    0.1000802E+10   -0.2849226E+09
 343      0.506784E+09    0.1278576E+10   -0.3221522E+09
 344      0.573700E+09    0.1462345E+10   -0.2700885E+09
 345      0.638647E+09    0.1643945E+10   -0.2190141E+09
 346      0.675571E+09    0.1725260E+10   -0.1242718E+09
 347      0.722585E+09    0.1808725E+10   -0.3088754E+08
 348      0.756118E+09    0.1789602E+10    0.7359551E+08
 349      0.800354E+09    0.1771469E+10    0.1799596E+09
 350      0.814863E+09    0.1632309E+10    0.2599386E+09
 351      0.822963E+09    0.1491698E+10    0.3416637E+09
 352      0.742142E+09    0.1213885E+10    0.3304066E+09
 353      0.544452E+09    0.9137550E+09    0.3115995E+09
 354      0.117564E+09    0.5709189E+09    0.1284136E+09
 355     -0.741300E+09    0.1929414E+09   -0.8363796E+08
 356     -0.205369E+10    0.7059812E+08   -0.1221533E+09
 357     -0.391929E+10    0.4606697E+07   -0.1298135E+09
 358     -0.288325E+10   -0.1250156E+09    0.1798456E+09
 359     -0.144044E+10    0.8530564E+08    0.7355343E+07
 360     -0.471905E+09    0.2892465E+09   -0.2192586E+09
 361      0.376346E+07    0.7106772E+09   -0.4588950E+09
 362      0.244051E+09    0.1140072E+10   -0.6151418E+09
 363      0.360642E+09    0.1451771E+10   -0.5832920E+09
 364      0.435117E+09    0.1756503E+10   -0.5561807E+09
 365      0.471229E+09    0.1936612E+10   -0.4488946E+09
 366      0.512399E+09    0.2118923E+10   -0.3444878E+09
 367      0.536065E+09    0.2199172E+10   -0.2034262E+09
 368      0.575904E+09    0.2282131E+10   -0.6415421E+08
 369      0.602888E+09    0.2268686E+10    0.8973255E+08
 370      0.645336E+09    0.2259359E+10    0.2458349E+09
 371      0.670049E+09    0.2129880E+10    0.3954304E+09
 372      0.704193E+09    0.2002045E+10    0.5488987E+09
 373      0.670276E+09    0.1705394E+10    0.6322253E+09
 374      0.569844E+09    0.1398986E+10    0.7225501E+09
 375      0.267346E+09    0.9141611E+09    0.5903090E+09
 376     -0.411798E+09    0.4212968E+09    0.3748183E+09
 377     -0.182898E+10    0.1407343E+09    0.8902116E+08
 378     -0.414049E+10   -0.1290524E+09   -0.1345760E+09
 379     -0.373390E+10    0.2623887E+09    0.6213541E+09
 380     -0.114367E+10    0.2925787E+09   -0.5687655E+08
 381     -0.119765E+09    0.5714909E+09   -0.7467564E+09
 382      0.154724E+09    0.1336162E+10   -0.9130151E+09
 383      0.300620E+09    0.1844417E+10   -0.1006142E+10
 384      0.325499E+09    0.2108073E+10   -0.8936508E+09
 385      0.357013E+09    0.2378743E+10   -0.7916680E+09
 386      0.362087E+09    0.2516229E+10   -0.6302988E+09
 387      0.381356E+09    0.2662175E+10   -0.4724961E+09
 388      0.392346E+09    0.2733417E+10   -0.2860683E+09
 389      0.423711E+09    0.2809579E+10   -0.1000696E+09
 390      0.446186E+09    0.2809802E+10    0.1058271E+09
 391      0.482956E+09    0.2815782E+10    0.3137616E+09
 392      0.518357E+09    0.2726454E+10    0.5365127E+09
 393      0.578080E+09    0.2645337E+10    0.7629183E+09
 394      0.588500E+09    0.2388920E+10    0.9513183E+09
 395      0.596371E+09    0.2140455E+10    0.1154020E+10
 396      0.415896E+09    0.1575043E+10    0.1118538E+10
 397     -0.134897E+08    0.7622589E+09    0.1002577E+10
 398     -0.143607E+10    0.3674653E+09    0.2286750E+09
 399     -0.503025E+10    0.2045406E+09   -0.5019576E+09
 400     -0.284989E+10   -0.4564658E+09   -0.1602312E+09
 401     -0.422151E+09    0.8307711E+09   -0.9230697E+09
 402     -0.966259E+08    0.2052180E+10   -0.1482067E+10
 403      0.985427E+08    0.2420093E+10   -0.1312875E+10
 404      0.147129E+09    0.2815109E+10   -0.1232073E+10
 405      0.160948E+09    0.2953981E+10   -0.1057327E+10
 406      0.174861E+09    0.3111215E+10   -0.8930433E+09
 407      0.177187E+09    0.3180177E+10   -0.7085386E+09
 408      0.186889E+09    0.3256171E+10   -0.5262151E+09
 409      0.192763E+09    0.3294688E+10   -0.3285238E+09
 410      0.207639E+09    0.3339521E+10   -0.1307731E+09
 411      0.222829E+09    0.3359522E+10    0.9165422E+08
 412      0.239074E+09    0.3381798E+10    0.3135348E+09
 413      0.262674E+09    0.3359754E+10    0.5669355E+09
 414      0.297597E+09    0.3348729E+10    0.8246174E+09
 415      0.310954E+09    0.3217116E+10    0.1107616E+10
 416      0.322140E+09    0.3101150E+10    0.1406268E+10
 417      0.260494E+09    0.2655026E+10    0.1601147E+10
 418     -0.377049E+07    0.2195363E+10    0.1912831E+10
 419     -0.534474E+09    0.9050578E+09    0.1210675E+10
 420     -0.364000E+10   -0.4056106E+09    0.3257847E+09
 421     -0.132190E+10    0.4494459E+10   -0.1070403E+10
 422      0.124230E+09    0.4387921E+10   -0.1745328E+10
 423     -0.811445E+08    0.4233241E+10   -0.2052974E+10
 424      0.241497E+08    0.4086123E+10   -0.1645720E+10
 425     -0.795833E+07    0.4016719E+10   -0.1425082E+10
 426      0.881340E+06    0.3968045E+10   -0.1196844E+10
 427     -0.178927E+07    0.3934304E+10   -0.9823241E+09
 428     -0.989526E+06    0.3911784E+10   -0.7768223E+09
 429     -0.432146E+06    0.3894267E+10   -0.5729579E+09
 430      0.434698E+06    0.3881890E+10   -0.3649905E+09
 431      0.266306E+06    0.3863275E+10   -0.1580922E+09
 432      0.687604E+07    0.3874692E+10    0.7704146E+08
 433      0.556735E+07    0.3905111E+10    0.3097994E+09
 434      0.159436E+08    0.4007027E+10    0.5900350E+09
 435      0.246157E+08    0.4109497E+10    0.8766739E+09
 436      0.392197E+08    0.4189521E+10    0.1244760E+10
 437      0.445612E+08    0.4285994E+10    0.1633667E+10
 438      0.873256E+08    0.4281591E+10    0.2033317E+10
 439     -0.152028E+08    0.4369503E+10    0.2687173E+10
 440      0.202831E+09    0.4126960E+10    0.2252273E+10
 441     -0.153764E+10    0.3790412E+10    0.1466543E+10
