   1      0.275261E+09    0.2931721E+07   -0.3303398E+07
   2      0.313231E+09    0.8079614E+07   -0.2244601E+07
   3      0.297113E+09    0.1302713E+08   -0.8769915E+06
   4      0.262441E+09   -0.1719387E+07   -0.5549655E+05
   5      0.208799E+09   -0.1731102E+08    0.6390099E+06
   6      0.135147E+09   -0.4411232E+08    0.6809547E+06
   7      0.462756E+08   -0.7046234E+08    0.1212178E+07
   8     -0.612165E+08   -0.1015517E+09    0.1903686E+07
   9     -0.180336E+09   -0.1318026E+09    0.4530008E+06
  10     -0.307721E+09   -0.1516930E+09    0.1162369E+07
  11     -0.428504E+09   -0.1753861E+09    0.2340705E+07
  12     -0.549976E+09   -0.1732156E+09   -0.1224805E+07
  13     -0.570952E+09   -0.1646204E+09   -0.2627948E+07
  14     -0.409346E+09   -0.1418919E+09   -0.5449925E+06
  15     -0.256606E+09   -0.1220625E+09    0.1442710E+06
  16     -0.107465E+09   -0.9563048E+08    0.9803565E+04
  17      0.404906E+08   -0.6840404E+08    0.5712510E+05
  18      0.192257E+09   -0.4273606E+08    0.2288525E+05
  19      0.355145E+09   -0.1664295E+08   -0.4396930E+05
  20      0.531798E+09   -0.5643750E+07    0.2836982E+06
  21      0.736290E+09    0.3941166E+07    0.6887422E+06
  22      0.285364E+09    0.1036776E+07   -0.4163134E+07
  23      0.306630E+09   -0.2794895E+07    0.8305918E+06
  24      0.289708E+09   -0.6254172E+07    0.7006797E+07
  25      0.256282E+09   -0.1998463E+08    0.1426602E+08
  26      0.204221E+09   -0.3432003E+08    0.2040871E+08
  27      0.131972E+09   -0.5697323E+08    0.2356058E+08
  28      0.452742E+08   -0.8037994E+08    0.2689033E+08
  29     -0.594425E+08   -0.1038822E+09    0.2521209E+08
  30     -0.174668E+09   -0.1274437E+09    0.2289457E+08
  31     -0.302985E+09   -0.1440854E+09    0.1716499E+08
  32     -0.418043E+09   -0.1598472E+09    0.1119156E+08
  33     -0.536309E+09   -0.1596573E+09   -0.2015594E+07
  34     -0.566090E+09   -0.1591438E+09   -0.1368194E+08
  35     -0.403817E+09   -0.1414440E+09   -0.1813854E+08
  36     -0.252481E+09   -0.1233032E+09   -0.2376578E+08
  37     -0.105460E+09   -0.9658392E+08   -0.2605471E+08
  38      0.397451E+08   -0.6970462E+08   -0.2815993E+08
  39      0.188544E+09   -0.4428673E+08   -0.2456271E+08
  40      0.347939E+09   -0.1893364E+08   -0.2062125E+08
  41      0.520969E+09   -0.7478961E+07   -0.1024945E+08
  42      0.727996E+09    0.3061134E+07   -0.1642313E+06
  43      0.297099E+09    0.2352076E+07   -0.4926690E+07
  44      0.300362E+09   -0.3205226E+07    0.4241926E+07
  45      0.282191E+09   -0.8815285E+07    0.1485900E+08
  46      0.249799E+09   -0.2458065E+08    0.2837893E+08
  47      0.199602E+09   -0.4136032E+08    0.4033612E+08
  48      0.128272E+09   -0.6582187E+08    0.4623482E+08
  49      0.445044E+08   -0.8938604E+08    0.5195982E+08
  50     -0.575287E+08   -0.1118995E+09    0.4823141E+08
  51     -0.170211E+09   -0.1357341E+09    0.4593355E+08
  52     -0.297361E+09   -0.1516270E+09    0.3305459E+08
  53     -0.408312E+09   -0.1662728E+09    0.1953082E+08
  54     -0.521641E+09   -0.1657533E+09   -0.2705887E+07
  55     -0.561783E+09   -0.1644721E+09   -0.2485796E+08
  56     -0.398714E+09   -0.1464053E+09   -0.3573994E+08
  57     -0.248617E+09   -0.1283246E+09   -0.4758688E+08
  58     -0.103598E+09   -0.1007536E+09   -0.5203996E+08
  59      0.389432E+08   -0.7279311E+08   -0.5627896E+08
  60      0.184799E+09   -0.4642906E+08   -0.4897505E+08
  61      0.340867E+09   -0.1987487E+08   -0.4118175E+08
  62      0.509898E+09   -0.7269460E+07   -0.2069507E+08
  63      0.721285E+09    0.4017330E+07   -0.5927830E+06
  64      0.294701E+09    0.2034085E+07   -0.3585067E+07
  65      0.283565E+09   -0.5709510E+07    0.1223785E+08
  66      0.264826E+09   -0.1395528E+08    0.2912544E+08
  67      0.232679E+09   -0.3276991E+08    0.4634831E+08
  68      0.189448E+09   -0.5154278E+08    0.6247097E+08
  69      0.121396E+09   -0.7367409E+08    0.6857348E+08
  70      0.443453E+08   -0.9582375E+08    0.7474593E+08
  71     -0.519233E+08   -0.1178844E+09    0.6955971E+08
  72     -0.161838E+09   -0.1398129E+09    0.6491580E+08
  73     -0.275650E+09   -0.1529870E+09    0.4583264E+08
  74     -0.388416E+09   -0.1662177E+09    0.2654152E+08
  75     -0.489642E+09   -0.1669600E+09   -0.2291775E+07
  76     -0.538988E+09   -0.1677982E+09   -0.3181812E+08
  77     -0.379229E+09   -0.1521079E+09   -0.5200836E+08
  78     -0.234772E+09   -0.1350421E+09   -0.7233136E+08
  79     -0.970046E+08   -0.1065692E+09   -0.7958243E+08
  80      0.368358E+08   -0.7802867E+08   -0.8657677E+08
  81      0.173210E+09   -0.5051160E+08   -0.7539473E+08
  82      0.319571E+09   -0.2321914E+08   -0.6375009E+08
  83      0.478762E+09   -0.9711333E+07   -0.3331923E+08
  84      0.686771E+09    0.2909727E+07   -0.3224846E+07
  85      0.290787E+09    0.2631778E+07   -0.2092655E+07
  86      0.267148E+09   -0.6573610E+07    0.2000328E+08
  87      0.247524E+09   -0.1633200E+08    0.4320352E+08
  88      0.216242E+09   -0.3667492E+08    0.6402812E+08
  89      0.179450E+09   -0.5711884E+08    0.8428837E+08
  90      0.114937E+09   -0.8632760E+08    0.9171594E+08
  91      0.440121E+08   -0.1156424E+09    0.9835579E+08
  92     -0.471709E+08   -0.1367485E+09    0.9043925E+08
  93     -0.151417E+09   -0.1571554E+09    0.8223496E+08
  94     -0.255633E+09   -0.1682293E+09    0.5838195E+08
  95     -0.366283E+09   -0.1793105E+09    0.3390763E+08
  96     -0.458941E+09   -0.1792946E+09   -0.1797943E+07
  97     -0.515562E+09   -0.1801697E+09   -0.3779260E+08
  98     -0.359412E+09   -0.1640346E+09   -0.6799010E+08
  99     -0.220852E+09   -0.1459737E+09   -0.9718981E+08
 100     -0.904766E+08   -0.1152655E+09   -0.1071689E+09
 101      0.346083E+08   -0.8438460E+08   -0.1169484E+09
 102      0.161562E+09   -0.5439252E+08   -0.1018451E+09
 103      0.298239E+09   -0.2408586E+08   -0.8640863E+08
 104      0.448315E+09   -0.8863238E+07   -0.4597438E+08
 105      0.650925E+09    0.4749722E+07   -0.5731529E+07
 106      0.260572E+09    0.3230955E+07   -0.8473848E+06
 107      0.235816E+09   -0.7733192E+07    0.3075847E+08
 108      0.218102E+09   -0.1950536E+08    0.6295713E+08
 109      0.192139E+09   -0.4475785E+08    0.8796928E+08
 110      0.160390E+09   -0.7005573E+08    0.1135456E+09
 111      0.108711E+09   -0.9964415E+08    0.1211698E+09
 112      0.486328E+08   -0.1294238E+09    0.1272769E+09
 113     -0.338711E+08   -0.1537490E+09    0.1130418E+09
 114     -0.127758E+09   -0.1771668E+09    0.9890263E+08
 115     -0.226243E+09   -0.1874912E+09    0.6862870E+08
 116     -0.327786E+09   -0.1976864E+09    0.3822234E+08
 117     -0.418847E+09   -0.1962599E+09   -0.2828753E+07
 118     -0.468301E+09   -0.1952688E+09   -0.4614696E+08
 119     -0.321887E+09   -0.1766140E+09   -0.8660849E+08
 120     -0.194644E+09   -0.1567858E+09   -0.1249493E+09
 121     -0.776590E+08   -0.1245433E+09   -0.1385518E+09
 122      0.319274E+08   -0.9199130E+08   -0.1519838E+09
 123      0.141970E+09   -0.5956545E+08   -0.1330971E+09
 124      0.261537E+09   -0.2707323E+08   -0.1139172E+09
 125      0.395700E+09   -0.1098976E+08   -0.6090428E+08
 126      0.577258E+09    0.3797719E+07   -0.7918545E+07
 127      0.231096E+09    0.3824278E+07   -0.2865023E+06
 128      0.204275E+09   -0.6927874E+07    0.4101787E+08
 129      0.189554E+09   -0.1860478E+08    0.8289997E+08
 130      0.167722E+09   -0.4975056E+08    0.1130176E+09
 131      0.140945E+09   -0.8148252E+08    0.1434776E+09
 132      0.102957E+09   -0.1131757E+09    0.1495352E+09
 133      0.526260E+08   -0.1428269E+09    0.1549166E+09
 134     -0.198427E+08   -0.1683389E+09    0.1370101E+09
 135     -0.105420E+09   -0.1959884E+09    0.1182024E+09
 136     -0.195323E+09   -0.2096082E+09    0.7944493E+08
 137     -0.292820E+09   -0.2218017E+09    0.4282829E+08
 138     -0.378154E+09   -0.2182990E+09   -0.4239925E+07
 139     -0.420988E+09   -0.2142328E+09   -0.5626004E+08
 140     -0.284279E+09   -0.1921056E+09   -0.1059534E+09
 141     -0.168398E+09   -0.1698800E+09   -0.1529419E+09
 142     -0.648963E+08   -0.1353059E+09   -0.1702554E+09
 143      0.291277E+08   -0.1000151E+09   -0.1873057E+09
 144      0.122280E+09   -0.6421490E+08   -0.1646235E+09
 145      0.224768E+09   -0.2750791E+08   -0.1415829E+09
 146      0.343204E+09   -0.9675046E+07   -0.7567842E+08
 147      0.503654E+09    0.5890014E+07   -0.9735769E+07
 148      0.174220E+09    0.4115675E+07    0.8038068E+06
 149      0.150505E+09   -0.1056595E+08    0.5474531E+08
 150      0.142672E+09   -0.2666780E+08    0.1100046E+09
 151      0.133657E+09   -0.5973661E+08    0.1452897E+09
 152      0.121454E+09   -0.9200376E+08    0.1792477E+09
 153      0.997819E+08   -0.1267217E+09    0.1830626E+09
 154      0.615889E+08   -0.1622251E+09    0.1869808E+09
 155      0.470417E+07   -0.1889262E+09    0.1628025E+09
 156     -0.675350E+08   -0.2136808E+09    0.1372622E+09
 157     -0.149446E+09   -0.2243264E+09    0.9106421E+08
 158     -0.243975E+09   -0.2357890E+09    0.4632020E+08
 159     -0.321601E+09   -0.2297027E+09   -0.1011656E+08
 160     -0.355296E+09   -0.2237113E+09   -0.7017827E+08
 161     -0.229904E+09   -0.2021435E+09   -0.1280045E+09
 162     -0.128949E+09   -0.1796112E+09   -0.1833656E+09
 163     -0.440286E+08   -0.1439500E+09   -0.2053574E+09
 164      0.276503E+08   -0.1077215E+09   -0.2271590E+09
 165      0.954600E+08   -0.6998804E+08   -0.2013793E+09
 166      0.170479E+09   -0.3167441E+08   -0.1750534E+09
 167      0.261365E+09   -0.1244261E+08   -0.9316935E+08
 168      0.391447E+09    0.4910079E+07   -0.1111296E+08
 169      0.117903E+09    0.5552506E+07    0.1868762E+07
 170      0.969605E+08   -0.1065042E+08    0.6886980E+08
 171      0.953193E+08   -0.2862531E+08    0.1371144E+09
 172      0.995686E+08   -0.6564244E+08    0.1771014E+09
 173      0.102569E+09   -0.1023429E+09    0.2153940E+09
 174      0.952324E+08   -0.1411830E+09    0.2182235E+09
 175      0.713997E+08   -0.1790738E+09    0.2209555E+09
 176      0.300193E+08   -0.2017715E+09    0.1880074E+09
 177     -0.288947E+08   -0.2244594E+09    0.1550511E+09
 178     -0.104608E+09   -0.2341516E+09    0.1025975E+09
 179     -0.191654E+09   -0.2430406E+09    0.4946394E+08
 180     -0.265261E+09   -0.2371649E+09   -0.1577693E+08
 181     -0.289172E+09   -0.2316035E+09   -0.8360140E+08
 182     -0.175251E+09   -0.2091594E+09   -0.1502700E+09
 183     -0.894042E+08   -0.1864830E+09   -0.2143009E+09
 184     -0.232004E+08   -0.1507682E+09   -0.2409270E+09
 185      0.259717E+08   -0.1141243E+09   -0.2674690E+09
 186      0.683547E+08   -0.7428905E+08   -0.2384615E+09
 187      0.115895E+09   -0.3291464E+08   -0.2086848E+09
 188      0.179129E+09   -0.1165106E+08   -0.1107019E+09
 189      0.280342E+09    0.6769022E+07   -0.1246806E+08
 190      0.233004E+08    0.5110551E+07    0.4579421E+07
 191      0.132389E+08   -0.1500608E+08    0.8809598E+08
 192      0.310343E+08   -0.3721031E+08    0.1723068E+09
 193      0.573640E+08   -0.7775156E+08    0.2150527E+09
 194      0.834115E+08   -0.1179953E+09    0.2568594E+09
 195      0.989684E+08   -0.1526179E+09    0.2524069E+09
 196      0.941046E+08   -0.1847836E+09    0.2472540E+09
 197      0.692218E+08   -0.2048639E+09    0.2084385E+09
 198      0.204834E+08   -0.2261607E+09    0.1703648E+09
 199     -0.437194E+08   -0.2333657E+09    0.1094900E+09
 200     -0.121553E+09   -0.2396939E+09    0.4817844E+08
 201     -0.195963E+09   -0.2312605E+09   -0.2282583E+08
 202     -0.206610E+09   -0.2233639E+09   -0.9712890E+08
 203     -0.105541E+09   -0.2032790E+09   -0.1704185E+09
 204     -0.361482E+08   -0.1829564E+09   -0.2412158E+09
 205      0.812385E+07   -0.1502176E+09   -0.2737764E+09
 206      0.290626E+08   -0.1165065E+09   -0.3065549E+09
 207      0.370055E+08   -0.7756662E+08   -0.2768280E+09
 208      0.438513E+08   -0.3726283E+08   -0.2462838E+09
 209      0.629952E+08   -0.1468956E+08   -0.1311707E+09
 210      0.120992E+09    0.5389631E+07   -0.1526275E+08
 211     -0.711888E+08    0.7069233E+07    0.7302321E+07
 212     -0.706150E+08   -0.1468162E+08    0.1075794E+09
 213     -0.338147E+08   -0.3990253E+08    0.2086256E+09
 214      0.148615E+08   -0.8302392E+08    0.2539658E+09
 215      0.625095E+08   -0.1231073E+09    0.2983256E+09
 216      0.104272E+09   -0.1537608E+09    0.2869283E+09
 217      0.116493E+09   -0.1840799E+09    0.2744519E+09
 218      0.107461E+09   -0.1973838E+09    0.2298758E+09
 219      0.707249E+08   -0.2098027E+09    0.1857344E+09
 220      0.189778E+08   -0.2097730E+09    0.1164971E+09
 221     -0.520188E+08   -0.2108954E+09    0.4767988E+08
 222     -0.125673E+09   -0.2047696E+09   -0.2992591E+08
 223     -0.123248E+09   -0.1980995E+09   -0.1110519E+09
 224     -0.351457E+08   -0.1821957E+09   -0.1910584E+09
 225      0.174378E+08   -0.1670714E+09   -0.2687959E+09
 226      0.395163E+08   -0.1409584E+09   -0.3073722E+09
 227      0.317412E+08   -0.1136249E+09   -0.3464520E+09
 228      0.501525E+07   -0.7693347E+08   -0.3158470E+09
 229     -0.289332E+08   -0.3750145E+08   -0.2843657E+09
 230     -0.535500E+08   -0.1343151E+08   -0.1518333E+09
 231     -0.385121E+08    0.7196032E+07   -0.1802086E+08
 232     -0.220545E+09    0.5123585E+07    0.1269843E+08
 233     -0.189354E+09   -0.1936479E+08    0.1310001E+09
 234     -0.115861E+09   -0.4704171E+08    0.2495263E+09
 235     -0.265509E+08   -0.8687461E+08    0.2908353E+09
 236      0.545777E+08   -0.1245208E+09    0.3295815E+09
 237      0.124478E+09   -0.1454240E+09    0.3077154E+09
 238      0.155683E+09   -0.1650824E+09    0.2865393E+09
 239      0.158422E+09   -0.1676124E+09    0.2334759E+09
 240      0.134261E+09   -0.1690878E+09    0.1815076E+09
 241      0.890341E+08   -0.1626607E+09    0.1119905E+09
 242      0.267209E+08   -0.1574153E+09    0.4230690E+08
 243     -0.474229E+08   -0.1493812E+09   -0.3664426E+08
 244     -0.347160E+08   -0.1416550E+09   -0.1179871E+09
 245      0.429519E+08   -0.1346140E+09   -0.1981274E+09
 246      0.825301E+08   -0.1284763E+09   -0.2770204E+09
 247      0.841464E+08   -0.1145315E+09   -0.3227487E+09
 248      0.464061E+08   -0.9925734E+08   -0.3697535E+09
 249     -0.222968E+08   -0.7049818E+08   -0.3451657E+09
 250     -0.112338E+09   -0.3868659E+08   -0.3200523E+09
 251     -0.203168E+09   -0.1528624E+08   -0.1727243E+09
 252     -0.259880E+09    0.4743363E+07   -0.2268579E+08
 253     -0.368279E+09    0.9220516E+07    0.1735987E+08
 254     -0.309152E+09   -0.1830326E+08    0.1550830E+09
 255     -0.199399E+09   -0.5063664E+08    0.2923337E+09
 256     -0.695674E+08   -0.8617447E+08    0.3296361E+09
 257      0.468884E+08   -0.1161809E+09    0.3637823E+09
 258      0.144488E+09   -0.1182860E+09    0.3302804E+09
 259      0.195092E+09   -0.1186789E+09    0.2990880E+09
 260      0.212095E+09   -0.1015401E+09    0.2380292E+09
 261      0.198297E+09   -0.8570398E+08    0.1783996E+09
 262      0.159769E+09   -0.6987866E+08    0.1077228E+09
 263      0.107484E+09   -0.5496758E+08    0.3615542E+08
 264      0.321529E+08   -0.4943380E+08   -0.4409984E+08
 265      0.543468E+08   -0.4403341E+08   -0.1255545E+09
 266      0.122045E+09   -0.5065108E+08   -0.2055736E+09
 267      0.148354E+09   -0.5968220E+08   -0.2856386E+09
 268      0.129509E+09   -0.6615870E+08   -0.3391096E+09
 269      0.604291E+08   -0.7172879E+08   -0.3944337E+09
 270     -0.504462E+08   -0.5626565E+08   -0.3758582E+09
 271     -0.197814E+09   -0.3599355E+08   -0.3570088E+09
 272     -0.354022E+09   -0.1298992E+08   -0.1941468E+09
 273     -0.481797E+09    0.6617540E+07   -0.2746220E+08
 274     -0.586605E+09    0.1632464E+07    0.2925511E+08
 275     -0.462878E+09   -0.2412412E+08    0.1803326E+09
 276     -0.279269E+09   -0.5558620E+08    0.3277834E+09
 277     -0.893562E+08   -0.7134675E+08    0.3418033E+09
 278      0.696834E+08   -0.8053835E+08    0.3540748E+09
 279      0.186946E+09   -0.5194480E+08    0.3054139E+09
 280      0.249996E+09   -0.2175736E+08    0.2603542E+09
 281      0.270563E+09    0.1988239E+08    0.2014323E+09
 282      0.258711E+09    0.6051877E+08    0.1447538E+09
 283      0.221906E+09    0.8693626E+08    0.8448372E+08
 284      0.174181E+09    0.1123946E+09    0.2428618E+08
 285      0.101504E+09    0.1113232E+09   -0.4222798E+08
 286      0.126199E+09    0.1091367E+09   -0.1101457E+09
 287      0.191732E+09    0.8181776E+08   -0.1789986E+09
 288      0.216427E+09    0.5262116E+08   -0.2485192E+09
 289      0.187994E+09    0.1731943E+08   -0.3071302E+09
 290      0.989844E+08   -0.1726337E+08   -0.3694596E+09
 291     -0.537447E+08   -0.2604636E+08   -0.3706080E+09
 292     -0.270809E+09   -0.2852305E+08   -0.3736009E+09
 293     -0.525497E+09   -0.1177729E+08   -0.2084407E+09
 294     -0.772653E+09    0.4164773E+06   -0.3562997E+08
 295     -0.807506E+09    0.1170501E+08    0.4393989E+08
 296     -0.618535E+09   -0.2347736E+08    0.2082040E+09
 297     -0.368600E+09   -0.5930010E+08    0.3686384E+09
 298     -0.107878E+09   -0.4343559E+08    0.3583758E+09
 299      0.903725E+08   -0.1907153E+08    0.3466332E+09
 300      0.232949E+09    0.5914746E+08    0.2818352E+09
 301      0.309037E+09    0.1347696E+09    0.2204843E+09
 302      0.330165E+09    0.2086664E+09    0.1636331E+09
 303      0.321846E+09    0.2792785E+09    0.1091953E+09
 304      0.284706E+09    0.3159070E+09    0.6062254E+08
 305      0.240593E+09    0.3503830E+09    0.1274245E+08
 306      0.170496E+09    0.3426677E+09   -0.3969010E+08
 307      0.199363E+09    0.3350770E+09   -0.9310120E+08
 308      0.262765E+09    0.2829715E+09   -0.1510027E+09
 309      0.286323E+09    0.2271573E+09   -0.2098082E+09
 310      0.249713E+09    0.1501560E+09   -0.2753047E+09
 311      0.137276E+09    0.6956368E+08   -0.3455849E+09
 312     -0.559173E+08    0.2278445E+08   -0.3685257E+09
 313     -0.351317E+09   -0.1848424E+08   -0.3939653E+09
 314     -0.699695E+09   -0.7133746E+07   -0.2243760E+09
 315     -0.106711E+10    0.6298679E+07   -0.4579889E+08
 316     -0.112646E+10   -0.1523032E+08    0.6952363E+08
 317     -0.775743E+09   -0.2064442E+08    0.2206003E+09
 318     -0.386851E+09   -0.3627107E+08    0.3532921E+09
 319     -0.611822E+08    0.3675882E+08    0.2836529E+09
 320      0.160913E+09    0.1250060E+09    0.2252177E+09
 321      0.291713E+09    0.2610221E+09    0.1574330E+09
 322      0.357102E+09    0.3956432E+09    0.9901854E+08
 323      0.361322E+09    0.4971730E+09    0.6973331E+08
 324      0.348980E+09    0.5956761E+09    0.4110116E+08
 325      0.305682E+09    0.6354348E+09    0.2341132E+08
 326      0.263982E+09    0.6742779E+09    0.5024963E+07
 327      0.200861E+09    0.6562003E+09   -0.2084501E+08
 328      0.223961E+09    0.6394310E+09   -0.4592771E+08
 329      0.293215E+09    0.5618358E+09   -0.7208483E+08
 330      0.330362E+09    0.4806357E+09   -0.9912845E+08
 331      0.306093E+09    0.3526825E+09   -0.1519641E+09
 332      0.208476E+09    0.2218427E+09   -0.2121931E+09
 333     -0.221029E+07    0.1132080E+09   -0.2709289E+09
 334     -0.355216E+09    0.1665533E+08   -0.3440353E+09
 335     -0.850253E+09    0.3239408E+07   -0.2131825E+09
 336     -0.142164E+10   -0.1653262E+08   -0.6067360E+08
 337     -0.147653E+10    0.3938319E+08    0.1200836E+09
 338     -0.936493E+09   -0.8296941E+07    0.2419749E+09
 339     -0.441841E+09   -0.1471342E+08    0.3532087E+09
 340      0.678105E+07    0.1889401E+09    0.2197058E+09
 341      0.240512E+09    0.3752594E+09    0.9224292E+08
 342      0.357275E+09    0.5945415E+09    0.2668776E+08
 343      0.405480E+09    0.7923628E+09   -0.2692626E+08
 344      0.392957E+09    0.9123977E+09   -0.2697561E+08
 345      0.373612E+09    0.1030065E+10   -0.2825589E+08
 346      0.325299E+09    0.1070385E+10   -0.1457894E+08
 347      0.285350E+09    0.1111270E+10   -0.2905560E+07
 348      0.230384E+09    0.1082616E+10   -0.9981483E+06
 349      0.243929E+09    0.1055576E+10    0.3743250E+07
 350      0.322631E+09    0.9531066E+09    0.1114808E+08
 351      0.375515E+09    0.8489536E+09    0.1752875E+08
 352      0.367150E+09    0.6661522E+09   -0.2149317E+08
 353      0.286344E+09    0.4654865E+09   -0.6707674E+08
 354      0.708858E+08    0.2696681E+09   -0.1798132E+09
 355     -0.387089E+09    0.5331354E+08   -0.3054565E+09
 356     -0.100492E+10    0.2183442E+08   -0.2088918E+09
 357     -0.180579E+10    0.2997125E+08   -0.9412346E+08
 358     -0.188667E+10   -0.1048189E+09    0.1538875E+09
 359     -0.964008E+09    0.3497955E+08    0.1610952E+09
 360     -0.230422E+09    0.1606679E+09    0.1011187E+09
 361      0.128180E+09    0.4987302E+09   -0.1010323E+09
 362      0.300404E+09    0.8567506E+09   -0.2208145E+09
 363      0.354639E+09    0.1108515E+10   -0.2089651E+09
 364      0.373104E+09    0.1351210E+10   -0.1989618E+09
 365      0.346876E+09    0.1472732E+10   -0.1451996E+09
 366      0.320757E+09    0.1594794E+10   -0.9444964E+08
 367      0.275993E+09    0.1621880E+10   -0.4113909E+08
 368      0.241452E+09    0.1650201E+10    0.9792076E+07
 369      0.200459E+09    0.1605184E+10    0.4429225E+08
 370      0.197698E+09    0.1564273E+10    0.7941932E+08
 371      0.275286E+09    0.1451214E+10    0.1287627E+09
 372      0.339203E+09    0.1339135E+10    0.1818470E+09
 373      0.354438E+09    0.1116034E+10    0.2039806E+09
 374      0.326139E+09    0.8847351E+09    0.2306766E+09
 375      0.178109E+09    0.5466874E+09    0.1362531E+09
 376     -0.185122E+09    0.2202057E+09   -0.2984424E+08
 377     -0.995359E+09    0.6623211E+08   -0.9926083E+08
 378     -0.216563E+10   -0.9426734E+08   -0.1067368E+09
 379     -0.294214E+10    0.2557725E+09    0.6167251E+09
 380     -0.843892E+09    0.2378196E+09    0.1720433E+09
 381      0.550166E+08    0.4619643E+09   -0.3242968E+09
 382      0.251870E+09    0.1187701E+10   -0.4826845E+09
 383      0.361381E+09    0.1667704E+10   -0.5517093E+09
 384      0.341047E+09    0.1898709E+10   -0.4588132E+09
 385      0.334853E+09    0.2133650E+10   -0.3741648E+09
 386      0.293732E+09    0.2213262E+10   -0.2656070E+09
 387      0.261494E+09    0.2298098E+10   -0.1593492E+09
 388      0.222069E+09    0.2295823E+10   -0.6664996E+08
 389      0.192894E+09    0.2299291E+10    0.2346058E+08
 390      0.166081E+09    0.2243553E+10    0.9175824E+08
 391      0.149696E+09    0.2190119E+10    0.1558504E+09
 392      0.218294E+09    0.2084412E+10    0.2490179E+09
 393      0.296284E+09    0.1987249E+10    0.3509411E+09
 394      0.331906E+09    0.1770355E+10    0.4447362E+09
 395      0.367857E+09    0.1557977E+10    0.5471460E+09
 396      0.285573E+09    0.1121488E+10    0.5121956E+09
 397      0.853365E+08    0.4712814E+09    0.3978932E+09
 398     -0.849458E+09    0.2524348E+09   -0.6303300E+08
 399     -0.311213E+10    0.2377529E+09   -0.4599004E+09
 400     -0.246221E+10   -0.4588398E+09   -0.1313464E+09
 401     -0.274850E+09    0.8001168E+09   -0.7013855E+09
 402      0.360521E+07    0.2019696E+10   -0.1103759E+10
 403      0.158808E+09    0.2427025E+10   -0.9010541E+09
 404      0.185776E+09    0.2844053E+10   -0.7738058E+09
 405      0.176615E+09    0.2960028E+10   -0.5950541E+09
 406      0.170525E+09    0.3091442E+10   -0.4259671E+09
 407      0.148999E+09    0.3099413E+10   -0.2791418E+09
 408      0.130295E+09    0.3113583E+10   -0.1346643E+09
 409      0.112243E+09    0.3072559E+10   -0.2565665E+08
 410      0.962258E+08    0.3034536E+10    0.8241168E+08
 411      0.837398E+08    0.2966135E+10    0.1623286E+09
 412      0.744390E+08    0.2899621E+10    0.2358228E+09
 413      0.106361E+09    0.2818175E+10    0.3343961E+09
 414      0.152023E+09    0.2748331E+10    0.4437433E+09
 415      0.175796E+09    0.2610035E+10    0.6037255E+09
 416      0.196090E+09    0.2481520E+10    0.7718980E+09
 417      0.184127E+09    0.2112962E+10    0.9081420E+09
 418      0.382183E+08    0.1744053E+10    0.1127434E+10
 419     -0.260105E+09    0.6824289E+09    0.7229728E+09
 420     -0.250316E+10   -0.3993562E+09    0.2014932E+09
 421     -0.133211E+10    0.4349885E+10   -0.1043152E+10
 422      0.129756E+09    0.4453350E+10   -0.1545325E+10
 423     -0.682147E+08    0.4504067E+10   -0.1714530E+10
 424      0.400059E+08    0.4400092E+10   -0.1244855E+10
 425      0.321459E+07    0.4380615E+10   -0.9535300E+09
 426      0.124241E+08    0.4295532E+10   -0.6990324E+09
 427      0.800771E+07    0.4226072E+10   -0.4589858E+09
 428      0.788222E+07    0.4123080E+10   -0.2785133E+09
 429      0.446601E+07    0.4025429E+10   -0.1019507E+09
 430      0.638102E+07    0.3925631E+10    0.2139560E+08
 431      0.441907E+07    0.3829282E+10    0.1454076E+09
 432      0.543495E+07    0.3750075E+10    0.2338925E+09
 433      0.309989E+07    0.3667101E+10    0.3155565E+09
 434      0.261072E+07    0.3627292E+10    0.4153354E+09
 435      0.112639E+08    0.3603680E+10    0.5276197E+09
 436      0.219435E+08    0.3614474E+10    0.7441846E+09
 437      0.187022E+08    0.3629606E+10    0.9713886E+09
 438      0.638764E+08    0.3639208E+10    0.1255676E+10
 439     -0.340080E+08    0.3727159E+10    0.1726389E+10
 440      0.190999E+09    0.3720689E+10    0.1564997E+10
 441     -0.128748E+10    0.3646725E+10    0.1151635E+10
