   1      0.134340E+10    0.1158906E+08   -0.4897121E+07
   2      0.110570E+10   -0.5417636E+07   -0.1992064E+07
   3      0.745556E+09   -0.2670049E+08    0.1330326E+07
   4      0.314856E+09   -0.9796817E+08    0.2108627E+07
   5     -0.133984E+09   -0.1737631E+09    0.2646927E+07
   6     -0.597652E+09   -0.2178369E+09   -0.1145507E+07
   7     -0.794927E+09   -0.2470064E+09   -0.3868088E+07
   8     -0.699578E+09   -0.2507600E+09   -0.7718700E+06
   9     -0.600387E+09   -0.2625851E+09    0.5974117E+06
  10     -0.498721E+09   -0.2630613E+09    0.1566682E+06
  11     -0.401905E+09   -0.2622333E+09    0.2076254E+06
  12     -0.306685E+09   -0.2442372E+09    0.2622002E+06
  13     -0.218259E+09   -0.2257141E+09    0.3046245E+06
  14     -0.130994E+09   -0.1930233E+09    0.3377554E+06
  15     -0.460059E+08   -0.1599445E+09    0.3674858E+06
  16      0.424427E+08   -0.1215136E+09    0.3861167E+06
  17      0.137975E+09   -0.8292699E+08    0.3917884E+06
  18      0.244121E+09   -0.5130373E+08    0.3669994E+06
  19      0.368464E+09   -0.1979028E+08    0.2477119E+06
  20      0.510393E+09   -0.7288157E+07    0.2703543E+06
  21      0.678604E+09    0.4193901E+07    0.3999359E+06
  22      0.133199E+10    0.6836388E+07   -0.3238670E+07
  23      0.107792E+10   -0.1779825E+08    0.2228003E+08
  24      0.723184E+09   -0.4493279E+08    0.5041239E+08
  25      0.306912E+09   -0.1043668E+09    0.6061429E+08
  26     -0.126364E+09   -0.1664766E+09    0.6708084E+08
  27     -0.562713E+09   -0.2094464E+09    0.3739372E+08
  28     -0.797248E+09   -0.2450994E+09    0.1278627E+08
  29     -0.694683E+09   -0.2557240E+09    0.1240359E+08
  30     -0.593429E+09   -0.2694452E+09    0.7665153E+07
  31     -0.490390E+09   -0.2685645E+09   -0.1097886E+07
  32     -0.393032E+09   -0.2673643E+09   -0.9624701E+07
  33     -0.298191E+09   -0.2489562E+09   -0.1828242E+08
  34     -0.210970E+09   -0.2300156E+09   -0.2691559E+08
  35     -0.125631E+09   -0.1969349E+09   -0.3243140E+08
  36     -0.432118E+08   -0.1634589E+09   -0.3787925E+08
  37      0.422169E+08   -0.1246455E+09   -0.3777754E+08
  38      0.134455E+09   -0.8569512E+08   -0.3754889E+08
  39      0.237323E+09   -0.5367793E+08   -0.3083259E+08
  40      0.358827E+09   -0.2204764E+08   -0.2391653E+08
  41      0.498654E+09   -0.8848851E+07   -0.1218661E+08
  42      0.666153E+09    0.3642701E+07   -0.6802507E+06
  43      0.132118E+10    0.8531451E+07   -0.8751186E+06
  44      0.105044E+10   -0.1816909E+08    0.4725919E+08
  45      0.700221E+09   -0.4749661E+08    0.9930744E+08
  46      0.299253E+09   -0.1089508E+09    0.1186500E+09
  47     -0.116890E+09   -0.1732668E+09    0.1308860E+09
  48     -0.523503E+09   -0.2242499E+09    0.7422543E+08
  49     -0.812376E+09   -0.2681287E+09    0.2822534E+08
  50     -0.688516E+09   -0.2786084E+09    0.2528564E+08
  51     -0.587510E+09   -0.2916268E+09    0.1465245E+08
  52     -0.482232E+09   -0.2899319E+09   -0.2168305E+07
  53     -0.384444E+09   -0.2878929E+09   -0.1916780E+08
  54     -0.289813E+09   -0.2678192E+09   -0.3658031E+08
  55     -0.203852E+09   -0.2471616E+09   -0.5388068E+08
  56     -0.120383E+09   -0.2115750E+09   -0.6491462E+08
  57     -0.405426E+08   -0.1756019E+09   -0.7582204E+08
  58      0.419082E+08   -0.1337929E+09   -0.7560349E+08
  59      0.130927E+09   -0.9176916E+08   -0.7513370E+08
  60      0.230613E+09   -0.5695040E+08   -0.6168084E+08
  61      0.349454E+09   -0.2216406E+08   -0.4784246E+08
  62      0.487298E+09   -0.8143631E+07   -0.2435515E+08
  63      0.654341E+09    0.4683033E+07   -0.1302381E+07
  64      0.124692E+10    0.7670409E+07    0.2416943E+07
  65      0.976315E+09   -0.1861614E+08    0.7449066E+08
  66      0.643575E+09   -0.4750230E+08    0.1499075E+09
  67      0.273216E+09   -0.1093045E+09    0.1779486E+09
  68     -0.975695E+08   -0.1722039E+09    0.2022445E+09
  69     -0.449903E+09   -0.2412118E+09    0.1372549E+09
  70     -0.752874E+09   -0.3063398E+09    0.6339904E+08
  71     -0.676367E+09   -0.3147411E+09    0.3573932E+08
  72     -0.564408E+09   -0.3240716E+09    0.1922174E+08
  73     -0.456045E+09   -0.3212953E+09   -0.5351350E+07
  74     -0.356976E+09   -0.3180576E+09   -0.3235683E+08
  75     -0.263688E+09   -0.2952114E+09   -0.5908350E+08
  76     -0.181422E+09   -0.2720019E+09   -0.8577149E+08
  77     -0.103805E+09   -0.2333405E+09   -0.1029195E+09
  78     -0.317528E+08   -0.1942450E+09   -0.1198976E+09
  79      0.414571E+08   -0.1488991E+09   -0.1199028E+09
  80      0.120224E+09   -0.1032864E+09   -0.1195457E+09
  81      0.209526E+09   -0.6503549E+08   -0.9863848E+08
  82      0.319171E+09   -0.2708559E+08   -0.7709990E+08
  83      0.449901E+09   -0.1083835E+08   -0.3936230E+08
  84      0.614129E+09    0.4438519E+07   -0.2279247E+07
  85      0.117261E+10    0.8987763E+07    0.4275096E+07
  86      0.901854E+09   -0.1655418E+08    0.1008612E+09
  87      0.587875E+09   -0.4508978E+08    0.2011990E+09
  88      0.247777E+09   -0.1101241E+09    0.2381870E+09
  89     -0.792603E+08   -0.1747954E+09    0.2750346E+09
  90     -0.378587E+09   -0.2482528E+09    0.2026397E+09
  91     -0.663355E+09   -0.3236620E+09    0.9841387E+08
  92     -0.678964E+09   -0.3543815E+09    0.4413280E+08
  93     -0.540071E+09   -0.3783236E+09    0.2335355E+08
  94     -0.428678E+09   -0.3686631E+09   -0.8521637E+07
  95     -0.329655E+09   -0.3616034E+09   -0.4605607E+08
  96     -0.237577E+09   -0.3351516E+09   -0.8175725E+08
  97     -0.159087E+09   -0.3082253E+09   -0.1178222E+09
  98     -0.872571E+08   -0.2646620E+09   -0.1411127E+09
  99     -0.231030E+08   -0.2207551E+09   -0.1642014E+09
 100      0.408667E+08   -0.1695516E+09   -0.1643786E+09
 101      0.109426E+09   -0.1178997E+09   -0.1640879E+09
 102      0.188442E+09   -0.7373141E+08   -0.1356458E+09
 103      0.289114E+09   -0.2931388E+08   -0.1063705E+09
 104      0.412896E+09   -0.1070710E+08   -0.5430366E+08
 105      0.574596E+09    0.6147748E+07   -0.3072964E+07
 106      0.103685E+10    0.7408245E+07    0.6692414E+07
 107      0.778561E+09   -0.1921500E+08    0.1272966E+09
 108      0.495000E+09   -0.4759156E+08    0.2517063E+09
 109      0.202527E+09   -0.1112593E+09    0.3007776E+09
 110     -0.721131E+08   -0.1735738E+09    0.3477884E+09
 111     -0.310892E+09   -0.2551881E+09    0.2829280E+09
 112     -0.513591E+09   -0.3505727E+09    0.1982337E+09
 113     -0.602619E+09   -0.4118008E+09    0.9129241E+08
 114     -0.502515E+09   -0.4484893E+09    0.1157567E+08
 115     -0.385785E+09   -0.4229237E+09   -0.2156797E+08
 116     -0.282111E+09   -0.4097794E+09   -0.6530715E+08
 117     -0.191988E+09   -0.3801896E+09   -0.1122395E+09
 118     -0.119989E+09   -0.3489229E+09   -0.1585923E+09
 119     -0.579389E+08   -0.3006866E+09   -0.1888099E+09
 120     -0.666126E+07   -0.2519808E+09   -0.2188847E+09
 121      0.414500E+08   -0.1951333E+09   -0.2203196E+09
 122      0.915709E+08   -0.1376562E+09   -0.2212341E+09
 123      0.151153E+09   -0.8744756E+08   -0.1843897E+09
 124      0.233506E+09   -0.3726258E+08   -0.1463461E+09
 125      0.342155E+09   -0.1482460E+08   -0.7496555E+08
 126      0.496049E+09    0.6038986E+07   -0.4613092E+07
 127      0.900942E+09    0.9263920E+07    0.8616044E+07
 128      0.655271E+09   -0.1502893E+08    0.1537342E+09
 129      0.401394E+09   -0.4245305E+08    0.3026787E+09
 130      0.156500E+09   -0.1055599E+09    0.3637334E+09
 131     -0.652230E+08   -0.1659821E+09    0.4201174E+09
 132     -0.245213E+09   -0.2416662E+09    0.3640578E+09
 133     -0.384962E+09   -0.3224155E+09    0.3035875E+09
 134     -0.496985E+09   -0.4109142E+09    0.1464894E+09
 135     -0.469621E+09   -0.4938046E+09   -0.1103206E+07
 136     -0.354166E+09   -0.4808810E+09   -0.4239355E+08
 137     -0.235869E+09   -0.4673755E+09   -0.8838607E+08
 138     -0.146967E+09   -0.4327460E+09   -0.1434998E+09
 139     -0.808220E+08   -0.3976123E+09   -0.1990641E+09
 140     -0.280171E+08   -0.3430270E+09   -0.2367563E+09
 141      0.958758E+07   -0.2889933E+09   -0.2743273E+09
 142      0.416586E+08   -0.2252716E+09   -0.2767270E+09
 143      0.733696E+08   -0.1604469E+09   -0.2786610E+09
 144      0.113593E+09   -0.1015580E+09   -0.2332314E+09
 145      0.177978E+09   -0.4168260E+08   -0.1862696E+09
 146      0.271905E+09   -0.1509142E+08   -0.9545564E+08
 147      0.418334E+09    0.8618329E+07   -0.5816367E+07
 148      0.704326E+09    0.6508105E+07    0.1115341E+08
 149      0.484820E+09   -0.1847704E+08    0.1783996E+09
 150      0.277117E+09   -0.4509534E+08    0.3484230E+09
 151      0.881727E+08   -0.1001302E+09    0.4183445E+09
 152     -0.703044E+08   -0.1547280E+09    0.4843406E+09
 153     -0.196555E+09   -0.2254128E+09    0.4344365E+09
 154     -0.287127E+09   -0.2937594E+09    0.3818118E+09
 155     -0.336066E+09   -0.3804124E+09    0.2376169E+09
 156     -0.332317E+09   -0.4823556E+09    0.8972926E+08
 157     -0.261531E+09   -0.5227717E+09   -0.2180418E+08
 158     -0.165483E+09   -0.5388782E+09   -0.1212806E+09
 159     -0.803768E+08   -0.4859785E+09   -0.1835398E+09
 160     -0.236104E+08   -0.4432808E+09   -0.2513586E+09
 161      0.143767E+08   -0.3850363E+09   -0.2948263E+09
 162      0.365087E+08   -0.3266830E+09   -0.3384460E+09
 163      0.470612E+08   -0.2581626E+09   -0.3451517E+09
 164      0.507141E+08   -0.1879987E+09   -0.3515665E+09
 165      0.591766E+08   -0.1212348E+09   -0.2983704E+09
 166      0.904067E+08   -0.5363036E+08   -0.2430106E+09
 167      0.154723E+09   -0.2111722E+08   -0.1250498E+09
 168      0.283149E+09    0.8564537E+07   -0.8324577E+07
 169      0.508684E+09    0.8340527E+07    0.1353354E+08
 170      0.313785E+09   -0.1307990E+08    0.2031501E+09
 171      0.153975E+09   -0.3757442E+08    0.3943002E+09
 172      0.186687E+08   -0.8865561E+08    0.4734778E+09
 173     -0.769911E+08   -0.1382418E+09    0.5502719E+09
 174     -0.147871E+09   -0.1925942E+09    0.5047075E+09
 175     -0.185669E+09   -0.2446966E+09    0.4572552E+09
 176     -0.192996E+09   -0.3073221E+09    0.3250702E+09
 177     -0.182562E+09   -0.3721741E+09    0.1875723E+09
 178     -0.146519E+09   -0.4538580E+09    0.1961407E+08
 179     -0.902113E+08   -0.5426230E+09   -0.1387994E+09
 180     -0.141781E+08   -0.5301908E+09   -0.2282349E+09
 181      0.304386E+08   -0.4992515E+09   -0.3186174E+09
 182      0.503519E+08   -0.4264291E+09   -0.3610135E+09
 183      0.617259E+08   -0.3649932E+09   -0.4057615E+09
 184      0.516814E+08   -0.2945483E+09   -0.4168608E+09
 185      0.270536E+08   -0.2199319E+09   -0.4273242E+09
 186      0.388826E+07   -0.1423899E+09   -0.3650958E+09
 187      0.208738E+07   -0.6229559E+08   -0.3001872E+09
 188      0.375550E+08   -0.2227505E+08   -0.1541355E+09
 189      0.151545E+09    0.1272549E+08   -0.9450889E+07
 190      0.251544E+09    0.4121891E+07    0.1774767E+08
 191      0.105645E+09   -0.1609706E+08    0.2230846E+09
 192      0.696306E+07   -0.3865630E+08    0.4302590E+09
 193     -0.606618E+08   -0.7631133E+08    0.5100238E+09
 194     -0.912522E+08   -0.1113429E+09    0.5859743E+09
 195     -0.102444E+09   -0.1446645E+09    0.5394004E+09
 196     -0.957472E+08   -0.1782606E+09    0.4918587E+09
 197     -0.676832E+08   -0.2139623E+09    0.3635730E+09
 198     -0.314944E+08   -0.2490993E+09    0.2351906E+09
 199      0.157619E+08   -0.2977928E+09    0.8332093E+08
 200      0.589610E+08   -0.3507344E+09   -0.6925762E+08
 201      0.104650E+09   -0.4020862E+09   -0.1936480E+09
 202      0.124813E+09   -0.4544449E+09   -0.3138185E+09
 203      0.120513E+09   -0.4386089E+09   -0.3890884E+09
 204      0.110535E+09   -0.4122845E+09   -0.4659707E+09
 205      0.723818E+08   -0.3322678E+09   -0.4883244E+09
 206      0.875444E+07   -0.2552778E+09   -0.5118885E+09
 207     -0.636581E+08   -0.1700151E+09   -0.4472458E+09
 208     -0.121165E+09   -0.8229671E+08   -0.3803022E+09
 209     -0.144526E+09   -0.3298089E+08   -0.1987813E+09
 210     -0.747875E+08    0.1131705E+08   -0.1714781E+08
 211     -0.683298E+07    0.6378496E+07    0.2230458E+08
 212     -0.101563E+09   -0.1168593E+08    0.2438594E+09
 213     -0.142024E+09   -0.3312604E+08    0.4664222E+09
 214     -0.140160E+09   -0.5663231E+08    0.5462498E+09
 215     -0.105339E+09   -0.7782441E+08    0.6219549E+09
 216     -0.576026E+08   -0.8607178E+08    0.5740951E+09
 217     -0.517724E+07   -0.9024006E+08    0.5256810E+09
 218      0.602943E+08   -0.9779993E+08    0.4018469E+09
 219      0.113206E+09   -0.1085380E+09    0.2784208E+09
 220      0.167027E+09   -0.1300232E+09    0.1325569E+09
 221      0.207356E+09   -0.1529033E+09   -0.1176576E+08
 222      0.230061E+09   -0.1862723E+09   -0.1514049E+09
 223      0.228137E+09   -0.2186410E+09   -0.2902936E+09
 224      0.203993E+09   -0.2458361E+09   -0.4039624E+09
 225      0.162288E+09   -0.2753780E+09   -0.5172675E+09
 226      0.932006E+08   -0.2662522E+09   -0.5548170E+09
 227     -0.101334E+08   -0.2531233E+09   -0.5955691E+09
 228     -0.134047E+09   -0.1861006E+09   -0.5333407E+09
 229     -0.248528E+09   -0.1095046E+09   -0.4692531E+09
 230     -0.330244E+09   -0.4218021E+08   -0.2499752E+09
 231     -0.306955E+09    0.1489252E+08   -0.2872243E+08
 232     -0.316879E+09    0.1455159E+07    0.2750376E+08
 233     -0.332935E+09   -0.1168360E+08    0.2569618E+09
 234     -0.289396E+09   -0.2840862E+08    0.4853531E+09
 235     -0.206684E+09   -0.3521024E+08    0.5494277E+09
 236     -0.103100E+09   -0.3706427E+08    0.6103313E+09
 237     -0.529614E+07   -0.1333853E+08    0.5530268E+09
 238      0.873295E+08    0.1097391E+08    0.4960609E+09
 239      0.172981E+09    0.3761930E+08    0.3799845E+09
 240      0.243344E+09    0.6369193E+08    0.2649158E+09
 241      0.296914E+09    0.6390439E+08    0.1331751E+09
 242      0.338672E+09    0.6251021E+08    0.3670636E+07
 243      0.360825E+09    0.3647133E+08   -0.1219447E+09
 244      0.352670E+09    0.9331203E+07   -0.2475959E+09
 245      0.322191E+09   -0.3155257E+08   -0.3580065E+09
 246      0.255393E+09   -0.7457820E+08   -0.4703021E+09
 247      0.153412E+09   -0.9681026E+08   -0.5334814E+09
 248      0.891900E+07   -0.1153151E+09   -0.5985665E+09
 249     -0.176029E+09   -0.9279820E+08   -0.5619827E+09
 250     -0.381703E+09   -0.6334874E+08   -0.5273036E+09
 251     -0.573617E+09   -0.2519371E+08   -0.2888398E+09
 252     -0.699334E+09    0.6077526E+07   -0.4354887E+08
 253     -0.624826E+09    0.1471702E+07    0.3461641E+08
 254     -0.565292E+09   -0.9612482E+07    0.2710098E+09
 255     -0.438618E+09   -0.2299477E+08    0.5052723E+09
 256     -0.273789E+09   -0.3267179E+07    0.5544335E+09
 257     -0.101091E+09    0.2077193E+08    0.6002760E+09
 258      0.481402E+08    0.8134953E+08    0.5333572E+09
 259      0.181222E+09    0.1442718E+09    0.4677597E+09
 260      0.287302E+09    0.2059624E+09    0.3575063E+09
 261      0.374181E+09    0.2656049E+09    0.2499537E+09
 262      0.428290E+09    0.2902432E+09    0.1345205E+09
 263      0.471812E+09    0.3121811E+09    0.1941999E+08
 264      0.489534E+09    0.2865561E+09   -0.9543624E+08
 265      0.475589E+09    0.2595831E+09   -0.2099093E+09
 266      0.435908E+09    0.1981760E+09   -0.3185151E+09
 267      0.352208E+09    0.1348558E+09   -0.4300637E+09
 268      0.217836E+09    0.7047445E+08   -0.5149637E+09
 269      0.296552E+08    0.7405023E+07   -0.6017803E+09
 270     -0.214988E+09   -0.1184729E+08   -0.5869764E+09
 271     -0.514724E+09   -0.2494175E+08   -0.5767768E+09
 272     -0.819725E+09   -0.9071000E+07   -0.3216754E+09
 273     -0.109943E+10    0.3177621E+07   -0.5575312E+08
 274     -0.977760E+09   -0.5888813E+07    0.4757281E+08
 275     -0.792578E+09   -0.6928890E+07    0.2721367E+09
 276     -0.548800E+09   -0.1288734E+08    0.4896119E+09
 277     -0.292320E+09    0.3933789E+08    0.4993354E+09
 278     -0.623070E+08    0.1003221E+09    0.5095413E+09
 279      0.119782E+09    0.2102612E+09    0.4308665E+09
 280      0.267894E+09    0.3210152E+09    0.3560970E+09
 281      0.375811E+09    0.4196490E+09    0.2659721E+09
 282      0.462380E+09    0.5155671E+09    0.1783080E+09
 283      0.512531E+09    0.5573818E+09    0.9556309E+08
 284      0.557889E+09    0.5975991E+09    0.1364287E+08
 285      0.573198E+09    0.5696950E+09   -0.6680010E+08
 286      0.565553E+09    0.5395126E+09   -0.1476444E+09
 287      0.525500E+09    0.4536053E+09   -0.2345542E+09
 288      0.448148E+09    0.3651551E+09   -0.3229808E+09
 289      0.308107E+09    0.2560207E+09   -0.4103132E+09
 290      0.967128E+08    0.1475169E+09   -0.5038185E+09
 291     -0.202085E+09    0.7645659E+08   -0.5211875E+09
 292     -0.601548E+09    0.1212497E+08   -0.5456343E+09
 293     -0.106600E+10    0.4200412E+07   -0.3123520E+09
 294     -0.157257E+10   -0.6826398E+07   -0.6332828E+08
 295     -0.133295E+10   -0.2166895E+07    0.6414283E+08
 296     -0.102193E+10   -0.3342684E+07    0.2754970E+09
 297     -0.667226E+09    0.2156492E+06    0.4786268E+09
 298     -0.308589E+09    0.1044791E+09    0.4484491E+09
 299     -0.249975E+08    0.2144263E+09    0.4198112E+09
 300      0.195789E+09    0.3834723E+09    0.3285960E+09
 301      0.355858E+09    0.5487376E+09    0.2423342E+09
 302      0.465053E+09    0.6876049E+09    0.1728497E+09
 303      0.551262E+09    0.8219959E+09    0.1061832E+09
 304      0.596777E+09    0.8809108E+09    0.5679746E+08
 305      0.642443E+09    0.9381515E+09    0.8016973E+07
 306      0.655849E+09    0.9071687E+09   -0.3699466E+08
 307      0.655216E+09    0.8732886E+09   -0.8250530E+08
 308      0.616693E+09    0.7557777E+09   -0.1477624E+09
 309      0.543153E+09    0.6363840E+09   -0.2138827E+09
 310      0.401279E+09    0.4736706E+09   -0.3057170E+09
 311      0.163999E+09    0.3034470E+09   -0.4052852E+09
 312     -0.187866E+09    0.1692979E+09   -0.4583092E+09
 313     -0.695017E+09    0.4109108E+08   -0.5201845E+09
 314     -0.131467E+10    0.1483818E+08   -0.3060154E+09
 315     -0.204392E+10   -0.5829206E+07   -0.7396217E+08
 316     -0.171570E+10   -0.2821385E+08    0.8966080E+08
 317     -0.118567E+10    0.8249096E+07    0.2465753E+09
 318     -0.664317E+09    0.3847111E+08    0.3801483E+09
 319     -0.236969E+09    0.2102285E+09    0.2798214E+09
 320      0.674638E+08    0.3962436E+09    0.1954066E+09
 321      0.269460E+09    0.6274320E+09    0.1119454E+09
 322      0.408835E+09    0.8548155E+09    0.3813380E+08
 323      0.491900E+09    0.1023349E+10    0.1180816E+08
 324      0.563096E+09    0.1189140E+10   -0.1302064E+08
 325      0.597348E+09    0.1259589E+10   -0.9944315E+07
 326      0.637980E+09    0.1328169E+10   -0.6772117E+07
 327      0.652090E+09    0.1290958E+10    0.8767115E+06
 328      0.661843E+09    0.1253643E+10    0.8678652E+07
 329      0.637977E+09    0.1113530E+10   -0.6920677E+07
 330      0.589113E+09    0.9695215E+09   -0.2321549E+08
 331      0.472646E+09    0.7470325E+09   -0.8893270E+08
 332      0.263287E+09    0.5197824E+09   -0.1636178E+09
 333     -0.965843E+08    0.3071935E+09   -0.2593014E+09
 334     -0.668526E+09    0.1030582E+09   -0.3766308E+09
 335     -0.146986E+10    0.3538562E+08   -0.2473464E+09
 336     -0.249856E+10   -0.3247430E+08   -0.8839906E+08
 337     -0.212922E+10    0.2196469E+08    0.1410089E+09
 338     -0.135257E+10    0.2268939E+08    0.2269309E+09
 339     -0.693293E+09    0.7246665E+08    0.2954981E+09
 340     -0.143851E+09    0.3843919E+09    0.1185457E+09
 341      0.167205E+09    0.6729321E+09   -0.4359896E+08
 342      0.347676E+09    0.9853542E+09   -0.1124834E+09
 343      0.462226E+09    0.1275273E+10   -0.1715793E+09
 344      0.518037E+09    0.1464430E+10   -0.1522808E+09
 345      0.571856E+09    0.1651078E+10   -0.1333823E+09
 346      0.594783E+09    0.1725201E+10   -0.7675835E+08
 347      0.629674E+09    0.1800137E+10   -0.2048536E+08
 348      0.646270E+09    0.1762379E+10    0.4085151E+08
 349      0.665982E+09    0.1725039E+10    0.1020233E+09
 350      0.657233E+09    0.1567227E+10    0.1379396E+09
 351      0.637340E+09    0.1407673E+10    0.1744428E+09
 352      0.547496E+09    0.1126709E+10    0.1363523E+09
 353      0.370253E+09    0.8245780E+09    0.9090843E+08
 354      0.156087E+08    0.5059631E+09   -0.6545854E+08
 355     -0.667799E+09    0.1595856E+09   -0.2435482E+09
 356     -0.162757E+10    0.5910915E+08   -0.1971004E+09
 357     -0.298887E+10    0.8520235E+07   -0.1245334E+09
 358     -0.248333E+10   -0.1220458E+09    0.1699066E+09
 359     -0.129603E+10    0.7793776E+08    0.9067491E+08
 360     -0.425003E+09    0.2710233E+09   -0.5385113E+08
 361      0.121508E+08    0.7066438E+09   -0.2920339E+09
 362      0.236719E+09    0.1154617E+10   -0.4454292E+09
 363      0.342601E+09    0.1488185E+10   -0.4310315E+09
 364      0.412456E+09    0.1812907E+10   -0.4202355E+09
 365      0.440503E+09    0.1998631E+10   -0.3368438E+09
 366      0.474140E+09    0.2184964E+10   -0.2564875E+09
 367      0.487377E+09    0.2255286E+10   -0.1468529E+09
 368      0.514797E+09    0.2328466E+10   -0.3812952E+08
 369      0.530947E+09    0.2292084E+10    0.7943028E+08
 370      0.556241E+09    0.2257428E+10    0.1974293E+09
 371      0.557317E+09    0.2097494E+10    0.3010460E+09
 372      0.564036E+09    0.1938758E+10    0.4081513E+09
 373      0.512819E+09    0.1624633E+10    0.4527712E+09
 374      0.414787E+09    0.1301291E+10    0.5028122E+09
 375      0.156437E+09    0.8362423E+09    0.3755839E+09
 376     -0.393899E+09    0.3721845E+09    0.1704270E+09
 377     -0.151019E+10    0.1253189E+09   -0.9678933E+07
 378     -0.329352E+10   -0.1168757E+09   -0.1271863E+09
 379     -0.347353E+10    0.2455038E+09    0.6159711E+09
 380     -0.108180E+10    0.2827839E+09    0.3389954E+08
 381     -0.912198E+08    0.5704105E+09   -0.5867746E+09
 382      0.164694E+09    0.1370025E+10   -0.7662830E+09
 383      0.306105E+09    0.1913101E+10   -0.8633974E+09
 384      0.324270E+09    0.2206529E+10   -0.7626348E+09
 385      0.354324E+09    0.2506241E+10   -0.6699658E+09
 386      0.354737E+09    0.2653525E+10   -0.5222143E+09
 387      0.371404E+09    0.2809052E+10   -0.3785370E+09
 388      0.375317E+09    0.2865808E+10   -0.2154289E+09
 389      0.396507E+09    0.2925904E+10   -0.5327055E+08
 390      0.411107E+09    0.2898494E+10    0.1199944E+09
 391      0.441458E+09    0.2876632E+10    0.2942667E+09
 392      0.451634E+09    0.2743718E+10    0.4686237E+09
 393      0.483146E+09    0.2616222E+10    0.6470344E+09
 394      0.468687E+09    0.2318934E+10    0.7841963E+09
 395      0.460546E+09    0.2028141E+10    0.9323120E+09
 396      0.296015E+09    0.1464124E+10    0.8787514E+09
 397     -0.507963E+08    0.6683698E+09    0.7446726E+09
 398     -0.124324E+10    0.3249270E+09    0.1059342E+09
 399     -0.421402E+10    0.2021616E+09   -0.4799201E+09
 400     -0.273841E+10   -0.4550760E+09   -0.1516108E+09
 401     -0.389498E+09    0.8364233E+09   -0.8569061E+09
 402     -0.746143E+08    0.2075872E+10   -0.1380359E+10
 403      0.108675E+09    0.2495919E+10   -0.1212674E+10
 404      0.154443E+09    0.2934679E+10   -0.1128873E+10
 405      0.162849E+09    0.3104209E+10   -0.9572437E+09
 406      0.174787E+09    0.3290970E+10   -0.7957601E+09
 407      0.175578E+09    0.3378876E+10   -0.6172593E+09
 408      0.184039E+09    0.3473376E+10   -0.4406872E+09
 409      0.187089E+09    0.3511007E+10   -0.2538444E+09
 410      0.198553E+09    0.3553278E+10   -0.6763285E+08
 411      0.207910E+09    0.3542445E+10    0.1343141E+09
 412      0.224387E+09    0.3534408E+10    0.3372678E+09
 413      0.231769E+09    0.3453518E+10    0.5575185E+09
 414      0.250746E+09    0.3379279E+10    0.7801371E+09
 415      0.248597E+09    0.3176254E+10    0.1005243E+10
 416      0.248310E+09    0.2986094E+10    0.1242738E+10
 417      0.191285E+09    0.2510320E+10    0.1382235E+10
 418     -0.290136E+08    0.2027422E+10    0.1620987E+10
 419     -0.456777E+09    0.8203159E+09    0.1018675E+10
 420     -0.314106E+10   -0.4037698E+09    0.2657618E+09
 421     -0.135421E+10    0.4370676E+10   -0.1083533E+10
 422      0.129716E+09    0.4364894E+10   -0.1721903E+10
 423     -0.734138E+08    0.4306598E+10   -0.2007535E+10
 424      0.316606E+08    0.4198146E+10   -0.1590720E+10
 425     -0.126807E+07    0.4169972E+10   -0.1359815E+10
 426      0.557465E+07    0.4150200E+10   -0.1126141E+10
 427      0.993054E+06    0.4146961E+10   -0.9090218E+09
 428      0.312873E+07    0.4150912E+10   -0.7029571E+09
 429      0.306682E+07    0.4160830E+10   -0.4976133E+09
 430      0.522946E+07    0.4177720E+10   -0.2892861E+09
 431      0.681646E+07    0.4196420E+10   -0.8156507E+08
 432      0.108052E+08    0.4211704E+10    0.1480595E+09
 433      0.136325E+08    0.4229978E+10    0.3787926E+09
 434      0.180076E+08    0.4227142E+10    0.6406111E+09
 435      0.234535E+08    0.4227605E+10    0.9048657E+09
 436      0.321620E+08    0.4190868E+10    0.1208276E+10
 437      0.315590E+08    0.4166021E+10    0.1528949E+10
 438      0.691280E+08    0.4083782E+10    0.1835968E+10
 439     -0.309050E+08    0.4085361E+10    0.2363416E+10
 440      0.181596E+09    0.3903470E+10    0.1986476E+10
 441     -0.141480E+10    0.3643919E+10    0.1307359E+10
