   1      0.117927E+10    0.1210151E+07   -0.2346711E+07
   2      0.100547E+10    0.7332320E+07   -0.2866689E+07
   3      0.712695E+09    0.1326807E+08   -0.2926217E+07
   4      0.330197E+09    0.6451206E+07   -0.2988531E+07
   5     -0.113815E+09    0.3569162E+07   -0.3021192E+07
   6     -0.595714E+09   -0.3268952E+08    0.3297769E+07
   7     -0.836768E+09   -0.7953835E+08    0.6592610E+07
   8     -0.695299E+09   -0.1154182E+09    0.1692399E+07
   9     -0.569680E+09   -0.1433738E+09   -0.1668202E+06
  10     -0.450587E+09   -0.1522952E+09    0.1926708E+06
  11     -0.343076E+09   -0.1622800E+09    0.5617619E+05
  12     -0.242859E+09   -0.1569603E+09    0.7967524E+05
  13     -0.153940E+09   -0.1513978E+09    0.8025277E+05
  14     -0.712003E+08   -0.1329199E+09    0.1008191E+06
  15      0.406174E+07   -0.1141232E+09    0.1177946E+06
  16      0.772424E+08   -0.8846884E+08    0.1418846E+06
  17      0.150746E+09   -0.6257699E+08    0.1519353E+06
  18      0.228739E+09   -0.3926559E+08    0.1724576E+06
  19      0.317391E+09   -0.1590294E+08    0.1208911E+06
  20      0.417831E+09   -0.5822087E+07    0.1396541E+06
  21      0.538083E+09    0.3279597E+07    0.2493759E+06
  22      0.118573E+10    0.1343920E+07   -0.3125262E+07
  23      0.100062E+10   -0.2904629E+07    0.7923351E+06
  24      0.706133E+09   -0.6377772E+07    0.5416122E+07
  25      0.323751E+09   -0.2143175E+08    0.1280194E+08
  26     -0.122052E+09   -0.3834168E+08    0.2042787E+08
  27     -0.608914E+09   -0.6670897E+08    0.3156729E+08
  28     -0.822690E+09   -0.9561799E+08    0.3809828E+08
  29     -0.686959E+09   -0.1206833E+09    0.2542016E+08
  30     -0.562074E+09   -0.1445156E+09    0.1681269E+08
  31     -0.443084E+09   -0.1542599E+09    0.9706923E+07
  32     -0.335491E+09   -0.1637806E+09    0.2090375E+07
  33     -0.235532E+09   -0.1584318E+09   -0.5295945E+07
  34     -0.147368E+09   -0.1527678E+09   -0.1273128E+08
  35     -0.658729E+08   -0.1342658E+09   -0.1815790E+08
  36      0.760893E+07   -0.1154489E+09   -0.2356634E+08
  37      0.785962E+08   -0.8978017E+08   -0.2501445E+08
  38      0.149514E+09   -0.6391290E+08   -0.2639514E+08
  39      0.224770E+09   -0.4053421E+08   -0.2249486E+08
  40      0.310659E+09   -0.1730522E+08   -0.1841232E+08
  41      0.408922E+09   -0.6918624E+07   -0.9493205E+07
  42      0.527790E+09    0.2741257E+07   -0.7148777E+06
  43      0.119427E+10    0.3360432E+07   -0.3881895E+07
  44      0.996903E+09   -0.5426943E+07    0.4965896E+07
  45      0.699783E+09   -0.1573593E+08    0.1508410E+08
  46      0.317183E+09   -0.4156750E+08    0.2926053E+08
  47     -0.132012E+09   -0.6681498E+08    0.4365755E+08
  48     -0.624654E+09   -0.9091763E+08    0.5859589E+08
  49     -0.807188E+09   -0.1142802E+09    0.6783729E+08
  50     -0.677839E+09   -0.1338177E+09    0.4865034E+08
  51     -0.554110E+09   -0.1541378E+09    0.3388583E+08
  52     -0.435503E+09   -0.1637517E+09    0.1922771E+08
  53     -0.327885E+09   -0.1727061E+09    0.4158238E+07
  54     -0.228250E+09   -0.1668671E+09   -0.1062910E+08
  55     -0.140860E+09   -0.1606567E+09   -0.2549238E+08
  56     -0.606258E+08   -0.1412174E+09   -0.3635147E+08
  57      0.110758E+08   -0.1214353E+09   -0.4717211E+08
  58      0.798708E+08   -0.9438342E+08   -0.5007196E+08
  59      0.148249E+09   -0.6705476E+08   -0.5284167E+08
  60      0.220771E+09   -0.4212047E+08   -0.4503869E+08
  61      0.304092E+09   -0.1695543E+08   -0.3692111E+08
  62      0.400212E+09   -0.6015855E+07   -0.1895339E+08
  63      0.517816E+09    0.3723257E+07   -0.1212619E+07
  64      0.118253E+10    0.3522779E+07   -0.2590254E+07
  65      0.977001E+09   -0.8948479E+07    0.1790093E+08
  66      0.677299E+09   -0.2222801E+08    0.3998542E+08
  67      0.299378E+09   -0.5195190E+08    0.5903094E+08
  68     -0.142790E+09   -0.8338699E+08    0.7658319E+08
  69     -0.632936E+09   -0.1094011E+09    0.8114519E+08
  70     -0.793301E+09   -0.1322493E+09    0.8387610E+08
  71     -0.660775E+09   -0.1486850E+09    0.6579079E+08
  72     -0.534355E+09   -0.1668749E+09    0.4919071E+08
  73     -0.413777E+09   -0.1756863E+09    0.2733738E+08
  74     -0.305230E+09   -0.1838420E+09    0.5324581E+07
  75     -0.206116E+09   -0.1774008E+09   -0.1714891E+08
  76     -0.120863E+09   -0.1705361E+09   -0.3965901E+08
  77     -0.443167E+08   -0.1502138E+09   -0.5636088E+08
  78      0.220676E+08   -0.1295344E+09   -0.7300199E+08
  79      0.842242E+08   -0.1012387E+09   -0.7772297E+08
  80      0.144772E+09   -0.7269183E+08   -0.8225812E+08
  81      0.208806E+09   -0.4626935E+08   -0.7054250E+08
  82      0.283568E+09   -0.1987453E+08   -0.5826450E+08
  83      0.371710E+09   -0.7917112E+07   -0.2985580E+08
  84      0.486942E+09    0.3132639E+07   -0.1857030E+07
  85      0.116905E+10    0.4939916E+07   -0.1387687E+07
  86      0.956847E+09   -0.9744428E+07    0.3045983E+08
  87      0.654787E+09   -0.2656672E+08    0.6414404E+08
  88      0.281255E+09   -0.6231321E+08    0.8849411E+08
  89     -0.151002E+09   -0.9853634E+08    0.1100124E+09
  90     -0.638863E+09   -0.1265519E+09    0.1045963E+09
  91     -0.781546E+09   -0.1505817E+09    0.1005860E+09
  92     -0.644737E+09   -0.1661043E+09    0.8304545E+08
  93     -0.515063E+09   -0.1842970E+09    0.6440760E+08
  94     -0.392185E+09   -0.1928615E+09    0.3540945E+08
  95     -0.282655E+09   -0.2006439E+09    0.6469410E+07
  96     -0.184007E+09   -0.1933138E+09   -0.2372554E+08
  97     -0.100899E+09   -0.1855601E+09   -0.5391023E+08
  98     -0.280507E+08   -0.1636692E+09   -0.7647552E+08
  99      0.329976E+08   -0.1413963E+09   -0.9895548E+08
 100      0.885103E+08   -0.1107595E+09   -0.1054896E+09
 101      0.141248E+09   -0.7971843E+08   -0.1117886E+09
 102      0.196840E+09   -0.5071359E+08   -0.9610004E+08
 103      0.263097E+09   -0.2125191E+08   -0.7972308E+08
 104      0.343150E+09   -0.7553524E+07   -0.4079686E+08
 105      0.457055E+09    0.4588607E+07   -0.2338371E+07
 106      0.112119E+10    0.4946434E+07   -0.2658632E+06
 107      0.909296E+09   -0.1171425E+08    0.4726002E+08
 108      0.614600E+09   -0.3034727E+08    0.9656428E+08
 109      0.254960E+09   -0.6658030E+08    0.1238294E+09
 110     -0.156322E+09   -0.1029456E+09    0.1487833E+09
 111     -0.621563E+09   -0.1350226E+09    0.1341834E+09
 112     -0.772491E+09   -0.1647659E+09    0.1215795E+09
 113     -0.623163E+09   -0.1829624E+09    0.1014114E+09
 114     -0.484934E+09   -0.2022607E+09    0.7891792E+08
 115     -0.356572E+09   -0.2098202E+09    0.4251208E+08
 116     -0.244642E+09   -0.2169941E+09    0.6202925E+07
 117     -0.146420E+09   -0.2087190E+09   -0.3205537E+08
 118     -0.665593E+08   -0.2000754E+09   -0.7027765E+08
 119      0.321375E+06   -0.1769963E+09   -0.9930004E+08
 120      0.526217E+08   -0.1535302E+09   -0.1282511E+09
 121      0.969301E+08   -0.1211387E+09   -0.1373052E+09
 122      0.136153E+09   -0.8835515E+08   -0.1461034E+09
 123      0.176681E+09   -0.5709004E+08   -0.1263870E+09
 124      0.227196E+09   -0.2575526E+08   -0.1058741E+09
 125      0.291856E+09   -0.1052681E+08   -0.5485557E+08
 126      0.397814E+09    0.3569240E+07   -0.4274320E+07
 127      0.107452E+10    0.6618313E+07    0.2047274E+06
 128      0.860897E+09   -0.1149937E+08    0.6398090E+08
 129      0.575951E+09   -0.3212295E+08    0.1287954E+09
 130      0.229271E+09   -0.7538692E+08    0.1590616E+09
 131     -0.162288E+09   -0.1189998E+09    0.1871499E+09
 132     -0.604877E+09   -0.1529102E+09    0.1637548E+09
 133     -0.762840E+09   -0.1834089E+09    0.1438206E+09
 134     -0.601597E+09   -0.2019789E+09    0.1204299E+09
 135     -0.454820E+09   -0.2219312E+09    0.9368139E+08
 136     -0.320866E+09   -0.2287855E+09    0.4977532E+08
 137     -0.206516E+09   -0.2352568E+09    0.5942879E+07
 138     -0.108694E+09   -0.2259202E+09   -0.4045476E+08
 139     -0.321171E+08   -0.2163063E+09   -0.8679681E+08
 140      0.287529E+08   -0.1919048E+09   -0.1223257E+09
 141      0.722265E+08   -0.1671204E+09   -0.1577947E+09
 142      0.105273E+09   -0.1324598E+09   -0.1693616E+09
 143      0.130900E+09   -0.9719318E+08   -0.1806478E+09
 144      0.156394E+09   -0.6277270E+08   -0.1568155E+09
 145      0.191145E+09   -0.2751589E+08   -0.1321769E+09
 146      0.240908E+09   -0.9905784E+07   -0.6897756E+08
 147      0.338075E+09    0.5643468E+07   -0.6090330E+07
 148      0.986910E+09    0.5246868E+07    0.2288228E+07
 149      0.777724E+09   -0.1450441E+08    0.8370067E+08
 150      0.516402E+09   -0.3633236E+08    0.1671356E+09
 151      0.194838E+09   -0.8184664E+08    0.2030790E+09
 152     -0.161897E+09   -0.1282606E+09    0.2352541E+09
 153     -0.563793E+09   -0.1664581E+09    0.1988770E+09
 154     -0.747754E+09   -0.2010310E+09    0.1677203E+09
 155     -0.569925E+09   -0.2186885E+09    0.1394142E+09
 156     -0.411482E+09   -0.2376831E+09    0.1064530E+09
 157     -0.270327E+09   -0.2428174E+09    0.5480728E+08
 158     -0.152659E+09   -0.2476719E+09    0.3407959E+07
 159     -0.553946E+08   -0.2374050E+09   -0.5065032E+08
 160      0.171938E+08   -0.2269663E+09   -0.1046710E+09
 161      0.702556E+08   -0.2022605E+09   -0.1469231E+09
 162      0.102123E+09   -0.1772015E+09   -0.1892062E+09
 163      0.119644E+09   -0.1417535E+09   -0.2044740E+09
 164      0.125732E+09   -0.1056876E+09   -0.2195422E+09
 165      0.128446E+09   -0.6909352E+08   -0.1924491E+09
 166      0.138382E+09   -0.3190747E+08   -0.1645702E+09
 167      0.162754E+09   -0.1280754E+08   -0.8647446E+08
 168      0.237400E+09    0.4572652E+07   -0.8379427E+07
 169      0.897516E+09    0.7294877E+07    0.4655722E+07
 170      0.695996E+09   -0.1349922E+08    0.1031902E+09
 171      0.454657E+09   -0.3692483E+08    0.2049300E+09
 172      0.160412E+09   -0.8708855E+08    0.2473578E+09
 173     -0.162896E+09   -0.1386161E+09    0.2849060E+09
 174     -0.520101E+09   -0.1813275E+09    0.2343930E+09
 175     -0.737996E+09   -0.2189435E+09    0.1914503E+09
 176     -0.537587E+09   -0.2336683E+09    0.1591561E+09
 177     -0.367709E+09   -0.2497764E+09    0.1195241E+09
 178     -0.219369E+09   -0.2520484E+09    0.5992089E+08
 179     -0.983873E+08   -0.2543629E+09    0.8919012E+06
 180     -0.166382E+07   -0.2433156E+09   -0.6095122E+08
 181      0.668676E+08   -0.2322676E+09   -0.1227801E+09
 182      0.112029E+09   -0.2082533E+09   -0.1718575E+09
 183      0.132120E+09   -0.1839650E+09   -0.2210538E+09
 184      0.133969E+09   -0.1486244E+09   -0.2400363E+09
 185      0.120346E+09   -0.1124198E+09   -0.2588904E+09
 186      0.100279E+09   -0.7373460E+08   -0.2284860E+09
 187      0.852423E+08   -0.3353573E+08   -0.1971679E+09
 188      0.844303E+08   -0.1219200E+08   -0.1039819E+09
 189      0.137060E+09    0.6479311E+07   -0.1064828E+08
 190      0.756553E+09    0.7044487E+07    0.6065796E+07
 191      0.574706E+09   -0.1739651E+08    0.1269261E+09
 192      0.364601E+09   -0.4507844E+08    0.2510602E+09
 193      0.117892E+09   -0.9749140E+08    0.2967276E+09
 194     -0.155158E+09   -0.1486150E+09    0.3365898E+09
 195     -0.450907E+09   -0.1899113E+09    0.2750150E+09
 196     -0.697383E+09   -0.2296798E+09    0.2160318E+09
 197     -0.492517E+09   -0.2398147E+09    0.1694196E+09
 198     -0.311169E+09   -0.2491187E+09    0.1225774E+09
 199     -0.155660E+09   -0.2470345E+09    0.5890369E+08
 200     -0.312025E+08   -0.2455762E+09   -0.5420413E+07
 201      0.645538E+08   -0.2341869E+09   -0.7213523E+08
 202      0.129226E+09   -0.2229716E+09   -0.1387975E+09
 203      0.166055E+09   -0.2017238E+09   -0.1933239E+09
 204      0.173594E+09   -0.1803180E+09   -0.2482059E+09
 205      0.157190E+09   -0.1481545E+09   -0.2724912E+09
 206      0.118772E+09   -0.1150043E+09   -0.2969637E+09
 207      0.677105E+08   -0.7715804E+08   -0.2658218E+09
 208      0.154153E+08   -0.3792628E+08   -0.2339503E+09
 209     -0.255032E+08   -0.1518487E+08   -0.1244977E+09
 210     -0.154018E+08    0.5163413E+07   -0.1413990E+08
 211      0.619727E+09    0.9723051E+07    0.6536582E+07
 212      0.451431E+09   -0.1596325E+08    0.1510346E+09
 213      0.275862E+09   -0.4639340E+08    0.2984779E+09
 214      0.749584E+08   -0.9810615E+08    0.3459572E+09
 215     -0.146004E+09   -0.1465756E+09    0.3885949E+09
 216     -0.384685E+09   -0.1948952E+09    0.3196094E+09
 217     -0.649158E+09   -0.2409128E+09    0.2418242E+09
 218     -0.448348E+09   -0.2350960E+09    0.1774085E+09
 219     -0.254555E+09   -0.2302845E+09    0.1256407E+09
 220     -0.912639E+08   -0.2237983E+09    0.5832670E+08
 221      0.368414E+08   -0.2170471E+09   -0.1165821E+08
 222      0.131612E+09   -0.2056795E+09   -0.8342415E+08
 223      0.192334E+09   -0.1950234E+09   -0.1550884E+09
 224      0.220721E+09   -0.1794968E+09   -0.2152430E+09
 225      0.215412E+09   -0.1641055E+09   -0.2759870E+09
 226      0.180499E+09   -0.1386828E+09   -0.3056896E+09
 227      0.116837E+09   -0.1121241E+09   -0.3358711E+09
 228      0.344680E+08   -0.7634055E+08   -0.3038505E+09
 229     -0.549190E+08   -0.3781383E+08   -0.2712135E+09
 230     -0.135849E+09   -0.1379243E+08   -0.1451948E+09
 231     -0.168258E+09    0.6891660E+07   -0.1762669E+08
 232      0.418050E+09    0.5174545E+07    0.1326469E+08
 233      0.283454E+09   -0.2261993E+08    0.1783116E+09
 234      0.165972E+09   -0.5353405E+08    0.3459423E+09
 235      0.322738E+08   -0.1022358E+09    0.3912884E+09
 236     -0.122932E+09   -0.1506175E+09    0.4325355E+09
 237     -0.303393E+09   -0.1778223E+09    0.3495638E+09
 238     -0.512349E+09   -0.2015446E+09    0.2501989E+09
 239     -0.396999E+09   -0.1954136E+09    0.1699650E+09
 240     -0.188977E+09   -0.1883445E+09    0.1105261E+09
 241     -0.218194E+08   -0.1720721E+09    0.4471812E+08
 242      0.107758E+09   -0.1573179E+09   -0.2454044E+08
 243      0.200661E+09   -0.1469590E+09   -0.9309931E+08
 244      0.259348E+09   -0.1376397E+09   -0.1617126E+09
 245      0.281733E+09   -0.1313227E+09   -0.2223641E+09
 246      0.267391E+09   -0.1253893E+09   -0.2840044E+09
 247      0.215971E+09   -0.1122063E+09   -0.3204524E+09
 248      0.126269E+09   -0.9777824E+08   -0.3582272E+09
 249      0.593529E+07   -0.6985186E+08   -0.3323853E+09
 250     -0.135479E+09   -0.3881259E+08   -0.3062036E+09
 251     -0.278179E+09   -0.1544891E+08   -0.1657455E+09
 252     -0.382550E+09    0.4590386E+07   -0.2241533E+08
 253      0.213065E+09    0.1115278E+08    0.1981223E+08
 254      0.116960E+09   -0.1905295E+08    0.2063181E+09
 255      0.527519E+08   -0.5489864E+08    0.3953040E+09
 256     -0.119158E+08   -0.9915497E+08    0.4392103E+09
 257     -0.101128E+09   -0.1380124E+09    0.4783553E+09
 258     -0.219253E+09   -0.1475250E+09    0.3773364E+09
 259     -0.373199E+09   -0.1560009E+09    0.2575702E+09
 260     -0.348888E+09   -0.1337822E+09    0.1655677E+09
 261     -0.119791E+09   -0.1090439E+09    0.9694146E+08
 262      0.493661E+08   -0.7971635E+08    0.3098195E+08
 263      0.179868E+09   -0.5351297E+08   -0.3771846E+08
 264      0.270734E+09   -0.4552579E+08   -0.1028470E+09
 265      0.327421E+09   -0.3901889E+08   -0.1683424E+09
 266      0.343915E+09   -0.4729783E+08   -0.2297438E+09
 267      0.320229E+09   -0.5673493E+08   -0.2924759E+09
 268      0.252255E+09   -0.6387850E+08   -0.3362199E+09
 269      0.135143E+09   -0.7033641E+08   -0.3820049E+09
 270     -0.233938E+08   -0.5588886E+08   -0.3622948E+09
 271     -0.218169E+09   -0.3657140E+08   -0.3425455E+09
 272     -0.421948E+09   -0.1337566E+08   -0.1868914E+09
 273     -0.596734E+09    0.6436144E+07   -0.2724587E+08
 274     -0.744954E+08    0.3305953E+07    0.2875320E+08
 275     -0.896167E+08   -0.2400361E+08    0.2336734E+09
 276     -0.620154E+08   -0.5741581E+08    0.4374886E+09
 277     -0.366015E+08   -0.8185906E+08    0.4596397E+09
 278     -0.463900E+08   -0.9937490E+08    0.4777747E+09
 279     -0.108425E+09   -0.8345707E+08    0.3636194E+09
 280     -0.211561E+09   -0.7090226E+08    0.2369273E+09
 281     -0.262280E+09   -0.3082480E+08    0.1255722E+09
 282     -0.607722E+08    0.1868081E+08    0.3761519E+08
 283      0.102326E+09    0.6541683E+08   -0.7136497E+07
 284      0.231886E+09    0.1049114E+09   -0.5824540E+08
 285      0.320537E+09    0.1083969E+09   -0.1060882E+09
 286      0.379096E+09    0.1109707E+09   -0.1539382E+09
 287      0.395989E+09    0.8389583E+08   -0.2040620E+09
 288      0.374103E+09    0.5537056E+08   -0.2557077E+09
 289      0.300451E+09    0.1939848E+08   -0.3038851E+09
 290      0.167796E+09   -0.1595611E+08   -0.3560296E+09
 291     -0.279737E+08   -0.2583863E+08   -0.3560890E+09
 292     -0.287806E+09   -0.2941365E+08   -0.3583449E+09
 293     -0.586048E+09   -0.1249106E+08   -0.2011069E+09
 294     -0.876806E+09    0.2774646E+05   -0.3608613E+08
 295     -0.360051E+09    0.1364827E+08    0.4008201E+08
 296     -0.299561E+09   -0.2231839E+08    0.2635195E+09
 297     -0.186280E+09   -0.6069463E+08    0.4860231E+09
 298     -0.599793E+08   -0.5237476E+08    0.4846269E+09
 299      0.693154E+07   -0.3120289E+08    0.4782511E+09
 300      0.519033E+07    0.3596437E+08    0.3530321E+09
 301     -0.514023E+08    0.8895869E+08    0.2210906E+09
 302     -0.163499E+09    0.1519239E+09    0.8283594E+08
 303     -0.968593E+07    0.2287234E+09   -0.2945646E+08
 304      0.154474E+09    0.2899289E+09   -0.4665949E+08
 305      0.283548E+09    0.3408798E+09   -0.7849191E+08
 306      0.370317E+09    0.3381195E+09   -0.1089900E+09
 307      0.431349E+09    0.3348419E+09   -0.1384919E+09
 308      0.449393E+09    0.2836537E+09   -0.1772510E+09
 309      0.429853E+09    0.2295220E+09   -0.2174434E+09
 310      0.351938E+09    0.1521502E+09   -0.2718052E+09
 311      0.200281E+09    0.7102757E+08   -0.3312028E+09
 312     -0.313698E+08    0.2264190E+08   -0.3531147E+09
 313     -0.364901E+09   -0.2013714E+08   -0.3781001E+09
 314     -0.753182E+09   -0.8106290E+07   -0.2170417E+09
 315     -0.115974E+10    0.6040893E+07   -0.4682775E+08
 316     -0.746069E+09   -0.1405789E+08    0.6470979E+08
 317     -0.519160E+09   -0.2175547E+08    0.2777675E+09
 318     -0.237924E+09   -0.3957120E+08    0.4733785E+09
 319     -0.171066E+08    0.3208381E+08    0.4114607E+09
 320      0.101320E+09    0.1193401E+09    0.3594462E+09
 321      0.119452E+09    0.2449621E+09    0.2399911E+09
 322      0.732905E+08    0.3668049E+09    0.1222684E+09
 323     -0.255057E+08    0.4566848E+09   -0.1594114E+07
 324      0.767394E+06    0.5462538E+09   -0.1085753E+09
 325      0.157892E+09    0.6003334E+09   -0.1004085E+09
 326      0.283417E+09    0.6544961E+09   -0.1022297E+09
 327      0.369608E+09    0.6460260E+09   -0.9875166E+08
 328      0.434943E+09    0.6361642E+09   -0.9493917E+08
 329      0.460258E+09    0.5605402E+09   -0.1021120E+09
 330      0.457100E+09    0.4824280E+09   -0.1093850E+09
 331      0.395456E+09    0.3548852E+09   -0.1492238E+09
 332      0.263629E+09    0.2240348E+09   -0.1968661E+09
 333      0.203100E+08    0.1134221E+09   -0.2540273E+09
 334     -0.364801E+09    0.1459186E+08   -0.3265660E+09
 335     -0.894390E+09    0.1459500E+07   -0.2063051E+09
 336     -0.150575E+10   -0.1752122E+08   -0.6414728E+08
 337     -0.116462E+10    0.3884246E+08    0.1149971E+09
 338     -0.742416E+09   -0.7752551E+07    0.3015130E+09
 339     -0.324007E+09   -0.1373656E+08    0.4756570E+09
 340      0.471765E+08    0.1871371E+09    0.3489741E+09
 341      0.203107E+09    0.3722743E+09    0.2300307E+09
 342      0.240774E+09    0.5855294E+09    0.1185159E+09
 343      0.201759E+09    0.7776647E+09    0.1271174E+08
 344      0.111400E+09    0.8680085E+09   -0.8543562E+08
 345      0.202310E+08    0.9527508E+09   -0.1863248E+09
 346      0.152928E+09    0.1013459E+10   -0.1592881E+09
 347      0.283500E+09    0.1077152E+10   -0.1258937E+09
 348      0.366367E+09    0.1060194E+10   -0.8709209E+08
 349      0.437198E+09    0.1044440E+10   -0.4913078E+08
 350      0.470286E+09    0.9487912E+09   -0.2307762E+08
 351      0.485681E+09    0.8510045E+09    0.4297003E+07
 352      0.443624E+09    0.6692071E+09   -0.1983330E+08
 353      0.333482E+09    0.4696064E+09   -0.5096266E+08
 354      0.914164E+08    0.2709348E+09   -0.1612244E+09
 355     -0.392026E+09    0.5137654E+08   -0.2863575E+09
 356     -0.103967E+10    0.1990892E+08   -0.2028236E+09
 357     -0.188230E+10    0.2846831E+08   -0.1006635E+09
 358     -0.165680E+10   -0.1028794E+09    0.1481598E+09
 359     -0.827198E+09    0.3689918E+08    0.2182066E+09
 360     -0.140518E+09    0.1634550E+09    0.2190177E+09
 361      0.164742E+09    0.5034329E+09    0.2510478E+08
 362      0.278066E+09    0.8647736E+09   -0.8668653E+08
 363      0.280176E+09    0.1113050E+10   -0.1135072E+09
 364      0.234998E+09    0.1350157E+10   -0.1435217E+09
 365      0.150646E+09    0.1441593E+10   -0.1716766E+09
 366      0.712427E+08    0.1526331E+10   -0.2184472E+09
 367      0.100847E+09    0.1546264E+10   -0.1926142E+09
 368      0.209575E+09    0.1581515E+10   -0.1446953E+09
 369      0.295174E+09    0.1565647E+10   -0.6438589E+08
 370      0.362490E+09    0.1547318E+10    0.9008228E+07
 371      0.398455E+09    0.1443599E+10    0.8390656E+08
 372      0.427374E+09    0.1340660E+10    0.1622647E+09
 373      0.413224E+09    0.1120181E+10    0.2019179E+09
 374      0.361418E+09    0.8916224E+09    0.2458379E+09
 375      0.193304E+09    0.5517398E+09    0.1558269E+09
 376     -0.187597E+09    0.2223285E+09   -0.7238938E+07
 377     -0.101447E+10    0.6609452E+08   -0.9222324E+08
 378     -0.224534E+10   -0.9551615E+08   -0.1158899E+09
 379     -0.279404E+10    0.2499505E+09    0.6024435E+09
 380     -0.766125E+09    0.2363485E+09    0.2266709E+09
 381      0.120272E+09    0.4631834E+09   -0.2115539E+09
 382      0.284318E+09    0.1192426E+10   -0.3624718E+09
 383      0.357897E+09    0.1678768E+10   -0.4232950E+09
 384      0.306786E+09    0.1905143E+10   -0.3605698E+09
 385      0.258535E+09    0.2135055E+10   -0.3028546E+09
 386      0.178572E+09    0.2187794E+10   -0.2627144E+09
 387      0.116939E+09    0.2232263E+10   -0.2404954E+09
 388      0.593284E+08    0.2199084E+10   -0.2192020E+09
 389      0.113713E+09    0.2193411E+10   -0.1720656E+09
 390      0.216798E+09    0.2180123E+10   -0.4360629E+08
 391      0.282697E+09    0.2162675E+10    0.6957447E+08
 392      0.320796E+09    0.2073956E+10    0.1936542E+09
 393      0.361931E+09    0.1990692E+10    0.3235474E+09
 394      0.372411E+09    0.1776495E+10    0.4379969E+09
 395      0.390590E+09    0.1567773E+10    0.5604812E+09
 396      0.294582E+09    0.1131608E+10    0.5317674E+09
 397      0.831269E+08    0.4823294E+09    0.4238793E+09
 398     -0.848835E+09    0.2546861E+09   -0.5431335E+08
 399     -0.320190E+10    0.2305929E+09   -0.4731830E+09
 400     -0.239173E+10   -0.4535957E+09   -0.1333034E+09
 401     -0.233104E+09    0.7915944E+09   -0.6494545E+09
 402      0.440785E+08    0.2005156E+10   -0.1008888E+10
 403      0.178933E+09    0.2422151E+10   -0.7916748E+09
 404      0.190716E+09    0.2845025E+10   -0.6508016E+09
 405      0.162162E+09    0.2954880E+10   -0.4928402E+09
 406      0.134221E+09    0.3079012E+10   -0.3448694E+09
 407      0.933481E+08    0.3068650E+10   -0.2580317E+09
 408      0.628530E+08    0.3062029E+10   -0.1769674E+09
 409      0.343728E+08    0.2983762E+10   -0.1454254E+09
 410      0.340760E+08    0.2905963E+10   -0.1150591E+09
 411      0.102915E+09    0.2872646E+10   -0.1382951E+08
 412      0.141921E+09    0.2851578E+10    0.9519286E+08
 413      0.162824E+09    0.2802658E+10    0.2532384E+09
 414      0.185168E+09    0.2754147E+10    0.4111585E+09
 415      0.194818E+09    0.2615773E+10    0.5914670E+09
 416      0.205869E+09    0.2490681E+10    0.7802046E+09
 417      0.186163E+09    0.2126653E+10    0.9213456E+09
 418      0.347579E+08    0.1764495E+10    0.1146574E+10
 419     -0.258186E+09    0.6985579E+09    0.7381232E+09
 420     -0.255767E+10   -0.3900842E+09    0.2053346E+09
 421     -0.134203E+10    0.4255755E+10   -0.1057644E+10
 422      0.137503E+09    0.4390086E+10   -0.1511790E+10
 423     -0.566205E+08    0.4469029E+10   -0.1640227E+10
 424      0.478671E+08    0.4362276E+10   -0.1148388E+10
 425      0.135069E+08    0.4344577E+10   -0.8369550E+09
 426      0.183388E+08    0.4253360E+10   -0.5939655E+09
 427      0.127562E+08    0.4177612E+10   -0.3690955E+09
 428      0.118721E+08    0.4064148E+10   -0.2411571E+09
 429      0.903095E+07    0.3953536E+10   -0.1139082E+09
 430      0.549679E+07    0.3833551E+10   -0.6781485E+08
 431     -0.254243E+08    0.3702238E+10   -0.4596785E+08
 432     -0.288600E+07    0.3628213E+10    0.1862512E+08
 433      0.565818E+07    0.3591234E+10    0.1165667E+09
 434      0.915107E+07    0.3608589E+10    0.3069718E+09
 435      0.122752E+08    0.3611349E+10    0.4904483E+09
 436      0.200743E+08    0.3617675E+10    0.7261990E+09
 437      0.161918E+08    0.3635369E+10    0.9741305E+09
 438      0.596319E+08    0.3649430E+10    0.1261034E+10
 439     -0.373664E+08    0.3744592E+10    0.1737224E+10
 440      0.190929E+09    0.3716489E+10    0.1580034E+10
 441     -0.129868E+10    0.3617451E+10    0.1163952E+10
