   1     -0.260682E+09    0.5087624E+07   -0.1919053E+07
   2     -0.170693E+09   -0.3803186E+07   -0.3284664E+06
   3     -0.832225E+08   -0.1427297E+08    0.1188567E+07
   4     -0.850454E+07   -0.4438346E+08    0.1425638E+07
   5      0.601887E+08   -0.7351830E+08    0.1356829E+07
   6      0.118840E+09   -0.1050320E+09    0.1373774E+07
   7      0.158891E+09   -0.1375063E+09    0.2066577E+07
   8      0.179723E+09   -0.1638159E+09    0.1079614E+07
   9      0.177048E+09   -0.1884744E+09    0.1346613E+06
  10      0.160298E+09   -0.1991041E+09    0.2668336E+06
  11      0.113539E+09   -0.2092748E+09   -0.3514727E+06
  12      0.635206E+08   -0.2025356E+09   -0.1506342E+06
  13     -0.148401E+08   -0.1967545E+09   -0.1702421E+06
  14     -0.809315E+08   -0.1706440E+09   -0.1699192E+07
  15     -0.142636E+09   -0.1428794E+09   -0.2253996E+07
  16     -0.188251E+09   -0.1066734E+09   -0.2091330E+07
  17     -0.196804E+09   -0.7002263E+08   -0.2178086E+07
  18     -0.166882E+09   -0.3745251E+08   -0.1631980E+07
  19     -0.700139E+08   -0.3867819E+07   -0.1685979E+07
  20      0.865441E+08    0.3342353E+07    0.1776079E+07
  21      0.290048E+09    0.7937950E+07    0.5783215E+07
  22     -0.269431E+09    0.2525452E+07    0.2218321E+04
  23     -0.181297E+09   -0.8235985E+07    0.1011063E+08
  24     -0.910311E+08   -0.1970235E+08    0.2058476E+08
  25     -0.125475E+08   -0.4365438E+08    0.2497669E+08
  26      0.592472E+08   -0.6761218E+08    0.2870153E+08
  27      0.119041E+09   -0.9499968E+08    0.2805509E+08
  28      0.161211E+09   -0.1220258E+09    0.2789826E+08
  29      0.185125E+09   -0.1441305E+09    0.2270719E+08
  30      0.184608E+09   -0.1662534E+09    0.1704183E+08
  31      0.167135E+09   -0.1756374E+09    0.9513160E+07
  32      0.123751E+09   -0.1847955E+09    0.1692785E+07
  33      0.700884E+08   -0.1789346E+09   -0.6156963E+07
  34     -0.462199E+07   -0.1725259E+09   -0.1411788E+08
  35     -0.740561E+08   -0.1527848E+09   -0.2182022E+08
  36     -0.138068E+09   -0.1327109E+09   -0.2888524E+08
  37     -0.185732E+09   -0.1030201E+09   -0.3102998E+08
  38     -0.200546E+09   -0.7306239E+08   -0.3253309E+08
  39     -0.171475E+09   -0.4690310E+08   -0.2713160E+08
  40     -0.782867E+08   -0.2116521E+08   -0.2178532E+08
  41      0.721953E+08   -0.9279522E+07   -0.9114003E+07
  42      0.291485E+09    0.2072293E+07    0.2982291E+07
  43     -0.278789E+09    0.3088646E+07    0.2028635E+07
  44     -0.192015E+09   -0.6653901E+07    0.2071611E+08
  45     -0.994016E+08   -0.1705805E+08    0.3984722E+08
  46     -0.165896E+08   -0.3893078E+08    0.4843820E+08
  47      0.587252E+08   -0.6084455E+08    0.5586384E+08
  48      0.119025E+09   -0.8436445E+08    0.5431715E+08
  49      0.164105E+09   -0.1075779E+09    0.5309874E+08
  50      0.190538E+09   -0.1259413E+09    0.4397486E+08
  51      0.192597E+09   -0.1449778E+09    0.3490489E+08
  52      0.174341E+09   -0.1563656E+09    0.1929898E+08
  53      0.134197E+09   -0.1666062E+09    0.3861673E+07
  54      0.769639E+08   -0.1614768E+09   -0.1227522E+08
  55      0.619057E+07   -0.1554827E+09   -0.2893468E+08
  56     -0.671024E+08   -0.1353737E+09   -0.4214724E+08
  57     -0.133149E+09   -0.1154993E+09   -0.5498438E+08
  58     -0.183200E+09   -0.9278672E+08   -0.5897511E+08
  59     -0.204851E+09   -0.6930677E+08   -0.6258395E+08
  60     -0.176773E+09   -0.4570936E+08   -0.5211693E+08
  61     -0.875681E+08   -0.2373483E+08   -0.4092313E+08
  62      0.586460E+08   -0.1081441E+08   -0.2091210E+08
  63      0.291142E+09    0.2297041E+07   -0.1836894E+07
  64     -0.315636E+09    0.2269001E+07    0.3753122E+07
  65     -0.217794E+09   -0.6597800E+07    0.2960197E+08
  66     -0.118464E+09   -0.1605671E+08    0.5526584E+08
  67     -0.287735E+08   -0.3502995E+08    0.6680041E+08
  68      0.560064E+08   -0.5427783E+08    0.7807068E+08
  69      0.120881E+09   -0.7650060E+08    0.7525208E+08
  70      0.172883E+09   -0.9798970E+08    0.7257282E+08
  71      0.202121E+09   -0.1150649E+09    0.6044857E+08
  72      0.209818E+09   -0.1322370E+09    0.4846697E+08
  73      0.196587E+09   -0.1393478E+09    0.2693615E+08
  74      0.155555E+09   -0.1462264E+09    0.5610995E+07
  75      0.100436E+09   -0.1412038E+09   -0.1695596E+08
  76      0.265410E+08   -0.1359482E+09   -0.3972704E+08
  77     -0.496739E+08   -0.1218901E+09   -0.5679818E+08
  78     -0.121576E+09   -0.1075702E+09   -0.7378685E+08
  79     -0.178109E+09   -0.8634105E+08   -0.7892287E+08
  80     -0.206682E+09   -0.6542567E+08   -0.8461342E+08
  81     -0.189227E+09   -0.4310708E+08   -0.7352441E+08
  82     -0.110732E+09   -0.1883803E+08   -0.6143721E+08
  83      0.310978E+08   -0.6436576E+07   -0.3235138E+08
  84      0.249101E+09    0.3868102E+07   -0.3806955E+07
  85     -0.352937E+09    0.2353936E+07    0.5217750E+07
  86     -0.243321E+09   -0.4992987E+07    0.3820150E+08
  87     -0.137111E+09   -0.1328134E+08    0.7095509E+08
  88     -0.407341E+08   -0.3137340E+08    0.8506356E+08
  89      0.521952E+08   -0.4852671E+08    0.9986999E+08
  90      0.123632E+09   -0.6874109E+08    0.9673377E+08
  91      0.180597E+09   -0.9036497E+08    0.9343433E+08
  92      0.214004E+09   -0.1065254E+09    0.7703561E+08
  93      0.227603E+09   -0.1199963E+09    0.5949715E+08
  94      0.218060E+09   -0.1244147E+09    0.3367063E+08
  95      0.177480E+09   -0.1305296E+09    0.7882637E+07
  96      0.123607E+09   -0.1308139E+09   -0.2062266E+08
  97      0.461663E+08   -0.1312427E+09   -0.4852530E+08
  98     -0.319500E+08   -0.1173772E+09   -0.7127743E+08
  99     -0.110954E+09   -0.1016388E+09   -0.9393510E+08
 100     -0.173266E+09   -0.7901994E+08   -0.1002296E+09
 101     -0.208243E+09   -0.5693237E+08   -0.1068617E+09
 102     -0.200204E+09   -0.3686480E+08   -0.9519684E+08
 103     -0.134169E+09   -0.1698621E+08   -0.8225121E+08
 104      0.242236E+07   -0.7088460E+07   -0.4268007E+08
 105      0.208933E+09    0.2280395E+07   -0.4142866E+07
 106     -0.406910E+09    0.2279500E+07    0.5417362E+07
 107     -0.282994E+09   -0.5038229E+07    0.4508702E+08
 108     -0.165974E+09   -0.1300407E+08    0.8464607E+08
 109     -0.571871E+08   -0.2978042E+08    0.1011216E+09
 110      0.430591E+08   -0.4634590E+08    0.1179789E+09
 111      0.127517E+09   -0.6482650E+08    0.1149731E+09
 112      0.192073E+09   -0.8306167E+08    0.1114125E+09
 113      0.234928E+09   -0.9679443E+08    0.9064527E+08
 114      0.253798E+09   -0.1111264E+09    0.7005579E+08
 115      0.247654E+09   -0.1189332E+09    0.4004011E+08
 116      0.211394E+09   -0.1255930E+09    0.9644799E+07
 117      0.155789E+09   -0.1210959E+09   -0.2313309E+08
 118      0.783530E+08   -0.1163657E+09   -0.5604895E+08
 119     -0.527236E+07   -0.1046131E+09   -0.8308647E+08
 120     -0.902841E+08   -0.9357072E+08   -0.1103353E+09
 121     -0.165150E+09   -0.7451334E+08   -0.1198028E+09
 122     -0.210263E+09   -0.5414369E+08   -0.1287823E+09
 123     -0.215667E+09   -0.3517207E+08   -0.1131424E+09
 124     -0.164521E+09   -0.1657750E+08   -0.9774465E+08
 125     -0.451341E+08   -0.6523571E+07   -0.5184081E+08
 126      0.147527E+09    0.2768970E+07   -0.5534357E+07
 127     -0.459724E+09    0.1655946E+07    0.6073649E+07
 128     -0.322593E+09   -0.4812316E+07    0.5187039E+08
 129     -0.194267E+09   -0.1140407E+08    0.9758580E+08
 130     -0.738200E+08   -0.2899235E+08    0.1173789E+09
 131      0.351911E+08   -0.4752863E+08    0.1368651E+09
 132      0.130719E+09   -0.6571258E+08    0.1326007E+09
 133      0.204085E+09   -0.8301781E+08    0.1285223E+09
 134      0.255651E+09   -0.9876638E+08    0.1051031E+09
 135      0.277819E+09   -0.1142664E+09    0.8241923E+08
 136      0.278834E+09   -0.1191844E+09    0.4661275E+08
 137      0.243507E+09   -0.1243101E+09    0.1091814E+08
 138      0.188426E+09   -0.1225544E+09   -0.2645871E+08
 139      0.110234E+09   -0.1207932E+09   -0.6493782E+08
 140      0.208788E+08   -0.1062518E+09   -0.9570316E+08
 141     -0.691712E+08   -0.9091545E+08   -0.1262909E+09
 142     -0.156909E+09   -0.7314308E+08   -0.1383439E+09
 143     -0.211797E+09   -0.5513329E+08   -0.1504391E+09
 144     -0.232920E+09   -0.3450306E+08   -0.1313721E+09
 145     -0.190897E+09   -0.1331403E+08   -0.1140696E+09
 146     -0.934197E+08   -0.4287165E+07   -0.6078348E+08
 147      0.877107E+08    0.3347702E+07   -0.5618277E+07
 148     -0.524960E+09    0.2463252E+07    0.6774445E+07
 149     -0.375941E+09   -0.5708366E+07    0.5930594E+08
 150     -0.232220E+09   -0.1474647E+08    0.1120244E+09
 151     -0.971918E+08   -0.3292430E+08    0.1347917E+09
 152      0.279120E+08   -0.5057490E+08    0.1568970E+09
 153      0.135672E+09   -0.6995549E+08    0.1509993E+09
 154      0.219657E+09   -0.8948761E+08    0.1456374E+09
 155      0.282715E+09   -0.1027090E+09    0.1185403E+09
 156      0.312140E+09   -0.1148896E+09    0.9057377E+08
 157      0.318179E+09   -0.1191384E+09    0.5131445E+08
 158      0.283609E+09   -0.1242158E+09    0.1293914E+08
 159      0.231113E+09   -0.1213407E+09   -0.2918335E+08
 160      0.151063E+09   -0.1180481E+09   -0.7198084E+08
 161      0.560359E+08   -0.1070321E+09   -0.1075298E+09
 162     -0.450291E+08   -0.9585640E+08   -0.1422307E+09
 163     -0.141573E+09   -0.7659967E+08   -0.1566963E+09
 164     -0.213554E+09   -0.5694786E+08   -0.1717842E+09
 165     -0.253770E+09   -0.3588593E+08   -0.1519600E+09
 166     -0.231746E+09   -0.1481157E+08   -0.1311593E+09
 167     -0.156335E+09   -0.6271399E+07   -0.6874418E+08
 168      0.515287E+07    0.1653662E+07   -0.7054039E+07
 169     -0.588159E+09    0.2972828E+07    0.6908585E+07
 170     -0.429270E+09   -0.6436154E+07    0.6690783E+08
 171     -0.270034E+09   -0.1676328E+08    0.1270514E+09
 172     -0.120569E+09   -0.3843265E+08    0.1524741E+09
 173      0.197144E+08   -0.6030814E+08    0.1776121E+09
 174      0.140242E+09   -0.8112608E+08    0.1706072E+09
 175      0.235825E+09   -0.1004055E+09    0.1629439E+09
 176      0.309637E+09   -0.1096724E+09    0.1312094E+09
 177      0.348982E+09   -0.1198027E+09    0.9909967E+08
 178      0.356051E+09   -0.1242349E+09    0.5636998E+08
 179      0.325962E+09   -0.1274449E+09    0.1419781E+08
 180      0.273238E+09   -0.1241676E+09   -0.3224535E+08
 181      0.193718E+09   -0.1217770E+09   -0.7912128E+08
 182      0.906524E+08   -0.1127739E+09   -0.1187429E+09
 183     -0.197669E+08   -0.1037881E+09   -0.1584745E+09
 184     -0.126484E+09   -0.8316972E+08   -0.1772100E+09
 185     -0.216719E+09   -0.6112777E+08   -0.1946356E+09
 186     -0.273410E+09   -0.3972705E+08   -0.1723146E+09
 187     -0.279130E+09   -0.1773103E+08   -0.1477033E+09
 188     -0.216952E+09   -0.5478293E+07   -0.7643558E+08
 189     -0.771656E+08    0.4941835E+07   -0.7628134E+07
 190     -0.671144E+09    0.2610638E+07    0.1016383E+08
 191     -0.499702E+09   -0.1047807E+08    0.7892908E+08
 192     -0.318078E+09   -0.2476946E+08    0.1478172E+09
 193     -0.147967E+09   -0.4794718E+08    0.1742562E+09
 194      0.122085E+08   -0.7075773E+08    0.2000055E+09
 195      0.151380E+09   -0.8771505E+08    0.1873323E+09
 196      0.261318E+09   -0.1036015E+09    0.1743867E+09
 197      0.343987E+09   -0.1111719E+09    0.1387223E+09
 198      0.390850E+09   -0.1183687E+09    0.1038310E+09
 199      0.400105E+09   -0.1201192E+09    0.5892487E+08
 200      0.375884E+09   -0.1225324E+09    0.1388743E+08
 201      0.320995E+09   -0.1201239E+09   -0.3435874E+08
 202      0.241911E+09   -0.1182128E+09   -0.8221917E+08
 203      0.134214E+09   -0.1110408E+09   -0.1258151E+09
 204      0.169736E+08   -0.1028437E+09   -0.1703884E+09
 205     -0.104515E+09   -0.8786006E+08   -0.1928207E+09
 206     -0.216970E+09   -0.7285374E+08   -0.2146141E+09
 207     -0.296139E+09   -0.5296260E+08   -0.1921715E+09
 208     -0.328465E+09   -0.3189546E+08   -0.1714286E+09
 209     -0.296572E+09   -0.1360776E+08   -0.9262916E+08
 210     -0.195160E+09    0.3042908E+07   -0.1186035E+08
 211     -0.755502E+09    0.4019974E+07    0.1371738E+08
 212     -0.569304E+09   -0.1088463E+08    0.9135034E+08
 213     -0.367258E+09   -0.2827539E+08    0.1695651E+09
 214     -0.176071E+09   -0.5360192E+08    0.1966366E+09
 215      0.427953E+07   -0.7624462E+08    0.2221527E+09
 216      0.163162E+09   -0.8759432E+08    0.2043492E+09
 217      0.285812E+09   -0.9817784E+08    0.1868128E+09
 218      0.378949E+09   -0.9969086E+08    0.1475027E+09
 219      0.431908E+09   -0.1021073E+09    0.1090654E+09
 220      0.445614E+09   -0.9977987E+08    0.6138303E+08
 221      0.425014E+09   -0.9698909E+08    0.1391498E+08
 222      0.370299E+09   -0.9689296E+08   -0.3657011E+08
 223      0.288020E+09   -0.9729226E+08   -0.8596969E+08
 224      0.180307E+09   -0.9689781E+08   -0.1334542E+09
 225      0.511267E+08   -0.9795435E+08   -0.1817685E+09
 226     -0.826467E+08   -0.9347107E+08   -0.2073153E+09
 227     -0.215444E+09   -0.8777228E+08   -0.2346496E+09
 228     -0.323068E+09   -0.6412061E+08   -0.2135596E+09
 229     -0.371963E+09   -0.3590329E+08   -0.1967715E+09
 230     -0.376981E+09   -0.1243471E+08   -0.1096618E+09
 231     -0.313419E+09    0.6700383E+07   -0.1679535E+08
 232     -0.876635E+09    0.3326598E+07    0.1879310E+08
 233     -0.659733E+09   -0.1443098E+08    0.1079348E+09
 234     -0.425213E+09   -0.3510052E+08    0.1970252E+09
 235     -0.197142E+09   -0.5738575E+08    0.2162889E+09
 236      0.822441E+07   -0.7672947E+08    0.2336152E+09
 237      0.185465E+09   -0.8002875E+08    0.2079870E+09
 238      0.320760E+09   -0.8260075E+08    0.1831200E+09
 239      0.419013E+09   -0.7431182E+08    0.1410246E+09
 240      0.475183E+09   -0.6550511E+08    0.1007678E+09
 241      0.490639E+09   -0.5925656E+08    0.5638476E+08
 242      0.472023E+09   -0.5406557E+08    0.1216294E+08
 243      0.417512E+09   -0.5580206E+08   -0.3365705E+08
 244      0.334438E+09   -0.5811056E+08   -0.7933193E+08
 245      0.227885E+09   -0.6741675E+08   -0.1246143E+09
 246      0.936613E+08   -0.7774659E+08   -0.1714792E+09
 247     -0.493639E+08   -0.8021267E+08   -0.2053889E+09
 248     -0.202091E+09   -0.8340326E+08   -0.2381077E+09
 249     -0.329422E+09   -0.6692248E+08   -0.2335003E+09
 250     -0.411501E+09   -0.4272718E+08   -0.2346152E+09
 251     -0.485197E+09   -0.1614444E+08   -0.1311920E+09
 252     -0.494335E+09    0.4778731E+07   -0.2185693E+08
 253     -0.995516E+09    0.5274916E+07    0.2398577E+08
 254     -0.751631E+09   -0.1563122E+08    0.1251649E+09
 255     -0.484806E+09   -0.3959173E+08    0.2259357E+09
 256     -0.218661E+09   -0.5782456E+08    0.2380486E+09
 257      0.115384E+08   -0.7174355E+08    0.2478168E+09
 258      0.207244E+09   -0.5670083E+08    0.2132062E+09
 259      0.357028E+09   -0.4008066E+08    0.1803060E+09
 260      0.460259E+09   -0.1483897E+08    0.1353001E+09
 261      0.520125E+09    0.9024753E+07    0.9211394E+08
 262      0.536342E+09    0.2488252E+08    0.5124892E+08
 263      0.521135E+09    0.3928816E+08    0.1111821E+08
 264      0.464672E+09    0.2862188E+08   -0.2992185E+08
 265      0.384884E+09    0.1665632E+08   -0.7217571E+08
 266      0.273866E+09   -0.4900326E+07   -0.1167695E+09
 267      0.139741E+09   -0.2722510E+08   -0.1631924E+09
 268     -0.151446E+08   -0.4844445E+08   -0.2051194E+09
 269     -0.196602E+09   -0.7013039E+08   -0.2426770E+09
 270     -0.330726E+09   -0.5892079E+08   -0.2543161E+09
 271     -0.456526E+09   -0.4047442E+08   -0.2734131E+09
 272     -0.595074E+09   -0.1436118E+08   -0.1532438E+09
 273     -0.676487E+09    0.6950969E+07   -0.2723990E+08
 274     -0.116735E+10   -0.4093172E+06    0.3679442E+08
 275     -0.863333E+09   -0.1951441E+08    0.1438687E+09
 276     -0.531598E+09   -0.4321603E+08    0.2468147E+09
 277     -0.215598E+09   -0.4342186E+08    0.2360118E+09
 278      0.433574E+08   -0.3837354E+08    0.2250239E+09
 279      0.248903E+09    0.1745924E+07    0.1759159E+09
 280      0.398804E+09    0.4430299E+08    0.1312364E+09
 281      0.496722E+09    0.9143140E+08    0.9372072E+08
 282      0.552488E+09    0.1368751E+09    0.5797963E+08
 283      0.562350E+09    0.1565964E+09    0.3340579E+08
 284      0.546228E+09    0.1747701E+09    0.1009830E+08
 285      0.492698E+09    0.1616288E+09   -0.1464531E+08
 286      0.418460E+09    0.1471899E+09   -0.3982896E+08
 287      0.312160E+09    0.1045519E+09   -0.7616457E+08
 288      0.186678E+09    0.6074963E+08   -0.1136007E+09
 289      0.319610E+08    0.1282554E+08   -0.1606813E+09
 290     -0.146344E+09   -0.3414400E+08   -0.2143858E+09
 291     -0.291678E+09   -0.3670468E+08   -0.2539511E+09
 292     -0.491556E+09   -0.3280501E+08   -0.2950704E+09
 293     -0.726562E+09   -0.1343617E+08   -0.1698323E+09
 294     -0.933250E+09    0.9267072E+06   -0.3594782E+08
 295     -0.134029E+10    0.8982234E+07    0.5149710E+08
 296     -0.977804E+09   -0.2000532E+08    0.1650919E+09
 297     -0.586233E+09   -0.4795720E+08    0.2733366E+09
 298     -0.212703E+09   -0.1648520E+08    0.2380981E+09
 299      0.734557E+08    0.2261390E+08    0.2041190E+09
 300      0.295274E+09    0.1108815E+09    0.1405695E+09
 301      0.442167E+09    0.1949445E+09    0.8231047E+08
 302      0.535313E+09    0.2697215E+09    0.5147629E+08
 303      0.584594E+09    0.3417387E+09    0.2333076E+08
 304      0.589049E+09    0.3704936E+09    0.1625364E+08
 305      0.570983E+09    0.3978236E+09    0.9085847E+07
 306      0.522206E+09    0.3735121E+09    0.9676375E+06
 307      0.449293E+09    0.3468332E+09   -0.5912654E+07
 308      0.354023E+09    0.2793073E+09   -0.3369388E+08
 309      0.233685E+09    0.2093407E+09   -0.6234504E+08
 310      0.792174E+08    0.1292966E+09   -0.1173959E+09
 311     -0.849912E+08    0.4742476E+08   -0.1880026E+09
 312     -0.254750E+09    0.8813394E+07   -0.2571404E+09
 313     -0.533302E+09   -0.2481961E+08   -0.3207663E+09
 314     -0.861222E+09   -0.9227827E+07   -0.1879397E+09
 315     -0.119271E+10    0.7656071E+07   -0.4612644E+08
 316     -0.159493E+10   -0.1875441E+08    0.7936034E+08
 317     -0.108037E+10   -0.1782897E+08    0.1717866E+09
 318     -0.563063E+09   -0.2592572E+08    0.2453085E+09
 319     -0.147528E+09    0.6077725E+08    0.1518105E+09
 320      0.148783E+09    0.1619859E+09    0.7206437E+08
 321      0.346456E+09    0.3039405E+09    0.1139754E+08
 322      0.469382E+09    0.4435758E+09   -0.3978259E+08
 323      0.537017E+09    0.5423188E+09   -0.4016519E+08
 324      0.572612E+09    0.6376236E+09   -0.3929442E+08
 325      0.566701E+09    0.6707225E+09   -0.1391157E+08
 326      0.548737E+09    0.7039363E+09    0.1120655E+08
 327      0.500306E+09    0.6705613E+09    0.3653816E+08
 328      0.440853E+09    0.6366713E+09    0.6130595E+08
 329      0.359922E+09    0.5430835E+09    0.5964999E+08
 330      0.262350E+09    0.4447814E+09    0.6044819E+08
 331      0.138504E+09    0.3166455E+09    0.3400227E+07
 332      0.305224E+08    0.1910229E+09   -0.6910190E+08
 333     -0.165204E+09    0.9541396E+08   -0.1691505E+09
 334     -0.501819E+09    0.8792587E+07   -0.2785092E+09
 335     -0.977468E+09   -0.1913453E+06   -0.1811762E+09
 336     -0.152061E+10   -0.1553144E+08   -0.6191739E+08
 337     -0.188408E+10    0.3902008E+08    0.1313884E+09
 338     -0.118590E+10   -0.2420725E+07    0.1872975E+09
 339     -0.577254E+09   -0.3701676E+06    0.2326069E+09
 340     -0.603418E+08    0.2156963E+09    0.7657180E+08
 341      0.231461E+09    0.4108976E+09   -0.6927001E+08
 342      0.403156E+09    0.6309514E+09   -0.1229152E+09
 343      0.498826E+09    0.8305031E+09   -0.1667902E+09
 344      0.537817E+09    0.9507135E+09   -0.1344866E+09
 345      0.561564E+09    0.1068976E+10   -0.1030745E+09
 346      0.542797E+09    0.1099551E+10   -0.4385409E+08
 347      0.525255E+09    0.1129340E+10    0.1510995E+08
 348      0.475677E+09    0.1083134E+10    0.7332979E+08
 349      0.433337E+09    0.1037923E+10    0.1306064E+09
 350      0.363429E+09    0.9221159E+09    0.1567395E+09
 351      0.291167E+09    0.8064119E+09    0.1885989E+09
 352      0.207793E+09    0.6283017E+09    0.1316283E+09
 353      0.146090E+09    0.4349307E+09    0.6106367E+08
 354     -0.563104E+08    0.2513988E+09   -0.8768228E+08
 355     -0.498333E+09    0.4526262E+08   -0.2473990E+09
 356     -0.109834E+10    0.1856705E+08   -0.1814962E+09
 357     -0.187892E+10    0.3101974E+08   -0.9627386E+08
 358     -0.221073E+10   -0.1102203E+09    0.1638200E+09
 359     -0.114842E+10    0.4132744E+08    0.9879908E+08
 360     -0.329482E+09    0.1797174E+09   -0.3034762E+08
 361      0.741709E+08    0.5262979E+09   -0.2489854E+09
 362      0.287324E+09    0.8906967E+09   -0.3837453E+09
 363      0.387280E+09    0.1145175E+10   -0.3595672E+09
 364      0.444959E+09    0.1390589E+10   -0.3385166E+09
 365      0.455200E+09    0.1509512E+10   -0.2508285E+09
 366      0.467755E+09    0.1629320E+10   -0.1652891E+09
 367      0.443654E+09    0.1649468E+10   -0.6244010E+08
 368      0.428553E+09    0.1671721E+10    0.3892198E+08
 369      0.384339E+09    0.1614723E+10    0.1322580E+09
 370      0.355562E+09    0.1560064E+10    0.2255089E+09
 371      0.303746E+09    0.1430588E+10    0.2890448E+09
 372      0.250937E+09    0.1303883E+10    0.3573095E+09
 373      0.229525E+09    0.1085602E+10    0.3524955E+09
 374      0.218371E+09    0.8601050E+09    0.3483176E+09
 375      0.832106E+08    0.5315153E+09    0.2197371E+09
 376     -0.267049E+09    0.2133357E+09    0.2147484E+08
 377     -0.105904E+10    0.6336115E+08   -0.7577895E+08
 378     -0.222943E+10   -0.9316478E+08   -0.1104738E+09
 379     -0.318385E+10    0.2588933E+09    0.6313937E+09
 380     -0.958794E+09    0.2480736E+09    0.9952830E+08
 381     -0.143645E+08    0.4837273E+09   -0.4701413E+09
 382      0.208362E+09    0.1220497E+10   -0.6344657E+09
 383      0.344763E+09    0.1706390E+10   -0.7153378E+09
 384      0.360011E+09    0.1941175E+10   -0.6088119E+09
 385      0.385147E+09    0.2179696E+10   -0.5105073E+09
 386      0.366990E+09    0.2260937E+10   -0.3671452E+09
 387      0.367298E+09    0.2349219E+10   -0.2252599E+09
 388      0.341441E+09    0.2343636E+10   -0.8009659E+08
 389      0.327519E+09    0.2341974E+10    0.6323413E+08
 390      0.289763E+09    0.2271702E+10    0.1930411E+09
 391      0.272798E+09    0.2204573E+10    0.3218850E+09
 392      0.239033E+09    0.2078747E+10    0.4242194E+09
 393      0.202339E+09    0.1962362E+10    0.5299037E+09
 394      0.238641E+09    0.1747817E+10    0.5891075E+09
 395      0.293508E+09    0.1539088E+10    0.6557076E+09
 396      0.223117E+09    0.1111047E+10    0.5875765E+09
 397      0.329156E+08    0.4700302E+09    0.4411236E+09
 398     -0.883086E+09    0.2516514E+09   -0.4276661E+08
 399     -0.316917E+10    0.2352970E+09   -0.4609865E+09
 400     -0.258658E+10   -0.4621406E+09   -0.1344814E+09
 401     -0.333301E+09    0.8200819E+09   -0.7779326E+09
 402     -0.396111E+08    0.2052627E+10   -0.1239363E+10
 403      0.130556E+09    0.2456041E+10   -0.1052565E+10
 404      0.173287E+09    0.2876668E+10   -0.9452057E+09
 405      0.182372E+09    0.3006664E+10   -0.7558482E+09
 406      0.194478E+09    0.3153142E+10   -0.5750260E+09
 407      0.184865E+09    0.3172435E+10   -0.3894766E+09
 408      0.184242E+09    0.3197922E+10   -0.2056999E+09
 409      0.173387E+09    0.3153788E+10   -0.3569311E+08
 410      0.165215E+09    0.3111902E+10    0.1339821E+09
 411      0.146651E+09    0.3029565E+10    0.2776635E+09
 412      0.137948E+09    0.2950917E+10    0.4211978E+09
 413      0.121799E+09    0.2844033E+10    0.5368382E+09
 414      0.979138E+08    0.2745605E+10    0.6462646E+09
 415      0.128506E+09    0.2600605E+10    0.7521854E+09
 416      0.159397E+09    0.2470008E+10    0.8751283E+09
 417      0.153391E+09    0.2108511E+10    0.9793934E+09
 418      0.144673E+08    0.1744390E+10    0.1167105E+10
 419     -0.276063E+09    0.6859396E+09    0.7434008E+09
 420     -0.253475E+10   -0.3931285E+09    0.2037428E+09
 421     -0.133295E+10    0.4439380E+10   -0.1043953E+10
 422      0.123696E+09    0.4489408E+10   -0.1614251E+10
 423     -0.791542E+08    0.4489322E+10   -0.1838345E+10
 424      0.293927E+08    0.4402229E+10   -0.1396257E+10
 425     -0.417907E+07    0.4396705E+10   -0.1134258E+10
 426      0.623708E+07    0.4345458E+10   -0.8722358E+09
 427      0.565817E+07    0.4308977E+10   -0.6225770E+09
 428      0.638406E+07    0.4234585E+10   -0.3983834E+09
 429      0.629568E+07    0.4164689E+10   -0.1774953E+09
 430      0.894841E+07    0.4071489E+10    0.1557156E+08
 431      0.793898E+07    0.3981431E+10    0.2094303E+09
 432      0.823106E+07    0.3881141E+10    0.3646166E+09
 433      0.806879E+07    0.3783552E+10    0.5208287E+09
 434      0.950922E+07    0.3703001E+10    0.6470088E+09
 435      0.788233E+06    0.3622940E+10    0.7572141E+09
 436      0.209931E+08    0.3616825E+10    0.8978386E+09
 437      0.194277E+08    0.3627092E+10    0.1069707E+10
 438      0.647773E+08    0.3637959E+10    0.1323933E+10
 439     -0.297629E+08    0.3721865E+10    0.1765383E+10
 440      0.193158E+09    0.3692079E+10    0.1588465E+10
 441     -0.129062E+10    0.3596816E+10    0.1158919E+10
