   1      0.550018E+08    0.7968524E+07    0.5121899E+06
   2      0.262732E+08   -0.1831466E+08    0.1937377E+07
   3      0.219596E+08   -0.4744364E+08    0.2562780E+07
   4      0.214354E+08   -0.9932702E+08    0.1852476E+07
   5      0.301150E+08   -0.1498866E+09    0.2090502E+07
   6      0.413358E+08   -0.2042781E+09    0.1707190E+07
   7      0.497671E+08   -0.2576400E+09    0.1496876E+07
   8      0.511251E+08   -0.3009953E+09    0.1756141E+07
   9      0.399712E+08   -0.3448531E+09    0.1134402E+07
  10      0.295267E+08   -0.3639231E+09    0.4923150E+06
  11      0.410514E+07   -0.3830547E+09    0.1296329E+07
  12     -0.252173E+08   -0.3739429E+09    0.6788412E+05
  13     -0.573808E+08   -0.3626156E+09   -0.7367213E+06
  14     -0.784999E+08   -0.3274714E+09   -0.2633802E+06
  15     -0.107528E+09   -0.2908324E+09   -0.2175226E+07
  16     -0.109579E+09   -0.2350921E+09   -0.1483187E+07
  17     -0.108087E+09   -0.1826709E+09    0.3740903E+06
  18     -0.712058E+08   -0.1329410E+09   -0.1110300E+07
  19     -0.914775E+07   -0.8052765E+08   -0.2710660E+07
  20      0.878769E+08   -0.3715360E+08   -0.4909262E+07
  21      0.329706E+09    0.4131296E+07   -0.7103076E+07
  22      0.218709E+08    0.4804588E+07    0.4333572E+07
  23      0.994971E+07   -0.1492436E+08    0.2191260E+08
  24      0.976746E+07   -0.3597528E+08    0.3906976E+08
  25      0.149655E+08   -0.8054478E+08    0.4518395E+08
  26      0.286412E+08   -0.1251155E+09    0.5137277E+08
  27      0.434836E+08   -0.1734426E+09    0.4896774E+08
  28      0.544470E+08   -0.2217806E+09    0.4710462E+08
  29      0.599308E+08   -0.2594191E+09    0.3848911E+08
  30      0.528130E+08   -0.2958758E+09    0.2883883E+08
  31      0.413998E+08   -0.3112504E+09    0.1615094E+08
  32      0.155246E+08   -0.3265470E+09    0.4667404E+07
  33     -0.990101E+07   -0.3174611E+09   -0.9528858E+07
  34     -0.457584E+08   -0.3078005E+09   -0.2397683E+08
  35     -0.682367E+08   -0.2729761E+09   -0.3424920E+08
  36     -0.970773E+08   -0.2378725E+09   -0.4565635E+08
  37     -0.108390E+09   -0.1905204E+09   -0.4878664E+08
  38     -0.106158E+09   -0.1421125E+09   -0.5152534E+08
  39     -0.747647E+08   -0.9281641E+08   -0.4848423E+08
  40     -0.196865E+08   -0.4258787E+08   -0.4642351E+08
  41      0.733350E+08   -0.1635143E+08   -0.2947431E+08
  42      0.270518E+09    0.7174071E+07   -0.1101858E+08
  43     -0.136778E+08    0.6964012E+07    0.6283583E+07
  44     -0.647693E+07   -0.8447616E+07    0.4114549E+08
  45     -0.287530E+07   -0.2661661E+08    0.7578652E+08
  46      0.885178E+07   -0.6754158E+08    0.8802710E+08
  47      0.274677E+08   -0.1066008E+09    0.9996419E+08
  48      0.456649E+08   -0.1511096E+09    0.9596939E+08
  49      0.597427E+08   -0.1949481E+09    0.9193186E+08
  50      0.686407E+08   -0.2292465E+09    0.7517347E+08
  51      0.663952E+08   -0.2654106E+09    0.5810295E+08
  52      0.534810E+08   -0.2843866E+09    0.3239268E+08
  53      0.278578E+08   -0.3002867E+09    0.6945503E+07
  54      0.529590E+07   -0.2871554E+09   -0.1993336E+08
  55     -0.331754E+08   -0.2748931E+09   -0.4703852E+08
  56     -0.580436E+08   -0.2441309E+09   -0.6801043E+08
  57     -0.861227E+08   -0.2124570E+09   -0.8918269E+08
  58     -0.107768E+09   -0.1646451E+09   -0.9640869E+08
  59     -0.103288E+09   -0.1160606E+09   -0.1037810E+09
  60     -0.782026E+08   -0.7122241E+08   -0.9570232E+08
  61     -0.288631E+08   -0.2589325E+08   -0.8929304E+08
  62      0.577085E+08   -0.8540605E+07   -0.5214139E+08
  63      0.208505E+09    0.6548749E+07   -0.1230670E+08
  64     -0.817091E+08    0.4271099E+07    0.5295394E+07
  65     -0.561838E+08   -0.1021496E+08    0.5495564E+08
  66     -0.377722E+08   -0.2542360E+08    0.1044673E+09
  67     -0.999734E+07   -0.6236149E+08    0.1236077E+09
  68      0.218193E+08   -0.1002112E+09    0.1423997E+09
  69      0.506862E+08   -0.1428526E+09    0.1367629E+09
  70      0.767764E+08   -0.1851064E+09    0.1308896E+09
  71      0.925200E+08   -0.2176034E+09    0.1062910E+09
  72      0.977578E+08   -0.2486846E+09    0.8203412E+08
  73      0.900663E+08   -0.2605664E+09    0.4562100E+08
  74      0.675719E+08   -0.2730160E+09    0.8778687E+07
  75      0.428140E+08   -0.2649033E+09   -0.2942493E+08
  76      0.309499E+07   -0.2558268E+09   -0.6751498E+08
  77     -0.288274E+08   -0.2257043E+09   -0.9732961E+08
  78     -0.634039E+08   -0.1954948E+09   -0.1271051E+09
  79     -0.963333E+08   -0.1523750E+09   -0.1394223E+09
  80     -0.102972E+09   -0.1075638E+09   -0.1519285E+09
  81     -0.952513E+08   -0.6545831E+08   -0.1354663E+09
  82     -0.619067E+08   -0.2472950E+08   -0.1193034E+09
  83      0.217324E+07   -0.9528946E+07   -0.6490026E+08
  84      0.119903E+09    0.4758794E+07   -0.9544198E+07
  85     -0.147000E+09    0.4975611E+07    0.6131014E+07
  86     -0.105679E+09   -0.1033949E+08    0.6958726E+08
  87     -0.723109E+08   -0.2746557E+08    0.1329481E+09
  88     -0.294371E+08   -0.6255166E+08    0.1592771E+09
  89      0.161202E+08   -0.9658931E+08    0.1851233E+09
  90      0.556986E+08   -0.1365092E+09    0.1780824E+09
  91      0.933495E+08   -0.1767314E+09    0.1709745E+09
  92      0.117625E+09   -0.2055355E+09    0.1371854E+09
  93      0.127848E+09   -0.2335090E+09    0.1040990E+09
  94      0.126990E+09   -0.2465811E+09    0.5821378E+08
  95      0.105857E+09   -0.2596643E+09    0.1200309E+08
  96      0.811174E+08   -0.2530229E+09   -0.3769501E+08
  97      0.387763E+08   -0.2451069E+09   -0.8884503E+08
  98      0.136845E+06   -0.2159628E+09   -0.1273777E+09
  99     -0.417324E+08   -0.1873170E+09   -0.1646916E+09
 100     -0.836923E+08   -0.1469528E+09   -0.1820415E+09
 101     -0.104168E+09   -0.1055107E+09   -0.1992359E+09
 102     -0.113378E+09   -0.6736705E+08   -0.1747170E+09
 103     -0.970662E+08   -0.2828582E+08   -0.1503875E+09
 104     -0.523971E+08   -0.9770976E+07   -0.7961211E+08
 105      0.357252E+08    0.6345905E+07   -0.8502162E+07
 106     -0.244594E+09    0.4550886E+07    0.7526964E+07
 107     -0.183383E+09   -0.1064469E+08    0.8476932E+08
 108     -0.125650E+09   -0.2723193E+08    0.1617018E+09
 109     -0.605592E+08   -0.6235026E+08    0.1923081E+09
 110      0.492443E+07   -0.9748732E+08    0.2229911E+09
 111      0.653627E+08   -0.1337912E+09    0.2134805E+09
 112      0.118269E+09   -0.1687325E+09    0.2033870E+09
 113      0.157463E+09   -0.1966001E+09    0.1642565E+09
 114      0.175073E+09   -0.2251108E+09    0.1251943E+09
 115      0.182553E+09   -0.2371161E+09    0.6982153E+08
 116      0.163974E+09   -0.2479786E+09    0.1442400E+08
 117      0.139912E+09   -0.2403875E+09   -0.4444495E+08
 118      0.978403E+08   -0.2334488E+09   -0.1045413E+09
 119      0.455149E+08   -0.2089887E+09   -0.1523090E+09
 120     -0.689313E+07   -0.1827292E+09   -0.1992441E+09
 121     -0.630173E+08   -0.1440460E+09   -0.2192134E+09
 122     -0.110709E+09   -0.1061771E+09   -0.2380203E+09
 123     -0.140738E+09   -0.6960811E+08   -0.2105911E+09
 124     -0.154050E+09   -0.3148920E+08   -0.1837900E+09
 125     -0.140090E+09   -0.1221718E+08   -0.9701153E+08
 126     -0.799345E+08    0.4923954E+07   -0.9746406E+07
 127     -0.341552E+09    0.4200085E+07    0.9579753E+07
 128     -0.261045E+09   -0.1226939E+08    0.1000545E+09
 129     -0.178970E+09   -0.3027261E+08    0.1904389E+09
 130     -0.913921E+08   -0.6428498E+08    0.2259148E+09
 131     -0.701125E+07   -0.9743431E+08    0.2612955E+09
 132      0.757302E+08   -0.1313560E+09    0.2490133E+09
 133      0.143301E+09   -0.1653481E+09    0.2359863E+09
 134      0.196223E+09   -0.1886268E+09    0.1916847E+09
 135      0.224555E+09   -0.2105575E+09    0.1464704E+09
 136      0.237563E+09   -0.2225130E+09    0.8216990E+08
 137      0.224084E+09   -0.2362134E+09    0.1746994E+08
 138      0.198464E+09   -0.2296804E+09   -0.5235790E+08
 139      0.155294E+09   -0.2219008E+09   -0.1196603E+09
 140      0.923532E+08   -0.2027179E+09   -0.1763482E+09
 141      0.282051E+08   -0.1821048E+09   -0.2346906E+09
 142     -0.439443E+08   -0.1459896E+09   -0.2568504E+09
 143     -0.117043E+09   -0.1090590E+09   -0.2788474E+09
 144     -0.167204E+09   -0.6767693E+08   -0.2481809E+09
 145     -0.211355E+09   -0.2718968E+08   -0.2163566E+09
 146     -0.227682E+09   -0.1023897E+08   -0.1138187E+09
 147     -0.196719E+09    0.5491241E+07   -0.1131205E+08
 148     -0.481442E+09    0.4257095E+07    0.1330124E+08
 149     -0.363881E+09   -0.1248878E+08    0.1165691E+09
 150     -0.250622E+09   -0.3106011E+08    0.2196693E+09
 151     -0.128817E+09   -0.6406317E+08    0.2569591E+09
 152     -0.167997E+08   -0.9579666E+08    0.2931220E+09
 153      0.902459E+08   -0.1245388E+09    0.2777077E+09
 154      0.178531E+09   -0.1530949E+09    0.2621892E+09
 155      0.245075E+09   -0.1740681E+09    0.2117328E+09
 156      0.288303E+09   -0.1951561E+09    0.1617237E+09
 157      0.306768E+09   -0.2037980E+09    0.9138684E+08
 158      0.303199E+09   -0.2112382E+09    0.2018169E+08
 159      0.274406E+09   -0.2069951E+09   -0.5653785E+08
 160      0.222535E+09   -0.2028543E+09   -0.1315806E+09
 161      0.157750E+09   -0.1825288E+09   -0.1946276E+09
 162      0.764462E+08   -0.1631578E+09   -0.2588958E+09
 163     -0.166871E+08   -0.1328913E+09   -0.2876735E+09
 164     -0.115771E+09   -0.1004247E+09   -0.3169445E+09
 165     -0.203066E+09   -0.6612441E+08   -0.2827742E+09
 166     -0.285959E+09   -0.3144741E+08   -0.2475951E+09
 167     -0.344753E+09   -0.1234032E+08   -0.1311238E+09
 168     -0.359806E+09    0.4823439E+07   -0.1369978E+08
 169     -0.620971E+09    0.5410325E+07    0.1602241E+08
 170     -0.466836E+09   -0.1249318E+08    0.1334322E+09
 171     -0.321760E+09   -0.3255264E+08    0.2495508E+09
 172     -0.166787E+09   -0.6362674E+08    0.2884897E+09
 173     -0.255607E+08   -0.9398932E+08    0.3267015E+09
 174      0.103942E+09   -0.1198586E+09    0.3072537E+09
 175      0.214191E+09   -0.1439118E+09    0.2884026E+09
 176      0.294927E+09   -0.1548114E+09    0.2318859E+09
 177      0.350406E+09   -0.1649421E+09    0.1767360E+09
 178      0.377653E+09   -0.1688222E+09    0.1001322E+09
 179      0.381898E+09   -0.1743460E+09    0.2253255E+08
 180      0.350519E+09   -0.1733059E+09   -0.5998021E+08
 181      0.293141E+09   -0.1721815E+09   -0.1433433E+09
 182      0.221761E+09   -0.1619578E+09   -0.2137846E+09
 183      0.125366E+09   -0.1501120E+09   -0.2841051E+09
 184      0.115866E+08   -0.1253400E+09   -0.3189687E+09
 185     -0.115433E+09   -0.1014563E+09   -0.3536026E+09
 186     -0.240268E+09   -0.6887531E+08   -0.3170929E+09
 187     -0.359460E+09   -0.3281234E+08   -0.2808517E+09
 188     -0.462380E+09   -0.1140454E+08   -0.1491462E+09
 189     -0.522011E+09    0.6519682E+07   -0.1539199E+08
 190     -0.802070E+09    0.3317332E+07    0.2103248E+08
 191     -0.597212E+09   -0.1430770E+08    0.1504150E+09
 192     -0.399311E+09   -0.3431830E+08    0.2775725E+09
 193     -0.205488E+09   -0.6072462E+08    0.3125780E+09
 194     -0.272114E+08   -0.8485001E+08    0.3476399E+09
 195      0.127439E+09   -0.9759141E+08    0.3213313E+09
 196      0.257265E+09   -0.1095834E+09    0.2962285E+09
 197      0.353921E+09   -0.1141595E+09    0.2369736E+09
 198      0.418915E+09   -0.1188766E+09    0.1780789E+09
 199      0.455395E+09   -0.1191078E+09    0.1013139E+09
 200      0.463603E+09   -0.1199133E+09    0.2496824E+08
 201      0.435101E+09   -0.1207863E+09   -0.5881258E+08
 202      0.377695E+09   -0.1215693E+09   -0.1434059E+09
 203      0.295301E+09   -0.1166167E+09   -0.2178579E+09
 204      0.188094E+09   -0.1118805E+09   -0.2930036E+09
 205      0.504335E+08   -0.9855608E+08   -0.3329388E+09
 206     -0.105333E+09   -0.8447829E+08   -0.3737565E+09
 207     -0.273752E+09   -0.5903120E+08   -0.3432859E+09
 208     -0.443599E+09   -0.3116263E+08   -0.3119595E+09
 209     -0.609306E+09   -0.1219591E+08   -0.1664885E+09
 210     -0.735936E+09    0.4064043E+07   -0.1879684E+08
 211     -0.984906E+09    0.3619021E+07    0.2680910E+08
 212     -0.727149E+09   -0.1247926E+08    0.1674647E+09
 213     -0.478735E+09   -0.3116092E+08    0.3060883E+09
 214     -0.243986E+09   -0.5062232E+08    0.3375821E+09
 215     -0.297411E+08   -0.6737153E+08    0.3686672E+09
 216      0.151464E+09   -0.6835260E+08    0.3359591E+09
 217      0.299939E+09   -0.6794647E+08    0.3049851E+09
 218      0.413027E+09   -0.5809624E+08    0.2432261E+09
 219      0.489593E+09   -0.4911978E+08    0.1811867E+09
 220      0.533442E+09   -0.4302069E+08    0.1027087E+09
 221      0.545625E+09   -0.3669562E+08    0.2586833E+08
 222      0.521524E+09   -0.3778604E+08   -0.5849498E+08
 223      0.461313E+09   -0.4102182E+08   -0.1437582E+09
 224      0.370109E+09   -0.5257958E+08   -0.2219477E+09
 225      0.250763E+09   -0.6404929E+08   -0.3012730E+09
 226      0.884155E+08   -0.6503206E+08   -0.3475367E+09
 227     -0.945775E+08   -0.6447176E+08   -0.3956932E+09
 228     -0.306612E+09   -0.4649236E+08   -0.3701991E+09
 229     -0.531076E+09   -0.2595704E+08   -0.3422868E+09
 230     -0.755561E+09   -0.9663879E+07   -0.1835171E+09
 231     -0.953409E+09    0.3898986E+07   -0.2302064E+08
 232     -0.121067E+10    0.1503982E+07    0.3381844E+08
 233     -0.875722E+09   -0.1307198E+08    0.1807836E+09
 234     -0.557776E+09   -0.3062397E+08    0.3239655E+09
 235     -0.267105E+09   -0.3723460E+08    0.3418728E+09
 236     -0.174941E+08   -0.4022601E+08    0.3607344E+09
 237      0.189213E+09   -0.2125140E+08    0.3190317E+09
 238      0.351027E+09   -0.1269305E+07    0.2792870E+09
 239      0.471882E+09    0.2674061E+08    0.2187360E+09
 240      0.556449E+09    0.5468946E+08    0.1594205E+09
 241      0.602437E+09    0.6910673E+08    0.9126277E+08
 242      0.618216E+09    0.8220946E+08    0.2365216E+08
 243      0.596200E+09    0.7237051E+08   -0.4872605E+08
 244      0.538851E+09    0.6053390E+08   -0.1215130E+09
 245      0.447728E+09    0.3518066E+08   -0.1974405E+09
 246      0.320293E+09    0.9708991E+07   -0.2743350E+09
 247      0.143920E+09   -0.9403643E+07   -0.3300746E+09
 248     -0.666206E+08   -0.2678526E+08   -0.3883440E+09
 249     -0.323733E+09   -0.2488589E+08   -0.3733113E+09
 250     -0.616339E+09   -0.1972548E+08   -0.3582871E+09
 251     -0.921361E+09   -0.6815437E+07   -0.1942632E+09
 252     -0.121921E+10    0.2923219E+07   -0.2556039E+08
 253     -0.143409E+10    0.1249043E+07    0.4191112E+08
 254     -0.102663E+10   -0.1293879E+08    0.1956669E+09
 255     -0.636465E+09   -0.2904325E+08    0.3436328E+09
 256     -0.291635E+09   -0.1665193E+08    0.3476245E+09
 257     -0.602364E+07    0.1952042E+06    0.3542621E+09
 258      0.227913E+09    0.4997160E+08    0.3027827E+09
 259      0.403598E+09    0.1004844E+09    0.2539153E+09
 260      0.532123E+09    0.1510996E+09    0.1945345E+09
 261      0.623274E+09    0.2001310E+09    0.1373921E+09
 262      0.671941E+09    0.2219852E+09    0.8049553E+08
 263      0.692286E+09    0.2414731E+09    0.2354317E+08
 264      0.670414E+09    0.2267694E+09   -0.3818192E+08
 265      0.618235E+09    0.2123973E+09   -0.1005772E+09
 266      0.526845E+09    0.1693210E+09   -0.1735482E+09
 267      0.390738E+09    0.1225495E+09   -0.2473749E+09
 268      0.201579E+09    0.7184761E+08   -0.3132585E+09
 269     -0.396318E+08    0.2264919E+08   -0.3819182E+09
 270     -0.343147E+09    0.2005755E+07   -0.3772573E+09
 271     -0.699928E+09   -0.1476924E+08   -0.3752947E+09
 272     -0.109092E+10   -0.6285512E+07   -0.2060169E+09
 273     -0.148067E+10    0.6430236E+06   -0.2905646E+08
 274     -0.169479E+10   -0.6428591E+07    0.5683943E+08
 275     -0.117549E+10   -0.9263855E+07    0.1989611E+09
 276     -0.684485E+09   -0.1571908E+08    0.3329116E+09
 277     -0.277828E+09    0.2515004E+08    0.3057329E+09
 278      0.382331E+08    0.7298398E+08    0.2822465E+09
 279      0.279212E+09    0.1592502E+09    0.2228176E+09
 280      0.453942E+09    0.2449154E+09    0.1690436E+09
 281      0.575747E+09    0.3203292E+09    0.1247360E+09
 282      0.660301E+09    0.3945228E+09    0.8275461E+08
 283      0.704990E+09    0.4274745E+09    0.5189312E+08
 284      0.728539E+09    0.4585492E+09    0.2125932E+08
 285      0.709867E+09    0.4371015E+09   -0.1539424E+08
 286      0.668120E+09    0.4141544E+09   -0.5258478E+08
 287      0.583216E+09    0.3451493E+09   -0.1058890E+09
 288      0.459304E+09    0.2742309E+09   -0.1613547E+09
 289      0.272674E+09    0.1880685E+09   -0.2307837E+09
 290      0.176172E+08    0.1012408E+09   -0.3043683E+09
 291     -0.323335E+09    0.4753003E+08   -0.3289747E+09
 292     -0.749077E+09    0.1010557E+07   -0.3572417E+09
 293     -0.125316E+10   -0.4808032E+06   -0.2034135E+09
 294     -0.178485E+10   -0.5437052E+07   -0.3929560E+08
 295     -0.195935E+10   -0.1184944E+07    0.7485325E+08
 296     -0.132634E+10   -0.6893690E+07    0.2043358E+09
 297     -0.743355E+09   -0.7093073E+07    0.3266205E+09
 298     -0.261260E+09    0.8332474E+08    0.2674898E+09
 299      0.819619E+08    0.1774975E+09    0.2117945E+09
 300      0.333275E+09    0.3174743E+09    0.1437362E+09
 301      0.505335E+09    0.4537736E+09    0.8271629E+08
 302      0.620373E+09    0.5623202E+09    0.5452523E+08
 303      0.697915E+09    0.6656335E+09    0.2835407E+08
 304      0.738046E+09    0.7076197E+09    0.2315690E+08
 305      0.763891E+09    0.7492535E+09    0.1873515E+08
 306      0.750423E+09    0.7188058E+09    0.8963326E+07
 307      0.717698E+09    0.6862784E+09   -0.1324385E+07
 308      0.640478E+09    0.5901168E+09   -0.3648808E+08
 309      0.530093E+09    0.4908830E+09   -0.7393635E+08
 310      0.346767E+09    0.3560699E+09   -0.1481535E+09
 311      0.751133E+08    0.2166039E+09   -0.2280602E+09
 312     -0.300574E+09    0.1170599E+09   -0.2843383E+09
 313     -0.809202E+09    0.2206603E+08   -0.3437778E+09
 314     -0.141699E+10    0.8306667E+07   -0.2018677E+09
 315     -0.209577E+10   -0.9609378E+06   -0.4928757E+08
 316     -0.224894E+10   -0.2972037E+08    0.1026759E+09
 317     -0.141593E+10    0.5209939E+07    0.1784825E+09
 318     -0.704413E+09    0.3595730E+08    0.2343385E+09
 319     -0.176639E+09    0.1917605E+09    0.1182283E+09
 320      0.163469E+09    0.3575342E+09    0.2066392E+08
 321      0.379657E+09    0.5510468E+09   -0.3653570E+08
 322      0.522829E+09    0.7409268E+09   -0.8366863E+08
 323      0.611020E+09    0.8758125E+09   -0.7275752E+08
 324      0.673477E+09    0.1008402E+10   -0.6118347E+08
 325      0.704108E+09    0.1059159E+10   -0.2377965E+08
 326      0.727390E+09    0.1109434E+10    0.1364729E+08
 327      0.720083E+09    0.1072200E+10    0.4899525E+08
 328      0.699542E+09    0.1033688E+10    0.8437317E+08
 329      0.642227E+09    0.9081950E+09    0.8817821E+08
 330      0.559402E+09    0.7803776E+09    0.9172366E+08
 331      0.407302E+09    0.5909785E+09    0.3686375E+08
 332      0.169037E+09    0.3967774E+09   -0.2687109E+08
 333     -0.206066E+09    0.2239299E+09   -0.1253366E+09
 334     -0.764433E+09    0.6197651E+08   -0.2403014E+09
 335     -0.151369E+10    0.1984907E+08   -0.1645777E+09
 336     -0.241588E+10   -0.2563131E+08   -0.6468522E+08
 337     -0.257112E+10    0.2464554E+08    0.1562228E+09
 338     -0.150842E+10    0.2302314E+08    0.1608000E+09
 339     -0.696112E+09    0.7319699E+08    0.1534838E+09
 340     -0.720590E+08    0.3680411E+09   -0.2391843E+08
 341      0.250596E+09    0.6330774E+09   -0.1829177E+09
 342      0.430644E+09    0.9033589E+09   -0.2225653E+09
 343      0.541248E+09    0.1153071E+10   -0.2537078E+09
 344      0.600123E+09    0.1307664E+10   -0.2020767E+09
 345      0.647182E+09    0.1459718E+10   -0.1513066E+09
 346      0.668119E+09    0.1513153E+10   -0.7005085E+08
 347      0.689282E+09    0.1567864E+10    0.1063474E+08
 348      0.686959E+09    0.1523909E+10    0.9151624E+08
 349      0.680150E+09    0.1480619E+10    0.1730279E+09
 350      0.644138E+09    0.1336992E+10    0.2174211E+09
 351      0.589791E+09    0.1192262E+10    0.2635274E+09
 352      0.472508E+09    0.9432447E+09    0.2300584E+09
 353      0.271007E+09    0.6740325E+09    0.1880121E+09
 354     -0.919056E+08    0.4036249E+09    0.2876428E+08
 355     -0.744644E+09    0.1087621E+09   -0.1473627E+09
 356     -0.161514E+10    0.3982393E+08   -0.1357320E+09
 357     -0.276922E+10    0.1624565E+08   -0.1019530E+09
 358     -0.282223E+10   -0.1256934E+09    0.1833176E+09
 359     -0.138911E+10    0.7834393E+08    0.2597360E+08
 360     -0.418180E+09    0.2761796E+09   -0.1855052E+09
 361      0.628400E+08    0.6883658E+09   -0.4070555E+09
 362      0.294825E+09    0.1108390E+10   -0.5439425E+09
 363      0.396614E+09    0.1402046E+10   -0.5014599E+09
 364      0.466551E+09    0.1687831E+10   -0.4640102E+09
 365      0.495429E+09    0.1842403E+10   -0.3552654E+09
 366      0.528671E+09    0.1999662E+10   -0.2494889E+09
 367      0.540406E+09    0.2050919E+10   -0.1195752E+09
 368      0.560313E+09    0.2104204E+10    0.9515678E+07
 369      0.559301E+09    0.2059669E+10    0.1390699E+09
 370      0.563503E+09    0.2018351E+10    0.2691985E+09
 371      0.544808E+09    0.1865838E+10    0.3740874E+09
 372      0.517807E+09    0.1713358E+10    0.4823314E+09
 373      0.445860E+09    0.1426521E+10    0.5195977E+09
 374      0.325681E+09    0.1131472E+10    0.5618419E+09
 375      0.605855E+08    0.7140514E+09    0.4226282E+09
 376     -0.458349E+09    0.3027542E+09    0.2080771E+09
 377     -0.148460E+10    0.9830768E+08    0.1612530E+08
 378     -0.302383E+10   -0.1068072E+09   -0.1128804E+09
 379     -0.370633E+10    0.2632168E+09    0.6342166E+09
 380     -0.110514E+10    0.2943389E+09   -0.3307161E+08
 381     -0.869696E+08    0.5760725E+09   -0.7082089E+09
 382      0.191901E+09    0.1344065E+10   -0.8506373E+09
 383      0.335764E+09    0.1853895E+10   -0.9197240E+09
 384      0.349047E+09    0.2117359E+10   -0.7909668E+09
 385      0.382803E+09    0.2387783E+10   -0.6729753E+09
 386      0.384606E+09    0.2515989E+10   -0.5069528E+09
 387      0.404804E+09    0.2652415E+10   -0.3444145E+09
 388      0.408809E+09    0.2696466E+10   -0.1657191E+09
 389      0.429504E+09    0.2745282E+10    0.1099255E+08
 390      0.428972E+09    0.2709692E+10    0.1893980E+09
 391      0.444512E+09    0.2677153E+10    0.3686423E+09
 392      0.439638E+09    0.2540612E+10    0.5360241E+09
 393      0.441587E+09    0.2410897E+10    0.7067232E+09
 394      0.409929E+09    0.2126531E+10    0.8246378E+09
 395      0.381273E+09    0.1847294E+10    0.9539786E+09
 396      0.213265E+09    0.1327660E+10    0.8766247E+09
 397     -0.104189E+09    0.5870475E+09    0.7185556E+09
 398     -0.121074E+10    0.2935793E+09    0.9634730E+08
 399     -0.388459E+10    0.2119079E+09   -0.4662714E+09
 400     -0.284712E+10   -0.4587301E+09   -0.1590259E+09
 401     -0.400959E+09    0.8400532E+09   -0.9074486E+09
 402     -0.858738E+08    0.2070588E+10   -0.1447825E+10
 403      0.114614E+09    0.2447382E+10   -0.1260408E+10
 404      0.161601E+09    0.2854030E+10   -0.1160023E+10
 405      0.170513E+09    0.3012210E+10   -0.9714546E+09
 406      0.185691E+09    0.3190425E+10   -0.7940471E+09
 407      0.189347E+09    0.3279265E+10   -0.5983797E+09
 408      0.200117E+09    0.3374287E+10   -0.4043476E+09
 409      0.204322E+09    0.3411360E+10   -0.2000021E+09
 410      0.218621E+09    0.3452408E+10    0.4409920E+07
 411      0.218292E+09    0.3430687E+10    0.2161423E+09
 412      0.229676E+09    0.3412645E+10    0.4280152E+09
 413      0.227512E+09    0.3316912E+10    0.6408669E+09
 414      0.231851E+09    0.3226157E+10    0.8553514E+09
 415      0.218998E+09    0.3017431E+10    0.1050507E+10
 416      0.206719E+09    0.2823421E+10    0.1256762E+10
 417      0.149873E+09    0.2371428E+10    0.1355207E+10
 418     -0.572495E+08    0.1914494E+10    0.1545594E+10
 419     -0.441766E+09    0.7663728E+09    0.9596386E+09
 420     -0.294155E+10   -0.4000270E+09    0.2408939E+09
 421     -0.133328E+10    0.4535267E+10   -0.1073186E+10
 422      0.125590E+09    0.4409298E+10   -0.1731433E+10
 423     -0.880574E+08    0.4236217E+10   -0.2019942E+10
 424      0.206090E+08    0.4101882E+10   -0.1601595E+10
 425     -0.122195E+08    0.4048024E+10   -0.1367009E+10
 426     -0.253562E+07    0.4053654E+10   -0.1127856E+10
 427     -0.489333E+07    0.4071672E+10   -0.9040574E+09
 428     -0.282011E+06    0.4110830E+10   -0.6815556E+09
 429      0.147834E+07    0.4155273E+10   -0.4599391E+09
 430      0.525031E+07    0.4190602E+10   -0.2312838E+09
 431      0.114971E+08    0.4228085E+10   -0.3174976E+05
 432      0.125810E+08    0.4233748E+10    0.2435465E+09
 433      0.187097E+08    0.4240890E+10    0.4865048E+09
 434      0.208228E+08    0.4204692E+10    0.7419082E+09
 435      0.252641E+08    0.4172304E+10    0.9980618E+09
 436      0.316013E+08    0.4104293E+10    0.1260445E+10
 437      0.280704E+08    0.4046726E+10    0.1537251E+10
 438      0.685002E+08    0.3958797E+10    0.1788423E+10
 439     -0.337486E+08    0.3955840E+10    0.2244210E+10
 440      0.184802E+09    0.3817765E+10    0.1882542E+10
 441     -0.136206E+10    0.3602712E+10    0.1244594E+10
