   1      0.535467E+09    0.9764072E+07   -0.2606230E+07
   2      0.442197E+09   -0.9469741E+07    0.5040400E+06
   3      0.342602E+09   -0.3255360E+08    0.3366073E+07
   4      0.236343E+09   -0.8856878E+08    0.2491135E+07
   5      0.128065E+09   -0.1412665E+09    0.1832751E+07
   6      0.173375E+08   -0.2030919E+09    0.2767312E+07
   7     -0.770688E+08   -0.2661555E+09    0.2757735E+07
   8     -0.180182E+09   -0.3195707E+09    0.2356739E+07
   9     -0.266252E+09   -0.3738808E+09    0.2999326E+07
  10     -0.331836E+09   -0.4003761E+09    0.9458601E+06
  11     -0.396530E+09   -0.4269245E+09    0.1063396E+07
  12     -0.419679E+09   -0.4099317E+09   -0.2125787E+07
  13     -0.441675E+09   -0.3824531E+09   -0.1134122E+08
  14     -0.355837E+09   -0.2998586E+09   -0.7325645E+07
  15     -0.235761E+09   -0.2269780E+09    0.2281419E+06
  16     -0.116589E+09   -0.1733804E+09   -0.2462887E+04
  17      0.162566E+08   -0.1170617E+09    0.2743414E+05
  18      0.162179E+09   -0.7250807E+08    0.1024108E+06
  19      0.332626E+09   -0.2760477E+08    0.2896138E+05
  20      0.527447E+09   -0.9938045E+07    0.3215318E+06
  21      0.761742E+09    0.6162131E+07    0.7553012E+06
  22      0.517178E+09    0.4236362E+07    0.1955225E+06
  23      0.423365E+09   -0.1381161E+08    0.1849880E+08
  24      0.328361E+09   -0.3221058E+08    0.3710805E+08
  25      0.226966E+09   -0.7638899E+08    0.4672146E+08
  26      0.123790E+09   -0.1226020E+09    0.5590387E+08
  27      0.187743E+08   -0.1763586E+09    0.5481342E+08
  28     -0.746221E+08   -0.2287935E+09    0.5437894E+08
  29     -0.172053E+09   -0.2739585E+09    0.4678682E+08
  30     -0.252075E+09   -0.3186960E+09    0.3791074E+08
  31     -0.317212E+09   -0.3403665E+09    0.2218749E+08
  32     -0.377625E+09   -0.3627448E+09    0.7756511E+07
  33     -0.395719E+09   -0.3493845E+09   -0.1609131E+08
  34     -0.410640E+09   -0.3346987E+09   -0.4502150E+08
  35     -0.349784E+09   -0.2864591E+09   -0.5676815E+08
  36     -0.240555E+09   -0.2350733E+09   -0.6155344E+08
  37     -0.119748E+09   -0.1757719E+09   -0.5561358E+08
  38      0.100849E+08   -0.1190876E+09   -0.5239426E+08
  39      0.152835E+09   -0.7495984E+08   -0.4332113E+08
  40      0.319396E+09   -0.3071008E+08   -0.3378500E+08
  41      0.510206E+09   -0.1225261E+08   -0.1702078E+08
  42      0.746053E+09    0.5154482E+07   -0.5088981E+06
  43      0.497962E+09    0.6619759E+07    0.2133261E+07
  44      0.404335E+09   -0.9160683E+07    0.3637402E+08
  45      0.313509E+09   -0.2731483E+08    0.7107297E+08
  46      0.217215E+09   -0.6809669E+08    0.9028616E+08
  47      0.119366E+09   -0.1070345E+09    0.1088409E+09
  48      0.209723E+08   -0.1547282E+09    0.1065400E+09
  49     -0.736771E+08   -0.2040242E+09    0.1063295E+09
  50     -0.163177E+09   -0.2439600E+09    0.9071029E+08
  51     -0.237033E+09   -0.2828954E+09    0.7248551E+08
  52     -0.302519E+09   -0.3020321E+09    0.4325665E+08
  53     -0.356686E+09   -0.3187970E+09    0.1328565E+08
  54     -0.370364E+09   -0.3126825E+09   -0.2884044E+08
  55     -0.377940E+09   -0.3109477E+09   -0.7403872E+08
  56     -0.342474E+09   -0.2783518E+09   -0.1050367E+09
  57     -0.251244E+09   -0.2384919E+09   -0.1261322E+09
  58     -0.124417E+09   -0.1788630E+09   -0.1121095E+09
  59      0.394409E+07   -0.1224209E+09   -0.1044888E+09
  60      0.143266E+09   -0.7660022E+08   -0.8661007E+08
  61      0.306210E+09   -0.3054215E+08   -0.6749824E+08
  62      0.492857E+09   -0.1130691E+08   -0.3409822E+08
  63      0.731938E+09    0.6355312E+07   -0.1117373E+07
  64      0.437921E+09    0.3980250E+07    0.3272425E+07
  65      0.356037E+09   -0.1137804E+08    0.5135620E+08
  66      0.274844E+09   -0.2754720E+08    0.9982304E+08
  67      0.191723E+09   -0.6376047E+08    0.1253251E+09
  68      0.106484E+09   -0.1004125E+09    0.1504193E+09
  69      0.236002E+08   -0.1442547E+09    0.1491512E+09
  70     -0.646161E+08   -0.1878757E+09    0.1481035E+09
  71     -0.137335E+09   -0.2223998E+09    0.1240560E+09
  72     -0.204944E+09   -0.2568543E+09    0.9992373E+08
  73     -0.262115E+09   -0.2743087E+09    0.5964436E+08
  74     -0.304757E+09   -0.2907660E+09    0.1753246E+08
  75     -0.321301E+09   -0.2854006E+09   -0.3218659E+08
  76     -0.326057E+09   -0.2801416E+09   -0.8241038E+08
  77     -0.298388E+09   -0.2596088E+09   -0.1259232E+09
  78     -0.237899E+09   -0.2386114E+09   -0.1676048E+09
  79     -0.129962E+09   -0.1853496E+09   -0.1647757E+09
  80     -0.140065E+08   -0.1301871E+09   -0.1606715E+09
  81      0.115435E+09   -0.8245783E+08   -0.1321130E+09
  82      0.266734E+09   -0.3596523E+08   -0.1043484E+09
  83      0.441552E+09   -0.1470720E+08   -0.5389656E+08
  84      0.676432E+09    0.5260639E+07   -0.3787585E+07
  85      0.377866E+09    0.5186102E+07    0.4450760E+07
  86      0.308280E+09   -0.7376571E+07    0.6596282E+08
  87      0.236069E+09   -0.2155883E+08    0.1283715E+09
  88      0.166924E+09   -0.5814504E+08    0.1611509E+09
  89      0.934224E+08   -0.9457001E+08    0.1934441E+09
  90      0.257150E+08   -0.1363001E+09    0.1920718E+09
  91     -0.529534E+08   -0.1771415E+09    0.1890617E+09
  92     -0.112457E+09   -0.2096964E+09    0.1577768E+09
  93     -0.172759E+09   -0.2420315E+09    0.1270710E+09
  94     -0.221527E+09   -0.2566104E+09    0.7592992E+08
  95     -0.254891E+09   -0.2717440E+09    0.2414490E+08
  96     -0.273484E+09   -0.2718518E+09   -0.3588861E+08
  97     -0.275685E+09   -0.2701360E+09   -0.9625042E+08
  98     -0.255615E+09   -0.2446801E+09   -0.1482782E+09
  99     -0.214651E+09   -0.2227599E+09   -0.2031136E+09
 100     -0.134193E+09   -0.1864741E+09   -0.2151896E+09
 101     -0.357640E+08   -0.1426602E+09   -0.2195903E+09
 102      0.865627E+08   -0.8824369E+08   -0.1788385E+09
 103      0.227029E+09   -0.3702102E+08   -0.1414942E+09
 104      0.390874E+09   -0.1388772E+08   -0.7384159E+08
 105      0.620093E+09    0.7286275E+07   -0.6402423E+07
 106      0.287913E+09    0.4186007E+07    0.4537604E+07
 107      0.233182E+09   -0.1005332E+08    0.7940350E+08
 108      0.177443E+09   -0.2531229E+08    0.1548194E+09
 109      0.128880E+09   -0.5814944E+08    0.1935233E+09
 110      0.752998E+08   -0.9082476E+08    0.2315901E+09
 111      0.277782E+08   -0.1289375E+09    0.2294337E+09
 112     -0.283293E+08   -0.1677374E+09    0.2259560E+09
 113     -0.755741E+08   -0.1986843E+09    0.1876139E+09
 114     -0.123192E+09   -0.2285609E+09    0.1503313E+09
 115     -0.161628E+09   -0.2442823E+09    0.9069180E+08
 116     -0.187301E+09   -0.2592796E+09    0.2998828E+08
 117     -0.204819E+09   -0.2531504E+09   -0.3972063E+08
 118     -0.207790E+09   -0.2471718E+09   -0.1100864E+09
 119     -0.198057E+09   -0.2270893E+09   -0.1688760E+09
 120     -0.170164E+09   -0.2067318E+09   -0.2271914E+09
 121     -0.115086E+09   -0.1741013E+09   -0.2471553E+09
 122     -0.510589E+08   -0.1412219E+09   -0.2656742E+09
 123      0.460003E+08   -0.9376692E+08   -0.2265407E+09
 124      0.159453E+09   -0.4367533E+08   -0.1864896E+09
 125      0.302945E+09   -0.1692842E+08   -0.9733842E+08
 126      0.508001E+09    0.6435346E+07   -0.9298001E+07
 127      0.200262E+09    0.4831172E+07    0.5322012E+07
 128      0.157694E+09   -0.9595754E+07    0.9341188E+08
 129      0.120741E+09   -0.2535824E+08    0.1813060E+09
 130      0.900539E+08   -0.6024421E+08    0.2259817E+09
 131      0.586316E+08   -0.9563112E+08    0.2699866E+09
 132      0.292712E+08   -0.1326113E+09    0.2667182E+09
 133     -0.420062E+07   -0.1673471E+09    0.2628427E+09
 134     -0.380630E+08   -0.1980227E+09    0.2185885E+09
 135     -0.748707E+08   -0.2302261E+09    0.1751148E+09
 136     -0.101304E+09   -0.2428030E+09    0.1053970E+09
 137     -0.118983E+09   -0.2544033E+09    0.3475870E+08
 138     -0.136282E+09   -0.2522665E+09   -0.4422147E+08
 139     -0.139848E+09   -0.2499074E+09   -0.1233044E+09
 140     -0.140510E+09   -0.2287930E+09   -0.1896056E+09
 141     -0.130276E+09   -0.2074466E+09   -0.2557342E+09
 142     -0.961077E+08   -0.1679963E+09   -0.2818956E+09
 143     -0.602805E+08   -0.1272558E+09   -0.3095353E+09
 144      0.585591E+07   -0.8584504E+08   -0.2721352E+09
 145      0.913281E+08   -0.4258693E+08   -0.2310430E+09
 146      0.214418E+09   -0.1558188E+08   -0.1211147E+09
 147      0.395045E+09    0.7931322E+07   -0.1224535E+08
 148      0.778664E+08    0.4052489E+07    0.7600013E+07
 149      0.558374E+08   -0.1161531E+08    0.1086738E+09
 150      0.466570E+08   -0.2884595E+08    0.2099704E+09
 151      0.406311E+08   -0.6307182E+08    0.2587642E+09
 152      0.387798E+08   -0.9660073E+08    0.3069810E+09
 153      0.347438E+08   -0.1320941E+09    0.3008881E+09
 154      0.260587E+08   -0.1676099E+09    0.2941543E+09
 155      0.102472E+08   -0.1934186E+09    0.2448666E+09
 156     -0.593553E+07   -0.2181877E+09    0.1942572E+09
 157     -0.246582E+08   -0.2285532E+09    0.1159837E+09
 158     -0.355872E+08   -0.2395264E+09    0.3910711E+08
 159     -0.490765E+08   -0.2351815E+09   -0.4782893E+08
 160     -0.591349E+08   -0.2300052E+09   -0.1349376E+09
 161     -0.675078E+08   -0.2110669E+09   -0.2081466E+09
 162     -0.725958E+08   -0.1924663E+09   -0.2829393E+09
 163     -0.648781E+08   -0.1594687E+09   -0.3165214E+09
 164     -0.585653E+08   -0.1256475E+09   -0.3490702E+09
 165     -0.336635E+08   -0.8445656E+08   -0.3114040E+09
 166      0.767302E+07   -0.4078723E+08   -0.2727247E+09
 167      0.838905E+08   -0.1559374E+08   -0.1439783E+09
 168      0.224314E+09    0.6247262E+07   -0.1496909E+08
 169     -0.445151E+08    0.5378658E+07    0.9545047E+07
 170     -0.454990E+08   -0.1076355E+08    0.1239911E+09
 171     -0.287994E+08   -0.2863782E+08    0.2387706E+09
 172     -0.834997E+07   -0.6306372E+08    0.2918623E+09
 173      0.172694E+08   -0.9705881E+08    0.3440808E+09
 174      0.407878E+08   -0.1278204E+09    0.3356601E+09
 175      0.556543E+08   -0.1578136E+09    0.3269297E+09
 176      0.590360E+08   -0.1778895E+09    0.2706519E+09
 177      0.636574E+08   -0.1981560E+09    0.2138526E+09
 178      0.527131E+08   -0.2086168E+09    0.1276668E+09
 179      0.468258E+08   -0.2168272E+09    0.4226512E+08
 180      0.394515E+08   -0.2130187E+09   -0.5189770E+08
 181      0.207827E+08   -0.2119705E+09   -0.1460776E+09
 182      0.615320E+07   -0.1972718E+09   -0.2271116E+09
 183     -0.143175E+08   -0.1804619E+09   -0.3105964E+09
 184     -0.335482E+08   -0.1498998E+09   -0.3504618E+09
 185     -0.609541E+08   -0.1195530E+09   -0.3886550E+09
 186     -0.718163E+08   -0.8069874E+08   -0.3522625E+09
 187     -0.764530E+08   -0.3863223E+08   -0.3151309E+09
 188     -0.472612E+08   -0.1368656E+08   -0.1663906E+09
 189      0.548585E+08    0.7454400E+07   -0.1732406E+08
 190     -0.210342E+09    0.3941536E+07    0.1362348E+08
 191     -0.173364E+09   -0.1463840E+08    0.1415545E+09
 192     -0.119718E+09   -0.3545509E+08    0.2692580E+09
 193     -0.617815E+08   -0.6767014E+08    0.3219696E+09
 194     -0.366776E+06   -0.9827315E+08    0.3734153E+09
 195      0.537648E+08   -0.1219677E+09    0.3591203E+09
 196      0.935585E+08   -0.1448816E+09    0.3451636E+09
 197      0.121244E+09   -0.1572587E+09    0.2834220E+09
 198      0.138090E+09   -0.1691996E+09    0.2222579E+09
 199      0.143187E+09   -0.1731713E+09    0.1333270E+09
 200      0.141753E+09   -0.1779843E+09    0.4358560E+08
 201      0.136492E+09   -0.1759474E+09   -0.5327818E+08
 202      0.115252E+09   -0.1736798E+09   -0.1503333E+09
 203      0.932014E+08   -0.1629440E+09   -0.2377133E+09
 204      0.579337E+08   -0.1527550E+09   -0.3260571E+09
 205      0.112790E+08   -0.1311068E+09   -0.3729055E+09
 206     -0.504140E+08   -0.1072363E+09   -0.4205044E+09
 207     -0.107755E+09   -0.7254436E+08   -0.3862401E+09
 208     -0.173634E+09   -0.3714736E+08   -0.3505290E+09
 209     -0.213685E+09   -0.1513696E+08   -0.1871226E+09
 210     -0.177565E+09    0.4665799E+07   -0.2194001E+08
 211     -0.377288E+09    0.5383396E+07    0.1788853E+08
 212     -0.301026E+09   -0.1248262E+08    0.1594748E+09
 213     -0.210996E+09   -0.3299884E+08    0.3006710E+09
 214     -0.115645E+09   -0.6321074E+08    0.3531576E+09
 215     -0.182989E+08   -0.9178844E+08    0.4044259E+09
 216      0.666201E+08   -0.1074471E+09    0.3841786E+09
 217      0.131977E+09   -0.1212799E+09    0.3641496E+09
 218      0.183779E+09   -0.1195124E+09    0.2966496E+09
 219      0.214034E+09   -0.1170884E+09    0.2293609E+09
 220      0.233247E+09   -0.1121156E+09    0.1384577E+09
 221      0.240019E+09   -0.1091745E+09    0.4712645E+08
 222      0.233513E+09   -0.1126489E+09   -0.5409217E+08
 223      0.213236E+09   -0.1155783E+09   -0.1560108E+09
 224      0.180387E+09   -0.1153176E+09   -0.2486320E+09
 225      0.130404E+09   -0.1165091E+09   -0.3409945E+09
 226      0.563223E+08   -0.1066447E+09   -0.3965543E+09
 227     -0.376835E+08   -0.9451657E+08   -0.4544705E+09
 228     -0.146823E+09   -0.6678365E+08   -0.4211929E+09
 229     -0.270136E+09   -0.3528539E+08   -0.3872369E+09
 230     -0.380508E+09   -0.1152028E+08   -0.2080511E+09
 231     -0.409066E+09    0.7815890E+07   -0.2511857E+08
 232     -0.591105E+09    0.3139517E+07    0.2314174E+08
 233     -0.454457E+09   -0.1480994E+08    0.1763614E+09
 234     -0.309607E+09   -0.3608332E+08    0.3283048E+09
 235     -0.161021E+09   -0.5704225E+08    0.3715570E+09
 236     -0.223357E+08   -0.7462282E+08    0.4133652E+09
 237      0.947959E+08   -0.7050258E+08    0.3820051E+09
 238      0.183756E+09   -0.6483128E+08    0.3516149E+09
 239      0.251651E+09   -0.4862593E+08    0.2825769E+09
 240      0.294126E+09   -0.3330359E+08    0.2144265E+09
 241      0.318999E+09   -0.2212696E+08    0.1285269E+09
 242      0.331497E+09   -0.1110001E+08    0.4381329E+08
 243      0.329344E+09   -0.1271871E+08   -0.4999293E+08
 244      0.310113E+09   -0.1580769E+08   -0.1448007E+09
 245      0.270595E+09   -0.3074007E+08   -0.2346725E+09
 246      0.212649E+09   -0.4598004E+08   -0.3261656E+09
 247      0.120001E+09   -0.5392066E+08   -0.3903262E+09
 248     -0.985997E+07   -0.6159642E+08   -0.4557365E+09
 249     -0.171861E+09   -0.5060611E+08   -0.4346333E+09
 250     -0.365039E+09   -0.3480650E+08   -0.4151725E+09
 251     -0.575026E+09   -0.1417378E+08   -0.2261032E+09
 252     -0.707261E+09    0.2681528E+07   -0.3146099E+08
 253     -0.802876E+09    0.4432267E+07    0.2947606E+08
 254     -0.609138E+09   -0.1524610E+08    0.1944389E+09
 255     -0.409890E+09   -0.3771221E+08    0.3573539E+09
 256     -0.207855E+09   -0.4607482E+08    0.3917639E+09
 257     -0.263288E+08   -0.5058676E+08    0.4242471E+09
 258      0.123287E+09   -0.2131536E+08    0.3808184E+09
 259      0.236400E+09    0.1000913E+08    0.3395450E+09
 260      0.320401E+09    0.5295918E+08    0.2691462E+09
 261      0.374949E+09    0.9492444E+08    0.2001722E+09
 262      0.407109E+09    0.1201784E+09    0.1188364E+09
 263      0.421723E+09    0.1441878E+09    0.3913377E+08
 264      0.427116E+09    0.1372423E+09   -0.4636398E+08
 265      0.406032E+09    0.1277429E+09   -0.1327900E+09
 266      0.362491E+09    0.9529545E+08   -0.2211820E+09
 267      0.296211E+09    0.6175150E+08   -0.3118426E+09
 268      0.184729E+09    0.2292312E+08   -0.3839685E+09
 269      0.151264E+08   -0.1508894E+08   -0.4577214E+09
 270     -0.195953E+09   -0.2356722E+08   -0.4492155E+09
 271     -0.463468E+09   -0.2782143E+08   -0.4431231E+09
 272     -0.770187E+09   -0.1123695E+08   -0.2453356E+09
 273     -0.100951E+10    0.3124901E+07   -0.4050249E+08
 274     -0.106713E+10   -0.2179346E+07    0.4232002E+08
 275     -0.777592E+09   -0.1543306E+08    0.2076210E+09
 276     -0.489504E+09   -0.3381857E+08    0.3673287E+09
 277     -0.221558E+09   -0.1655738E+08    0.3718917E+09
 278      0.436865E+07    0.7776169E+07    0.3768973E+09
 279      0.174228E+09    0.7471999E+08    0.3189369E+09
 280      0.296583E+09    0.1433142E+09    0.2651261E+09
 281      0.379820E+09    0.2144534E+09    0.2040659E+09
 282      0.436714E+09    0.2841535E+09    0.1450046E+09
 283      0.467381E+09    0.3197951E+09    0.8681599E+08
 284      0.485201E+09    0.3536337E+09    0.2861085E+08
 285      0.489757E+09    0.3408921E+09   -0.3199990E+08
 286      0.477334E+09    0.3259298E+09   -0.9264065E+08
 287      0.438291E+09    0.2685781E+09   -0.1659018E+09
 288      0.375483E+09    0.2102136E+09   -0.2404015E+09
 289      0.259918E+09    0.1381370E+09   -0.3145524E+09
 290      0.731823E+08    0.6520851E+08   -0.3941611E+09
 291     -0.180949E+09    0.2438041E+08   -0.4134116E+09
 292     -0.534808E+09   -0.8641834E+07   -0.4365751E+09
 293     -0.963789E+09   -0.3698938E+07   -0.2490190E+09
 294     -0.138646E+10   -0.3061737E+07   -0.4989895E+08
 295     -0.133329E+10    0.5379880E+07    0.5731562E+08
 296     -0.948808E+09   -0.1387336E+08    0.2232758E+09
 297     -0.578681E+09   -0.3187543E+08    0.3836731E+09
 298     -0.233128E+09    0.2659158E+08    0.3561004E+09
 299      0.326269E+08    0.9387286E+08    0.3298790E+09
 300      0.229376E+09    0.2181054E+09    0.2576891E+09
 301      0.358627E+09    0.3373657E+09    0.1897131E+09
 302      0.441062E+09    0.4437737E+09    0.1380176E+09
 303      0.498335E+09    0.5471130E+09    0.8937921E+08
 304      0.527129E+09    0.5972400E+09    0.5467926E+08
 305      0.549788E+09    0.6455888E+09    0.1931905E+08
 306      0.551935E+09    0.6259331E+09   -0.1648426E+08
 307      0.550049E+09    0.6062780E+09   -0.5206192E+08
 308      0.515523E+09    0.5228220E+09   -0.1083188E+09
 309      0.457144E+09    0.4336349E+09   -0.1662653E+09
 310      0.338375E+09    0.3118094E+09   -0.2459182E+09
 311      0.132985E+09    0.1872453E+09   -0.3320857E+09
 312     -0.164342E+09    0.9689442E+08   -0.3807096E+09
 313     -0.613563E+09    0.1030247E+08   -0.4343885E+09
 314     -0.116174E+10    0.2939858E+07   -0.2542663E+09
 315     -0.176557E+10    0.8473115E+05   -0.6057441E+08
 316     -0.165610E+10   -0.2320914E+08    0.8422731E+08
 317     -0.108894E+10   -0.6894184E+07    0.2147314E+09
 318     -0.573583E+09    0.2222772E+07    0.3251428E+09
 319     -0.169007E+09    0.1270522E+09    0.2338907E+09
 320      0.109865E+09    0.2647641E+09    0.1578918E+09
 321      0.290199E+09    0.4464330E+09    0.8843490E+08
 322      0.399281E+09    0.6261505E+09    0.2794881E+08
 323      0.460732E+09    0.7620270E+09    0.9988286E+07
 324      0.503554E+09    0.8951098E+09   -0.6724934E+07
 325      0.525603E+09    0.9552839E+09   -0.1431087E+07
 326      0.544588E+09    0.1014873E+10    0.3623056E+07
 327      0.548656E+09    0.9901699E+09    0.1092631E+08
 328      0.555312E+09    0.9638289E+09    0.1859698E+08
 329      0.536873E+09    0.8523603E+09    0.3093319E+07
 330      0.498740E+09    0.7390392E+09   -0.1262525E+08
 331      0.403866E+09    0.5609680E+09   -0.7281556E+08
 332      0.225113E+09    0.3780796E+09   -0.1420390E+09
 333     -0.817390E+08    0.2134613E+09   -0.2290846E+09
 334     -0.588661E+09    0.5934921E+08   -0.3351876E+09
 335     -0.129949E+10    0.1878323E+08   -0.2195864E+09
 336     -0.217109E+10   -0.2497135E+08   -0.7678145E+08
 337     -0.201178E+10    0.3143099E+08    0.1364336E+09
 338     -0.123244E+10    0.9391613E+07    0.2151053E+09
 339     -0.601074E+09    0.3268975E+08    0.2803446E+09
 340     -0.845423E+08    0.2933075E+09    0.1204784E+09
 341      0.195001E+09    0.5332984E+09   -0.2612411E+08
 342      0.356159E+09    0.8001706E+09   -0.8702564E+08
 343      0.441441E+09    0.1044685E+10   -0.1388328E+09
 344      0.479279E+09    0.1204183E+10   -0.1208310E+09
 345      0.508939E+09    0.1361734E+10   -0.1040725E+09
 346      0.521457E+09    0.1424878E+10   -0.5770850E+08
 347      0.537738E+09    0.1488347E+10   -0.1172650E+08
 348      0.542690E+09    0.1458560E+10    0.3932392E+08
 349      0.558262E+09    0.1431160E+10    0.9169957E+08
 350      0.557580E+09    0.1299924E+10    0.1188094E+09
 351      0.540500E+09    0.1164509E+10    0.1475698E+09
 352      0.474498E+09    0.9255657E+09    0.1087848E+09
 353      0.324547E+09    0.6684565E+09    0.6189215E+08
 354      0.211218E+08    0.4033237E+09   -0.8289746E+08
 355     -0.588935E+09    0.1132816E+09   -0.2473176E+09
 356     -0.144187E+10    0.4261591E+08   -0.1928137E+09
 357     -0.261154E+10    0.1726783E+08   -0.1135335E+09
 358     -0.235689E+10   -0.1165665E+09    0.1668231E+09
 359     -0.119535E+10    0.5973875E+08    0.1022055E+09
 360     -0.351733E+09    0.2258810E+09   -0.2488021E+08
 361      0.551620E+08    0.6165577E+09   -0.2473435E+09
 362      0.256254E+09    0.1022210E+10   -0.3862975E+09
 363      0.346788E+09    0.1320516E+10   -0.3684817E+09
 364      0.398460E+09    0.1610083E+10   -0.3548774E+09
 365      0.408491E+09    0.1771585E+10   -0.2798079E+09
 366      0.427415E+09    0.1934166E+10   -0.2075541E+09
 367      0.429800E+09    0.1992100E+10   -0.1141701E+09
 368      0.442622E+09    0.2052675E+10   -0.2137336E+08
 369      0.445927E+09    0.2017110E+10    0.7695624E+08
 370      0.466823E+09    0.1984344E+10    0.1753342E+09
 371      0.473654E+09    0.1844888E+10    0.2630167E+09
 372      0.479751E+09    0.1706318E+10    0.3540633E+09
 373      0.450613E+09    0.1429405E+10    0.3884741E+09
 374      0.369406E+09    0.1143701E+10    0.4286223E+09
 375      0.153986E+09    0.7272022E+09    0.3101015E+09
 376     -0.334710E+09    0.3143734E+09    0.1153841E+09
 377     -0.135071E+10    0.1020403E+09   -0.3485722E+08
 378     -0.294601E+10   -0.1088350E+09   -0.1218036E+09
 379     -0.334394E+10    0.2577936E+09    0.6243724E+09
 380     -0.100257E+10    0.2704387E+09    0.7385138E+08
 381     -0.384977E+08    0.5310992E+09   -0.5106432E+09
 382      0.194041E+09    0.1302391E+10   -0.6766991E+09
 383      0.317870E+09    0.1819455E+10   -0.7616862E+09
 384      0.324984E+09    0.2090044E+10   -0.6626470E+09
 385      0.348016E+09    0.2366674E+10   -0.5724780E+09
 386      0.331125E+09    0.2495487E+10   -0.4401680E+09
 387      0.338523E+09    0.2632231E+10   -0.3106780E+09
 388      0.334752E+09    0.2672761E+10   -0.1695067E+09
 389      0.342159E+09    0.2716464E+10   -0.2970242E+08
 390      0.345497E+09    0.2681291E+10    0.1164648E+09
 391      0.371456E+09    0.2649716E+10    0.2623893E+09
 392      0.382789E+09    0.2522907E+10    0.4108221E+09
 393      0.413373E+09    0.2404419E+10    0.5628151E+09
 394      0.415859E+09    0.2135097E+10    0.6828102E+09
 395      0.414735E+09    0.1870148E+10    0.8145019E+09
 396      0.286026E+09    0.1350600E+10    0.7647758E+09
 397     -0.113722E+08    0.6096117E+09    0.6336694E+09
 398     -0.111431E+10    0.3059601E+09    0.5209161E+08
 399     -0.388906E+10    0.2137789E+09   -0.4704554E+09
 400     -0.267218E+10   -0.4649132E+09   -0.1460501E+09
 401     -0.353211E+09    0.8283872E+09   -0.8143020E+09
 402     -0.517484E+08    0.2070928E+10   -0.1297927E+10
 403      0.123166E+09    0.2490240E+10   -0.1115747E+10
 404      0.159228E+09    0.2926987E+10   -0.1016621E+10
 405      0.163178E+09    0.3088140E+10   -0.8442143E+09
 406      0.173547E+09    0.3266711E+10   -0.6810487E+09
 407      0.164891E+09    0.3334495E+10   -0.5131819E+09
 408      0.167927E+09    0.3408643E+10   -0.3480520E+09
 409      0.168101E+09    0.3421993E+10   -0.1822657E+09
 410      0.171916E+09    0.3438916E+10   -0.1725697E+08
 411      0.174570E+09    0.3406466E+10    0.1521730E+09
 412      0.189566E+09    0.3378522E+10    0.3224529E+09
 413      0.196181E+09    0.3289733E+10    0.5080153E+09
 414      0.214814E+09    0.3206653E+10    0.6954819E+09
 415      0.220332E+09    0.3012805E+10    0.8937461E+09
 416      0.222630E+09    0.2832755E+10    0.1103304E+10
 417      0.186207E+09    0.2389303E+10    0.1236979E+10
 418     -0.707282E+07    0.1938754E+10    0.1466193E+10
 419     -0.392774E+09    0.7779269E+09    0.9277218E+09
 420     -0.295241E+10   -0.3995371E+09    0.2506709E+09
 421     -0.134512E+10    0.4440346E+10   -0.1066378E+10
 422      0.125721E+09    0.4451083E+10   -0.1666911E+10
 423     -0.780961E+08    0.4411077E+10   -0.1916830E+10
 424      0.297890E+08    0.4323528E+10   -0.1483304E+10
 425     -0.442672E+07    0.4317670E+10   -0.1234536E+10
 426      0.402714E+07    0.4298086E+10   -0.9978542E+09
 427      0.244004E+07    0.4293264E+10   -0.7744986E+09
 428      0.325191E+07    0.4275841E+10   -0.5743141E+09
 429      0.322321E+07    0.4262691E+10   -0.3778493E+09
 430      0.596431E+07    0.4239168E+10   -0.1903386E+09
 431      0.726842E+07    0.4218568E+10   -0.2326219E+07
 432      0.885446E+07    0.4188580E+10    0.1885848E+09
 433      0.124450E+08    0.4161307E+10    0.3804226E+09
 434      0.153503E+08    0.4125920E+10    0.6003264E+09
 435      0.200001E+08    0.4092646E+10    0.8218840E+09
 436      0.284684E+08    0.4045049E+10    0.1087384E+10
 437      0.261486E+08    0.4012528E+10    0.1367212E+10
 438      0.683669E+08    0.3948231E+10    0.1660719E+10
 439     -0.278214E+08    0.3962363E+10    0.2169250E+10
 440      0.185019E+09    0.3817956E+10    0.1860440E+10
 441     -0.137518E+10    0.3600597E+10    0.1264804E+10
