   1     -0.678257E+08    0.1133329E+08    0.1146697E+07
   2     -0.111532E+09   -0.3044064E+08    0.3406226E+07
   3     -0.951934E+08   -0.7638127E+08    0.4823831E+07
   4     -0.514574E+08   -0.1531864E+09    0.4117200E+07
   5      0.921196E+07   -0.2280213E+09    0.3918258E+07
   6      0.700743E+08   -0.3005677E+09    0.3109515E+07
   7      0.128669E+09   -0.3714693E+09    0.2470165E+07
   8      0.160061E+09   -0.4243718E+09    0.2095389E+07
   9      0.181887E+09   -0.4780509E+09    0.1887649E+07
  10      0.176209E+09   -0.4977847E+09    0.1404219E+06
  11      0.143298E+09   -0.5152019E+09   -0.1111933E+07
  12      0.928286E+08   -0.4984070E+09   -0.5131033E+06
  13      0.173999E+08   -0.4819082E+09   -0.1620261E+07
  14     -0.565495E+08   -0.4264243E+09   -0.3263283E+07
  15     -0.138295E+09   -0.3699488E+09   -0.3349715E+07
  16     -0.198089E+09   -0.2951732E+09   -0.3106699E+07
  17     -0.221285E+09   -0.2204952E+09   -0.2816540E+07
  18     -0.194431E+09   -0.1443598E+09   -0.3960904E+07
  19     -0.101731E+09   -0.6306537E+08   -0.5930007E+07
  20      0.777273E+08   -0.2119107E+08   -0.1948690E+07
  21      0.370293E+09    0.1416259E+08    0.2472511E+07
  22     -0.116906E+09    0.8032543E+07    0.6559761E+07
  23     -0.137866E+09   -0.2201245E+08    0.3392476E+08
  24     -0.108749E+09   -0.5535613E+08    0.5987751E+08
  25     -0.569611E+08   -0.1185912E+09    0.6413381E+08
  26      0.948584E+07   -0.1798085E+09    0.6938256E+08
  27      0.748393E+08   -0.2424726E+09    0.6433153E+08
  28      0.136470E+09   -0.3051932E+09    0.5967862E+08
  29      0.172970E+09   -0.3513685E+09    0.4726570E+08
  30      0.194927E+09   -0.3962964E+09    0.3509827E+08
  31      0.193403E+09   -0.4151804E+09    0.1852069E+08
  32      0.161060E+09   -0.4341980E+09    0.1404524E+07
  33      0.109681E+09   -0.4188073E+09   -0.1589497E+08
  34      0.359175E+08   -0.4023373E+09   -0.3380991E+08
  35     -0.433277E+08   -0.3571029E+09   -0.4809675E+08
  36     -0.128241E+09   -0.3113382E+09   -0.6164220E+08
  37     -0.191923E+09   -0.2455298E+09   -0.6754168E+08
  38     -0.222717E+09   -0.1780826E+09   -0.7335300E+08
  39     -0.202467E+09   -0.1147354E+09   -0.6528227E+08
  40     -0.117938E+09   -0.5265586E+08   -0.5774437E+08
  41      0.503136E+08   -0.2228192E+08   -0.3102323E+08
  42      0.332135E+09    0.6508620E+07   -0.3833439E+07
  43     -0.169836E+09    0.7156542E+07    0.1140648E+08
  44     -0.165478E+09   -0.1560161E+08    0.6378902E+08
  45     -0.122314E+09   -0.4022669E+08    0.1137418E+09
  46     -0.621417E+08   -0.9057771E+08    0.1234115E+09
  47      0.981062E+07   -0.1415162E+09    0.1349278E+09
  48      0.804543E+08   -0.1953113E+09    0.1250592E+09
  49      0.144026E+09   -0.2467920E+09    0.1163236E+09
  50      0.187022E+09   -0.2882241E+09    0.9279404E+08
  51      0.208339E+09   -0.3302046E+09    0.6868834E+08
  52      0.211453E+09   -0.3472330E+09    0.3692669E+08
  53      0.179768E+09   -0.3640510E+09    0.4400258E+07
  54      0.127630E+09   -0.3536389E+09   -0.3117454E+08
  55      0.541933E+08   -0.3415418E+09   -0.6602337E+08
  56     -0.298301E+08   -0.3039175E+09   -0.9243207E+08
  57     -0.117643E+09   -0.2660889E+09   -0.1195897E+09
  58     -0.185752E+09   -0.2110101E+09   -0.1314499E+09
  59     -0.224240E+09   -0.1553916E+09   -0.1432845E+09
  60     -0.211349E+09   -0.9972529E+08   -0.1263117E+09
  61     -0.135328E+09   -0.4222885E+08   -0.1094290E+09
  62      0.230923E+08   -0.1490112E+08   -0.5960856E+08
  63      0.289171E+09    0.8869627E+07   -0.9240329E+07
  64     -0.280340E+09    0.5395487E+07    0.1205604E+08
  65     -0.234104E+09   -0.1183383E+08    0.8054945E+08
  66     -0.161851E+09   -0.3080820E+08    0.1470776E+09
  67     -0.805509E+08   -0.7405604E+08    0.1640640E+09
  68      0.814629E+07   -0.1165278E+09    0.1819263E+09
  69      0.928640E+08   -0.1625448E+09    0.1695648E+09
  70      0.164280E+09   -0.2086156E+09    0.1580953E+09
  71      0.219736E+09   -0.2427878E+09    0.1268008E+09
  72      0.246730E+09   -0.2762093E+09    0.9501326E+08
  73      0.254812E+09   -0.2918313E+09    0.5204162E+08
  74      0.226813E+09   -0.3068252E+09    0.8995796E+07
  75      0.176206E+09   -0.2997200E+09   -0.3837020E+08
  76      0.965477E+08   -0.2929937E+09   -0.8545828E+08
  77      0.896829E+07   -0.2612636E+09   -0.1235404E+09
  78     -0.896742E+08   -0.2279253E+09   -0.1617606E+09
  79     -0.169425E+09   -0.1797210E+09   -0.1777968E+09
  80     -0.225787E+09   -0.1312118E+09   -0.1941457E+09
  81     -0.234782E+09   -0.8355926E+08   -0.1723357E+09
  82     -0.180895E+09   -0.3507785E+08   -0.1504694E+09
  83     -0.495907E+08   -0.1292161E+08   -0.7942828E+08
  84      0.191449E+09    0.6815418E+07   -0.7929293E+07
  85     -0.388839E+09    0.4317283E+07    0.1368090E+08
  86     -0.301786E+09   -0.1026861E+08    0.9807201E+08
  87     -0.201907E+09   -0.2592363E+08    0.1812028E+09
  88     -0.989116E+08   -0.6102921E+08    0.2049434E+09
  89      0.679673E+07   -0.9673041E+08    0.2286496E+09
  90      0.104694E+09   -0.1369623E+09    0.2143941E+09
  91      0.186063E+09   -0.1758118E+09    0.2003689E+09
  92      0.251775E+09   -0.2069372E+09    0.1607841E+09
  93      0.286040E+09   -0.2379367E+09    0.1209026E+09
  94      0.297559E+09   -0.2510072E+09    0.6701802E+08
  95      0.273901E+09   -0.2644977E+09    0.1339748E+08
  96      0.224094E+09   -0.2583631E+09   -0.4593765E+08
  97      0.140281E+09   -0.2498822E+09   -0.1056685E+09
  98      0.474365E+08   -0.2247782E+09   -0.1544604E+09
  99     -0.619966E+08   -0.2013776E+09   -0.2029033E+09
 100     -0.153070E+09   -0.1618236E+09   -0.2244723E+09
 101     -0.227693E+09   -0.1200445E+09   -0.2458602E+09
 102     -0.258084E+09   -0.7777409E+08   -0.2182828E+09
 103     -0.224239E+09   -0.3488761E+08   -0.1914998E+09
 104     -0.125154E+09   -0.1265932E+08   -0.9978714E+08
 105      0.102577E+09    0.7008537E+07   -0.6838599E+07
 106     -0.527436E+09    0.4006766E+07    0.1364593E+08
 107     -0.397319E+09   -0.7972769E+07    0.1095585E+09
 108     -0.264827E+09   -0.2101892E+08    0.2045593E+09
 109     -0.128933E+09   -0.5194977E+08    0.2342670E+09
 110      0.224685E+07   -0.8277929E+08    0.2633697E+09
 111      0.119687E+09   -0.1162268E+09    0.2470771E+09
 112      0.218602E+09   -0.1493070E+09    0.2313195E+09
 113      0.296031E+09   -0.1752448E+09    0.1865041E+09
 114      0.342804E+09   -0.2010445E+09    0.1415457E+09
 115      0.358921E+09   -0.2142768E+09    0.7942853E+08
 116      0.341691E+09   -0.2263454E+09    0.1743779E+08
 117      0.291342E+09   -0.2219195E+09   -0.4996670E+08
 118      0.207037E+09   -0.2186445E+09   -0.1177591E+09
 119      0.103740E+09   -0.1976209E+09   -0.1749031E+09
 120     -0.167487E+08   -0.1745010E+09   -0.2321601E+09
 121     -0.128091E+09   -0.1394034E+09   -0.2580022E+09
 122     -0.226291E+09   -0.1044549E+09   -0.2841964E+09
 123     -0.290866E+09   -0.6789153E+08   -0.2536418E+09
 124     -0.289744E+09   -0.3148503E+08   -0.2221088E+09
 125     -0.233612E+09   -0.1373041E+08   -0.1174003E+09
 126     -0.366615E+08    0.3001158E+07   -0.1251995E+08
 127     -0.663647E+09    0.3190144E+07    0.1216508E+08
 128     -0.493271E+09   -0.2889930E+07    0.1200077E+09
 129     -0.327412E+09   -0.9277702E+07    0.2280089E+09
 130     -0.158672E+09   -0.3649594E+08    0.2650223E+09
 131     -0.111075E+07   -0.6532819E+08    0.2997415E+09
 132      0.134499E+09   -0.9790855E+08    0.2807270E+09
 133      0.250788E+09   -0.1285238E+09    0.2625156E+09
 134      0.340182E+09   -0.1487414E+09    0.2120090E+09
 135      0.398624E+09   -0.1688436E+09    0.1622393E+09
 136      0.421243E+09   -0.1783530E+09    0.9201080E+08
 137      0.408985E+09   -0.1885583E+09    0.2189015E+08
 138      0.358837E+09   -0.1879020E+09   -0.5355443E+08
 139      0.273133E+09   -0.1856007E+09   -0.1298001E+09
 140      0.160973E+09   -0.1689398E+09   -0.1963794E+09
 141      0.274223E+08   -0.1527836E+09   -0.2631294E+09
 142     -0.103530E+09   -0.1239053E+09   -0.2922168E+09
 143     -0.225303E+09   -0.9495578E+08   -0.3217694E+09
 144     -0.323182E+09   -0.6310513E+08   -0.2892891E+09
 145     -0.359510E+09   -0.2791056E+08   -0.2539355E+09
 146     -0.338273E+09   -0.8639237E+07   -0.1345449E+09
 147     -0.182506E+09    0.6984694E+07   -0.1673749E+08
 148     -0.807357E+09    0.1619670E+07    0.1275621E+08
 149     -0.608757E+09   -0.6202788E+07    0.1263032E+09
 150     -0.407307E+09   -0.1355698E+08    0.2400951E+09
 151     -0.203034E+09   -0.3184090E+08    0.2844172E+09
 152     -0.957429E+07   -0.5226388E+08    0.3271601E+09
 153      0.155601E+09   -0.7786285E+08    0.3052999E+09
 154      0.289944E+09   -0.1020655E+09    0.2836388E+09
 155      0.395214E+09   -0.1185521E+09    0.2280345E+09
 156      0.463020E+09   -0.1341986E+09    0.1729912E+09
 157      0.496003E+09   -0.1407578E+09    0.9943767E+08
 158      0.485924E+09   -0.1476133E+09    0.2626664E+08
 159      0.440166E+09   -0.1462873E+09   -0.5380565E+08
 160      0.352152E+09   -0.1450677E+09   -0.1346513E+09
 161      0.232214E+09   -0.1361635E+09   -0.2055106E+09
 162      0.874886E+08   -0.1271475E+09   -0.2780032E+09
 163     -0.706679E+08   -0.1061310E+09   -0.3134211E+09
 164     -0.221542E+09   -0.8400421E+08   -0.3477842E+09
 165     -0.355398E+09   -0.5713973E+08   -0.3157332E+09
 166     -0.445497E+09   -0.2933874E+08   -0.2829280E+09
 167     -0.469071E+09   -0.1157342E+08   -0.1505137E+09
 168     -0.379389E+09    0.4248575E+07   -0.1760770E+08
 169     -0.949511E+09    0.2488525E+07    0.1472058E+08
 170     -0.723054E+09   -0.7625680E+07    0.1341631E+09
 171     -0.487223E+09   -0.1917442E+08    0.2531162E+09
 172     -0.249538E+09   -0.3256633E+08    0.3026451E+09
 173     -0.209827E+08   -0.4381060E+08    0.3530166E+09
 174      0.178843E+09   -0.5846453E+08    0.3303306E+09
 175      0.328076E+09   -0.7421212E+08    0.3056726E+09
 176      0.451318E+09   -0.8199586E+08    0.2443839E+09
 177      0.527414E+09   -0.8922566E+08    0.1846993E+09
 178      0.571123E+09   -0.9392634E+08    0.1074168E+09
 179      0.563234E+09   -0.9834682E+08    0.2999180E+08
 180      0.521856E+09   -0.1012168E+09   -0.5413834E+08
 181      0.431134E+09   -0.1053695E+09   -0.1385200E+09
 182      0.303145E+09   -0.1024778E+09   -0.2151974E+09
 183      0.149113E+09   -0.9848899E+08   -0.2934483E+09
 184     -0.382241E+08   -0.8688539E+08   -0.3344032E+09
 185     -0.216882E+09   -0.7379938E+08   -0.3758496E+09
 186     -0.388646E+09   -0.4769725E+08   -0.3433636E+09
 187     -0.528205E+09   -0.2076631E+08   -0.3107763E+09
 188     -0.601707E+09   -0.6910458E+07   -0.1661900E+09
 189     -0.573942E+09    0.4716937E+07   -0.1932597E+08
 190     -0.111584E+10    0.1162390E+07    0.2011152E+08
 191     -0.848410E+09   -0.9666618E+07    0.1443778E+09
 192     -0.569647E+09   -0.2224750E+08    0.2674428E+09
 193     -0.295268E+09   -0.3130799E+08    0.3091812E+09
 194     -0.358194E+08   -0.3685926E+08    0.3520058E+09
 195      0.198980E+09   -0.3558969E+08    0.3321131E+09
 196      0.378379E+09   -0.3676771E+08    0.3087795E+09
 197      0.512433E+09   -0.3727783E+08    0.2444221E+09
 198      0.596977E+09   -0.3609683E+08    0.1833215E+09
 199      0.646528E+09   -0.3541404E+08    0.1084636E+09
 200      0.644547E+09   -0.3597395E+08    0.3376949E+08
 201      0.605378E+09   -0.4047251E+08   -0.4878681E+08
 202      0.514143E+09   -0.4469415E+08   -0.1315170E+09
 203      0.383418E+09   -0.4950616E+08   -0.2102028E+09
 204      0.214075E+09   -0.5557706E+08   -0.2888314E+09
 205      0.107416E+08   -0.5382319E+08   -0.3368805E+09
 206     -0.200120E+09   -0.4999415E+08   -0.3870980E+09
 207     -0.419692E+09   -0.3565874E+08   -0.3587873E+09
 208     -0.611769E+09   -0.1964684E+08   -0.3307253E+09
 209     -0.758492E+09   -0.7055267E+07   -0.1770794E+09
 210     -0.805158E+09    0.3229890E+07   -0.2046556E+08
 211     -0.128316E+10    0.1685421E+07    0.2586960E+08
 212     -0.973881E+09   -0.9936375E+07    0.1550774E+09
 213     -0.652313E+09   -0.2348434E+08    0.2825939E+09
 214     -0.339822E+09   -0.2796436E+08    0.3175903E+09
 215     -0.494562E+08   -0.2969876E+08    0.3530016E+09
 216      0.215286E+09   -0.1350105E+08    0.3335920E+09
 217      0.431647E+09    0.2879972E+07    0.3121108E+09
 218      0.573236E+09    0.1800385E+08    0.2456054E+09
 219      0.668832E+09    0.3321260E+08    0.1818975E+09
 220      0.721736E+09    0.4254756E+08    0.1092122E+09
 221      0.727441E+09    0.5119511E+08    0.3749406E+08
 222      0.689946E+09    0.4235843E+08   -0.4348761E+08
 223      0.598678E+09    0.3168343E+08   -0.1247346E+09
 224      0.464025E+09    0.1091217E+08   -0.2047356E+09
 225      0.278011E+09   -0.8832561E+07   -0.2853326E+09
 226      0.608298E+08   -0.2067430E+08   -0.3407779E+09
 227     -0.185269E+09   -0.3372068E+08   -0.3974272E+09
 228     -0.450576E+09   -0.2902519E+08   -0.3743409E+09
 229     -0.697551E+09   -0.2011947E+08   -0.3517357E+09
 230     -0.915452E+09   -0.7776807E+07   -0.1889321E+09
 231     -0.103601E+10    0.1980246E+07   -0.2312027E+08
 232     -0.148224E+10   -0.7991099E+06    0.3452525E+08
 233     -0.110524E+10   -0.1036313E+08    0.1638049E+09
 234     -0.724940E+09   -0.2220744E+08    0.2898655E+09
 235     -0.365330E+09   -0.1575705E+08    0.3094437E+09
 236     -0.440244E+08   -0.5992513E+07    0.3296828E+09
 237      0.237359E+09    0.2916443E+08    0.3001039E+09
 238      0.473747E+09    0.6531506E+08    0.2736238E+09
 239      0.633624E+09    0.1006032E+09    0.2144380E+09
 240      0.730235E+09    0.1349857E+09    0.1553946E+09
 241      0.782357E+09    0.1514588E+09    0.9490925E+08
 242      0.792923E+09    0.1670882E+09    0.3548344E+08
 243      0.758371E+09    0.1559293E+09   -0.3025877E+08
 244      0.672124E+09    0.1427241E+09   -0.9606784E+08
 245      0.540491E+09    0.1077623E+09   -0.1703982E+09
 246      0.354969E+09    0.7218320E+08   -0.2478058E+09
 247      0.122864E+09    0.3992200E+08   -0.3103956E+09
 248     -0.152081E+09    0.9115043E+07   -0.3739858E+09
 249     -0.460791E+09   -0.1718965E+07   -0.3654236E+09
 250     -0.777811E+09   -0.9614829E+07   -0.3573596E+09
 251     -0.108007E+10   -0.3362419E+07   -0.1947078E+09
 252     -0.130914E+10    0.5507185E+06   -0.2738794E+08
 253     -0.168141E+10   -0.6374411E+06    0.4411707E+08
 254     -0.123784E+10   -0.1024642E+08    0.1735166E+09
 255     -0.799688E+09   -0.2137570E+08    0.2986970E+09
 256     -0.391950E+09    0.2738150E+07    0.3028366E+09
 257     -0.396133E+08    0.3134494E+08    0.3078292E+09
 258      0.261996E+09    0.9497829E+08    0.2684573E+09
 259      0.512046E+09    0.1594957E+09    0.2356264E+09
 260      0.696673E+09    0.2207013E+09    0.1830491E+09
 261      0.790841E+09    0.2791215E+09    0.1287914E+09
 262      0.844132E+09    0.3064326E+09    0.8070197E+08
 263      0.858455E+09    0.3323119E+09    0.3411133E+08
 264      0.826680E+09    0.3128736E+09   -0.1658951E+08
 265      0.745983E+09    0.2915195E+09   -0.6769107E+08
 266      0.618518E+09    0.2385935E+09   -0.1369781E+09
 267      0.434306E+09    0.1839580E+09   -0.2092348E+09
 268      0.185177E+09    0.1180873E+09   -0.2795605E+09
 269     -0.118235E+09    0.5225831E+08   -0.3523975E+09
 270     -0.472619E+09    0.2116324E+08   -0.3580351E+09
 271     -0.858885E+09   -0.4694921E+07   -0.3643507E+09
 272     -0.124647E+10   -0.1288283E+07   -0.2007176E+09
 273     -0.158158E+10    0.7408284E+05   -0.3079174E+08
 274     -0.190926E+10   -0.7564093E+07    0.5942792E+08
 275     -0.135841E+10   -0.7544131E+07    0.1738225E+09
 276     -0.836553E+09   -0.1091413E+08    0.2804546E+09
 277     -0.376566E+09    0.4108624E+08    0.2504532E+09
 278     -0.113209E+07    0.9927676E+08    0.2243872E+09
 279      0.301990E+09    0.1991346E+09    0.1751195E+09
 280      0.542625E+09    0.3008462E+09    0.1329969E+09
 281      0.729062E+09    0.3896252E+09    0.1020411E+09
 282      0.821432E+09    0.4735695E+09    0.7048936E+08
 283      0.864951E+09    0.5061177E+09    0.4972250E+08
 284      0.880487E+09    0.5380460E+09    0.3163574E+08
 285      0.851455E+09    0.5135870E+09    0.9914322E+07
 286      0.786056E+09    0.4878633E+09   -0.1284812E+08
 287      0.670471E+09    0.4110786E+09   -0.6111920E+08
 288      0.501919E+09    0.3312356E+09   -0.1111291E+09
 289      0.259674E+09    0.2322152E+09   -0.1838465E+09
 290     -0.499674E+08    0.1332550E+09   -0.2623145E+09
 291     -0.440435E+09    0.6835296E+08   -0.2991216E+09
 292     -0.901819E+09    0.1002510E+08   -0.3379286E+09
 293     -0.139697E+10    0.3088347E+07   -0.1932167E+09
 294     -0.188164E+10   -0.6751358E+07   -0.3894512E+08
 295     -0.213928E+10   -0.2312162E+07    0.7793420E+08
 296     -0.148193E+10   -0.6038129E+07    0.1762783E+09
 297     -0.881722E+09   -0.4244101E+07    0.2663506E+09
 298     -0.359906E+09    0.9474424E+08    0.2015472E+09
 299      0.366129E+08    0.1981533E+09    0.1422788E+09
 300      0.345397E+09    0.3509639E+09    0.8251441E+08
 301      0.577636E+09    0.4987908E+09    0.3008142E+08
 302      0.759591E+09    0.6167828E+09    0.2092222E+08
 303      0.853090E+09    0.7308483E+09    0.1169134E+08
 304      0.885662E+09    0.7777524E+09    0.1927459E+08
 305      0.903155E+09    0.8226768E+09    0.2963219E+08
 306      0.876802E+09    0.7895817E+09    0.3714319E+08
 307      0.826358E+09    0.7546402E+09    0.4417371E+08
 308      0.723187E+09    0.6482840E+09    0.1730831E+08
 309      0.570788E+09    0.5387643E+09   -0.1154105E+08
 310      0.337597E+09    0.3938053E+09   -0.8893032E+08
 311      0.189556E+08    0.2437576E+09   -0.1732085E+09
 312     -0.405791E+09    0.1321715E+09   -0.2428310E+09
 313     -0.954043E+09    0.2570832E+08   -0.3153700E+09
 314     -0.155017E+10    0.9800105E+07   -0.1873897E+09
 315     -0.218581E+10   -0.1683905E+07   -0.4812302E+08
 316     -0.238592E+10   -0.3019810E+08    0.1062062E+09
 317     -0.154213E+10    0.5721967E+07    0.1501364E+09
 318     -0.818415E+09    0.3648251E+08    0.1733405E+09
 319     -0.268813E+09    0.1979244E+09    0.4636747E+08
 320      0.116274E+09    0.3711135E+09   -0.6072192E+08
 321      0.382382E+09    0.5777098E+09   -0.1094384E+09
 322      0.578548E+09    0.7801873E+09   -0.1471220E+09
 323      0.726803E+09    0.9247873E+09   -0.1156773E+09
 324      0.817154E+09    0.1066545E+10   -0.8603780E+08
 325      0.831864E+09    0.1120848E+10   -0.3129543E+08
 326      0.847555E+09    0.1174339E+10    0.2617060E+08
 327      0.826741E+09    0.1131727E+10    0.8132650E+08
 328      0.795476E+09    0.1088436E+10    0.1353064E+09
 329      0.713449E+09    0.9565176E+09    0.1497779E+09
 330      0.597680E+09    0.8214795E+09    0.1639922E+09
 331      0.402951E+09    0.6225937E+09    0.1047017E+09
 332      0.120798E+09    0.4195049E+09    0.3728156E+08
 333     -0.297254E+09    0.2381364E+09   -0.7459744E+08
 334     -0.887433E+09    0.6724979E+08   -0.2053229E+09
 335     -0.163097E+10    0.2171012E+08   -0.1477463E+09
 336     -0.248868E+10   -0.2683419E+08   -0.6415638E+08
 337     -0.266444E+10    0.2506758E+08    0.1599353E+09
 338     -0.160532E+10    0.2202937E+08    0.1319500E+09
 339     -0.787302E+09    0.7013633E+08    0.9190133E+08
 340     -0.156036E+09    0.3680517E+09   -0.1020053E+09
 341      0.200765E+09    0.6373678E+09   -0.2766271E+09
 342      0.422836E+09    0.9188189E+09   -0.3077360E+09
 343      0.579098E+09    0.1179513E+10   -0.3292129E+09
 344      0.694143E+09    0.1345100E+10   -0.2548021E+09
 345      0.779105E+09    0.1508657E+10   -0.1838623E+09
 346      0.776216E+09    0.1565002E+10   -0.8071045E+08
 347      0.788002E+09    0.1620858E+10    0.2541214E+08
 348      0.774612E+09    0.1572436E+10    0.1289455E+09
 349      0.764038E+09    0.1525888E+10    0.2300903E+09
 350      0.703162E+09    0.1373638E+10    0.2876118E+09
 351      0.626429E+09    0.1219382E+10    0.3466615E+09
 352      0.474359E+09    0.9640302E+09    0.3064490E+09
 353      0.228231E+09    0.6893964E+09    0.2602768E+09
 354     -0.169085E+09    0.4129838E+09    0.8820037E+08
 355     -0.844036E+09    0.1113961E+09   -0.1056322E+09
 356     -0.171731E+10    0.4097362E+08   -0.1162063E+09
 357     -0.282371E+10    0.1622358E+08   -0.1013827E+09
 358     -0.288021E+10   -0.1264919E+09    0.1890105E+09
 359     -0.145795E+10    0.7597126E+08    0.7903431E+06
 360     -0.485030E+09    0.2713915E+09   -0.2419655E+09
 361     -0.199605E+07    0.6827738E+09   -0.4836945E+09
 362      0.249797E+09    0.1102171E+10   -0.6402667E+09
 363      0.384111E+09    0.1404057E+10   -0.5949154E+09
 364      0.484605E+09    0.1699845E+10   -0.5527472E+09
 365      0.563370E+09    0.1865752E+10   -0.4185013E+09
 366      0.637871E+09    0.2033291E+10   -0.2890500E+09
 367      0.621188E+09    0.2086096E+10   -0.1320851E+09
 368      0.628638E+09    0.2141026E+10    0.2594606E+08
 369      0.625657E+09    0.2093625E+10    0.1791570E+09
 370      0.630057E+09    0.2048799E+10    0.3316229E+09
 371      0.590532E+09    0.1891616E+10    0.4490907E+09
 372      0.551776E+09    0.1736609E+10    0.5693771E+09
 373      0.452623E+09    0.1443366E+10    0.6028070E+09
 374      0.292389E+09    0.1139632E+10    0.6409727E+09
 375     -0.115280E+06    0.7190321E+09    0.4849278E+09
 376     -0.534645E+09    0.3051706E+09    0.2531203E+09
 377     -0.156220E+10    0.9830869E+08    0.3695945E+08
 378     -0.306524E+10   -0.1088074E+09   -0.1148107E+09
 379     -0.373188E+10    0.2661282E+09    0.6456494E+09
 380     -0.114442E+10    0.2924514E+09   -0.5409122E+08
 381     -0.128826E+09    0.5702503E+09   -0.7595691E+09
 382      0.146671E+09    0.1332704E+10   -0.9256716E+09
 383      0.297922E+09    0.1835189E+10   -0.1019592E+10
 384      0.333491E+09    0.2098773E+10   -0.8956290E+09
 385      0.381565E+09    0.2372902E+10   -0.7809728E+09
 386      0.422953E+09    0.2510897E+10   -0.5839048E+09
 387      0.493752E+09    0.2655367E+10   -0.3906529E+09
 388      0.459507E+09    0.2701880E+10   -0.1771284E+09
 389      0.468403E+09    0.2750568E+10    0.3421014E+08
 390      0.473939E+09    0.2714555E+10    0.2353310E+09
 391      0.494352E+09    0.2684803E+10    0.4376371E+09
 392      0.475084E+09    0.2553142E+10    0.6155420E+09
 393      0.472647E+09    0.2426731E+10    0.7976465E+09
 394      0.421554E+09    0.2139687E+10    0.9146899E+09
 395      0.360938E+09    0.1858528E+10    0.1040013E+10
 396      0.169224E+09    0.1331759E+10    0.9425026E+09
 397     -0.161625E+09    0.5847603E+09    0.7662843E+09
 398     -0.126146E+10    0.2936989E+09    0.1181395E+09
 399     -0.391859E+10    0.2138239E+09   -0.4694613E+09
 400     -0.285915E+10   -0.4596202E+09   -0.1537927E+09
 401     -0.420930E+09    0.8429063E+09   -0.9249436E+09
 402     -0.107026E+09    0.2073985E+10   -0.1485276E+10
 403      0.915164E+08    0.2433995E+10   -0.1319334E+10
 404      0.142727E+09    0.2824994E+10   -0.1241358E+10
 405      0.161780E+09    0.2966459E+10   -0.1061199E+10
 406      0.183344E+09    0.3126777E+10   -0.8929843E+09
 407      0.203020E+09    0.3217500E+10   -0.6782729E+09
 408      0.247881E+09    0.3317310E+10   -0.4574133E+09
 409      0.225620E+09    0.3358378E+10   -0.2186938E+09
 410      0.237209E+09    0.3405380E+10    0.1175487E+08
 411      0.240749E+09    0.3406434E+10    0.2437852E+09
 412      0.257253E+09    0.3410308E+10    0.4790995E+09
 413      0.248161E+09    0.3326038E+10    0.7103570E+09
 414      0.249532E+09    0.3245948E+10    0.9431660E+09
 415      0.227566E+09    0.3035357E+10    0.1143010E+10
 416      0.198878E+09    0.2837226E+10    0.1352135E+10
 417      0.128015E+09    0.2377938E+10    0.1428119E+10
 418     -0.873437E+08    0.1916321E+10    0.1594539E+10
 419     -0.465505E+09    0.7676711E+09    0.9815643E+09
 420     -0.296195E+10   -0.4001478E+09    0.2392460E+09
 421     -0.132896E+10    0.4573026E+10   -0.1064860E+10
 422      0.123749E+09    0.4438124E+10   -0.1740507E+10
 423     -0.893555E+08    0.4260268E+10   -0.2042767E+10
 424      0.184851E+08    0.4112526E+10   -0.1643562E+10
 425     -0.132152E+08    0.4037546E+10   -0.1428715E+10
 426     -0.451887E+07    0.3985901E+10   -0.1200850E+10
 427     -0.722082E+07    0.3946283E+10   -0.9900401E+09
 428     -0.680337E+07    0.3927409E+10   -0.7635863E+09
 429      0.669696E+07    0.3920030E+10   -0.5219560E+09
 430      0.408215E+06    0.4020116E+10   -0.2605911E+09
 431      0.105930E+08    0.4122068E+10   -0.1325990E+08
 432      0.130660E+08    0.4180988E+10    0.2504782E+09
 433      0.234915E+08    0.4240162E+10    0.5193071E+09
 434      0.253059E+08    0.4229654E+10    0.8021572E+09
 435      0.299763E+08    0.4220528E+10    0.1083732E+10
 436      0.368290E+08    0.4144456E+10    0.1357169E+10
 437      0.315616E+08    0.4078923E+10    0.1644202E+10
 438      0.691335E+08    0.3973713E+10    0.1869168E+10
 439     -0.343346E+08    0.3955376E+10    0.2296007E+10
 440      0.186560E+09    0.3816374E+10    0.1907104E+10
 441     -0.136549E+10    0.3600346E+10    0.1245667E+10
