   1     -0.858847E+09   -0.1834796E+07    0.1813629E+06
   2     -0.662425E+09    0.1793902E+07    0.2217638E+06
   3     -0.476650E+09    0.5555926E+07    0.2983360E+06
   4     -0.299998E+09    0.1996455E+08    0.2993540E+06
   5     -0.135953E+09    0.3438247E+08    0.2701858E+06
   6      0.180879E+08    0.5738922E+08    0.2225397E+06
   7      0.159749E+09    0.7997663E+08    0.2120412E+06
   8      0.290622E+09    0.1099819E+09   -0.4385466E+05
   9      0.407056E+09    0.1396898E+09    0.9225398E+06
  10      0.513560E+09    0.1796346E+09   -0.2278813E+07
  11      0.614750E+09    0.2254384E+09   -0.8480763E+07
  12      0.622954E+09    0.2638895E+09   -0.6335624E+07
  13      0.586005E+09    0.2948222E+09   -0.1523938E+07
  14      0.518380E+09    0.2809723E+09   -0.1415467E+04
  15      0.416094E+09    0.2689395E+09    0.9157542E+06
  16      0.250096E+09    0.2301184E+09    0.1741267E+07
  17      0.390256E+08    0.1906328E+09    0.1797486E+07
  18     -0.220763E+09    0.1334238E+09    0.3266367E+07
  19     -0.564874E+09    0.7016343E+08    0.5333482E+07
  20     -0.968481E+09    0.2630597E+08    0.2857577E+07
  21     -0.142281E+10   -0.1100961E+08    0.2436829E+06
  22     -0.854914E+09   -0.1754318E+07    0.1199772E+07
  23     -0.657211E+09    0.2635567E+07   -0.4108091E+07
  24     -0.471437E+09    0.7057168E+07   -0.9567613E+07
  25     -0.295332E+09    0.2190069E+08   -0.1457209E+08
  26     -0.131945E+09    0.3688307E+08   -0.1938094E+08
  27      0.215612E+08    0.6020401E+08   -0.2298776E+08
  28      0.162799E+09    0.8338953E+08   -0.2643177E+08
  29      0.294021E+09    0.1131329E+09   -0.2984042E+08
  30      0.412485E+09    0.1434895E+09   -0.3481913E+08
  31      0.516315E+09    0.1805196E+09   -0.3772778E+08
  32      0.599323E+09    0.2187191E+09   -0.3692564E+08
  33      0.605188E+09    0.2301458E+09   -0.1735550E+08
  34      0.572415E+09    0.2392523E+09   -0.3389523E+06
  35      0.506832E+09    0.2278851E+09    0.1133632E+08
  36      0.401881E+09    0.2163145E+09    0.2429360E+08
  37      0.240431E+09    0.1826746E+09    0.3502536E+08
  38      0.329990E+08    0.1484506E+09    0.4489528E+08
  39     -0.226447E+09    0.1017438E+09    0.4926332E+08
  40     -0.554926E+09    0.5212660E+08    0.5428311E+08
  41     -0.945116E+09    0.2077696E+08    0.3065931E+08
  42     -0.137768E+10   -0.6767842E+07    0.6253332E+07
  43     -0.851727E+09   -0.2296869E+07    0.2488924E+07
  44     -0.652365E+09    0.2709379E+07   -0.8174869E+07
  45     -0.466363E+09    0.8095756E+07   -0.1916677E+08
  46     -0.290716E+09    0.2513844E+08   -0.2914996E+08
  47     -0.127848E+09    0.4193468E+08   -0.3863250E+08
  48      0.252972E+08    0.6684279E+08   -0.4611192E+08
  49      0.165987E+09    0.9112240E+08   -0.5313374E+08
  50      0.298480E+09    0.1220835E+09   -0.6151308E+08
  51      0.423404E+09    0.1583921E+09   -0.7579019E+08
  52      0.519650E+09    0.1851145E+09   -0.7402400E+08
  53      0.578939E+09    0.2029068E+09   -0.6094381E+08
  54      0.585723E+09    0.2007839E+09   -0.2669939E+08
  55      0.557828E+09    0.2036164E+09    0.9439805E+06
  56      0.494614E+09    0.1917175E+09    0.2322143E+08
  57      0.386599E+09    0.1792099E+09    0.4737807E+08
  58      0.229971E+09    0.1511065E+09    0.6840235E+08
  59      0.265309E+08    0.1197666E+09    0.8944305E+08
  60     -0.232660E+09    0.7902353E+08    0.9542234E+08
  61     -0.544280E+09    0.3815302E+08    0.1025101E+09
  62     -0.920247E+09    0.1423444E+08    0.5799335E+08
  63     -0.132962E+10   -0.7054090E+07    0.1128166E+08
  64     -0.836849E+09   -0.2454772E+07    0.3048634E+07
  65     -0.634846E+09    0.4910433E+07   -0.1515629E+08
  66     -0.450190E+09    0.1265864E+08   -0.3368343E+08
  67     -0.276896E+09    0.3265745E+08   -0.4842981E+08
  68     -0.116722E+09    0.5267079E+08   -0.6250711E+08
  69      0.345848E+08    0.7899020E+08   -0.7200635E+08
  70      0.176514E+09    0.1062225E+09   -0.8281134E+08
  71      0.304829E+09    0.1356276E+09   -0.8915961E+08
  72      0.424477E+09    0.1635844E+09   -0.9525128E+08
  73      0.499716E+09    0.1632771E+09   -0.7629923E+08
  74      0.545177E+09    0.1623440E+09   -0.5452622E+08
  75      0.555165E+09    0.1601498E+09   -0.2388419E+08
  76      0.528199E+09    0.1594247E+09    0.4898929E+07
  77      0.463611E+09    0.1488228E+09    0.3494915E+08
  78      0.356465E+09    0.1366768E+09    0.6576641E+08
  79      0.203766E+09    0.1127021E+09    0.9170571E+08
  80      0.677141E+07    0.8885407E+08    0.1189945E+09
  81     -0.236685E+09    0.6011245E+08    0.1238406E+09
  82     -0.524693E+09    0.2994515E+08    0.1300440E+09
  83     -0.859471E+09    0.1203649E+08    0.7367242E+08
  84     -0.122473E+10   -0.3966445E+07    0.1389143E+08
  85     -0.823740E+09   -0.3860114E+07    0.3843915E+07
  86     -0.617304E+09    0.6355387E+07   -0.2266440E+08
  87     -0.433163E+09    0.1759996E+08   -0.4945351E+08
  88     -0.261643E+09    0.4236537E+08   -0.6989821E+08
  89     -0.104114E+09    0.6712890E+08   -0.9009550E+08
  90      0.445076E+08    0.9717199E+08   -0.1013881E+09
  91      0.187793E+09    0.1282211E+09   -0.1140446E+09
  92      0.309918E+09    0.1309393E+09   -0.1118992E+09
  93      0.414306E+09    0.1281928E+09   -0.1042934E+09
  94      0.478205E+09    0.1218342E+09   -0.7631890E+08
  95      0.517303E+09    0.1198012E+09   -0.5318341E+08
  96      0.525379E+09    0.1182874E+09   -0.2259017E+08
  97      0.499421E+09    0.1158555E+09    0.9051428E+07
  98      0.431985E+09    0.1081006E+09    0.4586034E+08
  99      0.326621E+09    0.1007122E+09    0.8406312E+08
 100      0.177822E+09    0.8370895E+08    0.1153867E+09
 101     -0.121854E+08    0.6565948E+08    0.1472091E+09
 102     -0.240421E+09    0.4578219E+08    0.1520684E+09
 103     -0.505292E+09    0.2460958E+08    0.1591586E+09
 104     -0.798544E+09    0.9706212E+07    0.9040072E+08
 105     -0.112038E+10   -0.3368603E+07    0.1768182E+08
 106     -0.780383E+09   -0.3360151E+07    0.8342678E+06
 107     -0.581299E+09    0.1170421E+08   -0.3652294E+08
 108     -0.407896E+09    0.2941981E+08   -0.7323250E+08
 109     -0.244498E+09    0.5119807E+08   -0.8969510E+08
 110     -0.924184E+08    0.7037792E+08   -0.1065156E+09
 111      0.508700E+08    0.7593281E+08   -0.1120571E+09
 112      0.184904E+09    0.8053414E+08   -0.1174551E+09
 113      0.299563E+09    0.7809673E+08   -0.1072638E+09
 114      0.390800E+09    0.7653253E+08   -0.9653257E+08
 115      0.454122E+09    0.7501201E+08   -0.7327202E+08
 116      0.492257E+09    0.7308120E+08   -0.5052500E+08
 117      0.492070E+09    0.6830039E+08   -0.1851850E+08
 118      0.464464E+09    0.6405508E+08    0.1400999E+08
 119      0.392770E+09    0.5739803E+08    0.5204346E+08
 120      0.288448E+09    0.5081010E+08    0.9097081E+08
 121      0.144626E+09    0.4235318E+08    0.1244010E+09
 122     -0.336040E+08    0.3305275E+08    0.1587773E+09
 123     -0.244071E+09    0.2088383E+08    0.1630224E+09
 124     -0.475996E+09    0.9243463E+07    0.1689209E+09
 125     -0.722804E+09    0.4032408E+07    0.9632537E+08
 126     -0.978368E+09   -0.1061658E+07    0.1987304E+08
 127     -0.731064E+09   -0.1462589E+07   -0.3535881E+07
 128     -0.542977E+09    0.6813030E+07   -0.5116868E+08
 129     -0.382619E+09    0.1605051E+08   -0.9684416E+08
 130     -0.229293E+09    0.2117755E+08   -0.1075919E+09
 131     -0.838682E+08    0.2505069E+08   -0.1191955E+09
 132      0.558104E+08    0.2504086E+08   -0.1190872E+09
 133      0.180004E+09    0.2529794E+08   -0.1193569E+09
 134      0.288084E+09    0.2172372E+08   -0.1063660E+09
 135      0.373621E+09    0.1737971E+08   -0.9446099E+08
 136      0.430190E+09    0.1303275E+08   -0.7190863E+08
 137      0.464934E+09    0.9684032E+07   -0.4743331E+08
 138      0.459356E+09    0.6712056E+07   -0.1465250E+08
 139      0.428121E+09    0.4060698E+07    0.1840645E+08
 140      0.354006E+09    0.9118124E+06    0.5880132E+08
 141      0.250263E+09   -0.3569378E+07    0.9912558E+08
 142      0.111390E+09   -0.4841305E+07    0.1330724E+09
 143     -0.574185E+08   -0.4319834E+07    0.1699338E+09
 144     -0.246764E+09   -0.1892240E+07    0.1742297E+09
 145     -0.445140E+09   -0.4800326E+05    0.1780338E+09
 146     -0.647568E+09    0.4370951E+06    0.1018709E+09
 147     -0.834614E+09    0.6092834E+06    0.2222377E+08
 148     -0.649150E+09    0.9262407E+06   -0.5696202E+07
 149     -0.498330E+09    0.1840849E+06   -0.5098835E+08
 150     -0.361969E+09   -0.7713509E+06   -0.9320775E+08
 151     -0.220431E+09   -0.7096926E+07   -0.1011671E+09
 152     -0.807833E+08   -0.1296502E+08   -0.1119776E+09
 153      0.530885E+08   -0.2093122E+08   -0.1107358E+09
 154      0.173079E+09   -0.3004899E+08   -0.1095448E+09
 155      0.276099E+09   -0.3862931E+08   -0.9919591E+08
 156      0.356467E+09   -0.4606743E+08   -0.8813376E+08
 157      0.408191E+09   -0.5232991E+08   -0.6611333E+08
 158      0.433696E+09   -0.5888089E+08   -0.4320660E+08
 159      0.429649E+09   -0.6228661E+08   -0.1187656E+08
 160      0.390790E+09   -0.6604017E+08    0.1922811E+08
 161      0.317169E+09   -0.6326298E+08    0.5624872E+08
 162      0.212945E+09   -0.5953887E+08    0.9390992E+08
 163      0.818456E+08   -0.5076488E+08    0.1244283E+09
 164     -0.807292E+08   -0.4181170E+08    0.1558348E+09
 165     -0.248358E+09   -0.2644305E+08    0.1596069E+09
 166     -0.417483E+09   -0.1109850E+08    0.1656835E+09
 167     -0.574209E+09   -0.4648671E+07    0.9562992E+08
 168     -0.689925E+09    0.1282427E+07    0.2094371E+08
 169     -0.566565E+09    0.3172715E+07   -0.7134929E+07
 170     -0.453901E+09   -0.6227605E+07   -0.4958338E+08
 171     -0.342108E+09   -0.1732818E+08   -0.8838184E+08
 172     -0.210748E+09   -0.3647363E+08   -0.9519383E+08
 173     -0.760377E+08   -0.5439414E+08   -0.1057887E+09
 174      0.493572E+08   -0.7153883E+08   -0.1030896E+09
 175      0.166576E+09   -0.8745206E+08   -0.1002298E+09
 176      0.264704E+09   -0.1028558E+09   -0.9077062E+08
 177      0.337830E+09   -0.1197272E+09   -0.8074674E+08
 178      0.386603E+09   -0.1278502E+09   -0.6084872E+08
 179      0.402340E+09   -0.1349732E+09   -0.3989025E+08
 180      0.400071E+09   -0.1363771E+09   -0.1021446E+08
 181      0.353935E+09   -0.1379666E+09    0.1915161E+08
 182      0.279907E+09   -0.1347859E+09    0.5310446E+08
 183      0.174592E+09   -0.1327387E+09    0.8783263E+08
 184      0.515406E+08   -0.1139023E+09    0.1150805E+09
 185     -0.101979E+09   -0.9203000E+08    0.1418711E+09
 186     -0.251972E+09   -0.6290627E+08    0.1457913E+09
 187     -0.391411E+09   -0.3265370E+08    0.1538811E+09
 188     -0.498375E+09   -0.1212566E+08    0.8951238E+08
 189     -0.544962E+09    0.5510660E+07    0.1999583E+08
 190     -0.503214E+09    0.4260325E+07   -0.4236741E+07
 191     -0.426041E+09   -0.1150579E+08   -0.3316918E+08
 192     -0.328402E+09   -0.2886657E+08   -0.6016497E+08
 193     -0.203134E+09   -0.5923407E+08   -0.6652380E+08
 194     -0.731810E+08   -0.8923160E+08   -0.7447997E+08
 195      0.497557E+08   -0.1182952E+09   -0.7622442E+08
 196      0.162805E+09   -0.1461869E+09   -0.7833218E+08
 197      0.257749E+09   -0.1640710E+09   -0.7225137E+08
 198      0.325067E+09   -0.1815293E+09   -0.6564819E+08
 199      0.369561E+09   -0.1944595E+09   -0.4893746E+08
 200      0.380579E+09   -0.2073608E+09   -0.3206520E+08
 201      0.372357E+09   -0.2135742E+09   -0.5156116E+07
 202      0.328296E+09   -0.2217488E+09    0.2219603E+08
 203      0.254876E+09   -0.2162061E+09    0.4629187E+08
 204      0.153960E+09   -0.2082887E+09    0.7008169E+08
 205      0.347287E+08   -0.1787653E+09    0.8564677E+08
 206     -0.111104E+09   -0.1495667E+09    0.1020434E+09
 207     -0.251001E+09   -0.1035206E+09    0.1007518E+09
 208     -0.376655E+09   -0.5266623E+08    0.1024696E+09
 209     -0.452842E+09   -0.1985159E+08    0.6148355E+08
 210     -0.442412E+09    0.7937709E+07    0.1634951E+08
 211     -0.440134E+09    0.7185439E+07   -0.2358800E+07
 212     -0.398358E+09   -0.1428342E+08   -0.1758238E+08
 213     -0.312852E+09   -0.3880153E+08   -0.3235487E+08
 214     -0.196653E+09   -0.8447205E+08   -0.3684876E+08
 215     -0.716882E+08   -0.1281379E+09   -0.4181304E+08
 216      0.509508E+08   -0.1638580E+09   -0.4804899E+08
 217      0.158884E+09   -0.1980214E+09   -0.5471398E+08
 218      0.251475E+09   -0.2206913E+09   -0.5354281E+08
 219      0.312712E+09   -0.2428432E+09   -0.5136301E+08
 220      0.353070E+09   -0.2576303E+09   -0.3660265E+08
 221      0.361671E+09   -0.2745559E+09   -0.2272574E+08
 222      0.343278E+09   -0.2879739E+09    0.5901439E+06
 223      0.305060E+09   -0.3003406E+09    0.2459526E+08
 224      0.230579E+09   -0.2999246E+09    0.3827620E+08
 225      0.133565E+09   -0.3024622E+09    0.5202359E+08
 226      0.166342E+08   -0.2703929E+09    0.5634015E+08
 227     -0.124425E+09   -0.2312670E+09    0.6095293E+08
 228     -0.250299E+09   -0.1602663E+09    0.5435693E+08
 229     -0.363451E+09   -0.8697109E+08    0.5046741E+08
 230     -0.407962E+09   -0.3406917E+08    0.3262305E+08
 231     -0.330049E+09    0.1268265E+08    0.1150440E+08
 232     -0.435842E+09    0.7374374E+07    0.3078443E+07
 233     -0.407340E+09   -0.2252070E+08    0.1159636E+08
 234     -0.314103E+09   -0.5666944E+08    0.2049465E+08
 235     -0.190901E+09   -0.1116325E+09    0.1433876E+08
 236     -0.608188E+08   -0.1634600E+09    0.6093857E+07
 237      0.657185E+08   -0.2017023E+09   -0.1050560E+08
 238      0.168369E+09   -0.2378773E+09   -0.2662110E+08
 239      0.253685E+09   -0.2602183E+09   -0.3023609E+08
 240      0.306583E+09   -0.2826074E+09   -0.3247744E+08
 241      0.336728E+09   -0.3025274E+09   -0.1664728E+08
 242      0.344720E+09   -0.3244359E+09    0.4496851E+06
 243      0.324838E+09   -0.3442523E+09    0.1887553E+08
 244      0.290607E+09   -0.3638326E+09    0.3838697E+08
 245      0.227973E+09   -0.3688770E+09    0.4308801E+08
 246      0.143292E+09   -0.3746568E+09    0.4522118E+08
 247      0.369548E+08   -0.3464180E+09    0.2245810E+08
 248     -0.957713E+08   -0.3165327E+09   -0.3621411E+07
 249     -0.227835E+09   -0.2329255E+09   -0.3044622E+08
 250     -0.358213E+09   -0.1379292E+09   -0.5646675E+08
 251     -0.428817E+09   -0.5628289E+08   -0.3497840E+08
 252     -0.376292E+09    0.1401757E+08   -0.1089789E+08
 253     -0.431699E+09    0.1185647E+08    0.8483988E+07
 254     -0.416635E+09   -0.2594547E+08    0.4149413E+08
 255     -0.318700E+09   -0.6861072E+08    0.7456818E+08
 256     -0.185425E+09   -0.1304242E+09    0.6704887E+08
 257     -0.505614E+08   -0.1874096E+09    0.5615349E+08
 258      0.805186E+08   -0.2219005E+09    0.2908811E+08
 259      0.179161E+09   -0.2542979E+09    0.2898279E+07
 260      0.256638E+09   -0.2694668E+09   -0.5938939E+07
 261      0.301374E+09   -0.2857255E+09   -0.1133759E+08
 262      0.322509E+09   -0.3081870E+09    0.4474271E+07
 263      0.327679E+09   -0.3310216E+09    0.2115511E+08
 264      0.308049E+09   -0.3602246E+09    0.4002649E+08
 265      0.266819E+09   -0.3934277E+09    0.6329952E+08
 266      0.222628E+09   -0.4267051E+09    0.5874211E+08
 267      0.156310E+09   -0.4637010E+09    0.4442107E+08
 268      0.632350E+08   -0.4098244E+09   -0.1816116E+08
 269     -0.591870E+08   -0.3397045E+09   -0.8272135E+08
 270     -0.202124E+09   -0.2223154E+09   -0.1258859E+09
 271     -0.350972E+09   -0.1062231E+09   -0.1709871E+09
 272     -0.454254E+09   -0.3885927E+08   -0.1041830E+09
 273     -0.444014E+09    0.2074434E+08   -0.2997633E+08
 274     -0.528722E+09    0.7457698E+07    0.2055527E+08
 275     -0.479299E+09   -0.3388234E+08    0.8298890E+08
 276     -0.336455E+09   -0.8251979E+08    0.1420954E+09
 277     -0.166701E+09   -0.1404656E+09    0.1194346E+09
 278     -0.104950E+08   -0.1918356E+09    0.9378326E+08
 279      0.117769E+09   -0.2108062E+09    0.4956670E+08
 280      0.206881E+09   -0.2265729E+09    0.9353210E+07
 281      0.262390E+09   -0.2307963E+09    0.1430221E+07
 282      0.288704E+09   -0.2352926E+09   -0.2662274E+07
 283      0.296320E+09   -0.2532324E+09    0.2622977E+08
 284      0.294553E+09   -0.2755998E+09    0.5912641E+08
 285      0.290601E+09   -0.3226478E+09    0.8092037E+08
 286      0.277693E+09   -0.3742855E+09    0.9641051E+08
 287      0.262869E+09   -0.3599626E+09    0.5180994E+08
 288      0.225808E+09   -0.3318834E+09    0.5370468E+07
 289      0.143202E+09   -0.2720883E+09   -0.7278277E+08
 290      0.164712E+08   -0.2200106E+09   -0.1538124E+09
 291     -0.156318E+09   -0.1565829E+09   -0.2006996E+09
 292     -0.360783E+09   -0.8534361E+08   -0.2521297E+09
 293     -0.563529E+09   -0.3453743E+08   -0.1507907E+09
 294     -0.692111E+09    0.9228786E+07   -0.3931282E+08
 295     -0.625389E+09    0.2035916E+08    0.3285527E+08
 296     -0.545135E+09   -0.3602500E+08    0.1264660E+09
 297     -0.362805E+09   -0.9590362E+08    0.2162021E+09
 298     -0.147896E+09   -0.1358876E+09    0.1769534E+09
 299      0.278353E+08   -0.1659367E+09    0.1346230E+09
 300      0.159424E+09   -0.1476506E+09    0.7220866E+08
 301      0.235337E+09   -0.1310007E+09    0.1542615E+08
 302      0.270336E+09   -0.1078828E+09    0.9002023E+07
 303      0.279361E+09   -0.8565678E+08    0.4544219E+07
 304      0.263461E+09   -0.1086159E+09    0.5571882E+08
 305      0.250641E+09   -0.1514143E+09    0.1168722E+09
 306      0.276195E+09   -0.1593533E+09    0.1185291E+09
 307      0.309217E+09   -0.1349092E+09    0.1028515E+09
 308      0.317037E+09   -0.9218325E+08    0.2662192E+08
 309      0.298765E+09   -0.7150788E+08   -0.4256204E+08
 310      0.224446E+09   -0.7974591E+08   -0.1244200E+09
 311      0.868102E+08   -0.8826547E+08   -0.2125786E+09
 312     -0.113157E+09   -0.7650883E+08   -0.2697529E+09
 313     -0.383510E+09   -0.5859090E+08   -0.3315279E+09
 314     -0.677808E+09   -0.2194623E+08   -0.1971415E+09
 315     -0.938317E+09    0.1446852E+08   -0.5173614E+08
 316     -0.869202E+09   -0.7163911E+07    0.6060073E+08
 317     -0.657306E+09   -0.4166861E+08    0.1678050E+09
 318     -0.346020E+09   -0.8889878E+08    0.2563209E+09
 319     -0.790051E+08   -0.8147393E+08    0.1658129E+09
 320      0.113366E+09   -0.5808740E+08    0.8426524E+08
 321      0.218912E+09    0.8309108E+07    0.1576735E+08
 322      0.262807E+09    0.7441622E+08   -0.4343469E+08
 323      0.258524E+09    0.1197591E+09   -0.3081404E+08
 324      0.232083E+09    0.1570453E+09   -0.8693462E+07
 325      0.204148E+09    0.1670946E+09    0.5023496E+08
 326      0.233049E+09    0.1872666E+09    0.9846000E+08
 327      0.295809E+09    0.2343250E+09    0.8081226E+08
 328      0.344305E+09    0.2786578E+09    0.6531610E+08
 329      0.358050E+09    0.2638672E+09    0.3449790E+08
 330      0.351332E+09    0.2447171E+09    0.4803522E+07
 331      0.293338E+09    0.1745326E+09   -0.5937139E+08
 332      0.176964E+09    0.1015312E+09   -0.1320673E+09
 333     -0.355560E+08    0.3717541E+08   -0.2150910E+09
 334     -0.364217E+09   -0.1547826E+08   -0.3145045E+09
 335     -0.811643E+09   -0.1010207E+08   -0.2033836E+09
 336     -0.130142E+10   -0.1167058E+08   -0.6838861E+08
 337     -0.114687E+10    0.5305017E+08    0.1117730E+09
 338     -0.772849E+09   -0.3008673E+08    0.2186884E+09
 339     -0.368096E+09   -0.7802732E+08    0.3149313E+09
 340      0.125069E+08    0.4778535E+08    0.1664518E+09
 341      0.206559E+09    0.1606255E+09    0.2306479E+08
 342      0.284483E+09    0.3052836E+09   -0.4636233E+08
 343      0.293467E+09    0.4308573E+09   -0.1087622E+09
 344      0.244347E+09    0.5045321E+09   -0.7292668E+08
 345      0.171483E+09    0.5637171E+09   -0.1614607E+08
 346      0.152565E+09    0.6123654E+09    0.3304260E+08
 347      0.237229E+09    0.6874671E+09    0.5040815E+08
 348      0.315319E+09    0.7352832E+09    0.4287356E+08
 349      0.368456E+09    0.7701798E+09    0.5058690E+08
 350      0.391017E+09    0.7215947E+09    0.5597025E+08
 351      0.403110E+09    0.6713641E+09    0.6084655E+08
 352      0.366248E+09    0.5338747E+09    0.1422051E+08
 353      0.273422E+09    0.3794031E+09   -0.4005909E+08
 354      0.611387E+08    0.2160115E+09   -0.1667941E+09
 355     -0.371473E+09    0.3224968E+08   -0.3089468E+09
 356     -0.949107E+09    0.1340730E+08   -0.2168879E+09
 357     -0.169368E+10    0.3313218E+08   -0.1040179E+09
 358     -0.156949E+10   -0.9377643E+08    0.1485427E+09
 359     -0.819130E+09    0.6392331E+07    0.1769218E+09
 360     -0.155032E+09    0.8893403E+08    0.1344098E+09
 361      0.146761E+09    0.3473387E+09   -0.7830328E+08
 362      0.277219E+09    0.6261407E+09   -0.2076885E+09
 363      0.298637E+09    0.8066803E+09   -0.2113460E+09
 364      0.269906E+09    0.9774749E+09   -0.2186935E+09
 365      0.181911E+09    0.1059443E+10   -0.1540854E+09
 366      0.816435E+08    0.1147048E+10   -0.8190184E+08
 367      0.133039E+09    0.1224853E+10   -0.4347890E+08
 368      0.216096E+09    0.1307536E+10   -0.1909163E+08
 369      0.269399E+09    0.1328750E+10    0.2528292E+08
 370      0.315892E+09    0.1349184E+10    0.7546469E+08
 371      0.340405E+09    0.1280341E+10    0.1300570E+09
 372      0.366702E+09    0.1211981E+10    0.1869215E+09
 373      0.357134E+09    0.1023009E+10    0.2057819E+09
 374      0.319263E+09    0.8261830E+09    0.2283538E+09
 375      0.174534E+09    0.5113399E+09    0.1268304E+09
 376     -0.167863E+09    0.2069059E+09   -0.4764104E+08
 377     -0.941701E+09    0.6054358E+08   -0.1146089E+09
 378     -0.209965E+10   -0.9159681E+08   -0.1179686E+09
 379     -0.264864E+10    0.2587169E+09    0.6265431E+09
 380     -0.719228E+09    0.2004546E+09    0.2320534E+09
 381      0.134091E+09    0.3837450E+09   -0.2199287E+09
 382      0.284539E+09    0.1042171E+10   -0.3829035E+09
 383      0.355583E+09    0.1454238E+10   -0.4561970E+09
 384      0.305506E+09    0.1608048E+10   -0.3914446E+09
 385      0.242941E+09    0.1759728E+10   -0.3335132E+09
 386      0.108404E+09    0.1807675E+10   -0.2435873E+09
 387     -0.403407E+07    0.1874731E+10   -0.1590492E+09
 388      0.110086E+09    0.1944636E+10   -0.1184262E+09
 389      0.178261E+09    0.2015481E+10   -0.7458801E+08
 390      0.217300E+09    0.2026164E+10    0.1199509E+08
 391      0.257885E+09    0.2037988E+10    0.9991957E+08
 392      0.283485E+09    0.1970152E+10    0.2074418E+09
 393      0.322983E+09    0.1908159E+10    0.3172692E+09
 394      0.337343E+09    0.1713104E+10    0.4122915E+09
 395      0.366463E+09    0.1523953E+10    0.5150854E+09
 396      0.287668E+09    0.1103355E+10    0.4797061E+09
 397      0.103115E+09    0.4714665E+09    0.3646295E+09
 398     -0.794341E+09    0.2507364E+09   -0.8525364E+08
 399     -0.309820E+10    0.2313583E+09   -0.4706530E+09
 400     -0.231738E+10   -0.4503402E+09   -0.1171819E+09
 401     -0.207629E+09    0.7814903E+09   -0.6197350E+09
 402      0.467399E+08    0.1976163E+10   -0.9593233E+09
 403      0.180315E+09    0.2330040E+10   -0.7454092E+09
 404      0.190226E+09    0.2691764E+10   -0.6038861E+09
 405      0.162525E+09    0.2725654E+10   -0.4445386E+09
 406      0.126734E+09    0.2763524E+10   -0.2915939E+09
 407      0.413669E+08    0.2729531E+10   -0.2259982E+09
 408     -0.158206E+08    0.2723189E+10   -0.1824627E+09
 409      0.554953E+08    0.2758570E+10   -0.1468746E+09
 410      0.885496E+08    0.2792166E+10   -0.9152773E+08
 411      0.109718E+09    0.2794833E+10    0.1648407E+08
 412      0.130534E+09    0.2797788E+10    0.1225859E+09
 413      0.144707E+09    0.2753102E+10    0.2601514E+09
 414      0.166185E+09    0.2713400E+10    0.3984117E+09
 415      0.178220E+09    0.2582934E+10    0.5597259E+09
 416      0.194997E+09    0.2465519E+10    0.7294549E+09
 417      0.184253E+09    0.2107416E+10    0.8654148E+09
 418      0.471451E+08    0.1749577E+10    0.1085434E+10
 419     -0.229685E+09    0.6914778E+09    0.7032502E+09
 420     -0.250588E+10   -0.3872199E+09    0.2029754E+09
 421     -0.132903E+10    0.4344530E+10   -0.1027207E+10
 422      0.140564E+09    0.4478349E+10   -0.1440433E+10
 423     -0.618630E+08    0.4562488E+10   -0.1526269E+10
 424      0.489557E+08    0.4418668E+10   -0.1030093E+10
 425      0.134266E+08    0.4356940E+10   -0.7057180E+09
 426      0.173106E+08    0.4171980E+10   -0.4622720E+09
 427      0.101371E+08    0.3988403E+10   -0.2254200E+09
 428     -0.147909E+08    0.3785352E+10   -0.1888994E+09
 429     -0.222004E+08    0.3623647E+10   -0.1944370E+09
 430      0.133099E+07    0.3632523E+10   -0.1689131E+09
 431      0.348914E+07    0.3624778E+10   -0.1068549E+09
 432      0.572426E+07    0.3617652E+10    0.2082899E+08
 433      0.764891E+07    0.3612549E+10    0.1431600E+09
 434      0.104535E+08    0.3610375E+10    0.3071624E+09
 435      0.131118E+08    0.3610731E+10    0.4711644E+09
 436      0.220028E+08    0.3614109E+10    0.6886935E+09
 437      0.186704E+08    0.3628940E+10    0.9184364E+09
 438      0.631952E+08    0.3638726E+10    0.1202362E+10
 439     -0.325077E+08    0.3731140E+10    0.1676294E+10
 440      0.195535E+09    0.3691652E+10    0.1546883E+10
 441     -0.129850E+10    0.3580084E+10    0.1163890E+10
