   1     -0.654025E+09    0.3771899E+07   -0.3762050E+06
   2     -0.546858E+09   -0.6516862E+07   -0.1005587E+06
   3     -0.438682E+09   -0.1795093E+08    0.5058461E+05
   4     -0.317496E+09   -0.4410204E+08   -0.1240422E+05
   5     -0.185479E+09   -0.6988714E+08    0.4516656E+05
   6     -0.493927E+08   -0.9911278E+08    0.6732978E+05
   7      0.867003E+08   -0.1279496E+09    0.9967873E+05
   8      0.219732E+09   -0.1520300E+09    0.1451508E+06
   9      0.345066E+09   -0.1756475E+09    0.1691647E+06
  10      0.462770E+09   -0.1906036E+09    0.3326454E+06
  11      0.570696E+09   -0.2033011E+09    0.9237119E+06
  12      0.668660E+09   -0.2224056E+09    0.4748707E+07
  13      0.724316E+09   -0.2479169E+09    0.6478409E+07
  14      0.625347E+09   -0.2544432E+09    0.2801439E+07
  15      0.457845E+09   -0.2551829E+09    0.7047475E+06
  16      0.230371E+09   -0.2265865E+09    0.3560541E+06
  17     -0.471364E+08   -0.1986965E+09    0.3237905E+06
  18     -0.348851E+09   -0.1543106E+09   -0.6880766E+06
  19     -0.661183E+09   -0.1077682E+09   -0.3133699E+07
  20     -0.927296E+09   -0.5085058E+08   -0.7552803E+07
  21     -0.103232E+10    0.3481933E+07   -0.1076729E+08
  22     -0.664854E+09    0.3055238E+07    0.7574792E+06
  23     -0.556921E+09   -0.7761650E+07    0.1058813E+08
  24     -0.445800E+09   -0.1938212E+08    0.2050101E+08
  25     -0.321742E+09   -0.4502131E+08    0.2479878E+08
  26     -0.187097E+09   -0.7058581E+08    0.2891436E+08
  27     -0.487231E+08   -0.9941813E+08    0.2812341E+08
  28      0.891763E+08   -0.1279087E+09    0.2729542E+08
  29      0.223568E+09   -0.1515955E+09    0.2333227E+08
  30      0.349575E+09   -0.1748356E+09    0.1929167E+08
  31      0.467429E+09   -0.1892994E+09    0.1456885E+08
  32      0.573218E+09   -0.2038612E+09    0.1049267E+08
  33      0.668661E+09   -0.2080140E+09    0.9720239E+07
  34      0.734490E+09   -0.2121874E+09    0.7671394E+07
  35      0.636443E+09   -0.2049326E+09   -0.4342917E+07
  36      0.471230E+09   -0.1979736E+09   -0.1618997E+08
  37      0.241433E+09   -0.1707052E+09   -0.2774343E+08
  38     -0.391903E+08   -0.1415295E+09   -0.3875106E+08
  39     -0.343330E+09   -0.9666453E+08   -0.4370276E+08
  40     -0.664499E+09   -0.4806191E+08   -0.5174973E+08
  41     -0.941626E+09   -0.1749324E+08   -0.3515505E+08
  42     -0.111111E+10    0.8265916E+07   -0.1530044E+08
  43     -0.675391E+09    0.3869524E+07    0.1462478E+07
  44     -0.566920E+09   -0.6822604E+07    0.2117344E+08
  45     -0.452909E+09   -0.1874839E+08    0.4105908E+08
  46     -0.325977E+09   -0.4536973E+08    0.4964440E+08
  47     -0.188712E+09   -0.7153752E+08    0.5785391E+08
  48     -0.480584E+08   -0.1005478E+09    0.5626304E+08
  49      0.916416E+08   -0.1291857E+09    0.5460047E+08
  50      0.227364E+09   -0.1523450E+09    0.4662891E+08
  51      0.353988E+09   -0.1752329E+09    0.3856258E+08
  52      0.471814E+09   -0.1877999E+09    0.2884785E+08
  53      0.575338E+09   -0.2001254E+09    0.1961772E+08
  54      0.668126E+09   -0.1972601E+09    0.1320897E+08
  55      0.744218E+09   -0.1951644E+09    0.7846527E+07
  56      0.648273E+09   -0.1829415E+09   -0.1209608E+08
  57      0.485279E+09   -0.1687954E+09   -0.3428712E+08
  58      0.253211E+09   -0.1378247E+09   -0.5624689E+08
  59     -0.303860E+08   -0.1064012E+09   -0.7814523E+08
  60     -0.336701E+09   -0.6773380E+08   -0.8659455E+08
  61     -0.666208E+09   -0.2744912E+08   -0.9898560E+08
  62     -0.957704E+09   -0.8923535E+07   -0.6048652E+08
  63     -0.119343E+10    0.6705953E+07   -0.1687383E+08
  64     -0.709096E+09    0.3162672E+07    0.2687550E+07
  65     -0.597409E+09   -0.8554812E+07    0.3259098E+08
  66     -0.474020E+09   -0.2119403E+08    0.6263134E+08
  67     -0.338264E+09   -0.4747515E+08    0.7497117E+08
  68     -0.193041E+09   -0.7358198E+08    0.8685302E+08
  69     -0.454840E+08   -0.1019252E+09    0.8387658E+08
  70      0.996945E+08   -0.1299192E+09    0.8082686E+08
  71      0.239543E+09   -0.1518495E+09    0.6819423E+08
  72      0.368741E+09   -0.1735519E+09    0.5558460E+08
  73      0.487637E+09   -0.1839726E+09    0.3912976E+08
  74      0.591121E+09   -0.1941957E+09    0.2271536E+08
  75      0.682375E+09   -0.1902296E+09    0.7626552E+07
  76      0.755961E+09   -0.1856081E+09   -0.4701488E+07
  77      0.678264E+09   -0.1680309E+09   -0.2958365E+08
  78      0.515016E+09   -0.1511173E+09   -0.5809251E+08
  79      0.281040E+09   -0.1224480E+09   -0.8571308E+08
  80     -0.780967E+07   -0.9157578E+08   -0.1143743E+09
  81     -0.332306E+09   -0.5730434E+08   -0.1192761E+09
  82     -0.682521E+09   -0.2373537E+08   -0.1252787E+09
  83     -0.101406E+10   -0.9412226E+07   -0.7161159E+08
  84     -0.130811E+10    0.3884730E+07   -0.1432784E+08
  85     -0.742486E+09    0.3924182E+07    0.4060713E+07
  86     -0.627898E+09   -0.8112035E+07    0.4410126E+08
  87     -0.495072E+09   -0.2148240E+08    0.8424381E+08
  88     -0.350548E+09   -0.4878412E+08    0.1003638E+09
  89     -0.197359E+09   -0.7554763E+08    0.1159393E+09
  90     -0.428899E+08   -0.1036200E+09    0.1115740E+09
  91      0.107812E+09   -0.1312526E+09    0.1071329E+09
  92      0.251848E+09   -0.1519732E+09    0.8979275E+08
  93      0.383709E+09   -0.1723905E+09    0.7253474E+08
  94      0.503932E+09   -0.1814440E+09    0.4935150E+08
  95      0.607503E+09   -0.1903734E+09    0.2618573E+08
  96      0.697395E+09   -0.1856298E+09    0.3374096E+07
  97      0.768037E+09   -0.1804795E+09   -0.1674381E+08
  98      0.707415E+09   -0.1622174E+09   -0.4698752E+08
  99      0.544446E+09   -0.1440333E+09   -0.8095411E+08
 100      0.308650E+09   -0.1154269E+09   -0.1152006E+09
 101      0.141218E+08   -0.8618291E+08   -0.1501742E+09
 102     -0.329414E+09   -0.5479845E+08   -0.1520213E+09
 103     -0.700931E+09   -0.1983787E+08   -0.1542139E+09
 104     -0.106956E+10   -0.3933393E+07   -0.8424116E+08
 105     -0.141639E+10    0.7882321E+07   -0.1131864E+08
 106     -0.805506E+09    0.3193636E+07    0.6549956E+07
 107     -0.678716E+09   -0.9993954E+07    0.5692864E+08
 108     -0.529611E+09   -0.2427769E+08    0.1072183E+09
 109     -0.369651E+09   -0.5110464E+08    0.1260443E+09
 110     -0.202846E+09   -0.7758503E+08    0.1443358E+09
 111     -0.368322E+08   -0.1042064E+09    0.1374863E+09
 112      0.122851E+09   -0.1303443E+09    0.1306080E+09
 113      0.273554E+09   -0.1489832E+09    0.1082021E+09
 114      0.409955E+09   -0.1673288E+09    0.8595036E+08
 115      0.532763E+09   -0.1748038E+09    0.5675863E+08
 116      0.637420E+09   -0.1821994E+09    0.2769115E+08
 117      0.726563E+09   -0.1773518E+09   -0.1604930E+07
 118      0.794780E+09   -0.1722416E+09   -0.2863240E+08
 119      0.746467E+09   -0.1550260E+09   -0.6449465E+08
 120      0.584925E+09   -0.1374865E+09   -0.1036532E+09
 121      0.347023E+09   -0.1113800E+09   -0.1412817E+09
 122      0.366316E+08   -0.8443838E+08   -0.1792686E+09
 123     -0.329699E+09   -0.5627187E+08   -0.1795051E+09
 124     -0.735547E+09   -0.2836187E+08   -0.1806219E+09
 125     -0.115375E+10   -0.1262574E+08   -0.9862516E+08
 126     -0.155174E+10    0.2392680E+07   -0.1334490E+08
 127     -0.868879E+09    0.4090917E+07    0.9070936E+07
 128     -0.729362E+09   -0.9367892E+07    0.6986646E+08
 129     -0.564170E+09   -0.2447142E+08    0.1303763E+09
 130     -0.388851E+09   -0.5206794E+08    0.1519255E+09
 131     -0.208384E+09   -0.7876095E+08    0.1729608E+09
 132     -0.307722E+08   -0.1036342E+09    0.1636331E+09
 133      0.137981E+09   -0.1278766E+09    0.1543215E+09
 134      0.295443E+09   -0.1437226E+09    0.1268327E+09
 135      0.436467E+09   -0.1592710E+09    0.9958956E+08
 136      0.561871E+09   -0.1648923E+09    0.6435324E+08
 137      0.667652E+09   -0.1705241E+09    0.2930477E+08
 138      0.756028E+09   -0.1660874E+09   -0.6556817E+07
 139      0.821997E+09   -0.1616357E+09   -0.4030882E+08
 140      0.785905E+09   -0.1467187E+09   -0.8204404E+08
 141      0.625162E+09   -0.1309219E+09   -0.1271111E+09
 142      0.384445E+09   -0.1082209E+09   -0.1670221E+09
 143      0.584025E+08   -0.8646682E+08   -0.2076655E+09
 144     -0.330081E+09   -0.5931227E+08   -0.2073540E+09
 145     -0.771215E+09   -0.2843636E+08   -0.2067653E+09
 146     -0.123538E+10   -0.9652558E+07   -0.1138306E+09
 147     -0.169299E+10    0.5846434E+07   -0.1790823E+08
 148     -0.966249E+09    0.3230053E+07    0.1227573E+08
 149     -0.800891E+09   -0.1108505E+08    0.8367857E+08
 150     -0.610545E+09   -0.2686651E+08    0.1544811E+09
 151     -0.411904E+09   -0.5287944E+08    0.1764481E+09
 152     -0.211929E+09   -0.7806559E+08    0.1979012E+09
 153     -0.186550E+08   -0.9918460E+08    0.1842804E+09
 154      0.161439E+09   -0.1195795E+09    0.1708354E+09
 155      0.326652E+09   -0.1310323E+09    0.1385724E+09
 156      0.472639E+09   -0.1422195E+09    0.1067556E+09
 157      0.600476E+09   -0.1452260E+09    0.6781747E+08
 158      0.707571E+09   -0.1483804E+09    0.2921831E+08
 159      0.795471E+09   -0.1447523E+09   -0.1004335E+08
 160      0.860260E+09   -0.1410696E+09   -0.4739363E+08
 161      0.834167E+09   -0.1306864E+09   -0.9270745E+08
 162      0.675582E+09   -0.1206231E+09   -0.1413401E+09
 163      0.427631E+09   -0.1022464E+09   -0.1855853E+09
 164      0.879389E+08   -0.8289476E+08   -0.2309182E+09
 165     -0.328380E+09   -0.5592520E+08   -0.2335682E+09
 166     -0.817856E+09   -0.2660844E+08   -0.2364529E+09
 167     -0.134174E+10   -0.9390134E+07   -0.1291064E+09
 168     -0.187956E+10    0.5102238E+07   -0.1758977E+08
 169     -0.106339E+10    0.3997360E+07    0.1555621E+08
 170     -0.872592E+09   -0.1051098E+08    0.9769257E+08
 171     -0.657111E+09   -0.2711565E+08    0.1789087E+09
 172     -0.435185E+09   -0.5195634E+08    0.2013408E+09
 173     -0.215641E+09   -0.7521019E+08    0.2232849E+09
 174     -0.656392E+07   -0.9072928E+08    0.2053669E+09
 175      0.185002E+09   -0.1053306E+09    0.1877872E+09
 176      0.358117E+09   -0.1101044E+09    0.1506911E+09
 177      0.509154E+09   -0.1146808E+09    0.1142417E+09
 178      0.639504E+09   -0.1137606E+09    0.7152768E+08
 179      0.747915E+09   -0.1130530E+09    0.2926170E+08
 180      0.835320E+09   -0.1107565E+09   -0.1330960E+08
 181      0.898837E+09   -0.1091429E+09   -0.5407236E+08
 182      0.882673E+09   -0.1051374E+09   -0.1031706E+09
 183      0.725804E+09   -0.1018226E+09   -0.1549142E+09
 184      0.471931E+09   -0.8929576E+08   -0.2053539E+09
 185      0.117277E+09   -0.7319557E+08   -0.2575089E+09
 186     -0.327389E+09   -0.5096167E+08   -0.2598782E+09
 187     -0.861719E+09   -0.2966291E+08   -0.2647523E+09
 188     -0.145172E+10   -0.1222448E+08   -0.1448069E+09
 189     -0.205949E+10    0.4012762E+07   -0.1825804E+08
 190     -0.119639E+10    0.2553118E+07    0.2048200E+08
 191     -0.964483E+09   -0.1214213E+08    0.1116816E+09
 192     -0.710785E+09   -0.2876720E+08    0.2013669E+09
 193     -0.455905E+09   -0.4863873E+08    0.2194414E+09
 194     -0.211392E+09   -0.6688922E+08    0.2371022E+09
 195      0.155897E+08   -0.7341161E+08    0.2121030E+09
 196      0.218069E+09   -0.7888602E+08    0.1878724E+09
 197      0.396867E+09   -0.7438094E+08    0.1475140E+09
 198      0.550510E+09   -0.6979055E+08    0.1081765E+09
 199      0.680844E+09   -0.6361593E+08    0.6665205E+08
 200      0.789489E+09   -0.5802586E+08    0.2577325E+08
 201      0.875985E+09   -0.5640097E+08   -0.1421777E+08
 202      0.939947E+09   -0.5531913E+08   -0.5245089E+08
 203      0.934951E+09   -0.5669212E+08   -0.1015178E+09
 204      0.782103E+09   -0.5777622E+08   -0.1535871E+09
 205      0.527354E+09   -0.5629734E+08   -0.2080653E+09
 206      0.157997E+09   -0.5612199E+08   -0.2651987E+09
 207     -0.320683E+09   -0.4268532E+08   -0.2744397E+09
 208     -0.906762E+09   -0.2488761E+08   -0.2851714E+09
 209     -0.158238E+10   -0.9928633E+07   -0.1583635E+09
 210     -0.228793E+10    0.2229020E+07   -0.2478171E+08
 211     -0.132929E+10    0.3022540E+07    0.2574494E+08
 212     -0.105675E+10   -0.1165934E+08    0.1260986E+09
 213     -0.765152E+09   -0.2882187E+08    0.2243955E+09
 214     -0.477179E+09   -0.4271055E+08    0.2382147E+09
 215     -0.207556E+09   -0.5389046E+08    0.2517129E+09
 216      0.377730E+08   -0.4676670E+08    0.2195556E+09
 217      0.251331E+09   -0.3850273E+08    0.1885831E+09
 218      0.436075E+09   -0.2016561E+08    0.1448417E+09
 219      0.592373E+09   -0.2022542E+07    0.1024837E+09
 220      0.722772E+09    0.1181835E+08    0.6207210E+08
 221      0.831692E+09    0.2478900E+08    0.2256091E+08
 222      0.917436E+09    0.2473994E+08   -0.1519622E+08
 223      0.981982E+09    0.2406890E+08   -0.5145663E+08
 224      0.987608E+09    0.1056232E+08   -0.9999013E+08
 225      0.840131E+09   -0.5277627E+07   -0.1522340E+09
 226      0.582026E+09   -0.1798682E+08   -0.2114230E+09
 227      0.199576E+09   -0.2694487E+08   -0.2738833E+09
 228     -0.313860E+09   -0.2402510E+08   -0.2899170E+09
 229     -0.956578E+09   -0.2174393E+08   -0.3059489E+09
 230     -0.171114E+10   -0.9742770E+07   -0.1719729E+09
 231     -0.252206E+10    0.1721363E+07   -0.3125067E+08
 232     -0.150032E+10    0.3232870E+06    0.3411499E+08
 233     -0.116275E+10   -0.1236846E+08    0.1380535E+09
 234     -0.814791E+09   -0.2770084E+08    0.2385873E+09
 235     -0.482860E+09   -0.2955495E+08    0.2382111E+09
 236     -0.185291E+09   -0.2819649E+08    0.2381012E+09
 237      0.751740E+08   -0.2145616E+07    0.1954595E+09
 238      0.293642E+09    0.2512306E+08    0.1550175E+09
 239      0.476388E+09    0.6067132E+08    0.1124530E+09
 240      0.628602E+09    0.9578097E+08    0.7179438E+08
 241      0.753204E+09    0.1186912E+09    0.4159982E+08
 242      0.859414E+09    0.1406244E+09    0.1248348E+08
 243      0.943530E+09    0.1383045E+09   -0.1189779E+08
 244      0.101202E+10    0.1343849E+09   -0.3476434E+08
 245      0.103110E+10    0.1090089E+09   -0.7479283E+08
 246      0.898460E+09    0.8313339E+08   -0.1182515E+09
 247      0.643690E+09    0.4922739E+08   -0.1799990E+09
 248      0.257792E+09    0.1390230E+08   -0.2459951E+09
 249     -0.287310E+09   -0.3462307E+07   -0.2755431E+09
 250     -0.993382E+09   -0.1511118E+08   -0.3089632E+09
 251     -0.184415E+10   -0.6003007E+07   -0.1788061E+09
 252     -0.280694E+10   -0.1305759E+05   -0.3796900E+08
 253     -0.167122E+10    0.7938374E+06    0.4326541E+08
 254     -0.126991E+10   -0.1195962E+08    0.1508943E+09
 255     -0.866453E+09   -0.2671018E+08    0.2541394E+09
 256     -0.489354E+09   -0.1149121E+08    0.2396104E+09
 257     -0.163799E+09    0.8224047E+07    0.2258825E+09
 258      0.113245E+09    0.6273172E+08    0.1723755E+09
 259      0.336506E+09    0.1176572E+09    0.1219300E+09
 260      0.517552E+09    0.1772889E+09    0.8039475E+08
 261      0.665429E+09    0.2356353E+09    0.4119947E+08
 262      0.784108E+09    0.2707553E+09    0.2134797E+08
 263      0.887538E+09    0.3046251E+09    0.2679429E+07
 264      0.969936E+09    0.3005663E+09   -0.8037128E+07
 265      0.104246E+10    0.2948226E+09   -0.1691544E+08
 266      0.107669E+10    0.2513167E+09   -0.4936931E+08
 267      0.956955E+09    0.2055772E+09   -0.8528335E+08
 268      0.706798E+09    0.1440759E+09   -0.1490903E+09
 269      0.315304E+09    0.8181125E+08   -0.2179018E+09
 270     -0.261124E+09    0.3888330E+08   -0.2627651E+09
 271     -0.102965E+10   -0.9824897E+06   -0.3141620E+09
 272     -0.198049E+10   -0.1826977E+07   -0.1863158E+09
 273     -0.309227E+10   -0.2527347E+07   -0.4520740E+08
 274     -0.188094E+10   -0.6355516E+07    0.5866313E+08
 275     -0.137179E+10   -0.1005294E+08    0.1551043E+09
 276     -0.885234E+09   -0.1745946E+08    0.2436164E+09
 277     -0.456252E+09    0.2500985E+08    0.1965162E+09
 278     -0.108286E+09    0.7376107E+08    0.1530319E+09
 279      0.168615E+09    0.1634169E+09    0.8875044E+08
 280      0.381223E+09    0.2534019E+09    0.2977284E+08
 281      0.544740E+09    0.3392245E+09    0.2916537E+06
 282      0.677196E+09    0.4234734E+09   -0.2660250E+08
 283      0.781263E+09    0.4710002E+09   -0.2276621E+08
 284      0.876829E+09    0.5173177E+09   -0.1782161E+08
 285      0.955279E+09    0.5117276E+09   -0.7050086E+06
 286      0.103376E+10    0.5054373E+09    0.1815817E+08
 287      0.108852E+10    0.4444295E+09    0.1236292E+08
 288      0.992994E+09    0.3794213E+09    0.3771168E+07
 289      0.767477E+09    0.2797928E+09   -0.5402249E+08
 290      0.390510E+09    0.1786743E+09   -0.1184320E+09
 291     -0.193586E+09    0.9862373E+08   -0.1888845E+09
 292     -0.101869E+10    0.2398443E+08   -0.2699666E+09
 293     -0.209190E+10    0.7665124E+07   -0.1711792E+09
 294     -0.339389E+10   -0.9871458E+07   -0.5535241E+08
 295     -0.209366E+10   -0.4313440E+06    0.7709079E+08
 296     -0.147623E+10   -0.8153286E+07    0.1613792E+09
 297     -0.912197E+09   -0.1105164E+08    0.2372438E+09
 298     -0.421806E+09    0.7648782E+08    0.1568332E+09
 299     -0.534855E+08    0.1684021E+09    0.8140381E+08
 300      0.227288E+09    0.3105132E+09    0.5562572E+07
 301      0.427482E+09    0.4477197E+09   -0.6378755E+08
 302      0.573000E+09    0.5655317E+09   -0.8076299E+08
 303      0.689161E+09    0.6800995E+09   -0.9527086E+08
 304      0.778098E+09    0.7411836E+09   -0.6713523E+08
 305      0.865702E+09    0.8015039E+09   -0.3799180E+08
 306      0.940467E+09    0.7944306E+09    0.7414423E+07
 307      0.102577E+10    0.7870345E+09    0.5418293E+08
 308      0.110044E+10    0.7059339E+09    0.7543993E+08
 309      0.103072E+10    0.6204171E+09    0.9531742E+08
 310      0.832785E+09    0.4741657E+09    0.4273832E+08
 311      0.466599E+09    0.3194813E+09   -0.1768280E+08
 312     -0.123518E+09    0.1818777E+09   -0.1175179E+09
 313     -0.101557E+10    0.4648374E+08   -0.2307126E+09
 314     -0.220785E+10    0.1524386E+08   -0.1583144E+09
 315     -0.369883E+10   -0.7502492E+07   -0.6721253E+08
 316     -0.233496E+10   -0.2812812E+08    0.1044548E+09
 317     -0.152620E+10    0.2946725E+07    0.1401238E+09
 318     -0.836882E+09    0.2832380E+08    0.1550239E+09
 319     -0.315579E+09    0.1764607E+09    0.1428022E+08
 320      0.443672E+08    0.3362019E+09   -0.1072049E+09
 321      0.284108E+09    0.5307694E+09   -0.1751585E+09
 322      0.447814E+09    0.7212785E+09   -0.2335220E+09
 323      0.557311E+09    0.8646957E+09   -0.2174375E+09
 324      0.647406E+09    0.1005803E+10   -0.2005426E+09
 325      0.714741E+09    0.1076722E+10   -0.1353650E+09
 326      0.788612E+09    0.1148214E+10   -0.6984953E+08
 327      0.855713E+09    0.1139959E+10    0.1764122E+08
 328      0.944951E+09    0.1132326E+10    0.1070776E+09
 329      0.103460E+10    0.1031390E+10    0.1779507E+09
 330      0.100459E+10    0.9272477E+09    0.2490058E+09
 331      0.854101E+09    0.7329178E+09    0.2348064E+09
 332      0.552711E+09    0.5304255E+09    0.2115730E+09
 333      0.447321E+07    0.3174697E+09    0.8078897E+08
 334     -0.894107E+09    0.1101606E+09   -0.7806141E+08
 335     -0.222124E+10    0.3595365E+08   -0.9712791E+08
 336     -0.396259E+10   -0.3608347E+08   -0.8627287E+08
 337     -0.260845E+10    0.2747842E+08    0.1567679E+09
 338     -0.157924E+10    0.1964977E+08    0.1267456E+09
 339     -0.793549E+09    0.6173609E+08    0.8456265E+08
 340     -0.187471E+09    0.3436756E+09   -0.1211892E+09
 341      0.147817E+09    0.5973973E+09   -0.3084076E+09
 342      0.345571E+09    0.8631562E+09   -0.3624040E+09
 343      0.469172E+09    0.1107742E+10   -0.4084161E+09
 344      0.540678E+09    0.1268433E+10   -0.3574251E+09
 345      0.604033E+09    0.1427455E+10   -0.3075020E+09
 346      0.649266E+09    0.1502959E+10   -0.2044686E+09
 347      0.709017E+09    0.1580961E+10   -0.1018208E+09
 348      0.768176E+09    0.1575579E+10    0.2931036E+08
 349      0.861988E+09    0.1573455E+10    0.1631352E+09
 350      0.968095E+09    0.1464021E+10    0.2857579E+09
 351      0.980140E+09    0.1352246E+10    0.4102073E+09
 352      0.879553E+09    0.1109127E+10    0.4351877E+09
 353      0.646915E+09    0.8442128E+09    0.4542528E+09
 354      0.154358E+09    0.5266737E+09    0.2760318E+09
 355     -0.795406E+09    0.1722077E+09    0.6578240E+08
 356     -0.223958E+10    0.6161302E+08   -0.4451759E+08
 357     -0.426487E+10    0.7091737E+07   -0.1280064E+09
 358     -0.282736E+10   -0.1231426E+09    0.1842715E+09
 359     -0.143479E+10    0.7230462E+08    0.1429452E+07
 360     -0.486532E+09    0.2603251E+09   -0.2363649E+09
 361     -0.214961E+08    0.6552757E+09   -0.4875623E+09
 362      0.215048E+09    0.1058484E+10   -0.6542916E+09
 363      0.331413E+09    0.1341645E+10   -0.6316183E+09
 364      0.406846E+09    0.1617224E+10   -0.6138285E+09
 365      0.444035E+09    0.1772417E+10   -0.5127933E+09
 366      0.483827E+09    0.1929722E+10   -0.4151752E+09
 367      0.511232E+09    0.2000521E+10   -0.2759236E+09
 368      0.554017E+09    0.2075436E+10   -0.1379994E+09
 369      0.598727E+09    0.2075285E+10    0.3179666E+08
 370      0.678002E+09    0.2080744E+10    0.2049854E+09
 371      0.782831E+09    0.1979580E+10    0.3943364E+09
 372      0.825523E+09    0.1880290E+10    0.5872431E+09
 373      0.768933E+09    0.1612607E+10    0.7080787E+09
 374      0.642411E+09    0.1333892E+10    0.8382142E+09
 375      0.295254E+09    0.8728567E+09    0.7134815E+09
 376     -0.443952E+09    0.4044981E+09    0.5029775E+09
 377     -0.196141E+10    0.1343020E+09    0.1551870E+09
 378     -0.437265E+10   -0.1264237E+09   -0.1355799E+09
 379     -0.367767E+10    0.2663501E+09    0.6345600E+09
 380     -0.112756E+10    0.2874325E+09   -0.4714473E+08
 381     -0.123806E+09    0.5572690E+09   -0.7392330E+09
 382      0.139344E+09    0.1303967E+10   -0.9141851E+09
 383      0.281342E+09    0.1793685E+10   -0.1015639E+10
 384      0.305421E+09    0.2037333E+10   -0.9129049E+09
 385      0.337439E+09    0.2287867E+10   -0.8203257E+09
 386      0.341603E+09    0.2404963E+10   -0.6691520E+09
 387      0.359901E+09    0.2529913E+10   -0.5221492E+09
 388      0.370722E+09    0.2582612E+10   -0.3473168E+09
 389      0.396832E+09    0.2640116E+10   -0.1745289E+09
 390      0.426593E+09    0.2647525E+10    0.3205485E+08
 391      0.487368E+09    0.2665324E+10    0.2417856E+09
 392      0.588440E+09    0.2599803E+10    0.5043712E+09
 393      0.665804E+09    0.2540720E+10    0.7720862E+09
 394      0.645016E+09    0.2308034E+10    0.1002346E+10
 395      0.641214E+09    0.2082179E+10    0.1247591E+10
 396      0.437549E+09    0.1539481E+10    0.1217142E+10
 397     -0.250172E+08    0.7501171E+09    0.1107777E+10
 398     -0.151422E+10    0.3606908E+09    0.2833886E+09
 399     -0.514812E+10    0.2021730E+09   -0.5087312E+09
 400     -0.282498E+10   -0.4567945E+09   -0.1540017E+09
 401     -0.413516E+09    0.8314092E+09   -0.9110807E+09
 402     -0.100612E+09    0.2052032E+10   -0.1462829E+10
 403      0.899656E+08    0.2408537E+10   -0.1301989E+10
 404      0.136660E+09    0.2793306E+10   -0.1228555E+10
 405      0.150426E+09    0.2920723E+10   -0.1063720E+10
 406      0.164742E+09    0.3066584E+10   -0.9089209E+09
 407      0.167190E+09    0.3124070E+10   -0.7341179E+09
 408      0.176947E+09    0.3188812E+10   -0.5615767E+09
 409      0.182884E+09    0.3213437E+10   -0.3742719E+09
 410      0.196277E+09    0.3241793E+10   -0.1883620E+09
 411      0.211111E+09    0.3248513E+10    0.2524853E+08
 412      0.239938E+09    0.3261928E+10    0.2372125E+09
 413      0.293983E+09    0.3256194E+10    0.5233285E+09
 414      0.343493E+09    0.3259296E+10    0.8208147E+09
 415      0.333822E+09    0.3141707E+10    0.1138673E+10
 416      0.346098E+09    0.3046466E+10    0.1468521E+10
 417      0.270438E+09    0.2628094E+10    0.1674175E+10
 418     -0.111128E+08    0.2193198E+10    0.1997918E+10
 419     -0.577789E+09    0.9085321E+09    0.1257067E+10
 420     -0.369313E+10   -0.3993558E+09    0.3237436E+09
 421     -0.132069E+10    0.4524202E+10   -0.1061051E+10
 422      0.124731E+09    0.4407680E+10   -0.1725075E+10
 423     -0.831838E+08    0.4244701E+10   -0.2020642E+10
 424      0.224916E+08    0.4095786E+10   -0.1621992E+10
 425     -0.947055E+07    0.4023485E+10   -0.1408462E+10
 426     -0.216619E+06    0.3973273E+10   -0.1190591E+10
 427     -0.263997E+07    0.3937679E+10   -0.9859593E+09
 428     -0.132861E+07    0.3913838E+10   -0.7903316E+09
 429     -0.302957E+06    0.3894775E+10   -0.5961636E+09
 430      0.673585E+06    0.3881763E+10   -0.3975207E+09
 431      0.185563E+07    0.3871810E+10   -0.1997878E+09
 432      0.262389E+07    0.3865767E+10    0.2053661E+08
 433      0.245043E+07    0.3854230E+10    0.2350382E+09
 434      0.109167E+08    0.3873311E+10    0.5370437E+09
 435      0.273827E+08    0.3919933E+10    0.8580497E+09
 436      0.328072E+08    0.4089106E+10    0.1253525E+10
 437      0.475501E+08    0.4266917E+10    0.1662187E+10
 438      0.855971E+08    0.4298182E+10    0.2080566E+10
 439     -0.161758E+08    0.4415491E+10    0.2753014E+10
 440      0.196161E+09    0.4145257E+10    0.2284266E+10
 441     -0.152501E+10    0.3783044E+10    0.1457634E+10
