   1      0.353213E+09    0.1362938E+08    0.2255226E+06
   2      0.220607E+09   -0.3003938E+08    0.3061176E+07
   3      0.126870E+09   -0.7941156E+08    0.5826441E+07
   4      0.649214E+08   -0.1714113E+09    0.4610376E+07
   5      0.225472E+08   -0.2595485E+09    0.3674071E+07
   6     -0.611090E+07   -0.3501545E+09    0.4098160E+07
   7     -0.320689E+08   -0.4413078E+09    0.4093251E+07
   8     -0.563734E+08   -0.5061175E+09    0.2561874E+07
   9     -0.729367E+08   -0.5691070E+09    0.1720835E+07
  10     -0.914919E+08   -0.5952568E+09    0.1578775E+07
  11     -0.116951E+09   -0.6211232E+09    0.6666359E+06
  12     -0.125930E+09   -0.5979471E+09   -0.1059127E+07
  13     -0.141295E+09   -0.5734270E+09   -0.2499945E+07
  14     -0.145127E+09   -0.5095315E+09   -0.2395905E+07
  15     -0.153074E+09   -0.4466333E+09   -0.1898964E+07
  16     -0.124909E+09   -0.3606561E+09   -0.3578627E+07
  17     -0.892578E+08   -0.2721696E+09   -0.4065480E+07
  18     -0.233003E+08   -0.1857240E+09   -0.3730020E+07
  19      0.944342E+08   -0.9578454E+08   -0.7048489E+07
  20      0.253259E+09   -0.3719307E+08   -0.5067826E+07
  21      0.514602E+09    0.1497658E+08   -0.1007942E+07
  22      0.305345E+09    0.9078512E+07    0.5089324E+07
  23      0.189068E+09   -0.2439442E+08    0.3694537E+08
  24      0.108139E+09   -0.6067355E+08    0.6795009E+08
  25      0.557319E+08   -0.1348182E+09    0.7643607E+08
  26      0.205732E+08   -0.2087763E+09    0.8549687E+08
  27     -0.106287E+07   -0.2874101E+09    0.8038449E+08
  28     -0.217506E+08   -0.3651770E+09    0.7539475E+08
  29     -0.389832E+08   -0.4232686E+09    0.5848929E+08
  30     -0.548851E+08   -0.4803705E+09    0.4172222E+08
  31     -0.705267E+08   -0.4995447E+09    0.2092896E+08
  32     -0.939917E+08   -0.5178550E+09   -0.6865128E+06
  33     -0.105494E+09   -0.4964989E+09   -0.2187109E+08
  34     -0.123972E+09   -0.4744608E+09   -0.4221208E+08
  35     -0.130948E+09   -0.4203385E+09   -0.5639597E+08
  36     -0.140784E+09   -0.3652370E+09   -0.7145194E+08
  37     -0.118253E+09   -0.2886505E+09   -0.7842443E+08
  38     -0.936966E+08   -0.2120894E+09   -0.8371402E+08
  39     -0.290160E+08   -0.1379678E+09   -0.7611964E+08
  40      0.760070E+08   -0.6253820E+08   -0.7066870E+08
  41      0.223035E+09   -0.2550788E+08   -0.4007471E+08
  42      0.455321E+09    0.8403717E+07   -0.8268690E+07
  43      0.255034E+09    0.9425403E+07    0.8860309E+07
  44      0.155877E+09   -0.1683701E+08    0.7015677E+08
  45      0.898467E+08   -0.4604463E+08    0.1293352E+09
  46      0.458845E+08   -0.1093704E+09    0.1478021E+09
  47      0.187817E+08   -0.1726093E+09    0.1677312E+09
  48      0.485944E+07   -0.2405170E+09    0.1564755E+09
  49     -0.112143E+08   -0.3062249E+09    0.1455903E+09
  50     -0.203964E+08   -0.3520886E+09    0.1136924E+09
  51     -0.362685E+08   -0.3986193E+09    0.8203898E+08
  52     -0.482857E+08   -0.4194911E+09    0.4066968E+08
  53     -0.696062E+08   -0.4382837E+09   -0.2368430E+07
  54     -0.849399E+08   -0.4221343E+09   -0.4224977E+08
  55     -0.105916E+09   -0.4073021E+09   -0.8104328E+08
  56     -0.116340E+09   -0.3567699E+09   -0.1112825E+09
  57     -0.128171E+09   -0.3036924E+09   -0.1418387E+09
  58     -0.111389E+09   -0.2373195E+09   -0.1527757E+09
  59     -0.980620E+08   -0.1698945E+09   -0.1636808E+09
  60     -0.346289E+08   -0.1059508E+09   -0.1480128E+09
  61      0.558552E+08   -0.4289921E+08   -0.1325198E+09
  62      0.192216E+09   -0.1571073E+08   -0.7357874E+08
  63      0.390556E+09    0.9253550E+07   -0.1368658E+08
  64      0.140094E+09    0.6171042E+07    0.1026614E+08
  65      0.729326E+08   -0.1583445E+08    0.9155235E+08
  66      0.387453E+08   -0.3989025E+08    0.1717087E+09
  67      0.173544E+08   -0.9274895E+08    0.1983217E+09
  68      0.147340E+08   -0.1447748E+09    0.2249265E+09
  69      0.187198E+08   -0.1999073E+09    0.2106664E+09
  70      0.193610E+08   -0.2553933E+09    0.1962968E+09
  71      0.222635E+08   -0.2980368E+09    0.1538785E+09
  72      0.141238E+08   -0.3393119E+09    0.1119153E+09
  73      0.774280E+07   -0.3545864E+09    0.5654784E+08
  74     -0.908565E+07   -0.3704671E+09    0.4194970E+06
  75     -0.308698E+08   -0.3578593E+09   -0.5506459E+08
  76     -0.543486E+08   -0.3432363E+09   -0.1099780E+09
  77     -0.736895E+08   -0.3017422E+09   -0.1527704E+09
  78     -0.969692E+08   -0.2598534E+09   -0.1956419E+09
  79     -0.997316E+08   -0.2017354E+09   -0.2089033E+09
  80     -0.973617E+08   -0.1435057E+09   -0.2232952E+09
  81     -0.613656E+08   -0.9089672E+08   -0.1990081E+09
  82      0.376484E+07   -0.3768536E+08   -0.1739635E+09
  83      0.110558E+09   -0.1415290E+08   -0.9382168E+08
  84      0.266389E+09    0.7166828E+07   -0.1241829E+08
  85      0.276661E+08    0.7220111E+07    0.1169239E+08
  86     -0.910487E+07   -0.1137102E+08    0.1132289E+09
  87     -0.141681E+08   -0.3259103E+08    0.2146155E+09
  88     -0.103803E+08   -0.7735327E+08    0.2488691E+09
  89      0.111952E+08   -0.1211695E+09    0.2818758E+09
  90      0.317296E+08   -0.1695185E+09    0.2652073E+09
  91      0.512586E+08   -0.2167347E+09    0.2480821E+09
  92      0.643750E+08   -0.2521220E+09    0.1950202E+09
  93      0.657030E+08   -0.2879954E+09    0.1418381E+09
  94      0.630501E+08   -0.3036463E+09    0.7204468E+08
  95      0.502390E+08   -0.3181690E+09    0.3568538E+07
  96      0.246598E+08   -0.3076408E+09   -0.6850881E+08
  97     -0.340965E+07   -0.2962525E+09   -0.1404568E+09
  98     -0.314929E+08   -0.2622486E+09   -0.1931471E+09
  99     -0.650213E+08   -0.2285968E+09   -0.2479399E+09
 100     -0.893501E+08   -0.1793552E+09   -0.2655796E+09
 101     -0.973417E+08   -0.1287686E+09   -0.2822621E+09
 102     -0.887341E+08   -0.8196209E+08   -0.2498503E+09
 103     -0.480863E+08   -0.3497694E+08   -0.2163198E+09
 104      0.295153E+08   -0.1381828E+08   -0.1151848E+09
 105      0.146107E+09    0.5315648E+07   -0.1376645E+08
 106     -0.134278E+09    0.4009679E+07    0.1481750E+08
 107     -0.125475E+09   -0.1441022E+08    0.1309158E+09
 108     -0.916705E+08   -0.3399299E+08    0.2458590E+09
 109     -0.489132E+08   -0.7051526E+08    0.2839824E+09
 110      0.221226E+07   -0.1072789E+09    0.3223147E+09
 111      0.507549E+08   -0.1458540E+09    0.3028061E+09
 112      0.934436E+08   -0.1836481E+09    0.2828894E+09
 113      0.122980E+09   -0.2127575E+09    0.2238643E+09
 114      0.139418E+09   -0.2414531E+09    0.1644186E+09
 115      0.141778E+09   -0.2542717E+09    0.8506754E+08
 116      0.130939E+09   -0.2667552E+09    0.6558411E+07
 117      0.108134E+09   -0.2603838E+09   -0.7494700E+08
 118      0.692891E+08   -0.2540537E+09   -0.1565101E+09
 119      0.304517E+08   -0.2284601E+09   -0.2186804E+09
 120     -0.169997E+08   -0.2022462E+09   -0.2818434E+09
 121     -0.677025E+08   -0.1616715E+09   -0.3058173E+09
 122     -0.104224E+09   -0.1193771E+09   -0.3289569E+09
 123     -0.127044E+09   -0.7525379E+08   -0.2911638E+09
 124     -0.127784E+09   -0.3094768E+08   -0.2529358E+09
 125     -0.912581E+08   -0.1080550E+08   -0.1333007E+09
 126     -0.149133E+08    0.6998511E+07   -0.1317512E+08
 127     -0.296400E+09    0.6769667E+07    0.1730014E+08
 128     -0.241467E+09   -0.8586901E+07    0.1489449E+09
 129     -0.167727E+09   -0.2742282E+08    0.2788420E+09
 130     -0.872159E+08   -0.6220050E+08    0.3198220E+09
 131     -0.781318E+07   -0.9326914E+08    0.3617417E+09
 132      0.704732E+08   -0.1229294E+09    0.3403231E+09
 133      0.134608E+09   -0.1533164E+09    0.3181726E+09
 134      0.181826E+09   -0.1762707E+09    0.2527535E+09
 135      0.211720E+09   -0.2000373E+09    0.1879924E+09
 136      0.221388E+09   -0.2140629E+09    0.9869946E+08
 137      0.212641E+09   -0.2252018E+09    0.8648664E+07
 138      0.190166E+09   -0.2203944E+09   -0.8117813E+08
 139      0.142670E+09   -0.2180327E+09   -0.1712566E+09
 140      0.931632E+08   -0.1986685E+09   -0.2449294E+09
 141      0.293191E+08   -0.1765024E+09   -0.3178643E+09
 142     -0.452698E+08   -0.1417713E+09   -0.3461991E+09
 143     -0.110432E+09   -0.1081220E+09   -0.3753922E+09
 144     -0.166191E+09   -0.7071538E+08   -0.3332148E+09
 145     -0.205091E+09   -0.3098411E+08   -0.2907503E+09
 146     -0.214581E+09   -0.1093547E+08   -0.1514675E+09
 147     -0.169018E+09    0.6326407E+07   -0.1068761E+08
 148     -0.499476E+09    0.2404565E+07    0.2014387E+08
 149     -0.383849E+09   -0.1172677E+08    0.1626260E+09
 150     -0.256888E+09   -0.2651535E+08    0.3030253E+09
 151     -0.131025E+09   -0.5237098E+08    0.3452313E+09
 152     -0.153012E+08   -0.7866840E+08    0.3876039E+09
 153      0.936401E+08   -0.1026809E+09    0.3631102E+09
 154      0.183337E+09   -0.1259198E+09    0.3388676E+09
 155      0.251046E+09   -0.1428920E+09    0.2694094E+09
 156      0.292833E+09   -0.1588002E+09    0.2006961E+09
 157      0.315974E+09   -0.1658526E+09    0.1076048E+09
 158      0.310700E+09   -0.1743729E+09    0.1396824E+08
 159      0.284391E+09   -0.1746219E+09   -0.8133974E+08
 160      0.236072E+09   -0.1732694E+09   -0.1773698E+09
 161      0.172441E+09   -0.1603229E+09   -0.2572762E+09
 162      0.887003E+08   -0.1484883E+09   -0.3366426E+09
 163     -0.111402E+08   -0.1236714E+09   -0.3714014E+09
 164     -0.110199E+09   -0.9664500E+08   -0.4066986E+09
 165     -0.211063E+09   -0.6474659E+08   -0.3642710E+09
 166     -0.298184E+09   -0.3285602E+08   -0.3210392E+09
 167     -0.370658E+09   -0.1401320E+08   -0.1693110E+09
 168     -0.369767E+09    0.3276019E+07   -0.1646946E+08
 169     -0.705164E+09    0.3879273E+07    0.2479253E+08
 170     -0.525115E+09   -0.8721186E+07    0.1773271E+09
 171     -0.345502E+09   -0.2352860E+08    0.3271243E+09
 172     -0.175269E+09   -0.4546678E+08    0.3708402E+09
 173     -0.221572E+08   -0.6587153E+08    0.4149746E+09
 174      0.116589E+09   -0.8017781E+08    0.3863984E+09
 175      0.231875E+09   -0.9263002E+08    0.3589735E+09
 176      0.320349E+09   -0.9772376E+08    0.2863047E+09
 177      0.375342E+09   -0.1040995E+09    0.2129152E+09
 178      0.410323E+09   -0.1091945E+09    0.1162005E+09
 179      0.408694E+09   -0.1141822E+09    0.2040904E+08
 180      0.380282E+09   -0.1168171E+09   -0.8167593E+08
 181      0.329561E+09   -0.1198462E+09   -0.1844185E+09
 182      0.251244E+09   -0.1172542E+09   -0.2696946E+09
 183      0.148649E+09   -0.1136755E+09   -0.3548979E+09
 184      0.233601E+08   -0.9866169E+08   -0.3969968E+09
 185     -0.111867E+09   -0.8350838E+08   -0.4393904E+09
 186     -0.255537E+09   -0.5657021E+08   -0.3959717E+09
 187     -0.394909E+09   -0.2680915E+08   -0.3515324E+09
 188     -0.523121E+09   -0.8935384E+07   -0.1870618E+09
 189     -0.578809E+09    0.5778074E+07   -0.2177799E+08
 190     -0.935223E+09    0.2246836E+07    0.2491546E+08
 191     -0.684670E+09   -0.5155194E+07    0.1846425E+09
 192     -0.443232E+09   -0.1407649E+08    0.3424320E+09
 193     -0.219138E+09   -0.2876187E+08    0.3838196E+09
 194     -0.226033E+08   -0.4208472E+08    0.4244433E+09
 195      0.148230E+09   -0.4542634E+08    0.3901009E+09
 196      0.286518E+09   -0.4819698E+08    0.3570866E+09
 197      0.393192E+09   -0.4439347E+08    0.2832983E+09
 198      0.463603E+09   -0.3984627E+08    0.2093458E+09
 199      0.502274E+09   -0.3789316E+08    0.1165055E+09
 200      0.507538E+09   -0.3700007E+08    0.2450825E+08
 201      0.480989E+09   -0.4383354E+08   -0.7458062E+08
 202      0.425813E+09   -0.5156040E+08   -0.1737896E+09
 203      0.340251E+09   -0.5986578E+08   -0.2620083E+09
 204      0.219106E+09   -0.6789914E+08   -0.3505253E+09
 205      0.732176E+08   -0.6606227E+08   -0.3995413E+09
 206     -0.101614E+09   -0.6299437E+08   -0.4500739E+09
 207     -0.293779E+09   -0.4579689E+08   -0.4137560E+09
 208     -0.498493E+09   -0.2613265E+08   -0.3770533E+09
 209     -0.699049E+09   -0.9570182E+07   -0.2013506E+09
 210     -0.842573E+09    0.4149801E+07   -0.2281660E+08
 211     -0.115978E+10   -0.8829020E+06    0.2613830E+08
 212     -0.845702E+09   -0.4458394E+07    0.1911572E+09
 213     -0.543251E+09   -0.7229110E+07    0.3558191E+09
 214     -0.263095E+09   -0.8363103E+07    0.3983793E+09
 215     -0.213986E+08   -0.1143986E+08    0.4370125E+09
 216      0.179772E+09   -0.2917747E+07    0.3954255E+09
 217      0.341752E+09    0.8368455E+07    0.3566092E+09
 218      0.466959E+09    0.2789462E+08    0.2808247E+09
 219      0.551500E+09    0.4659007E+08    0.2062625E+09
 220      0.594767E+09    0.5235673E+08    0.1174347E+09
 221      0.607580E+09    0.5775218E+08    0.2826334E+08
 222      0.581682E+09    0.4943440E+08   -0.6802286E+08
 223      0.522655E+09    0.3985457E+08   -0.1638357E+09
 224      0.430586E+09    0.1783100E+08   -0.2545992E+09
 225      0.290308E+09   -0.4007129E+07   -0.3471139E+09
 226      0.122462E+09   -0.1793875E+08   -0.4031710E+09
 227     -0.902833E+08   -0.3310066E+08   -0.4603361E+09
 228     -0.332261E+09   -0.2895133E+08   -0.4320547E+09
 229     -0.600355E+09   -0.1909889E+08   -0.4033737E+09
 230     -0.878800E+09   -0.5999225E+07   -0.2156778E+09
 231     -0.109977E+10    0.3469702E+07   -0.2430962E+08
 232     -0.139398E+10   -0.2323780E+07    0.3368049E+08
 233     -0.100696E+10   -0.5089365E+07    0.1921589E+09
 234     -0.639781E+09   -0.8585532E+07    0.3484560E+09
 235     -0.300918E+09    0.9054339E+07    0.3814929E+09
 236     -0.987444E+07    0.2762772E+08    0.4138005E+09
 237      0.223639E+09    0.5949899E+08    0.3659129E+09
 238      0.403581E+09    0.9351660E+08    0.3191073E+09
 239      0.535445E+09    0.1294091E+09    0.2486205E+09
 240      0.624879E+09    0.1639458E+09    0.1807302E+09
 241      0.671451E+09    0.1792856E+09    0.1050679E+09
 242      0.689685E+09    0.1936858E+09    0.2959799E+08
 243      0.664613E+09    0.1776377E+09   -0.5165248E+08
 244      0.609750E+09    0.1601672E+09   -0.1332371E+09
 245      0.515837E+09    0.1219692E+09   -0.2170378E+09
 246      0.374927E+09    0.8226345E+08   -0.3035547E+09
 247      0.184608E+09    0.4413495E+08   -0.3681573E+09
 248     -0.558139E+08    0.8504539E+07   -0.4341810E+09
 249     -0.347720E+09   -0.4245436E+07   -0.4209138E+09
 250     -0.694849E+09   -0.1531433E+08   -0.4073741E+09
 251     -0.106531E+10   -0.7671080E+07   -0.2227415E+09
 252     -0.141264E+10   -0.1532783E+07   -0.3294056E+08
 253     -0.162878E+10   -0.2508406E+07    0.4194878E+08
 254     -0.116785E+10   -0.5901463E+07    0.1952203E+09
 255     -0.737014E+09   -0.1037717E+08    0.3445755E+09
 256     -0.340927E+09    0.2803581E+08    0.3644517E+09
 257     -0.346839E+07    0.7350682E+08    0.3876308E+09
 258      0.269503E+09    0.1412856E+09    0.3375280E+09
 259      0.467931E+09    0.2029269E+09    0.2850022E+09
 260      0.603538E+09    0.2582941E+09    0.2173407E+09
 261      0.699762E+09    0.3164969E+09    0.1541751E+09
 262      0.748895E+09    0.3440919E+09    0.9231622E+08
 263      0.771823E+09    0.3687831E+09    0.3166253E+08
 264      0.748332E+09    0.3472223E+09   -0.3415818E+08
 265      0.698304E+09    0.3235882E+09   -0.1013549E+09
 266      0.601724E+09    0.2631571E+09   -0.1791900E+09
 267      0.460802E+09    0.2011522E+09   -0.2592032E+09
 268      0.248523E+09    0.1320245E+09   -0.3334253E+09
 269     -0.216876E+08    0.6335345E+08   -0.4108172E+09
 270     -0.364976E+09    0.2787217E+08   -0.4113688E+09
 271     -0.792446E+09   -0.2150648E+07   -0.4131967E+09
 272     -0.125017E+10    0.1096847E+07   -0.2307465E+09
 273     -0.173355E+10    0.1730427E+07   -0.4013432E+08
 274     -0.187593E+10   -0.8867511E+07    0.5621689E+08
 275     -0.130699E+10   -0.3117889E+07    0.1898477E+09
 276     -0.789293E+09   -0.3968539E+06    0.3161680E+09
 277     -0.338078E+09    0.6388078E+08    0.2987088E+09
 278      0.249140E+08    0.1358224E+09    0.2862160E+09
 279      0.311817E+09    0.2447977E+09    0.2371543E+09
 280      0.523419E+09    0.3511421E+09    0.1903583E+09
 281      0.652627E+09    0.4353184E+09    0.1386134E+09
 282      0.740141E+09    0.5190298E+09    0.9068439E+08
 283      0.782681E+09    0.5560393E+09    0.5931959E+08
 284      0.804691E+09    0.5910411E+09    0.2901465E+08
 285      0.786750E+09    0.5638119E+09   -0.5201536E+07
 286      0.748212E+09    0.5347125E+09   -0.4059171E+08
 287      0.661469E+09    0.4517908E+09   -0.9699372E+08
 288      0.533120E+09    0.3665909E+09   -0.1551093E+09
 289      0.326716E+09    0.2600235E+09   -0.2309864E+09
 290      0.464477E+08    0.1525851E+09   -0.3124947E+09
 291     -0.337691E+09    0.8017243E+08   -0.3455064E+09
 292     -0.838193E+09    0.1577938E+08   -0.3836746E+09
 293     -0.142135E+10    0.6477396E+07   -0.2203385E+09
 294     -0.207450E+10   -0.6446914E+07   -0.4389277E+08
 295     -0.212508E+10   -0.3738250E+07    0.7380036E+08
 296     -0.144897E+10   -0.2626070E+07    0.1867083E+09
 297     -0.849674E+09    0.4428793E+07    0.2918180E+09
 298     -0.332948E+09    0.1141147E+09    0.2376513E+09
 299      0.544246E+08    0.2281541E+09    0.1885486E+09
 300      0.354169E+09    0.3944565E+09    0.1358517E+09
 301      0.576568E+09    0.5555390E+09    0.9137973E+08
 302      0.706055E+09    0.6752757E+09    0.5933254E+08
 303      0.778979E+09    0.7907223E+09    0.2777020E+08
 304      0.816212E+09    0.8381273E+09    0.2674433E+08
 305      0.837202E+09    0.8846417E+09    0.2642428E+08
 306      0.825021E+09    0.8525114E+09    0.2432793E+08
 307      0.798092E+09    0.8181227E+09    0.2142898E+08
 308      0.722660E+09    0.7074789E+09   -0.1301057E+08
 309      0.606434E+09    0.5933419E+09   -0.4873217E+08
 310      0.408492E+09    0.4378581E+09   -0.1279536E+09
 311      0.114982E+09    0.2775444E+09   -0.2142667E+09
 312     -0.306913E+09    0.1539331E+09   -0.2818284E+09
 313     -0.891769E+09    0.3235409E+08   -0.3552888E+09
 314     -0.159794E+10    0.8883464E+07   -0.2120294E+09
 315     -0.241486E+10   -0.7175048E+07   -0.5444459E+08
 316     -0.237795E+10   -0.3088201E+08    0.1012837E+09
 317     -0.151958E+10    0.8952658E+07    0.1564868E+09
 318     -0.795768E+09    0.4376898E+08    0.1915193E+09
 319     -0.249247E+09    0.2138590E+09    0.7347039E+08
 320      0.128735E+09    0.3955694E+09   -0.2551909E+08
 321      0.385870E+09    0.6149598E+09   -0.7027551E+08
 322      0.572341E+09    0.8323640E+09   -0.1021122E+09
 323      0.695089E+09    0.9856748E+09   -0.8329073E+08
 324      0.752615E+09    0.1132109E+10   -0.6852967E+08
 325      0.774409E+09    0.1186670E+10   -0.2585996E+08
 326      0.791639E+09    0.1242420E+10    0.1931502E+08
 327      0.782718E+09    0.1202454E+10    0.6600608E+08
 328      0.771878E+09    0.1161458E+10    0.1124257E+09
 329      0.718208E+09    0.1025996E+10    0.1225913E+09
 330      0.634007E+09    0.8878133E+09    0.1321386E+09
 331      0.471582E+09    0.6807405E+09    0.7502012E+08
 332      0.215280E+09    0.4684761E+09    0.9424697E+07
 333     -0.202304E+09    0.2718627E+09   -0.9883458E+08
 334     -0.828721E+09    0.8497007E+08   -0.2272376E+09
 335     -0.168519E+10    0.2887725E+08   -0.1636245E+09
 336     -0.275249E+10   -0.2905441E+08   -0.7244416E+08
 337     -0.266293E+10    0.2422911E+08    0.1539255E+09
 338     -0.159303E+10    0.2433288E+08    0.1342553E+09
 339     -0.774100E+09    0.7528370E+08    0.1028657E+09
 340     -0.144004E+09    0.3791965E+09   -0.8398745E+08
 341      0.208287E+09    0.6547001E+09   -0.2525932E+09
 342      0.423182E+09    0.9464971E+09   -0.2821759E+09
 343      0.569587E+09    0.1219300E+10   -0.3007008E+09
 344      0.678317E+09    0.1395095E+10   -0.2294544E+09
 345      0.727983E+09    0.1565825E+10   -0.1658630E+09
 346      0.730367E+09    0.1626633E+10   -0.7830334E+08
 347      0.744414E+09    0.1689002E+10    0.1416324E+08
 348      0.737674E+09    0.1645279E+10    0.1109146E+09
 349      0.743730E+09    0.1602802E+10    0.2075312E+09
 350      0.713205E+09    0.1451092E+10    0.2635058E+09
 351      0.664244E+09    0.1297514E+10    0.3199761E+09
 352      0.539644E+09    0.1032974E+10    0.2863258E+09
 353      0.322447E+09    0.7482103E+09    0.2468571E+09
 354     -0.780775E+08    0.4549300E+09    0.7855738E+08
 355     -0.787798E+09    0.1359691E+09   -0.1126290E+09
 356     -0.177746E+10    0.5114628E+08   -0.1229623E+09
 357     -0.312365E+10    0.1319660E+08   -0.1073716E+09
 358     -0.287440E+10   -0.1256151E+09    0.1820633E+09
 359     -0.145172E+10    0.7746899E+08    0.1444304E+07
 360     -0.476758E+09    0.2734952E+09   -0.2336489E+09
 361      0.696188E+07    0.6881293E+09   -0.4702932E+09
 362      0.256004E+09    0.1111139E+10   -0.6227563E+09
 363      0.385195E+09    0.1420242E+10   -0.5774062E+09
 364      0.477577E+09    0.1723604E+10   -0.5352136E+09
 365      0.547105E+09    0.1899569E+10   -0.4034431E+09
 366      0.605233E+09    0.2076856E+10   -0.2788349E+09
 367      0.587590E+09    0.2136564E+10   -0.1368916E+09
 368      0.596223E+09    0.2197743E+10    0.8334601E+07
 369      0.594390E+09    0.2155607E+10    0.1550395E+09
 370      0.611833E+09    0.2117541E+10    0.3006761E+09
 371      0.599144E+09    0.1966858E+10    0.4195527E+09
 372      0.582409E+09    0.1817208E+10    0.5419421E+09
 373      0.506194E+09    0.1520011E+10    0.5868906E+09
 374      0.372594E+09    0.1212910E+10    0.6376498E+09
 375      0.820348E+08    0.7748941E+09    0.4923650E+09
 376     -0.485795E+09    0.3397626E+09    0.2717261E+09
 377     -0.161447E+10    0.1117270E+09    0.4767570E+08
 378     -0.334702E+10   -0.1135166E+09   -0.1155458E+09
 379     -0.371678E+10    0.2642963E+09    0.6328132E+09
 380     -0.114737E+10    0.2913297E+09   -0.5485627E+08
 381     -0.123596E+09    0.5677379E+09   -0.7524834E+09
 382      0.152961E+09    0.1330713E+10   -0.9171768E+09
 383      0.303092E+09    0.1836244E+10   -0.1008762E+10
 384      0.335591E+09    0.2103350E+10   -0.8857309E+09
 385      0.378454E+09    0.2380063E+10   -0.7730360E+09
 386      0.407747E+09    0.2525849E+10   -0.5802112E+09
 387      0.475228E+09    0.2678884E+10   -0.3907454E+09
 388      0.439611E+09    0.2731440E+10   -0.1903116E+09
 389      0.442409E+09    0.2786530E+10    0.1003537E+08
 390      0.449348E+09    0.2758452E+10    0.2047484E+09
 391      0.478286E+09    0.2736866E+10    0.3977747E+09
 392      0.480432E+09    0.2613301E+10    0.5807678E+09
 393      0.495335E+09    0.2495488E+10    0.7688368E+09
 394      0.463519E+09    0.2213321E+10    0.9020656E+09
 395      0.426893E+09    0.1938106E+10    0.1045087E+10
 396      0.242532E+09    0.1398688E+10    0.9675688E+09
 397     -0.121046E+09    0.6321005E+09    0.8138498E+09
 398     -0.130287E+10    0.3126730E+09    0.1465711E+09
 399     -0.418549E+10    0.2089879E+09   -0.4683219E+09
 400     -0.284486E+10   -0.4580781E+09   -0.1558457E+09
 401     -0.423976E+09    0.8353660E+09   -0.9226082E+09
 402     -0.101058E+09    0.2060781E+10   -0.1483229E+10
 403      0.960989E+08    0.2425936E+10   -0.1314712E+10
 404      0.146704E+09    0.2819470E+10   -0.1234076E+10
 405      0.164136E+09    0.2962260E+10   -0.1053328E+10
 406      0.183546E+09    0.3122829E+10   -0.8843501E+09
 407      0.195419E+09    0.3212671E+10   -0.6766992E+09
 408      0.236649E+09    0.3314410E+10   -0.4636121E+09
 409      0.217551E+09    0.3361186E+10   -0.2356919E+09
 410      0.219804E+09    0.3409940E+10   -0.1615184E+08
 411      0.228159E+09    0.3417433E+10    0.2039927E+09
 412      0.246994E+09    0.3429134E+10    0.4270450E+09
 413      0.248963E+09    0.3360205E+10    0.6604178E+09
 414      0.260305E+09    0.3296916E+10    0.8961864E+09
 415      0.248284E+09    0.3100319E+10    0.1117200E+10
 416      0.234151E+09    0.2916584E+10    0.1349635E+10
 417      0.166096E+09    0.2449666E+10    0.1461368E+10
 418     -0.659590E+08    0.1976663E+10    0.1669171E+10
 419     -0.487247E+09    0.7962694E+09    0.1036153E+10
 420     -0.311165E+10   -0.4021648E+09    0.2604319E+09
 421     -0.132204E+10    0.4527964E+10   -0.1063785E+10
 422      0.122791E+09    0.4411801E+10   -0.1740529E+10
 423     -0.847087E+08    0.4248586E+10   -0.2047626E+10
 424      0.210109E+08    0.4099425E+10   -0.1643711E+10
 425     -0.109429E+08    0.4027042E+10   -0.1425402E+10
 426     -0.236766E+07    0.3976912E+10   -0.1195500E+10
 427     -0.473898E+07    0.3941060E+10   -0.9812295E+09
 428     -0.657719E+07    0.3918387E+10   -0.7628350E+09
 429      0.475033E+07    0.3897535E+10   -0.5326556E+09
 430      0.290111E+07    0.3976622E+10   -0.2809485E+09
 431      0.491794E+07    0.4069384E+10   -0.4496229E+08
 432      0.119281E+08    0.4145228E+10    0.2010935E+09
 433      0.197192E+08    0.4216307E+10    0.4544020E+09
 434      0.227570E+08    0.4227058E+10    0.7358766E+09
 435      0.290470E+08    0.4240493E+10    0.1017790E+10
 436      0.365334E+08    0.4189749E+10    0.1317362E+10
 437      0.355641E+08    0.4151118E+10    0.1633856E+10
 438      0.717248E+08    0.4052996E+10    0.1909220E+10
 439     -0.313800E+08    0.4039080E+10    0.2395784E+10
 440      0.182691E+09    0.3865580E+10    0.1984838E+10
 441     -0.138946E+10    0.3615505E+10    0.1284619E+10
