   1     -0.344853E+09    0.8699106E+07   -0.9789601E+06
   2     -0.269882E+09   -0.1425584E+08    0.1142610E+07
   3     -0.161790E+09   -0.4062949E+08    0.4028613E+07
   4     -0.666428E+08   -0.1036248E+09    0.3378427E+07
   5      0.302949E+08   -0.1632576E+09    0.1688470E+07
   6      0.107631E+09   -0.2276540E+09    0.2579963E+07
   7      0.173609E+09   -0.2940949E+09    0.4123849E+07
   8      0.218648E+09   -0.3559590E+09    0.3258090E+07
   9      0.244522E+09   -0.4146238E+09    0.1534103E+07
  10      0.245200E+09   -0.4530162E+09    0.2639880E+07
  11      0.219744E+09   -0.4949751E+09    0.4509935E+07
  12      0.173732E+09   -0.5072254E+09    0.2311596E+07
  13      0.101283E+09   -0.5153652E+09   -0.4183601E+06
  14      0.174916E+08   -0.4821510E+09   -0.1472281E+06
  15     -0.643383E+08   -0.4506773E+09   -0.1906902E+06
  16     -0.145715E+09   -0.3804142E+09   -0.2789581E+07
  17     -0.212054E+09   -0.3067482E+09   -0.4157145E+07
  18     -0.235181E+09   -0.2170691E+09   -0.4743777E+07
  19     -0.193113E+09   -0.1249984E+09   -0.6581152E+07
  20     -0.728686E+08   -0.5444271E+08   -0.7508604E+07
  21      0.193641E+09    0.1073111E+08   -0.7872045E+07
  22     -0.367875E+09    0.5848118E+07    0.7842706E+06
  23     -0.289881E+09   -0.1443609E+08    0.2111472E+08
  24     -0.181370E+09   -0.3624030E+08    0.4289269E+08
  25     -0.727302E+08   -0.8535761E+08    0.5150193E+08
  26      0.256805E+08   -0.1342503E+09    0.5841332E+08
  27      0.106810E+09   -0.1921019E+09    0.5905379E+08
  28      0.176103E+09   -0.2492923E+09    0.6007342E+08
  29      0.226336E+09   -0.2992982E+09    0.5270883E+08
  30      0.254961E+09   -0.3498117E+09    0.4494143E+08
  31      0.256793E+09   -0.3808076E+09    0.3287582E+08
  32      0.235576E+09   -0.4102345E+09    0.2076323E+08
  33      0.190401E+09   -0.4106594E+09    0.3572799E+07
  34      0.120989E+09   -0.4121783E+09   -0.1400368E+08
  35      0.356411E+08   -0.3801917E+09   -0.3258320E+08
  36     -0.489449E+08   -0.3458591E+09   -0.5065399E+08
  37     -0.132288E+09   -0.2842458E+09   -0.6369610E+08
  38     -0.205713E+09   -0.2221863E+09   -0.7706754E+08
  39     -0.234751E+09   -0.1481388E+09   -0.7700945E+08
  40     -0.208377E+09   -0.7031785E+08   -0.7865240E+08
  41     -0.102953E+09   -0.2661025E+08   -0.4713100E+08
  42      0.112126E+09    0.1144992E+08   -0.1354512E+08
  43     -0.391815E+09    0.5188181E+07    0.2290405E+07
  44     -0.310646E+09   -0.9994815E+07    0.4044448E+08
  45     -0.202094E+09   -0.2517446E+08    0.8008966E+08
  46     -0.784689E+08   -0.6686661E+08    0.9922574E+08
  47      0.208962E+08   -0.1114381E+09    0.1161376E+09
  48      0.105993E+09   -0.1632221E+09    0.1153467E+09
  49      0.178893E+09   -0.2123218E+09    0.1151692E+09
  50      0.234354E+09   -0.2536706E+09    0.1016679E+09
  51      0.265446E+09   -0.2956394E+09    0.8855028E+08
  52      0.269140E+09   -0.3221372E+09    0.6306615E+08
  53      0.252756E+09   -0.3477838E+09    0.3618264E+08
  54      0.206815E+09   -0.3462848E+09    0.4381351E+07
  55      0.141615E+09   -0.3449803E+09   -0.2713537E+08
  56      0.552240E+08   -0.3163747E+09   -0.6488767E+08
  57     -0.334829E+08   -0.2860756E+09   -0.1017437E+09
  58     -0.118265E+09   -0.2277587E+09   -0.1251559E+09
  59     -0.198009E+09   -0.1675418E+09   -0.1506539E+09
  60     -0.233946E+09   -0.1058936E+09   -0.1485728E+09
  61     -0.222745E+09   -0.4405355E+08   -0.1487341E+09
  62     -0.136328E+09   -0.1544657E+08   -0.8438773E+08
  63      0.282506E+08    0.9891440E+07   -0.1599879E+08
  64     -0.454111E+09    0.4207530E+07    0.4028383E+07
  65     -0.362208E+09   -0.1098152E+08    0.5473632E+08
  66     -0.243067E+09   -0.2691593E+08    0.1058691E+09
  67     -0.107238E+09   -0.6282158E+08    0.1342995E+09
  68      0.121556E+08   -0.9935407E+08    0.1609422E+09
  69      0.108303E+09   -0.1430074E+09    0.1574327E+09
  70      0.188705E+09   -0.1857924E+09    0.1552981E+09
  71      0.253426E+09   -0.2219225E+09    0.1366779E+09
  72      0.291879E+09   -0.2579629E+09    0.1180111E+09
  73      0.306246E+09   -0.2771943E+09    0.8223212E+08
  74      0.294722E+09   -0.2966133E+09    0.4607859E+08
  75      0.251735E+09   -0.2945164E+09    0.1028891E+07
  76      0.189275E+09   -0.2907936E+09   -0.4412345E+08
  77      0.105938E+09   -0.2617922E+09   -0.9260648E+08
  78      0.769489E+07   -0.2329983E+09   -0.1416226E+09
  79     -0.868662E+08   -0.1860223E+09   -0.1727842E+09
  80     -0.180853E+09   -0.1373426E+09   -0.2051604E+09
  81     -0.244954E+09   -0.8785770E+08   -0.1956790E+09
  82     -0.261700E+09   -0.3882968E+08   -0.1874443E+09
  83     -0.225904E+09   -0.1585932E+08   -0.1038328E+09
  84     -0.114693E+09    0.5389377E+07   -0.1697395E+08
  85     -0.515398E+09    0.4647062E+07    0.5619904E+07
  86     -0.413139E+09   -0.9283870E+07    0.6956035E+08
  87     -0.282860E+09   -0.2451521E+08    0.1336511E+09
  88     -0.137182E+09   -0.5909970E+08    0.1699700E+09
  89      0.494522E+07   -0.9335947E+08    0.2043374E+09
  90      0.111121E+09   -0.1312918E+09    0.1993405E+09
  91      0.198061E+09   -0.1689916E+09    0.1962492E+09
  92      0.272337E+09   -0.1997079E+09    0.1719847E+09
  93      0.318904E+09   -0.2293543E+09    0.1469587E+09
  94      0.343086E+09   -0.2467936E+09    0.1017867E+09
  95      0.335414E+09   -0.2654060E+09    0.5717888E+08
  96      0.298421E+09   -0.2619913E+09   -0.2421602E+07
  97      0.235981E+09   -0.2566744E+09   -0.6234227E+08
  98      0.155277E+09   -0.2313326E+09   -0.1206892E+09
  99      0.497231E+08   -0.2058123E+09   -0.1811672E+09
 100     -0.560590E+08   -0.1629830E+09   -0.2198146E+09
 101     -0.166147E+09   -0.1198798E+09   -0.2577960E+09
 102     -0.257054E+09   -0.7818302E+08   -0.2424308E+09
 103     -0.302567E+09   -0.3418004E+08   -0.2279576E+09
 104     -0.311559E+09   -0.1177662E+08   -0.1252796E+09
 105     -0.258762E+09    0.7278762E+07   -0.2005176E+08
 106     -0.611296E+09    0.3698854E+07    0.7785200E+07
 107     -0.488975E+09   -0.1078224E+08    0.8350530E+08
 108     -0.339881E+09   -0.2649484E+08    0.1590716E+09
 109     -0.178345E+09   -0.5562796E+08    0.1982583E+09
 110     -0.116956E+08   -0.8391224E+08    0.2373607E+09
 111      0.115187E+09   -0.1198165E+09    0.2338247E+09
 112      0.216546E+09   -0.1562620E+09    0.2296210E+09
 113      0.303100E+09   -0.1835035E+09    0.1978792E+09
 114      0.362123E+09   -0.2099348E+09    0.1665355E+09
 115      0.395240E+09   -0.2218100E+09    0.1143464E+09
 116      0.396442E+09   -0.2328829E+09    0.6206379E+08
 117      0.367502E+09   -0.2297190E+09   -0.5480774E+07
 118      0.306425E+09   -0.2275118E+09   -0.7364611E+08
 119      0.222779E+09   -0.2070044E+09   -0.1416900E+09
 120      0.111870E+09   -0.1851987E+09   -0.2108269E+09
 121     -0.139527E+08   -0.1503506E+09   -0.2544317E+09
 122     -0.148874E+09   -0.1146070E+09   -0.2983528E+09
 123     -0.275121E+09   -0.7185524E+08   -0.2819131E+09
 124     -0.370581E+09   -0.2805509E+08   -0.2646699E+09
 125     -0.434996E+09   -0.9627310E+07   -0.1420262E+09
 126     -0.445087E+09    0.6301969E+07   -0.1761687E+08
 127     -0.707134E+09    0.4148952E+07    0.1023129E+08
 128     -0.564637E+09   -0.9692699E+07    0.9768989E+08
 129     -0.396940E+09   -0.2497129E+08    0.1843684E+09
 130     -0.218561E+09   -0.5378480E+08    0.2267771E+09
 131     -0.312447E+08   -0.8227831E+08    0.2717661E+09
 132      0.119689E+09   -0.1112641E+09    0.2687712E+09
 133      0.235763E+09   -0.1389966E+09    0.2625738E+09
 134      0.334498E+09   -0.1602890E+09    0.2242222E+09
 135      0.405673E+09   -0.1813193E+09    0.1865371E+09
 136      0.447573E+09   -0.1919572E+09    0.1267915E+09
 137      0.457810E+09   -0.2039178E+09    0.6765864E+08
 138      0.435519E+09   -0.2042629E+09   -0.7666468E+07
 139      0.378257E+09   -0.2025794E+09   -0.8487565E+08
 140      0.290765E+09   -0.1858182E+09   -0.1627942E+09
 141      0.172840E+09   -0.1698890E+09   -0.2406608E+09
 142      0.279600E+08   -0.1374807E+09   -0.2902316E+09
 143     -0.131264E+09   -0.1035423E+09   -0.3405642E+09
 144     -0.292886E+09   -0.6910302E+08   -0.3218485E+09
 145     -0.439120E+09   -0.3289947E+08   -0.3013940E+09
 146     -0.560313E+09   -0.1173965E+08   -0.1589768E+09
 147     -0.623784E+09    0.6354016E+07   -0.1553867E+08
 148     -0.838140E+09    0.3113667E+07    0.1347467E+08
 149     -0.662124E+09   -0.1084430E+08    0.1110857E+09
 150     -0.466348E+09   -0.2627122E+08    0.2076108E+09
 151     -0.262565E+09   -0.5131135E+08    0.2503772E+09
 152     -0.575190E+08   -0.7466197E+08    0.2952506E+09
 153      0.126243E+09   -0.9650828E+08    0.2906903E+09
 154      0.262783E+09   -0.1190911E+09    0.2834511E+09
 155      0.375662E+09   -0.1364382E+09    0.2410441E+09
 156      0.459615E+09   -0.1533853E+09    0.1998386E+09
 157      0.512159E+09   -0.1624068E+09    0.1356058E+09
 158      0.529947E+09   -0.1706077E+09    0.7180860E+08
 159      0.517250E+09   -0.1680489E+09   -0.8724501E+07
 160      0.464215E+09   -0.1662005E+09   -0.9048339E+08
 161      0.373485E+09   -0.1558805E+09   -0.1730450E+09
 162      0.247009E+09   -0.1452496E+09   -0.2565594E+09
 163      0.842151E+08   -0.1232199E+09   -0.3134155E+09
 164     -0.107649E+09   -0.9976597E+08   -0.3709576E+09
 165     -0.312343E+09   -0.6745873E+08   -0.3523985E+09
 166     -0.522368E+09   -0.3430067E+08   -0.3332032E+09
 167     -0.718634E+09   -0.1398588E+08   -0.1781253E+09
 168     -0.850225E+09    0.4283652E+07   -0.2044188E+08
 169     -0.968801E+09    0.3696951E+07    0.1671713E+08
 170     -0.759649E+09   -0.9799176E+07    0.1247299E+09
 171     -0.535812E+09   -0.2548019E+08    0.2314857E+09
 172     -0.306942E+09   -0.4718948E+08    0.2741371E+09
 173     -0.818678E+08   -0.6578813E+08    0.3179193E+09
 174      0.131378E+09   -0.7960021E+08    0.3137612E+09
 175      0.291183E+09   -0.9521363E+08    0.3069390E+09
 176      0.416525E+09   -0.1061290E+09    0.2588884E+09
 177      0.513627E+09   -0.1151644E+09    0.2135140E+09
 178      0.577680E+09   -0.1169661E+09    0.1444197E+09
 179      0.603504E+09   -0.1197930E+09    0.7494632E+08
 180      0.599922E+09   -0.1202385E+09   -0.1053616E+08
 181      0.549282E+09   -0.1206337E+09   -0.9590354E+08
 182      0.456294E+09   -0.1184992E+09   -0.1834499E+09
 183      0.321720E+09   -0.1164571E+09   -0.2726939E+09
 184      0.140417E+09   -0.1033997E+09   -0.3361169E+09
 185     -0.833164E+08   -0.8955228E+08   -0.4018227E+09
 186     -0.332980E+09   -0.6149762E+08   -0.3849209E+09
 187     -0.605246E+09   -0.3006284E+08   -0.3664603E+09
 188     -0.875912E+09   -0.1007764E+08   -0.1969327E+09
 189     -0.108043E+10    0.6277196E+07   -0.2389922E+08
 190     -0.113304E+10    0.1948578E+07    0.2163368E+08
 191     -0.875410E+09   -0.1110497E+08    0.1369690E+09
 192     -0.610825E+09   -0.2588780E+08    0.2505281E+09
 193     -0.347142E+09   -0.4136606E+08    0.2876901E+09
 194     -0.956390E+08   -0.5499948E+08    0.3255968E+09
 195      0.135646E+09   -0.5773715E+08    0.3171326E+09
 196      0.325802E+09   -0.6009749E+08    0.3081068E+09
 197      0.464821E+09   -0.5719462E+08    0.2578943E+09
 198      0.572928E+09   -0.5375374E+08    0.2090976E+09
 199      0.644703E+09   -0.5022565E+08    0.1424754E+09
 200      0.680717E+09   -0.4734976E+08    0.7613444E+08
 201      0.682767E+09   -0.5225611E+08   -0.5507384E+07
 202      0.637535E+09   -0.5840014E+08   -0.8745649E+08
 203      0.546885E+09   -0.6514606E+08   -0.1770311E+09
 204      0.407725E+09   -0.7159250E+08   -0.2681524E+09
 205      0.209765E+09   -0.6973149E+08   -0.3383551E+09
 206     -0.401270E+08   -0.6702879E+08   -0.4115100E+09
 207     -0.345691E+09   -0.5033410E+08   -0.4029025E+09
 208     -0.690495E+09   -0.3049004E+08   -0.3936629E+09
 209     -0.105879E+10   -0.1175281E+08   -0.2133254E+09
 210     -0.137146E+10    0.3851529E+07   -0.2772098E+08
 211     -0.129745E+10    0.2156337E+07    0.2715753E+08
 212     -0.991334E+09   -0.1032084E+08    0.1497537E+09
 213     -0.686523E+09   -0.2499357E+08    0.2700432E+09
 214     -0.387897E+09   -0.3287213E+08    0.3022326E+09
 215     -0.110546E+09   -0.3820474E+08    0.3348702E+09
 216      0.140118E+09   -0.2202073E+08    0.3205333E+09
 217      0.358069E+09   -0.4263379E+07    0.3089137E+09
 218      0.515825E+09    0.1411742E+08    0.2576229E+09
 219      0.632166E+09    0.3134797E+08    0.2057849E+09
 220      0.711894E+09    0.4070803E+08    0.1414455E+09
 221      0.757496E+09    0.4952506E+08    0.7781485E+08
 222      0.766124E+09    0.4389287E+08   -0.1652501E+06
 223      0.727712E+09    0.3741546E+08   -0.7907894E+08
 224      0.638714E+09    0.1789527E+08   -0.1708805E+09
 225      0.494784E+09   -0.2555320E+07   -0.2644670E+09
 226      0.279363E+09   -0.1843693E+08   -0.3419827E+09
 227      0.223131E+07   -0.3354578E+08   -0.4223096E+09
 228     -0.358367E+09   -0.3121077E+08   -0.4207430E+09
 229     -0.777367E+09   -0.2598328E+08   -0.4197337E+09
 230     -0.124238E+10   -0.1116693E+08   -0.2304244E+09
 231     -0.166334E+10    0.1589915E+07   -0.3432915E+08
 232     -0.149353E+10   -0.5788456E+06    0.3514901E+08
 233     -0.111659E+10   -0.1009506E+08    0.1584728E+09
 234     -0.754285E+09   -0.2213407E+08    0.2783504E+09
 235     -0.410727E+09   -0.1635482E+08    0.2947057E+09
 236     -0.105251E+09   -0.7366196E+07    0.3116533E+09
 237      0.160995E+09    0.2972725E+08    0.2849678E+09
 238      0.384357E+09    0.6966582E+08    0.2628480E+09
 239      0.559301E+09    0.1109030E+09    0.2219014E+09
 240      0.683099E+09    0.1484478E+09    0.1794283E+09
 241      0.765981E+09    0.1664208E+09    0.1250189E+09
 242      0.817157E+09    0.1851488E+09    0.7228520E+08
 243      0.831274E+09    0.1779129E+09    0.9132914E+07
 244      0.803858E+09    0.1688334E+09   -0.5428836E+08
 245      0.723270E+09    0.1333247E+09   -0.1359533E+09
 246      0.584473E+09    0.9602749E+08   -0.2199213E+09
 247      0.363446E+09    0.5426200E+08   -0.3034843E+09
 248      0.621215E+08    0.1359070E+08   -0.3904254E+09
 249     -0.345576E+09   -0.3653315E+07   -0.4056407E+09
 250     -0.847592E+09   -0.1596168E+08   -0.4246823E+09
 251     -0.143171E+10   -0.5930390E+07   -0.2386400E+09
 252     -0.202435E+10    0.6812850E+06   -0.4189244E+08
 253     -0.168912E+10   -0.4091764E+06    0.4391958E+08
 254     -0.124298E+10   -0.9654609E+07    0.1680831E+09
 255     -0.824102E+09   -0.2070219E+08    0.2880676E+09
 256     -0.434304E+09    0.3710707E+07    0.2884432E+09
 257     -0.100458E+09    0.3240301E+08    0.2897527E+09
 258      0.182970E+09    0.1002188E+09    0.2506353E+09
 259      0.411772E+09    0.1700457E+09    0.2164430E+09
 260      0.599658E+09    0.2416102E+09    0.1858041E+09
 261      0.738097E+09    0.3097252E+09    0.1536142E+09
 262      0.821445E+09    0.3420813E+09    0.1089926E+09
 263      0.878236E+09    0.3732464E+09    0.6729667E+08
 264      0.896740E+09    0.3593649E+09    0.1960822E+08
 265      0.880489E+09    0.3441176E+09   -0.2857746E+08
 266      0.808912E+09    0.2910795E+09   -0.1011540E+09
 267      0.674362E+09    0.2358181E+09   -0.1750872E+09
 268      0.449790E+09    0.1609474E+09   -0.2644924E+09
 269      0.121776E+09    0.8448677E+08   -0.3588591E+09
 270     -0.333084E+09    0.3850358E+08   -0.3923753E+09
 271     -0.918182E+09   -0.1763130E+07   -0.4323401E+09
 272     -0.162395E+10   -0.1219681E+07   -0.2475748E+09
 273     -0.238612E+10   -0.1942903E+07   -0.4871592E+08
 274     -0.191105E+10   -0.7542725E+07    0.5891481E+08
 275     -0.135860E+10   -0.7320973E+07    0.1682134E+09
 276     -0.855830E+09   -0.1065193E+08    0.2699191E+09
 277     -0.414022E+09    0.4183839E+08    0.2352855E+09
 278     -0.578918E+08    0.1006095E+09    0.2043864E+09
 279      0.225293E+09    0.2042434E+09    0.1528287E+09
 280      0.442887E+09    0.3085544E+09    0.1071288E+09
 281      0.612210E+09    0.4109262E+09    0.8983039E+08
 282      0.750537E+09    0.5121587E+09    0.7600428E+08
 283      0.836089E+09    0.5601065E+09    0.6585037E+08
 284      0.894697E+09    0.6051985E+09    0.5456810E+08
 285      0.916491E+09    0.5900648E+09    0.3717319E+08
 286      0.914965E+09    0.5742303E+09    0.2010056E+08
 287      0.858379E+09    0.4978251E+09   -0.2517297E+08
 288      0.743563E+09    0.4181777E+09   -0.7195577E+08
 289      0.538034E+09    0.3067560E+09   -0.1561328E+09
 290      0.211357E+09    0.1936814E+09   -0.2475634E+09
 291     -0.271608E+09    0.1066286E+09   -0.3125803E+09
 292     -0.936469E+09    0.2591411E+08   -0.3866195E+09
 293     -0.178865E+10    0.8709002E+07   -0.2318579E+09
 294     -0.277970E+10   -0.1011788E+08   -0.5879419E+08
 295     -0.213509E+10   -0.1956153E+07    0.7714447E+08
 296     -0.147688E+10   -0.6101037E+07    0.1705189E+09
 297     -0.895660E+09   -0.5073277E+07    0.2559423E+09
 298     -0.392351E+09    0.9324753E+08    0.1855755E+09
 299     -0.160687E+08    0.1956890E+09    0.1201989E+09
 300      0.270859E+09    0.3525671E+09    0.5555180E+08
 301      0.475875E+09    0.5043989E+09   -0.2785983E+07
 302      0.627485E+09    0.6399638E+09   -0.7542964E+07
 303      0.756727E+09    0.7757924E+09   -0.5538287E+07
 304      0.849689E+09    0.8469603E+09    0.2207400E+08
 305      0.912130E+09    0.9111925E+09    0.4406653E+08
 306      0.936226E+09    0.8903299E+09    0.5596648E+08
 307      0.949582E+09    0.8709655E+09    0.7075042E+08
 308      0.908738E+09    0.7714298E+09    0.5366324E+08
 309      0.816105E+09    0.6673100E+09    0.3440420E+08
 310      0.629393E+09    0.5048842E+09   -0.4685765E+08
 311      0.303295E+09    0.3352556E+09   -0.1365099E+09
 312     -0.207958E+09    0.1915230E+09   -0.2351329E+09
 313     -0.962242E+09    0.5055445E+08   -0.3449352E+09
 314     -0.195709E+10    0.1745963E+08   -0.2184921E+09
 315     -0.317789E+10   -0.7613478E+07   -0.7101107E+08
 316     -0.237883E+10   -0.2973279E+08    0.1054829E+09
 317     -0.153279E+10    0.4907934E+07    0.1456642E+09
 318     -0.827188E+09    0.3410305E+08    0.1655820E+09
 319     -0.294325E+09    0.1930019E+09    0.3246781E+08
 320      0.724771E+08    0.3633222E+09   -0.8120579E+08
 321      0.317517E+09    0.5721308E+09   -0.1394634E+09
 322      0.485394E+09    0.7770066E+09   -0.1881349E+09
 323      0.600429E+09    0.9369598E+09   -0.1611746E+09
 324      0.698902E+09    0.1096063E+10   -0.1317659E+09
 325      0.777330E+09    0.1180127E+10   -0.5749217E+08
 326      0.849357E+09    0.1262596E+10    0.1481650E+08
 327      0.878527E+09    0.1245549E+10    0.7616054E+08
 328      0.900972E+09    0.1228872E+10    0.1392110E+09
 329      0.879181E+09    0.1110315E+10    0.1743861E+09
 330      0.826470E+09    0.9882820E+09    0.2094655E+09
 331      0.682158E+09    0.7745234E+09    0.1634786E+09
 332      0.412523E+09    0.5531544E+09    0.1080912E+09
 333     -0.751537E+08    0.3295530E+09   -0.2714708E+08
 334     -0.863374E+09    0.1136775E+09   -0.1883608E+09
 335     -0.201640E+10    0.3825372E+08   -0.1546011E+09
 336     -0.354451E+10   -0.3595836E+08   -0.8826035E+08
 337     -0.265472E+10    0.2603289E+08    0.1590300E+09
 338     -0.159162E+10    0.2097160E+08    0.1288480E+09
 339     -0.790599E+09    0.6662615E+08    0.8709238E+08
 340     -0.174266E+09    0.3590675E+09   -0.1135980E+09
 341      0.166476E+09    0.6226868E+09   -0.2953073E+09
 342      0.368800E+09    0.9014554E+09   -0.3409043E+09
 343      0.495963E+09    0.1159079E+10   -0.3787160E+09
 344      0.572417E+09    0.1334837E+10   -0.3174396E+09
 345      0.642769E+09    0.1509355E+10   -0.2572415E+09
 346      0.700649E+09    0.1601319E+10   -0.1386054E+09
 347      0.779834E+09    0.1697232E+10   -0.1708211E+08
 348      0.820222E+09    0.1687218E+10    0.9767712E+08
 349      0.849144E+09    0.1676328E+10    0.2108831E+09
 350      0.848504E+09    0.1547694E+10    0.3000416E+09
 351      0.836916E+09    0.1417755E+10    0.3914228E+09
 352      0.739656E+09    0.1155073E+10    0.3827253E+09
 353      0.528036E+09    0.8714202E+09    0.3672610E+09
 354      0.815008E+08    0.5452615E+09    0.1778260E+09
 355     -0.789140E+09    0.1839750E+09   -0.4057157E+08
 356     -0.208000E+10    0.6765580E+08   -0.9857100E+08
 357     -0.395055E+10    0.6303748E+07   -0.1272503E+09
 358     -0.287413E+10   -0.1253090E+09    0.1880951E+09
 359     -0.144353E+10    0.7408169E+08    0.3703150E+06
 360     -0.485246E+09    0.2662503E+09   -0.2412216E+09
 361     -0.134424E+08    0.6701227E+09   -0.4882660E+09
 362      0.227298E+09    0.1081802E+10   -0.6503738E+09
 363      0.347166E+09    0.1375264E+10   -0.6206092E+09
 364      0.425247E+09    0.1661489E+10   -0.5958781E+09
 365      0.466052E+09    0.1829687E+10   -0.4855906E+09
 366      0.510825E+09    0.2000260E+10   -0.3788835E+09
 367      0.546434E+09    0.2085979E+10   -0.2254031E+09
 368      0.603281E+09    0.2178262E+10   -0.6862562E+08
 369      0.656082E+09    0.2179394E+10    0.1030284E+09
 370      0.688274E+09    0.2180442E+10    0.2711620E+09
 371      0.695303E+09    0.2058069E+10    0.4271760E+09
 372      0.712164E+09    0.1938850E+10    0.5895863E+09
 373      0.668264E+09    0.1652539E+10    0.6740321E+09
 374      0.553728E+09    0.1356301E+10    0.7649863E+09
 375      0.238802E+09    0.8857756E+09    0.6257796E+09
 376     -0.450781E+09    0.4080928E+09    0.4035413E+09
 377     -0.184548E+10    0.1367517E+09    0.1058013E+09
 378     -0.413991E+10   -0.1248980E+09   -0.1305707E+09
 379     -0.373157E+10    0.2673811E+09    0.6437124E+09
 380     -0.112900E+10    0.2904993E+09   -0.5194579E+08
 381     -0.126553E+09    0.5648358E+09   -0.7528914E+09
 382      0.141845E+09    0.1318787E+10   -0.9226667E+09
 383      0.287106E+09    0.1813164E+10   -0.1020428E+10
 384      0.313755E+09    0.2064078E+10   -0.9121118E+09
 385      0.347538E+09    0.2321894E+10   -0.8139057E+09
 386      0.354097E+09    0.2448747E+10   -0.6547755E+09
 387      0.375003E+09    0.2583483E+10   -0.5000771E+09
 388      0.391175E+09    0.2649408E+10   -0.3117189E+09
 389      0.425559E+09    0.2725400E+10   -0.1224922E+09
 390      0.481980E+09    0.2739403E+10    0.1066520E+09
 391      0.527558E+09    0.2754588E+10    0.3325107E+09
 392      0.532952E+09    0.2671127E+10    0.5605208E+09
 393      0.581325E+09    0.2594930E+10    0.7971423E+09
 394      0.586840E+09    0.2343291E+10    0.9837537E+09
 395      0.582954E+09    0.2100780E+10    0.1184277E+10
 396      0.395325E+09    0.1546478E+10    0.1138492E+10
 397     -0.430096E+08    0.7487188E+09    0.1012748E+10
 398     -0.144725E+10    0.3601738E+09    0.2387926E+09
 399     -0.498467E+10    0.1997219E+09   -0.4925775E+09
 400     -0.286222E+10   -0.4578712E+09   -0.1559213E+09
 401     -0.410928E+09    0.8404289E+09   -0.9204369E+09
 402     -0.105515E+09    0.2067049E+10   -0.1474389E+10
 403      0.902369E+08    0.2421075E+10   -0.1311078E+10
 404      0.138645E+09    0.2807145E+10   -0.1235718E+10
 405      0.153908E+09    0.2938041E+10   -0.1066076E+10
 406      0.169182E+09    0.3087271E+10   -0.9065669E+09
 407      0.172818E+09    0.3150018E+10   -0.7249681E+09
 408      0.183927E+09    0.3219806E+10   -0.5458410E+09
 409      0.192084E+09    0.3253748E+10   -0.3479601E+09
 410      0.209926E+09    0.3291562E+10   -0.1517157E+09
 411      0.235914E+09    0.3317023E+10    0.8584998E+08
 412      0.270648E+09    0.3349756E+10    0.3275721E+09
 413      0.267776E+09    0.3325536E+10    0.5922334E+09
 414      0.301330E+09    0.3312035E+10    0.8573268E+09
 415      0.310639E+09    0.3183770E+10    0.1137736E+10
 416      0.316856E+09    0.3070176E+10    0.1434637E+10
 417      0.250584E+09    0.2625606E+10    0.1618645E+10
 418     -0.188098E+08    0.2165496E+10    0.1916707E+10
 419     -0.545530E+09    0.8918454E+09    0.1207984E+10
 420     -0.359895E+10   -0.4005618E+09    0.3203472E+09
 421     -0.133368E+10    0.4565319E+10   -0.1071727E+10
 422      0.128051E+09    0.4426402E+10   -0.1736421E+10
 423     -0.882907E+08    0.4247038E+10   -0.2028842E+10
 424      0.206045E+08    0.4103354E+10   -0.1631358E+10
 425     -0.110659E+08    0.4030007E+10   -0.1417767E+10
 426     -0.158488E+07    0.3979003E+10   -0.1195800E+10
 427     -0.383897E+07    0.3942718E+10   -0.9873764E+09
 428     -0.251282E+07    0.3918388E+10   -0.7859874E+09
 429     -0.130399E+07    0.3898753E+10   -0.5862912E+09
 430     -0.868377E+06    0.3885453E+10   -0.3797837E+09
 431      0.144335E+07    0.3874709E+10   -0.1756690E+09
 432      0.145411E+07    0.3869159E+10    0.6622177E+08
 433      0.177250E+08    0.3868216E+10    0.3195783E+09
 434      0.135492E+08    0.3981081E+10    0.6166201E+09
 435      0.277650E+08    0.4102288E+10    0.9065686E+09
 436      0.401505E+08    0.4189236E+10    0.1272941E+10
 437      0.465491E+08    0.4290539E+10    0.1660888E+10
 438      0.877613E+08    0.4271503E+10    0.2050203E+10
 439     -0.156279E+08    0.4341843E+10    0.2688047E+10
 440      0.197169E+09    0.4076889E+10    0.2236275E+10
 441     -0.151161E+10    0.3720877E+10    0.1442074E+10
