   1     -0.528265E+09    0.2926222E+07   -0.3306776E+06
   2     -0.420140E+09   -0.5665272E+07   -0.1216457E+06
   3     -0.293835E+09   -0.1549377E+08    0.1628808E+06
   4     -0.157544E+09   -0.3559618E+08   -0.2489506E+06
   5     -0.134092E+08   -0.5345099E+08   -0.1275938E+07
   6      0.104991E+09   -0.7514409E+08   -0.3407829E+06
   7      0.186545E+09   -0.9960553E+08    0.1466453E+07
   8      0.252173E+09   -0.1288223E+09    0.1400705E+07
   9      0.299807E+09   -0.1560791E+09    0.2943496E+06
  10      0.327316E+09   -0.1716025E+09    0.5119989E+06
  11      0.329941E+09   -0.1882877E+09    0.1447142E+07
  12      0.315231E+09   -0.1908156E+09    0.5320553E+06
  13      0.269763E+09   -0.1921080E+09   -0.4470353E+06
  14      0.207010E+09   -0.1717144E+09   -0.1086436E+07
  15      0.121222E+09   -0.1507307E+09   -0.2315912E+07
  16      0.231509E+08   -0.1088882E+09   -0.3537797E+07
  17     -0.971875E+08   -0.6625253E+08   -0.2850852E+07
  18     -0.205394E+09   -0.2774476E+08   -0.1788723E+07
  19     -0.314575E+09    0.1793375E+08   -0.4208446E+07
  20     -0.413711E+09    0.2235115E+08    0.4689214E+07
  21     -0.556798E+09    0.1820438E+08    0.1572916E+08
  22     -0.538582E+09    0.2457739E+07    0.1125612E+07
  23     -0.428007E+09   -0.6704055E+07    0.8934378E+07
  24     -0.299060E+09   -0.1648302E+08    0.1672045E+08
  25     -0.160456E+09   -0.3695067E+08    0.1946627E+08
  26     -0.136504E+08   -0.5726927E+08    0.2160032E+08
  27      0.101832E+09   -0.8173988E+08    0.2350313E+08
  28      0.186360E+09   -0.1059572E+09    0.2626952E+08
  29      0.254674E+09   -0.1284921E+09    0.2395467E+08
  30      0.304737E+09   -0.1515848E+09    0.2125062E+08
  31      0.333293E+09   -0.1671137E+09    0.1497322E+08
  32      0.338544E+09   -0.1817642E+09    0.8532500E+07
  33      0.323633E+09   -0.1806120E+09   -0.3233938E+06
  34      0.279041E+09   -0.1793939E+09   -0.9041605E+07
  35      0.215162E+09   -0.1633887E+09   -0.1744540E+08
  36      0.129208E+09   -0.1470044E+09   -0.2604528E+08
  37      0.286367E+08   -0.1196651E+09   -0.3172047E+08
  38     -0.960655E+08   -0.9110162E+08   -0.3708009E+08
  39     -0.209423E+09   -0.5817869E+08   -0.3325735E+08
  40     -0.322661E+09   -0.2739593E+08   -0.2802275E+08
  41     -0.439116E+09   -0.1388203E+08   -0.8028886E+07
  42     -0.530373E+09    0.2447646E+06    0.1062627E+08
  43     -0.548479E+09    0.2907986E+07    0.2418195E+07
  44     -0.435901E+09   -0.6242825E+07    0.1794794E+08
  45     -0.304195E+09   -0.1629499E+08    0.3329242E+08
  46     -0.163420E+09   -0.3723630E+08    0.3919522E+08
  47     -0.135016E+08   -0.5754336E+08    0.4459229E+08
  48      0.984864E+08   -0.8225385E+08    0.4755126E+08
  49      0.186235E+09   -0.1073284E+09    0.5102621E+08
  50      0.257084E+09   -0.1284322E+09    0.4617350E+08
  51      0.308662E+09   -0.1495530E+09    0.4235465E+08
  52      0.339977E+09   -0.1618521E+09    0.2924886E+08
  53      0.347382E+09   -0.1730095E+09    0.1490883E+08
  54      0.331976E+09   -0.1721729E+09   -0.1055716E+07
  55      0.288543E+09   -0.1719545E+09   -0.1703582E+08
  56      0.223679E+09   -0.1570611E+09   -0.3348112E+08
  57      0.137148E+09   -0.1408452E+09   -0.4973998E+08
  58      0.343494E+08   -0.1148613E+09   -0.5901290E+08
  59     -0.940739E+08   -0.8918064E+08   -0.7026982E+08
  60     -0.214087E+09   -0.6235279E+08   -0.6399123E+08
  61     -0.334050E+09   -0.3394562E+08   -0.5192359E+08
  62     -0.463426E+09   -0.1300811E+08   -0.2243916E+08
  63     -0.504219E+09    0.5682948E+07    0.3461312E+07
  64     -0.582551E+09    0.2382443E+07    0.4364889E+07
  65     -0.458868E+09   -0.7500795E+07    0.2761450E+08
  66     -0.320200E+09   -0.1812837E+08    0.5047783E+08
  67     -0.172227E+09   -0.3851419E+08    0.5901828E+08
  68     -0.191005E+08   -0.5845636E+08    0.6779529E+08
  69      0.936852E+08   -0.8235893E+08    0.7139862E+08
  70      0.189637E+09   -0.1065114E+09    0.7493837E+08
  71      0.265228E+09   -0.1281665E+09    0.6639996E+08
  72      0.320299E+09   -0.1492158E+09    0.5822429E+08
  73      0.360235E+09   -0.1595029E+09    0.3928526E+08
  74      0.368366E+09   -0.1703142E+09    0.2007333E+08
  75      0.354902E+09   -0.1687853E+09   -0.2841631E+07
  76      0.312349E+09   -0.1662482E+09   -0.2599887E+08
  77      0.246142E+09   -0.1507044E+09   -0.4833855E+08
  78      0.156577E+09   -0.1349201E+09   -0.7097119E+08
  79      0.450008E+08   -0.1099850E+09   -0.8257831E+08
  80     -0.856020E+08   -0.8533458E+08   -0.9526932E+08
  81     -0.222967E+09   -0.5962783E+08   -0.8853649E+08
  82     -0.362721E+09   -0.3238655E+08   -0.7919180E+08
  83     -0.498677E+09   -0.1362806E+08   -0.4122878E+08
  84     -0.557397E+09    0.3361791E+07   -0.4076824E+07
  85     -0.617376E+09    0.3308346E+07    0.6159921E+07
  86     -0.481471E+09   -0.6486697E+07    0.3732188E+08
  87     -0.336109E+09   -0.1725913E+08    0.6782808E+08
  88     -0.180730E+09   -0.4009409E+08    0.7899699E+08
  89     -0.250670E+08   -0.6309898E+08    0.9128826E+08
  90      0.890230E+08   -0.8817018E+08    0.9497179E+08
  91      0.192482E+09   -0.1121862E+09    0.9842659E+08
  92      0.273329E+09   -0.1288628E+09    0.8640692E+08
  93      0.333670E+09   -0.1450310E+09    0.7320447E+08
  94      0.379360E+09   -0.1536115E+09    0.4962263E+08
  95      0.389264E+09   -0.1631818E+09    0.2683104E+08
  96      0.378455E+09   -0.1621491E+09   -0.4305208E+07
  97      0.336342E+09   -0.1597846E+09   -0.3584824E+08
  98      0.268126E+09   -0.1437613E+09   -0.6362947E+08
  99      0.175784E+09   -0.1290214E+09   -0.9136261E+08
 100      0.560166E+08   -0.1052255E+09   -0.1071483E+09
 101     -0.802763E+08   -0.7973379E+08   -0.1214431E+09
 102     -0.229974E+09   -0.5464963E+08   -0.1137051E+09
 103     -0.388521E+09   -0.2759680E+08   -0.1074746E+09
 104     -0.535342E+09   -0.9645710E+07   -0.5826794E+08
 105     -0.612192E+09    0.5387757E+07   -0.8406579E+07
 106     -0.674934E+09    0.2765689E+07    0.7282376E+07
 107     -0.521207E+09   -0.7640408E+07    0.4742737E+08
 108     -0.363101E+09   -0.1889259E+08    0.8674480E+08
 109     -0.195130E+09   -0.4171639E+08    0.1011183E+09
 110     -0.381909E+08   -0.6420260E+08    0.1173863E+09
 111      0.874748E+08   -0.8990686E+08    0.1196874E+09
 112      0.200171E+09   -0.1157541E+09    0.1207342E+09
 113      0.290481E+09   -0.1338523E+09    0.1030041E+09
 114      0.359538E+09   -0.1512967E+09    0.8480548E+08
 115      0.406598E+09   -0.1571714E+09    0.5593641E+08
 116      0.423348E+09   -0.1625532E+09    0.2727254E+08
 117      0.415286E+09   -0.1563705E+09   -0.9228806E+07
 118      0.372108E+09   -0.1508651E+09   -0.4559266E+08
 119      0.301334E+09   -0.1361632E+09   -0.7870522E+08
 120      0.201707E+09   -0.1199879E+09   -0.1118606E+09
 121      0.751970E+08   -0.9650819E+08   -0.1300354E+09
 122     -0.789415E+08   -0.7327706E+08   -0.1478235E+09
 123     -0.237600E+09   -0.4792372E+08   -0.1379514E+09
 124     -0.420109E+09   -0.2261661E+08   -0.1296435E+09
 125     -0.594085E+09   -0.9446255E+07   -0.7104296E+08
 126     -0.714405E+09    0.3015732E+07   -0.1054577E+08
 127     -0.731824E+09    0.3440030E+07    0.8514274E+07
 128     -0.561084E+09   -0.7031619E+07    0.5747272E+08
 129     -0.389943E+09   -0.1829383E+08    0.1052261E+09
 130     -0.209191E+09   -0.4264749E+08    0.1230323E+09
 131     -0.523687E+08   -0.6787732E+08    0.1436110E+09
 132      0.858711E+08   -0.9241174E+08    0.1443907E+09
 133      0.208780E+09   -0.1145396E+09    0.1429554E+09
 134      0.307722E+09   -0.1299846E+09    0.1206000E+09
 135      0.384935E+09   -0.1471372E+09    0.9849318E+08
 136      0.434742E+09   -0.1544819E+09    0.6256480E+08
 137      0.457972E+09   -0.1599191E+09    0.2627057E+08
 138      0.451412E+09   -0.1531040E+09   -0.1490788E+08
 139      0.407119E+09   -0.1469825E+09   -0.5520195E+08
 140      0.335016E+09   -0.1319623E+09   -0.9383251E+08
 141      0.228578E+09   -0.1171189E+09   -0.1335327E+09
 142      0.926702E+08   -0.9225497E+08   -0.1535000E+09
 143     -0.734609E+08   -0.6563091E+08   -0.1747985E+09
 144     -0.247495E+09   -0.4191786E+08   -0.1619814E+09
 145     -0.450300E+09   -0.1941535E+08   -0.1495187E+09
 146     -0.652024E+09   -0.8330875E+07   -0.8360695E+08
 147     -0.817904E+09    0.2399679E+07   -0.1452642E+08
 148     -0.810281E+09    0.2778514E+07    0.1042492E+08
 149     -0.619973E+09   -0.8829137E+07    0.6859405E+08
 150     -0.427189E+09   -0.2098952E+08    0.1254601E+09
 151     -0.233628E+09   -0.4699148E+08    0.1480622E+09
 152     -0.637133E+08   -0.7375997E+08    0.1720318E+09
 153      0.906144E+08   -0.9797831E+08    0.1667339E+09
 154      0.225060E+09   -0.1211793E+09    0.1611735E+09
 155      0.334198E+09   -0.1345454E+09    0.1340120E+09
 156      0.419952E+09   -0.1468109E+09    0.1066804E+09
 157      0.475301E+09   -0.1487306E+09    0.6586016E+08
 158      0.503136E+09   -0.1516123E+09    0.2515565E+08
 159      0.496274E+09   -0.1467384E+09   -0.2038818E+08
 160      0.453140E+09   -0.1413051E+09   -0.6608816E+08
 161      0.377690E+09   -0.1256739E+09   -0.1088001E+09
 162      0.266171E+09   -0.1103029E+09   -0.1518597E+09
 163      0.115211E+09   -0.8825403E+08   -0.1762724E+09
 164     -0.615551E+08   -0.6510960E+08   -0.2014285E+09
 165     -0.266548E+09   -0.3990297E+08   -0.1852626E+09
 166     -0.490981E+09   -0.1398909E+08   -0.1694585E+09
 167     -0.728254E+09   -0.4023838E+07   -0.9242283E+08
 168     -0.951539E+09    0.4271263E+07   -0.1281863E+08
 169     -0.887900E+09    0.4370861E+07    0.1200403E+08
 170     -0.678569E+09   -0.8997960E+07    0.7993798E+08
 171     -0.464434E+09   -0.2478681E+08    0.1470135E+09
 172     -0.259570E+09   -0.5326756E+08    0.1736249E+09
 173     -0.731328E+08   -0.7937126E+08    0.1997179E+09
 174      0.951626E+08   -0.9907429E+08    0.1897042E+09
 175      0.241171E+09   -0.1186250E+09    0.1807783E+09
 176      0.361186E+09   -0.1279760E+09    0.1476099E+09
 177      0.455391E+09   -0.1374286E+09    0.1142785E+09
 178      0.515936E+09   -0.1377117E+09    0.6880413E+08
 179      0.547653E+09   -0.1377188E+09    0.2451568E+08
 180      0.542188E+09   -0.1310049E+09   -0.2598885E+08
 181      0.500299E+09   -0.1239065E+09   -0.7781022E+08
 182      0.419945E+09   -0.1119316E+09   -0.1240548E+09
 183      0.303097E+09   -0.1008000E+09   -0.1704394E+09
 184      0.139186E+09   -0.8166240E+08   -0.1991210E+09
 185     -0.527966E+08   -0.6164260E+08   -0.2274463E+09
 186     -0.285031E+09   -0.4137654E+08   -0.2087217E+09
 187     -0.533235E+09   -0.1985750E+08   -0.1908096E+09
 188     -0.805592E+09   -0.7459262E+07   -0.1016195E+09
 189     -0.108015E+10    0.3240598E+07   -0.1037840E+08
 190     -0.993856E+09    0.3358232E+07    0.1541137E+08
 191     -0.759025E+09   -0.1238491E+08    0.9479020E+08
 192     -0.516259E+09   -0.3006325E+08    0.1736739E+09
 193     -0.286501E+09   -0.5615024E+08    0.1978743E+09
 194     -0.753801E+08   -0.8110631E+08    0.2213363E+09
 195      0.109040E+09   -0.9700157E+08    0.2049483E+09
 196      0.267872E+09   -0.1114873E+09    0.1892734E+09
 197      0.398610E+09   -0.1139779E+09    0.1511677E+09
 198      0.498055E+09   -0.1163015E+09    0.1135994E+09
 199      0.563357E+09   -0.1130143E+09    0.6638857E+08
 200      0.595208E+09   -0.1101306E+09    0.2006649E+08
 201      0.595417E+09   -0.1046091E+09   -0.3125385E+08
 202      0.552176E+09   -0.9989624E+08   -0.8327025E+08
 203      0.468587E+09   -0.9242637E+08   -0.1316665E+09
 204      0.345413E+09   -0.8430642E+08   -0.1807234E+09
 205      0.171726E+09   -0.7143796E+08   -0.2123096E+09
 206     -0.447441E+08   -0.5842171E+08   -0.2439968E+09
 207     -0.301551E+09   -0.3922074E+08   -0.2273375E+09
 208     -0.587992E+09   -0.1835224E+08   -0.2109028E+09
 209     -0.904836E+09   -0.6678915E+07   -0.1122533E+09
 210     -0.122701E+10    0.3172689E+07   -0.1160997E+08
 211     -0.109987E+10    0.3799482E+07    0.1981182E+08
 212     -0.839589E+09   -0.1336168E+08    0.1100346E+09
 213     -0.569876E+09   -0.3285182E+08    0.2001010E+09
 214     -0.312925E+09   -0.5749158E+08    0.2230137E+09
 215     -0.796794E+08   -0.8000589E+08    0.2449517E+09
 216      0.123685E+09   -0.8712449E+08    0.2213566E+09
 217      0.293904E+09   -0.9303500E+08    0.1986109E+09
 218      0.437019E+09   -0.8608601E+08    0.1552502E+09
 219      0.540648E+09   -0.7899484E+08    0.1127711E+09
 220      0.611466E+09   -0.7006261E+08    0.6420022E+08
 221      0.644529E+09   -0.6166252E+08    0.1529614E+08
 222      0.648781E+09   -0.5799782E+08   -0.3661258E+08
 223      0.604449E+09   -0.5572996E+08   -0.8816544E+08
 224      0.518390E+09   -0.5752949E+08   -0.1397998E+09
 225      0.387322E+09   -0.5933380E+08   -0.1916766E+09
 226      0.203438E+09   -0.5589592E+08   -0.2261244E+09
 227     -0.360033E+08   -0.5105863E+08   -0.2625960E+09
 228     -0.319044E+09   -0.3577803E+08   -0.2473871E+09
 229     -0.643276E+09   -0.1976426E+08   -0.2308927E+09
 230     -0.100388E+10   -0.7853287E+07   -0.1228060E+09
 231     -0.137471E+10    0.2863842E+07   -0.1272277E+08
 232     -0.124989E+10    0.2516510E+07    0.2770996E+08
 233     -0.940956E+09   -0.1564656E+08    0.1271238E+09
 234     -0.626539E+09   -0.3696944E+08    0.2245960E+09
 235     -0.328951E+09   -0.5249683E+08    0.2364437E+09
 236     -0.696826E+08   -0.6461811E+08    0.2481775E+09
 237      0.153794E+09   -0.5623405E+08    0.2145067E+09
 238      0.333402E+09   -0.4631164E+08    0.1818615E+09
 239      0.479182E+09   -0.2589478E+08    0.1376734E+09
 240      0.585155E+09   -0.6481296E+07    0.9530760E+08
 241      0.654609E+09    0.7099529E+07    0.5197569E+08
 242      0.692334E+09    0.2031844E+08    0.8788361E+07
 243      0.692860E+09    0.1972560E+08   -0.3511685E+08
 244      0.652587E+09    0.1801454E+08   -0.7843547E+08
 245      0.568398E+09    0.3651700E+07   -0.1264205E+09
 246      0.434571E+09   -0.1174064E+08   -0.1755553E+09
 247      0.244387E+09   -0.2341923E+08   -0.2165409E+09
 248     -0.109379E+08   -0.3395339E+08   -0.2600725E+09
 249     -0.328146E+09   -0.2845189E+08   -0.2538454E+09
 250     -0.699887E+09   -0.1963953E+08   -0.2463891E+09
 251     -0.111816E+10   -0.7393045E+07   -0.1329441E+09
 252     -0.155528E+10    0.2077360E+07   -0.1651833E+08
 253     -0.139879E+10    0.3413765E+07    0.3573239E+08
 254     -0.104415E+10   -0.1591789E+08    0.1450783E+09
 255     -0.683296E+09   -0.3762368E+08    0.2509177E+09
 256     -0.346520E+09   -0.4278343E+08    0.2518194E+09
 257     -0.592603E+08   -0.4384151E+08    0.2531491E+09
 258      0.183833E+09   -0.1091794E+08    0.2085210E+09
 259      0.375267E+09    0.2287193E+08    0.1657909E+09
 260      0.521268E+09    0.6311277E+08    0.1207879E+09
 261      0.631889E+09    0.1029091E+09    0.7787126E+08
 262      0.698664E+09    0.1261972E+09    0.4009507E+08
 263      0.740243E+09    0.1466416E+09    0.3952555E+07
 264      0.738378E+09    0.1371568E+09   -0.3260477E+08
 265      0.700967E+09    0.1274292E+09   -0.6903286E+08
 266      0.619249E+09    0.9935340E+08   -0.1140087E+09
 267      0.483447E+09    0.7029551E+08   -0.1613180E+09
 268      0.286491E+09    0.3739626E+08   -0.2083881E+09
 269      0.125724E+08    0.3283236E+07   -0.2575496E+09
 270     -0.337822E+09   -0.1108854E+08   -0.2609331E+09
 271     -0.759660E+09   -0.2075180E+08   -0.2637373E+09
 272     -0.123350E+10   -0.8571956E+07   -0.1440289E+09
 273     -0.173629E+10    0.1813660E+07   -0.2069277E+08
 274     -0.160239E+10   -0.3396070E+07    0.5124962E+08
 275     -0.115653E+10   -0.1643982E+08    0.1581232E+09
 276     -0.717535E+09   -0.3416214E+08    0.2584911E+09
 277     -0.330954E+09   -0.1442610E+08    0.2305233E+09
 278     -0.160854E+08    0.1231203E+08    0.2049606E+09
 279      0.231784E+09    0.7715034E+08    0.1487561E+09
 280      0.420149E+09    0.1424687E+09    0.9749501E+08
 281      0.554401E+09    0.2065074E+09    0.6214439E+08
 282      0.658311E+09    0.2691249E+09    0.2906017E+08
 283      0.717146E+09    0.3001047E+09    0.1240152E+08
 284      0.755301E+09    0.3301670E+09   -0.3201499E+07
 285      0.756514E+09    0.3176037E+09   -0.1747482E+08
 286      0.725210E+09    0.3027974E+09   -0.3219664E+08
 287      0.653185E+09    0.2494344E+09   -0.6289684E+08
 288      0.528948E+09    0.1944777E+09   -0.9547306E+08
 289      0.336586E+09    0.1262138E+09   -0.1446137E+09
 290      0.597394E+08    0.5765932E+08   -0.1978218E+09
 291     -0.312330E+09    0.1945222E+08   -0.2266006E+09
 292     -0.790216E+09   -0.1152383E+08   -0.2583008E+09
 293     -0.135000E+10   -0.5004262E+07   -0.1482913E+09
 294     -0.195867E+10   -0.2647690E+07   -0.2989046E+08
 295     -0.181043E+10    0.3602509E+07    0.6953541E+08
 296     -0.127112E+10   -0.1510768E+08    0.1736332E+09
 297     -0.761851E+09   -0.3015901E+08    0.2707579E+09
 298     -0.313490E+09    0.3277973E+08    0.2128154E+09
 299      0.248452E+08    0.1006999E+09    0.1587702E+09
 300      0.283787E+09    0.2169507E+09    0.9067191E+08
 301      0.465726E+09    0.3293906E+09    0.2823904E+08
 302      0.589915E+09    0.4258298E+09    0.2858715E+07
 303      0.684034E+09    0.5187212E+09   -0.1950716E+08
 304      0.736219E+09    0.5583293E+09   -0.1474286E+08
 305      0.770822E+09    0.5958362E+09   -0.1011250E+08
 306      0.774661E+09    0.5734223E+09   -0.2147686E+07
 307      0.750808E+09    0.5511641E+09    0.5727516E+07
 308      0.688304E+09    0.4703170E+09   -0.9194457E+07
 309      0.575880E+09    0.3844981E+09   -0.2547779E+08
 310      0.390001E+09    0.2712787E+09   -0.8068878E+08
 311      0.107869E+09    0.1559330E+09   -0.1417071E+09
 312     -0.286106E+09    0.7783868E+08   -0.1966752E+09
 313     -0.826672E+09    0.1591605E+07   -0.2559048E+09
 314     -0.147051E+10   -0.2000366E+07   -0.1539897E+09
 315     -0.218441E+10   -0.3077399E+06   -0.4162059E+08
 316     -0.207409E+10   -0.2451251E+08    0.9744296E+08
 317     -0.135023E+10   -0.5356700E+07    0.1636288E+09
 318     -0.713308E+09    0.6842018E+07    0.2093323E+09
 319     -0.229124E+09    0.1309315E+09    0.9221798E+08
 320      0.109162E+09    0.2678895E+09   -0.7045553E+07
 321      0.334662E+09    0.4412217E+09   -0.6856221E+08
 322      0.487046E+09    0.6108436E+09   -0.1202740E+09
 323      0.582977E+09    0.7323389E+09   -0.1117770E+09
 324      0.655974E+09    0.8516440E+09   -0.1018359E+09
 325      0.696509E+09    0.8992987E+09   -0.5843796E+08
 326      0.727841E+09    0.9466947E+09   -0.1576979E+08
 327      0.730546E+09    0.9145577E+09    0.3157363E+08
 328      0.718806E+09    0.8810265E+09    0.7962253E+08
 329      0.672069E+09    0.7710538E+09    0.1004792E+09
 330      0.589599E+09    0.6593458E+09    0.1209450E+09
 331      0.434852E+09    0.4936072E+09    0.8072203E+08
 332      0.190716E+09    0.3229180E+09    0.3264581E+08
 333     -0.195634E+09    0.1755008E+09   -0.6263183E+08
 334     -0.768534E+09    0.4037885E+08   -0.1745965E+09
 335     -0.153756E+10    0.1170780E+08   -0.1288219E+09
 336     -0.244883E+10   -0.2206971E+08   -0.6035800E+08
 337     -0.237027E+10    0.3059854E+08    0.1508450E+09
 338     -0.143318E+10    0.1046350E+08    0.1621897E+09
 339     -0.697774E+09    0.3837577E+08    0.1616674E+09
 340     -0.123501E+09    0.3014659E+09   -0.1983073E+08
 341      0.200179E+09    0.5391587E+09   -0.1851921E+09
 342      0.390201E+09    0.7924437E+09   -0.2337762E+09
 343      0.509779E+09    0.1025226E+10   -0.2735534E+09
 344      0.574966E+09    0.1170636E+10   -0.2284589E+09
 345      0.627595E+09    0.1312710E+10   -0.1841444E+09
 346      0.654461E+09    0.1361641E+10   -0.1017236E+09
 347      0.684274E+09    0.1412029E+10   -0.2048529E+08
 348      0.683772E+09    0.1372730E+10    0.6790308E+08
 349      0.686364E+09    0.1334571E+10    0.1575009E+09
 350      0.655856E+09    0.1202131E+10    0.2145667E+09
 351      0.606518E+09    0.1068525E+10    0.2724869E+09
 352      0.484038E+09    0.8403106E+09    0.2504846E+09
 353      0.280678E+09    0.5919515E+09    0.2219801E+09
 354     -0.841553E+08    0.3477896E+09    0.6562419E+08
 355     -0.737972E+09    0.8204617E+08   -0.1077176E+09
 356     -0.161068E+10    0.3140440E+08   -0.1122424E+09
 357     -0.274516E+10    0.2292587E+08   -0.9645788E+08
 358     -0.264489E+10   -0.1206885E+09    0.1808584E+09
 359     -0.133302E+10    0.6459535E+08    0.4529130E+08
 360     -0.419818E+09    0.2407652E+09   -0.1478034E+09
 361      0.249049E+08    0.6294016E+09   -0.3815932E+09
 362      0.256102E+09    0.1029687E+10   -0.5308660E+09
 363      0.368088E+09    0.1313204E+10   -0.5006109E+09
 364      0.443897E+09    0.1588437E+10   -0.4745949E+09
 365      0.477797E+09    0.1734702E+10   -0.3726966E+09
 366      0.514206E+09    0.1882943E+10   -0.2739520E+09
 367      0.529084E+09    0.1929364E+10   -0.1463464E+09
 368      0.553005E+09    0.1978168E+10   -0.1874102E+08
 369      0.552822E+09    0.1933525E+10    0.1147765E+09
 370      0.563030E+09    0.1892704E+10    0.2485742E+09
 371      0.547661E+09    0.1749721E+10    0.3621094E+09
 372      0.526820E+09    0.1606605E+10    0.4790727E+09
 373      0.449408E+09    0.1334727E+10    0.5238052E+09
 374      0.329300E+09    0.1056144E+10    0.5731911E+09
 375      0.663300E+08    0.6624499E+09    0.4360319E+09
 376     -0.451734E+09    0.2742140E+09    0.2237722E+09
 377     -0.147460E+10    0.8492545E+08    0.2454226E+08
 378     -0.298019E+10   -0.1056949E+09   -0.1128002E+09
 379     -0.356040E+10    0.2606905E+09    0.6395261E+09
 380     -0.107137E+10    0.2792724E+09    0.7542177E+07
 381     -0.834031E+08    0.5488798E+09   -0.6415798E+09
 382      0.168603E+09    0.1312608E+10   -0.8041671E+09
 383      0.311635E+09    0.1817489E+10   -0.8909105E+09
 384      0.333191E+09    0.2074300E+10   -0.7785537E+09
 385      0.369911E+09    0.2338489E+10   -0.6748157E+09
 386      0.374016E+09    0.2459059E+10   -0.5162493E+09
 387      0.395455E+09    0.2587314E+10   -0.3616448E+09
 388      0.400757E+09    0.2621792E+10   -0.1882300E+09
 389      0.416317E+09    0.2660420E+10   -0.1419793E+08
 390      0.420507E+09    0.2619153E+10    0.1647113E+09
 391      0.435299E+09    0.2581412E+10    0.3430395E+09
 392      0.434200E+09    0.2448871E+10    0.5145973E+09
 393      0.439743E+09    0.2323836E+10    0.6905468E+09
 394      0.406986E+09    0.2056244E+10    0.8117416E+09
 395      0.379411E+09    0.1793812E+10    0.9423931E+09
 396      0.216504E+09    0.1291107E+10    0.8676552E+09
 397     -0.989189E+08    0.5682322E+09    0.7123475E+09
 398     -0.119274E+10    0.2872271E+09    0.8974737E+08
 399     -0.383154E+10    0.2165437E+09   -0.4744386E+09
 400     -0.277836E+10   -0.4603308E+09   -0.1499746E+09
 401     -0.386418E+09    0.8425507E+09   -0.8735116E+09
 402     -0.810193E+08    0.2082081E+10   -0.1395771E+10
 403      0.104037E+09    0.2471985E+10   -0.1221269E+10
 404      0.151984E+09    0.2888816E+10   -0.1132684E+10
 405      0.163782E+09    0.3044892E+10   -0.9538154E+09
 406      0.180913E+09    0.3219046E+10   -0.7848344E+09
 407      0.184305E+09    0.3294443E+10   -0.5946262E+09
 408      0.196505E+09    0.3376852E+10   -0.4061649E+09
 409      0.200892E+09    0.3397224E+10   -0.2059907E+09
 410      0.209152E+09    0.3421560E+10   -0.6236958E+07
 411      0.214181E+09    0.3390463E+10    0.2010452E+09
 412      0.222881E+09    0.3362875E+10    0.4088710E+09
 413      0.223680E+09    0.3266043E+10    0.6197933E+09
 414      0.228345E+09    0.3175246E+10    0.8328573E+09
 415      0.217034E+09    0.2974818E+10    0.1027988E+10
 416      0.204511E+09    0.2788488E+10    0.1233737E+10
 417      0.150338E+09    0.2348156E+10    0.1334003E+10
 418     -0.561358E+08    0.1904306E+10    0.1524830E+10
 419     -0.431494E+09    0.7629359E+09    0.9468196E+09
 420     -0.291705E+10   -0.3983973E+09    0.2357045E+09
 421     -0.133805E+10    0.4513811E+10   -0.1066085E+10
 422      0.123708E+09    0.4439930E+10   -0.1706214E+10
 423     -0.856619E+08    0.4319217E+10   -0.1980926E+10
 424      0.207951E+08    0.4214586E+10   -0.1568337E+10
 425     -0.104199E+08    0.4188644E+10   -0.1340237E+10
 426     -0.142875E+07    0.4186569E+10   -0.1103881E+10
 427     -0.295475E+07    0.4198790E+10   -0.8822708E+09
 428      0.253103E+05    0.4213956E+10   -0.6634688E+09
 429      0.288258E+07    0.4233603E+10   -0.4452094E+09
 430      0.568000E+07    0.4240075E+10   -0.2202304E+09
 431      0.802244E+07    0.4249161E+10    0.3696351E+07
 432      0.119393E+08    0.4234471E+10    0.2377507E+09
 433      0.154141E+08    0.4222307E+10    0.4732081E+09
 434      0.183357E+08    0.4182023E+10    0.7207814E+09
 435      0.216775E+08    0.4145701E+10    0.9695023E+09
 436      0.296616E+08    0.4083488E+10    0.1228926E+10
 437      0.253984E+08    0.4032055E+10    0.1502714E+10
 438      0.662862E+08    0.3956225E+10    0.1754090E+10
 439     -0.353583E+08    0.3964718E+10    0.2208617E+10
 440      0.186096E+09    0.3827991E+10    0.1861460E+10
 441     -0.136024E+10    0.3614556E+10    0.1238387E+10
