   1     -0.612308E+09    0.3800279E+07   -0.1505392E+06
   2     -0.501666E+09   -0.8261849E+07    0.6187643E+05
   3     -0.373649E+09   -0.2127984E+08    0.1176276E+05
   4     -0.234524E+09   -0.4789389E+08   -0.1293172E+06
   5     -0.841590E+08   -0.7430989E+08   -0.2036449E+05
   6      0.710566E+08   -0.1055171E+09    0.3078350E+05
   7      0.228042E+09   -0.1365479E+09    0.3672351E+04
   8      0.382470E+09   -0.1623589E+09   -0.3966973E+06
   9      0.454439E+09   -0.1876229E+09   -0.2966376E+06
  10      0.481531E+09   -0.2046335E+09    0.3573345E+06
  11      0.472776E+09   -0.2221661E+09    0.2962771E+06
  12      0.425261E+09   -0.2186908E+09   -0.6270090E+06
  13      0.338750E+09   -0.2140269E+09   -0.4897271E+06
  14      0.225788E+09   -0.1939402E+09    0.2719967E+06
  15      0.752376E+08   -0.1738312E+09   -0.1086704E+06
  16     -0.746736E+08   -0.1334062E+09   -0.1584034E+07
  17     -0.231733E+09   -0.9046616E+08   -0.2198700E+07
  18     -0.350051E+09   -0.5096880E+08   -0.2097194E+06
  19     -0.420230E+09   -0.1175973E+08    0.7091830E+06
  20     -0.412498E+09   -0.6516707E+06    0.2217695E+07
  21     -0.314256E+09    0.7973131E+07    0.4330787E+07
  22     -0.629994E+09    0.2822468E+07    0.2586409E+07
  23     -0.510342E+09   -0.9204864E+07    0.1198068E+08
  24     -0.380951E+09   -0.2189484E+08    0.2119614E+08
  25     -0.239309E+09   -0.4841246E+08    0.2570006E+08
  26     -0.863687E+08   -0.7496048E+08    0.3032144E+08
  27      0.711122E+08   -0.1057686E+09    0.3013871E+08
  28      0.229993E+09   -0.1361863E+09    0.2997505E+08
  29      0.385843E+09   -0.1636428E+09    0.2637110E+08
  30      0.460218E+09   -0.1911738E+09    0.2269145E+08
  31      0.488362E+09   -0.2069228E+09    0.1565126E+08
  32      0.481436E+09   -0.2225170E+09    0.8765396E+07
  33      0.436482E+09   -0.2221062E+09   -0.2098930E+07
  34      0.349071E+09   -0.2206401E+09   -0.1317442E+08
  35      0.233818E+09   -0.1976300E+09   -0.2165709E+08
  36      0.844418E+08   -0.1742656E+09   -0.3060718E+08
  37     -0.704926E+08   -0.1400147E+09   -0.3569618E+08
  38     -0.230143E+09   -0.1056054E+09   -0.4049050E+08
  39     -0.354960E+09   -0.6897365E+08   -0.3602388E+08
  40     -0.430111E+09   -0.3170298E+08   -0.3068810E+08
  41     -0.430190E+09   -0.1309486E+08   -0.1424677E+08
  42     -0.322317E+09    0.3980145E+07    0.1652919E+07
  43     -0.648897E+09    0.4217912E+07    0.4750985E+07
  44     -0.518478E+09   -0.7130828E+07    0.2379647E+08
  45     -0.388196E+09   -0.1979462E+08    0.4255929E+08
  46     -0.244082E+09   -0.4785184E+08    0.5156641E+08
  47     -0.886098E+08   -0.7533128E+08    0.6073464E+08
  48      0.711655E+08   -0.1066567E+09    0.6035957E+08
  49      0.231934E+09   -0.1375832E+09    0.6010930E+08
  50      0.389225E+09   -0.1644728E+09    0.5340260E+08
  51      0.466274E+09   -0.1915279E+09    0.4615275E+08
  52      0.494917E+09   -0.2076106E+09    0.3122008E+08
  53      0.490227E+09   -0.2226296E+09    0.1688610E+08
  54      0.448271E+09   -0.2196656E+09   -0.3612407E+07
  55      0.360083E+09   -0.2178806E+09   -0.2489522E+08
  56      0.242072E+09   -0.2000889E+09   -0.4338663E+08
  57      0.935385E+08   -0.1799229E+09   -0.6167834E+08
  58     -0.672003E+08   -0.1452670E+09   -0.6970951E+08
  59     -0.228026E+09   -0.1108406E+09   -0.7829703E+08
  60     -0.360035E+09   -0.7411257E+08   -0.7180206E+08
  61     -0.441131E+09   -0.3568765E+08   -0.6320397E+08
  62     -0.447698E+09   -0.1314736E+08   -0.3158679E+08
  63     -0.329385E+09    0.6575558E+07   -0.1055268E+07
  64     -0.692760E+09    0.3496911E+07    0.4851615E+07
  65     -0.548004E+09   -0.8233638E+07    0.3522788E+08
  66     -0.410159E+09   -0.2096497E+08    0.6542072E+08
  67     -0.257747E+09   -0.4913681E+08    0.7866714E+08
  68     -0.944891E+08   -0.7702299E+08    0.9181781E+08
  69      0.720571E+08   -0.1078299E+09    0.9047739E+08
  70      0.237914E+09   -0.1381533E+09    0.8934065E+08
  71      0.398592E+09   -0.1641439E+09    0.7906965E+08
  72      0.485362E+09   -0.1905878E+09    0.6833920E+08
  73      0.518213E+09   -0.2041203E+09    0.4436676E+08
  74      0.516180E+09   -0.2162301E+09    0.2079914E+08
  75      0.475848E+09   -0.2130163E+09   -0.6403484E+07
  76      0.390174E+09   -0.2099843E+09   -0.3424780E+08
  77      0.267872E+09   -0.1927435E+09   -0.6057780E+08
  78      0.115691E+09   -0.1760704E+09   -0.8673800E+08
  79     -0.530338E+08   -0.1440965E+09   -0.1017729E+09
  80     -0.224615E+09   -0.1100282E+09   -0.1163977E+09
  81     -0.369360E+09   -0.7337623E+08   -0.1068569E+09
  82     -0.468296E+09   -0.3632021E+08   -0.9769893E+08
  83     -0.494207E+09   -0.1476979E+08   -0.5181574E+08
  84     -0.393105E+09    0.4729620E+07   -0.5462029E+07
  85     -0.734908E+09    0.4355723E+07    0.5040582E+07
  86     -0.577978E+09   -0.7379903E+07    0.4665946E+08
  87     -0.432111E+09   -0.2065129E+08    0.8829076E+08
  88     -0.271352E+09   -0.5006539E+08    0.1058841E+09
  89     -0.100330E+09   -0.7875228E+08    0.1230389E+09
  90      0.729491E+08   -0.1092736E+09    0.1206902E+09
  91      0.243866E+09   -0.1394352E+09    0.1186538E+09
  92      0.407865E+09   -0.1625658E+09    0.1044798E+09
  93      0.504306E+09   -0.1847309E+09    0.8971430E+08
  94      0.542586E+09   -0.1965765E+09    0.5751528E+08
  95      0.542237E+09   -0.2096333E+09    0.2598676E+08
  96      0.503002E+09   -0.2077445E+09   -0.9208399E+07
  97      0.420054E+09   -0.2046876E+09   -0.4502842E+08
  98      0.293124E+09   -0.1853883E+09   -0.7845326E+08
  99      0.138113E+09   -0.1651224E+09   -0.1119256E+09
 100     -0.375202E+08   -0.1345611E+09   -0.1337614E+09
 101     -0.221898E+09   -0.1032434E+09   -0.1557113E+09
 102     -0.379198E+09   -0.6564823E+08   -0.1424867E+09
 103     -0.493989E+09   -0.2848873E+08   -0.1302051E+09
 104     -0.541185E+09   -0.1096991E+08   -0.7074444E+08
 105     -0.458464E+09    0.5234651E+07   -0.9649307E+07
 106     -0.798409E+09    0.3552298E+07    0.6253196E+07
 107     -0.632019E+09   -0.9653475E+07    0.5935526E+08
 108     -0.469009E+09   -0.2403102E+08    0.1124849E+09
 109     -0.292543E+09   -0.5274254E+08    0.1334105E+09
 110     -0.107873E+09   -0.8107739E+08    0.1536682E+09
 111      0.768148E+08   -0.1099407E+09    0.1488356E+09
 112      0.256189E+09   -0.1382674E+09    0.1444436E+09
 113      0.425980E+09   -0.1590281E+09    0.1247916E+09
 114      0.536278E+09   -0.1793779E+09    0.1042420E+09
 115      0.579623E+09   -0.1882543E+09    0.6683605E+08
 116      0.582264E+09   -0.1969330E+09    0.3037572E+08
 117      0.545939E+09   -0.1938419E+09   -0.1209589E+08
 118      0.461790E+09   -0.1911636E+09   -0.5428964E+08
 119      0.334768E+09   -0.1755922E+09   -0.9527530E+08
 120      0.173614E+09   -0.1589933E+09   -0.1370501E+09
 121     -0.114553E+08   -0.1288579E+09   -0.1626476E+09
 122     -0.210823E+09   -0.9849148E+08   -0.1893537E+09
 123     -0.396038E+09   -0.6629820E+08   -0.1750077E+09
 124     -0.533686E+09   -0.3268537E+08   -0.1607055E+09
 125     -0.614929E+09   -0.1303863E+08   -0.8752868E+08
 126     -0.580166E+09    0.4430613E+07   -0.1263216E+08
 127     -0.861392E+09    0.4347149E+07    0.7682688E+07
 128     -0.686109E+09   -0.9408937E+07    0.7223442E+08
 129     -0.505947E+09   -0.2488506E+08    0.1368342E+09
 130     -0.313835E+09   -0.5433473E+08    0.1611054E+09
 131     -0.115413E+09   -0.8285562E+08    0.1844780E+09
 132      0.807407E+08   -0.1097776E+09    0.1771615E+09
 133      0.268678E+09   -0.1360731E+09    0.1703889E+09
 134      0.444396E+09   -0.1533032E+09    0.1454040E+09
 135      0.569061E+09   -0.1699578E+09    0.1193918E+09
 136      0.616227E+09   -0.1766159E+09    0.7601426E+08
 137      0.622603E+09   -0.1836204E+09    0.3387588E+08
 138      0.589094E+09   -0.1811395E+09   -0.1480963E+08
 139      0.504026E+09   -0.1777770E+09   -0.6400650E+08
 140      0.376869E+09   -0.1595034E+09   -0.1125959E+09
 141      0.209361E+09   -0.1418308E+09   -0.1618940E+09
 142      0.141142E+08   -0.1164002E+09   -0.1921256E+09
 143     -0.200327E+09   -0.9075649E+08   -0.2223030E+09
 144     -0.412618E+09   -0.5845920E+08   -0.2076553E+09
 145     -0.574222E+09   -0.2251704E+08   -0.1931600E+09
 146     -0.688909E+09   -0.5914850E+07   -0.1038167E+09
 147     -0.700792E+09    0.6953854E+07   -0.1305610E+08
 148     -0.956136E+09    0.3373240E+07    0.1120690E+08
 149     -0.763134E+09   -0.1186196E+08    0.8684254E+08
 150     -0.556070E+09   -0.2857430E+08    0.1621794E+09
 151     -0.339781E+09   -0.5618311E+08    0.1872085E+09
 152     -0.121351E+09   -0.8300727E+08    0.2113632E+09
 153      0.907565E+08   -0.1060303E+09    0.1996408E+09
 154      0.289979E+09   -0.1283132E+09    0.1884705E+09
 155      0.473261E+09   -0.1405923E+09    0.1579511E+09
 156      0.610456E+09   -0.1525201E+09    0.1273585E+09
 157      0.662687E+09   -0.1565243E+09    0.8039554E+08
 158      0.673464E+09   -0.1604616E+09    0.3408470E+08
 159      0.641699E+09   -0.1561029E+09   -0.1832941E+08
 160      0.560631E+09   -0.1526462E+09   -0.7113287E+08
 161      0.430633E+09   -0.1422182E+09   -0.1248232E+09
 162      0.258964E+09   -0.1304363E+09   -0.1795824E+09
 163      0.470107E+08   -0.1082130E+09   -0.2135485E+09
 164     -0.186065E+09   -0.8605546E+08   -0.2477440E+09
 165     -0.425143E+09   -0.5881939E+08   -0.2352601E+09
 166     -0.631189E+09   -0.3014651E+08   -0.2222077E+09
 167     -0.792320E+09   -0.1230207E+08   -0.1189772E+09
 168     -0.860475E+09    0.3624464E+07   -0.1444584E+08
 169     -0.105119E+10    0.4075972E+07    0.1503527E+08
 170     -0.840134E+09   -0.1173854E+08    0.1017755E+09
 171     -0.606296E+09   -0.2958640E+08    0.1878280E+09
 172     -0.365949E+09   -0.5599850E+08    0.2136429E+09
 173     -0.127408E+09   -0.8095967E+08    0.2386692E+09
 174      0.100777E+09   -0.9835632E+08    0.2225167E+09
 175      0.311458E+09   -0.1148048E+09    0.2070040E+09
 176      0.502392E+09   -0.1209323E+09    0.1710796E+09
 177      0.651688E+09   -0.1264876E+09    0.1355046E+09
 178      0.709989E+09   -0.1249260E+09    0.8465953E+08
 179      0.724780E+09   -0.1248460E+09    0.3454250E+08
 180      0.695139E+09   -0.1219758E+09   -0.2253317E+08
 181      0.615885E+09   -0.1172102E+09   -0.7928868E+08
 182      0.485362E+09   -0.1073847E+09   -0.1370544E+09
 183      0.308070E+09   -0.1000348E+09   -0.1965927E+09
 184      0.793449E+08   -0.8787280E+08   -0.2348803E+09
 185     -0.171813E+09   -0.7355908E+08   -0.2737668E+09
 186     -0.437278E+09   -0.5055277E+08   -0.2624057E+09
 187     -0.689772E+09   -0.2568910E+08   -0.2503280E+09
 188     -0.894912E+09   -0.9307244E+07   -0.1350805E+09
 189     -0.102315E+10    0.4524805E+07   -0.1832008E+08
 190     -0.118785E+10    0.2655070E+07    0.2096380E+08
 191     -0.937451E+09   -0.1341591E+08    0.1170813E+09
 192     -0.664624E+09   -0.3142984E+08    0.2118161E+09
 193     -0.390389E+09   -0.5314838E+08    0.2334846E+09
 194     -0.125904E+09   -0.7328210E+08    0.2545820E+09
 195      0.121058E+09   -0.8184945E+08    0.2312103E+09
 196      0.343337E+09   -0.8944215E+08    0.2088353E+09
 197      0.540587E+09   -0.8546070E+08    0.1685628E+09
 198      0.697313E+09   -0.8100115E+08    0.1291270E+09
 199      0.759296E+09   -0.7520581E+08    0.8021846E+08
 200      0.776626E+09   -0.7009036E+08    0.3250183E+08
 201      0.752455E+09   -0.6981959E+08   -0.2271461E+08
 202      0.675317E+09   -0.7047817E+08   -0.7906215E+08
 203      0.544741E+09   -0.7119501E+08   -0.1373503E+09
 204      0.363683E+09   -0.7233739E+08   -0.1963064E+09
 205      0.125014E+09   -0.6544292E+08   -0.2418971E+09
 206     -0.149529E+09   -0.5634432E+08   -0.2885521E+09
 207     -0.446404E+09   -0.3842861E+08   -0.2791614E+09
 208     -0.751232E+09   -0.1970885E+08   -0.2708243E+09
 209     -0.101984E+10   -0.7068946E+07   -0.1469174E+09
 210     -0.122888E+10    0.3700147E+07   -0.1923381E+08
 211     -0.132494E+10    0.3259319E+07    0.2704745E+08
 212     -0.103502E+10   -0.1272913E+08    0.1328176E+09
 213     -0.723598E+09   -0.3123280E+08    0.2365442E+09
 214     -0.415302E+09   -0.4718334E+08    0.2541136E+09
 215     -0.124720E+09   -0.6039864E+08    0.2713657E+09
 216      0.141497E+09   -0.5580352E+08    0.2406818E+09
 217      0.375613E+09   -0.5029401E+08    0.2112101E+09
 218      0.579586E+09   -0.3281218E+08    0.1659795E+09
 219      0.743193E+09   -0.1458380E+08    0.1226524E+09
 220      0.809070E+09   -0.2719669E+07    0.7637485E+08
 221      0.828982E+09    0.6929279E+07    0.3056874E+08
 222      0.810107E+09    0.5054536E+07   -0.2268813E+08
 223      0.736918E+09    0.2172860E+07   -0.7674607E+08
 224      0.604132E+09   -0.1004089E+08   -0.1374922E+09
 225      0.419478E+09   -0.2091937E+08   -0.1986877E+09
 226      0.171450E+09   -0.2839621E+08   -0.2496694E+09
 227     -0.127112E+09   -0.3735138E+08   -0.3030246E+09
 228     -0.457539E+09   -0.3065815E+08   -0.2968760E+09
 229     -0.810428E+09   -0.1977773E+08   -0.2923309E+09
 230     -0.114719E+10   -0.7147187E+07   -0.1588973E+09
 231     -0.143002E+10    0.2787906E+07   -0.2012225E+08
 232     -0.150391E+10    0.4332435E+06    0.3581920E+08
 233     -0.114730E+10   -0.1338811E+08    0.1457347E+09
 234     -0.778718E+09   -0.2982728E+08    0.2522186E+09
 235     -0.425627E+09   -0.3362393E+08    0.2560419E+09
 236     -0.105975E+09   -0.3422163E+08    0.2602545E+09
 237      0.176660E+09   -0.1115122E+08    0.2195918E+09
 238      0.417663E+09    0.1311088E+08    0.1811115E+09
 239      0.621702E+09    0.4481525E+08    0.1368131E+09
 240      0.781843E+09    0.7616810E+08    0.9498620E+08
 241      0.844471E+09    0.9522190E+08    0.6017059E+08
 242      0.870029E+09    0.1130880E+09    0.2547151E+08
 243      0.853042E+09    0.1069283E+09   -0.1583995E+08
 244      0.787267E+09    0.9914271E+08   -0.5677246E+08
 245      0.662653E+09    0.7324324E+08   -0.1123395E+09
 246      0.479441E+09    0.4646072E+08   -0.1697955E+09
 247      0.228730E+09    0.2121960E+08   -0.2259566E+09
 248     -0.865006E+08   -0.2660661E+07   -0.2852869E+09
 249     -0.453423E+09   -0.8474220E+07   -0.2922595E+09
 250     -0.865596E+09   -0.1173155E+08   -0.2995662E+09
 251     -0.128482E+10   -0.4920671E+07   -0.1650757E+09
 252     -0.166767E+10   -0.7032076E+05   -0.2522694E+08
 253     -0.168288E+10    0.7728795E+06    0.4549498E+08
 254     -0.126082E+10   -0.1268970E+08    0.1595924E+09
 255     -0.835969E+09   -0.2803546E+08    0.2693062E+09
 256     -0.436719E+09   -0.1424650E+08    0.2595228E+09
 257     -0.879156E+08    0.4076760E+07    0.2507251E+09
 258      0.212675E+09    0.5511689E+08    0.1997398E+09
 259      0.460377E+09    0.1062728E+09    0.1517406E+09
 260      0.664713E+09    0.1609822E+09    0.1083529E+09
 261      0.821999E+09    0.2145900E+09    0.6813411E+08
 262      0.880280E+09    0.2412018E+09    0.4427216E+08
 263      0.912166E+09    0.2657100E+09    0.2040014E+08
 264      0.896430E+09    0.2550620E+09   -0.8975671E+07
 265      0.838162E+09    0.2443186E+09   -0.3817708E+08
 266      0.721790E+09    0.1999693E+09   -0.8692111E+08
 267      0.541912E+09    0.1517965E+09   -0.1388834E+09
 268      0.286482E+09    0.9746951E+08   -0.2032450E+09
 269     -0.467511E+08    0.4430792E+08   -0.2700881E+09
 270     -0.449190E+09    0.1661901E+08   -0.2887168E+09
 271     -0.926264E+09   -0.6864762E+07   -0.3077736E+09
 272     -0.142190E+10   -0.2125096E+07   -0.1717918E+09
 273     -0.190896E+10    0.9504332E+06   -0.2969771E+08
 274     -0.189995E+10   -0.6441901E+07    0.6095041E+08
 275     -0.137002E+10   -0.1031531E+08    0.1637801E+09
 276     -0.861209E+09   -0.1775533E+08    0.2586134E+09
 277     -0.409910E+09    0.2436070E+08    0.2169943E+09
 278     -0.384069E+08    0.7283006E+08    0.1793706E+09
 279      0.262979E+09    0.1591366E+09    0.1198524E+09
 280      0.502489E+09    0.2455802E+09    0.6541999E+08
 281      0.692164E+09    0.3235255E+09    0.3598177E+08
 282      0.831655E+09    0.3996402E+09    0.1089745E+08
 283      0.881037E+09    0.4345976E+09    0.1281299E+08
 284      0.914394E+09    0.4681794E+09    0.1441200E+08
 285      0.902305E+09    0.4480844E+09    0.1174368E+08
 286      0.857857E+09    0.4258154E+09    0.8612118E+07
 287      0.754691E+09    0.3595571E+09   -0.2136613E+08
 288      0.597726E+09    0.2920821E+09   -0.5368779E+08
 289      0.353922E+09    0.2050782E+09   -0.1194864E+09
 290      0.203578E+08    0.1174032E+09   -0.1902972E+09
 291     -0.408594E+09    0.5873209E+08   -0.2349358E+09
 292     -0.945848E+09    0.6200125E+07   -0.2845818E+09
 293     -0.154859E+10    0.1762613E+07   -0.1665007E+09
 294     -0.217297E+10   -0.5551749E+07   -0.3660952E+08
 295     -0.211946E+10   -0.1114803E+07    0.7965313E+08
 296     -0.148218E+10   -0.8316755E+07    0.1701212E+09
 297     -0.894665E+09   -0.1020109E+08    0.2520528E+09
 298     -0.381854E+09    0.7934811E+08    0.1779757E+09
 299      0.102294E+08    0.1732099E+09    0.1094660E+09
 300      0.316541E+09    0.3131116E+09    0.4082354E+08
 301      0.546409E+09    0.4475248E+09   -0.2168579E+08
 302      0.720835E+09    0.5561612E+09   -0.3674841E+08
 303      0.841230E+09    0.6618009E+09   -0.4686118E+08
 304      0.881928E+09    0.7055014E+09   -0.1825556E+08
 305      0.915760E+09    0.7470683E+09    0.9622054E+07
 306      0.908323E+09    0.7190988E+09    0.3432110E+08
 307      0.878162E+09    0.6908072E+09    0.5827913E+08
 308      0.789586E+09    0.5962631E+09    0.4623510E+08
 309      0.653525E+09    0.4971778E+09    0.3309898E+08
 310      0.425600E+09    0.3627604E+09   -0.3561294E+08
 311      0.877307E+08    0.2238356E+09   -0.1114076E+09
 312     -0.367326E+09    0.1212439E+09   -0.1849389E+09
 313     -0.970084E+09    0.2212597E+08   -0.2651655E+09
 314     -0.167992E+10    0.6691906E+07   -0.1629091E+09
 315     -0.243877E+10   -0.3177229E+07   -0.4673507E+08
 316     -0.236490E+10   -0.2930751E+08    0.1079383E+09
 317     -0.153755E+10    0.3540761E+07    0.1470984E+09
 318     -0.825709E+09    0.3117032E+08    0.1653895E+09
 319     -0.284064E+09    0.1840558E+09    0.3155643E+08
 320      0.973234E+08    0.3485622E+09   -0.8232311E+08
 321      0.361354E+09    0.5431655E+09   -0.1389711E+09
 322      0.555944E+09    0.7333425E+09   -0.1859714E+09
 323      0.698811E+09    0.8663200E+09   -0.1624750E+09
 324      0.786276E+09    0.9961800E+09   -0.1352578E+09
 325      0.816274E+09    0.1045142E+10   -0.6441255E+08
 326      0.847214E+09    0.1094286E+10    0.4634476E+07
 327      0.845775E+09    0.1059393E+10    0.7137848E+08
 328      0.831989E+09    0.1023877E+10    0.1382534E+09
 329      0.767294E+09    0.9044444E+09    0.1664641E+09
 330      0.665702E+09    0.7832690E+09    0.1943466E+09
 331      0.479008E+09    0.5965418E+09    0.1473956E+09
 332      0.186679E+09    0.4030154E+09    0.9127743E+08
 333     -0.255759E+09    0.2284367E+09   -0.2524360E+08
 334     -0.890975E+09    0.6576716E+08   -0.1597257E+09
 335     -0.173911E+10    0.2168281E+08   -0.1240612E+09
 336     -0.270972E+10   -0.2594676E+08   -0.6333514E+08
 337     -0.264306E+10    0.2618124E+08    0.1614380E+09
 338     -0.159558E+10    0.2113442E+08    0.1318656E+09
 339     -0.789244E+09    0.6686542E+08    0.9037532E+08
 340     -0.164709E+09    0.3569822E+09   -0.1078487E+09
 341      0.189323E+09    0.6186719E+09   -0.2867517E+09
 342      0.410120E+09    0.8891959E+09   -0.3250262E+09
 343      0.565443E+09    0.1138446E+10   -0.3547768E+09
 344      0.676129E+09    0.1290795E+10   -0.2900111E+09
 345      0.729393E+09    0.1440592E+10   -0.2234818E+09
 346      0.748460E+09    0.1492152E+10   -0.1095034E+09
 347      0.776975E+09    0.1544679E+10    0.2052363E+07
 348      0.781492E+09    0.1503314E+10    0.1117153E+09
 349      0.784624E+09    0.1464303E+10    0.2217456E+09
 350      0.744911E+09    0.1326650E+10    0.2911581E+09
 351      0.679856E+09    0.1185373E+10    0.3626422E+09
 352      0.536775E+09    0.9403383E+09    0.3383414E+09
 353      0.293651E+09    0.6786849E+09    0.3050963E+09
 354     -0.122995E+09    0.4111326E+09    0.1291597E+09
 355     -0.839013E+09    0.1150972E+09   -0.6454750E+08
 356     -0.180320E+10    0.4221982E+08   -0.9306846E+08
 357     -0.301452E+10    0.1618506E+08   -0.9920018E+08
 358     -0.285843E+10   -0.1253990E+09    0.1887297E+09
 359     -0.145074E+10    0.7529395E+08    0.2362728E+07
 360     -0.485737E+09    0.2687444E+09   -0.2387437E+09
 361     -0.762059E+07    0.6744469E+09   -0.4836972E+09
 362      0.241879E+09    0.1088627E+10   -0.6432095E+09
 363      0.376212E+09    0.1381146E+10   -0.6023679E+09
 364      0.479036E+09    0.1667039E+10   -0.5659141E+09
 365      0.555770E+09    0.1820114E+10   -0.4406361E+09
 366      0.582875E+09    0.1972909E+10   -0.3160048E+09
 367      0.593846E+09    0.2020962E+10   -0.1577605E+09
 368      0.620360E+09    0.2073530E+10   -0.1835941E+07
 369      0.628015E+09    0.2035090E+10    0.1539301E+09
 370      0.642789E+09    0.1999911E+10    0.3102335E+09
 371      0.619791E+09    0.1855617E+10    0.4403239E+09
 372      0.589937E+09    0.1712561E+10    0.5740449E+09
 373      0.499173E+09    0.1431952E+10    0.6224348E+09
 374      0.350203E+09    0.1141237E+10    0.6750546E+09
 375      0.422518E+08    0.7227725E+09    0.5229979E+09
 376     -0.528297E+09    0.3095713E+09    0.2964487E+09
 377     -0.163116E+10    0.1000515E+09    0.6190573E+08
 378     -0.321062E+10   -0.1090209E+09   -0.1107507E+09
 379     -0.370542E+10    0.2656778E+09    0.6435945E+09
 380     -0.114168E+10    0.2910431E+09   -0.5043363E+08
 381     -0.127108E+09    0.5672978E+09   -0.7515566E+09
 382      0.144168E+09    0.1327130E+10   -0.9202775E+09
 383      0.293124E+09    0.1828263E+10   -0.1016229E+10
 384      0.329036E+09    0.2086775E+10   -0.8929845E+09
 385      0.383982E+09    0.2352929E+10   -0.7789829E+09
 386      0.426893E+09    0.2478437E+10   -0.5905083E+09
 387      0.430711E+09    0.2611009E+10   -0.4033729E+09
 388      0.435985E+09    0.2654634E+10   -0.2012181E+09
 389      0.461602E+09    0.2704142E+10   -0.1697650E+07
 390      0.472668E+09    0.2677410E+10    0.2001232E+09
 391      0.498615E+09    0.2654606E+10    0.4033240E+09
 392      0.489718E+09    0.2530105E+10    0.5954143E+09
 393      0.497212E+09    0.2412331E+10    0.7902910E+09
 394      0.452703E+09    0.2136105E+10    0.9222888E+09
 395      0.409240E+09    0.1865414E+10    0.1065660E+10
 396      0.208289E+09    0.1342002E+10    0.9773428E+09
 397     -0.149852E+09    0.5965718E+09    0.8089732E+09
 398     -0.131753E+10    0.2993557E+09    0.1449503E+09
 399     -0.400995E+10    0.2141818E+09   -0.4611523E+09
 400     -0.284031E+10   -0.4600051E+09   -0.1519396E+09
 401     -0.421935E+09    0.8401460E+09   -0.9199204E+09
 402     -0.105144E+09    0.2070325E+10   -0.1478216E+10
 403      0.900524E+08    0.2432065E+10   -0.1313787E+10
 404      0.139960E+09    0.2822709E+10   -0.1237459E+10
 405      0.158488E+09    0.2966454E+10   -0.1059556E+10
 406      0.184163E+09    0.3132580E+10   -0.8914027E+09
 407      0.208365E+09    0.3215259E+10   -0.6769953E+09
 408      0.210172E+09    0.3302576E+10   -0.4633196E+09
 409      0.216069E+09    0.3346595E+10   -0.2435873E+09
 410      0.232587E+09    0.3397423E+10   -0.2429000E+08
 411      0.240360E+09    0.3395980E+10    0.2092372E+09
 412      0.256929E+09    0.3397308E+10    0.4444219E+09
 413      0.253389E+09    0.3319326E+10    0.6835239E+09
 414      0.262315E+09    0.3247457E+10    0.9244939E+09
 415      0.242279E+09    0.3047190E+10    0.1140869E+10
 416      0.224265E+09    0.2860868E+10    0.1368710E+10
 417      0.148989E+09    0.2400356E+10    0.1464405E+10
 418     -0.783012E+08    0.1932045E+10    0.1650982E+10
 419     -0.500768E+09    0.7718605E+09    0.1014309E+10
 420     -0.299902E+10   -0.4046373E+09    0.2442743E+09
 421     -0.132142E+10    0.4565321E+10   -0.1056938E+10
 422      0.120722E+09    0.4438562E+10   -0.1732985E+10
 423     -0.879470E+08    0.4266014E+10   -0.2036310E+10
 424      0.182248E+08    0.4114552E+10   -0.1637415E+10
 425     -0.135937E+08    0.4038813E+10   -0.1423719E+10
 426     -0.571071E+07    0.3987165E+10   -0.1200699E+10
 427     -0.795524E+07    0.3942905E+10   -0.9919889E+09
 428     -0.222483E+07    0.3968266E+10   -0.7560250E+09
 429     -0.298435E+07    0.4014082E+10   -0.5209485E+09
 430      0.207523E+07    0.4086016E+10   -0.2847342E+09
 431      0.853838E+07    0.4153198E+10   -0.4663046E+08
 432      0.127524E+08    0.4193317E+10    0.2178221E+09
 433      0.195295E+08    0.4236200E+10    0.4839717E+09
 434      0.224692E+08    0.4230833E+10    0.7677118E+09
 435      0.298964E+08    0.4228518E+10    0.1053299E+10
 436      0.355293E+08    0.4168124E+10    0.1344655E+10
 437      0.343827E+08    0.4119811E+10    0.1650751E+10
 438      0.713925E+08    0.4014579E+10    0.1907469E+10
 439     -0.294976E+08    0.3981675E+10    0.2368917E+10
 440      0.176659E+09    0.3820682E+10    0.1944039E+10
 441     -0.135429E+10    0.3594139E+10    0.1240747E+10
