   1      0.865336E+09    0.7104099E+07    0.4461989E+07
   2      0.707955E+09   -0.3161383E+08    0.4849034E+07
   3      0.558185E+09   -0.7322988E+08    0.5333789E+07
   4      0.385411E+09   -0.1397265E+09    0.4252966E+07
   5      0.196551E+09   -0.2059186E+09    0.3964424E+07
   6     -0.141344E+08   -0.2727054E+09    0.3775324E+07
   7     -0.250169E+09   -0.3433223E+09    0.3661937E+07
   8     -0.493951E+09   -0.3634697E+09   -0.2542209E+07
   9     -0.784229E+09   -0.3650029E+09   -0.1489179E+08
  10     -0.719788E+09   -0.2980277E+09   -0.1070213E+08
  11     -0.601387E+09   -0.2491541E+09   -0.5904526E+06
  12     -0.474665E+09   -0.2312440E+09    0.3504389E+05
  13     -0.350151E+09   -0.2077444E+09   -0.2185402E+05
  14     -0.228250E+09   -0.1769755E+09   -0.1901531E+04
  15     -0.109396E+09   -0.1458175E+09    0.2236562E+05
  16      0.995926E+07   -0.1113443E+09    0.3852673E+05
  17      0.133003E+09   -0.7648958E+08    0.1509561E+05
  18      0.263282E+09   -0.4703645E+08    0.6944179E+05
  19      0.408512E+09   -0.1692447E+08   -0.2319195E+06
  20      0.571629E+09   -0.5161209E+07    0.2808425E+06
  21      0.757756E+09    0.4967238E+07    0.1196255E+07
  22      0.822822E+09    0.7103669E+07    0.5758779E+07
  23      0.688282E+09   -0.1412903E+08    0.2720672E+08
  24      0.542743E+09   -0.3772662E+08    0.4836235E+08
  25      0.379319E+09   -0.8977930E+08    0.5456548E+08
  26      0.195656E+09   -0.1416453E+09    0.6128512E+08
  27     -0.779051E+07   -0.1937768E+09    0.5495666E+08
  28     -0.233200E+09   -0.2469524E+09    0.4975360E+08
  29     -0.465137E+09   -0.2732509E+09    0.2024634E+08
  30     -0.726076E+09   -0.2940632E+09   -0.2214658E+08
  31     -0.732388E+09   -0.2747239E+09   -0.2921995E+08
  32     -0.600784E+09   -0.2572618E+09   -0.2253424E+08
  33     -0.471147E+09   -0.2326164E+09   -0.2367437E+08
  34     -0.346555E+09   -0.2087538E+09   -0.2729590E+08
  35     -0.225161E+09   -0.1781607E+09   -0.3057989E+08
  36     -0.107622E+09   -0.1470780E+09   -0.3380172E+08
  37      0.982465E+07   -0.1127764E+09   -0.3383206E+08
  38      0.130473E+09   -0.7818838E+08   -0.3381219E+08
  39      0.257882E+09   -0.4878882E+08   -0.2857143E+08
  40      0.400012E+09   -0.1945327E+08   -0.2286449E+08
  41      0.558540E+09   -0.7644401E+07   -0.1074712E+08
  42      0.752463E+09    0.3366944E+07    0.9812040E+06
  43      0.778253E+09    0.5135346E+07    0.5792348E+07
  44      0.667056E+09   -0.8381632E+07    0.4804623E+08
  45      0.527249E+09   -0.2282851E+08    0.8967965E+08
  46      0.373228E+09   -0.6349059E+08    0.1038756E+09
  47      0.196213E+09   -0.1063403E+09    0.1187940E+09
  48     -0.389495E+06   -0.1551500E+09    0.1054776E+09
  49     -0.214115E+09   -0.2011910E+09    0.9345104E+08
  50     -0.433466E+09   -0.2278377E+09    0.4257029E+08
  51     -0.661206E+09   -0.2567977E+09   -0.2551086E+08
  52     -0.752018E+09   -0.2627014E+09   -0.4415279E+08
  53     -0.599206E+09   -0.2632402E+09   -0.4391010E+08
  54     -0.467730E+09   -0.2371532E+09   -0.4754605E+08
  55     -0.343084E+09   -0.2140255E+09   -0.5479343E+08
  56     -0.222250E+09   -0.1830975E+09   -0.6120057E+08
  57     -0.105994E+09   -0.1518192E+09   -0.6762574E+08
  58      0.958468E+07   -0.1167075E+09   -0.6765476E+08
  59      0.127852E+09   -0.8121318E+08   -0.6757576E+08
  60      0.252518E+09   -0.5116250E+08   -0.5706134E+08
  61      0.391219E+09   -0.2087178E+08   -0.4547135E+08
  62      0.545244E+09   -0.7589764E+07   -0.2165912E+08
  63      0.749127E+09    0.4429913E+07    0.1210497E+07
  64      0.709010E+09    0.4134268E+07    0.4266923E+07
  65      0.610487E+09   -0.8079923E+07    0.5866312E+08
  66      0.489263E+09   -0.2110779E+08    0.1128577E+09
  67      0.349698E+09   -0.5421216E+08    0.1360459E+09
  68      0.189806E+09   -0.8752202E+08    0.1603637E+09
  69      0.146410E+08   -0.1311557E+09    0.1475519E+09
  70     -0.178757E+09   -0.1749265E+09    0.1341348E+09
  71     -0.375685E+09   -0.2149935E+09    0.7956883E+08
  72     -0.577330E+09   -0.2591129E+09    0.1491720E+08
  73     -0.720397E+09   -0.2701799E+09   -0.3379218E+08
  74     -0.593049E+09   -0.2711528E+09   -0.6656891E+08
  75     -0.457484E+09   -0.2426706E+09   -0.7020708E+08
  76     -0.331678E+09   -0.2198583E+09   -0.8110362E+08
  77     -0.212364E+09   -0.1895198E+09   -0.9180823E+08
  78     -0.100224E+09   -0.1583443E+09   -0.1022625E+09
  79      0.945526E+07   -0.1227429E+09   -0.1027262E+09
  80      0.120112E+09   -0.8681391E+08   -0.1029785E+09
  81      0.236136E+09   -0.5600300E+08   -0.8698253E+08
  82      0.365180E+09   -0.2531734E+08   -0.7019354E+08
  83      0.509283E+09   -0.1055469E+08   -0.3549377E+08
  84      0.718137E+09    0.3366835E+07   -0.1395118E+07
  85      0.641856E+09    0.3495859E+07    0.3947814E+07
  86      0.555381E+09   -0.6601249E+07    0.7023725E+08
  87      0.451980E+09   -0.1694034E+08    0.1368132E+09
  88      0.326004E+09   -0.5023366E+08    0.1690128E+09
  89      0.182073E+09   -0.8433292E+08    0.2009849E+09
  90      0.281694E+08   -0.1246851E+09    0.1898902E+09
  91     -0.145050E+09   -0.1654092E+09    0.1780119E+09
  92     -0.319986E+09   -0.2030149E+09    0.1178175E+09
  93     -0.502722E+09   -0.2433104E+09    0.5283227E+08
  94     -0.676958E+09   -0.2602782E+09   -0.2667740E+08
  95     -0.591874E+09   -0.2699651E+09   -0.9035997E+08
  96     -0.448318E+09   -0.2479847E+09   -0.9268406E+08
  97     -0.320740E+09   -0.2292010E+09   -0.1071295E+09
  98     -0.202661E+09   -0.1984601E+09   -0.1224451E+09
  99     -0.946237E+08   -0.1673574E+09   -0.1369961E+09
 100      0.915099E+07   -0.1302005E+09   -0.1378760E+09
 101      0.112236E+09   -0.9268767E+08   -0.1384447E+09
 102      0.219545E+09   -0.5951809E+08   -0.1169848E+09
 103      0.339541E+09   -0.2608251E+08   -0.9490902E+08
 104      0.473868E+09   -0.1001317E+08   -0.4935601E+08
 105      0.685717E+09    0.4681769E+07   -0.4192342E+07
 106      0.552865E+09    0.4104835E+07    0.3465446E+07
 107      0.476517E+09   -0.7746194E+07    0.8143830E+08
 108      0.390180E+09   -0.2054320E+08    0.1610564E+09
 109      0.285958E+09   -0.5455837E+08    0.2018209E+09
 110      0.172021E+09   -0.8926331E+08    0.2401806E+09
 111      0.389981E+08   -0.1284782E+09    0.2275022E+09
 112     -0.105238E+09   -0.1661979E+09    0.2150946E+09
 113     -0.256777E+09   -0.1995828E+09    0.1522160E+09
 114     -0.419644E+09   -0.2345278E+09    0.8368754E+08
 115     -0.574540E+09   -0.2506492E+09   -0.1097954E+08
 116     -0.574705E+09   -0.2652475E+09   -0.9106376E+08
 117     -0.425056E+09   -0.2519445E+09   -0.1066899E+09
 118     -0.297760E+09   -0.2376148E+09   -0.1318415E+09
 119     -0.183277E+09   -0.2066609E+09   -0.1523621E+09
 120     -0.826963E+08   -0.1760923E+09   -0.1727788E+09
 121      0.106511E+08   -0.1380866E+09   -0.1752756E+09
 122      0.100321E+09   -0.9973621E+08   -0.1774628E+09
 123      0.192402E+09   -0.6466687E+08   -0.1511128E+09
 124      0.296119E+09   -0.2941526E+08   -0.1242243E+09
 125      0.415464E+09   -0.1200470E+08   -0.6558017E+08
 126      0.609582E+09    0.4134823E+07   -0.7127586E+07
 127      0.465084E+09    0.4636795E+07    0.3025454E+07
 128      0.398309E+09   -0.9487974E+07    0.9336528E+08
 129      0.326378E+09   -0.2511821E+08    0.1863891E+09
 130      0.246335E+09   -0.5889049E+08    0.2346371E+09
 131      0.161374E+09   -0.9246413E+08    0.2805205E+09
 132      0.514699E+08   -0.1326588E+09    0.2659617E+09
 133     -0.666244E+08   -0.1724525E+09    0.2514222E+09
 134     -0.194542E+09   -0.2037116E+09    0.1854492E+09
 135     -0.331799E+09   -0.2344174E+09    0.1128246E+09
 136     -0.475963E+09   -0.2567499E+09    0.5474852E+07
 137     -0.557252E+09   -0.2790073E+09   -0.9079914E+08
 138     -0.400014E+09   -0.2626264E+09   -0.1214731E+09
 139     -0.274367E+09   -0.2456443E+09   -0.1569156E+09
 140     -0.163783E+09   -0.2155567E+09   -0.1823943E+09
 141     -0.707555E+08   -0.1853013E+09   -0.2087519E+09
 142      0.120635E+08   -0.1460062E+09   -0.2129282E+09
 143      0.882849E+08   -0.1061780E+09   -0.2167568E+09
 144      0.165143E+09   -0.6840627E+08   -0.1854436E+09
 145      0.252726E+09   -0.2969452E+08   -0.1538470E+09
 146      0.357091E+09   -0.1073397E+08   -0.8173378E+08
 147      0.533394E+09    0.6050922E+07   -0.9437245E+07
 148      0.347557E+09    0.4531857E+07    0.4876191E+07
 149      0.292684E+09   -0.1184254E+08    0.1094673E+09
 150      0.245009E+09   -0.2960405E+08    0.2152268E+09
 151      0.196077E+09   -0.6305086E+08    0.2667483E+09
 152      0.140346E+09   -0.9588684E+08    0.3176883E+09
 153      0.682440E+08   -0.1335924E+09    0.3033537E+09
 154     -0.226762E+08   -0.1713637E+09    0.2874686E+09
 155     -0.122263E+09   -0.2017770E+09    0.2147910E+09
 156     -0.236044E+09   -0.2323931E+09    0.1407253E+09
 157     -0.361741E+09   -0.2562644E+09    0.2913476E+08
 158     -0.465101E+09   -0.2790672E+09   -0.8562250E+08
 159     -0.360099E+09   -0.2639901E+09   -0.1363572E+09
 160     -0.235548E+09   -0.2484371E+09   -0.1800948E+09
 161     -0.131679E+09   -0.2195320E+09   -0.2107934E+09
 162     -0.495209E+08   -0.1905658E+09   -0.2440856E+09
 163      0.182642E+08   -0.1515490E+09   -0.2515135E+09
 164      0.750237E+08   -0.1120064E+09   -0.2587513E+09
 165      0.128877E+09   -0.7293515E+08   -0.2236649E+09
 166      0.191047E+09   -0.3326839E+08   -0.1882041E+09
 167      0.269047E+09   -0.1330334E+08   -0.1001303E+09
 168      0.412324E+09    0.4886275E+07   -0.1165037E+08
 169      0.230753E+09    0.5455923E+07    0.6592341E+07
 170      0.186467E+09   -0.1148204E+08    0.1255442E+09
 171      0.166666E+09   -0.3086465E+08    0.2447261E+09
 172      0.145195E+09   -0.6917402E+08    0.2998389E+09
 173      0.120217E+09   -0.1051346E+09    0.3544060E+09
 174      0.826780E+08   -0.1388571E+09    0.3407257E+09
 175      0.233183E+08   -0.1737884E+09    0.3251035E+09
 176     -0.487780E+08   -0.2023959E+09    0.2454720E+09
 177     -0.142725E+09   -0.2287951E+09    0.1681084E+09
 178     -0.247996E+09   -0.2417155E+09    0.5053876E+08
 179     -0.361405E+09   -0.2579685E+09   -0.8084245E+08
 180     -0.324451E+09   -0.2548730E+09   -0.1499036E+09
 181     -0.195352E+09   -0.2476316E+09   -0.2028836E+09
 182     -0.989360E+08   -0.2188324E+09   -0.2396100E+09
 183     -0.280465E+08   -0.1915477E+09   -0.2800198E+09
 184      0.244248E+08   -0.1539841E+09   -0.2906061E+09
 185      0.615062E+08   -0.1155552E+09   -0.3012165E+09
 186      0.923551E+08   -0.7539354E+08   -0.2622102E+09
 187      0.128804E+09   -0.3363775E+08   -0.2227123E+09
 188      0.180892E+09   -0.1201849E+08   -0.1185652E+09
 189      0.291468E+09    0.6822082E+07   -0.1381486E+08
 190      0.680466E+08    0.4308865E+07    0.1053541E+08
 191      0.521345E+08   -0.1476657E+08    0.1438118E+09
 192      0.705888E+08   -0.3568367E+08    0.2780092E+09
 193      0.886847E+08   -0.7221066E+08    0.3349064E+09
 194      0.104364E+09   -0.1086393E+09    0.3898745E+09
 195      0.101054E+09   -0.1383898E+09    0.3692317E+09
 196      0.789333E+08   -0.1651980E+09    0.3478045E+09
 197      0.321855E+08   -0.1833280E+09    0.2662139E+09
 198     -0.396839E+08   -0.2029386E+09    0.1849770E+09
 199     -0.127890E+09   -0.2185171E+09    0.6463897E+08
 200     -0.221950E+09   -0.2368170E+09   -0.6430307E+08
 201     -0.254432E+09   -0.2370562E+09   -0.1512647E+09
 202     -0.144007E+09   -0.2315122E+09   -0.2244743E+09
 203     -0.553647E+08   -0.2046827E+09   -0.2632949E+09
 204      0.401395E+07   -0.1810471E+09   -0.3078595E+09
 205      0.389507E+08   -0.1485077E+09   -0.3237312E+09
 206      0.513791E+08   -0.1147153E+09   -0.3398439E+09
 207      0.507902E+08   -0.7642434E+08   -0.3000811E+09
 208      0.489857E+08   -0.3667326E+08   -0.2598381E+09
 209      0.592069E+08   -0.1442602E+08   -0.1387735E+09
 210      0.119715E+09    0.5361489E+07   -0.1643486E+08
 211     -0.950972E+08    0.6598184E+07    0.1363861E+08
 212     -0.816085E+08   -0.1254560E+08    0.1622274E+09
 213     -0.282016E+08   -0.3515360E+08    0.3119045E+09
 214      0.320855E+08   -0.7071533E+08    0.3705537E+09
 215      0.871634E+08   -0.1030261E+09    0.4270626E+09
 216      0.121202E+09   -0.1244837E+09    0.3992887E+09
 217      0.133828E+09   -0.1450311E+09    0.3705553E+09
 218      0.112547E+09   -0.1537058E+09    0.2869498E+09
 219      0.654020E+08   -0.1613930E+09    0.2030890E+09
 220     -0.646101E+07   -0.1702783E+09    0.8096798E+08
 221     -0.899809E+08   -0.1860278E+09   -0.4550228E+08
 222     -0.177075E+09   -0.1931154E+09   -0.1538968E+09
 223     -0.948531E+08   -0.1910990E+09   -0.2491768E+09
 224     -0.119621E+08   -0.1712918E+09   -0.2880218E+09
 225      0.360455E+08   -0.1565069E+09   -0.3361799E+09
 226      0.533960E+08   -0.1331512E+09   -0.3576525E+09
 227      0.407487E+08   -0.1081529E+09   -0.3792871E+09
 228      0.852087E+07   -0.7325638E+08   -0.3386651E+09
 229     -0.315651E+08   -0.3551904E+08   -0.2973920E+09
 230     -0.629793E+08   -0.1260420E+08   -0.1590619E+09
 231     -0.519997E+08    0.6899498E+07   -0.1900968E+08
 232     -0.310785E+09    0.3670943E+07    0.1973374E+08
 233     -0.244965E+09   -0.1794112E+08    0.1824076E+09
 234     -0.136392E+09   -0.4269825E+08    0.3444667E+09
 235     -0.192885E+08   -0.6945519E+08    0.3946759E+09
 236      0.820861E+08   -0.9355060E+08    0.4430494E+09
 237      0.157493E+09   -0.9824343E+08    0.4053339E+09
 238      0.197496E+09   -0.1011869E+09    0.3681416E+09
 239      0.196021E+09   -0.9440628E+08    0.2828146E+09
 240      0.169057E+09   -0.8735359E+08    0.1979187E+09
 241      0.107293E+09   -0.8802799E+08    0.8485732E+08
 242      0.304957E+08   -0.9164481E+08   -0.3172649E+08
 243     -0.581091E+08   -0.1001780E+09   -0.1457534E+09
 244     -0.451742E+08   -0.1076096E+09   -0.2478444E+09
 245      0.367315E+08   -0.1082444E+09   -0.2888886E+09
 246      0.782764E+08   -0.1092413E+09   -0.3390768E+09
 247      0.809542E+08   -0.1000865E+09   -0.3681119E+09
 248      0.425970E+08   -0.8994134E+08   -0.3984019E+09
 249     -0.280717E+08   -0.6449606E+08   -0.3648266E+09
 250     -0.121952E+09   -0.3590902E+08   -0.3307932E+09
 251     -0.217730E+09   -0.1396458E+08   -0.1783508E+09
 252     -0.280530E+09    0.4564534E+07   -0.2286672E+08
 253     -0.526985E+09    0.5287973E+07    0.2746516E+08
 254     -0.409021E+09   -0.1665448E+08    0.2037263E+09
 255     -0.245791E+09   -0.4211502E+08    0.3784232E+09
 256     -0.718850E+08   -0.5752040E+08    0.4205485E+09
 257      0.766540E+08   -0.6718864E+08    0.4607779E+09
 258      0.194215E+09   -0.4791195E+08    0.4126640E+09
 259      0.261585E+09   -0.2830912E+08    0.3664641E+09
 260      0.281780E+09   -0.4797979E+06    0.2793000E+09
 261      0.273286E+09    0.2666885E+08    0.1928312E+09
 262      0.221472E+09    0.3918088E+08    0.8708139E+08
 263      0.152537E+09    0.4859445E+08   -0.2017781E+08
 264      0.625057E+08    0.2629953E+08   -0.1360813E+09
 265      0.450526E+07    0.4964601E+07   -0.2443322E+09
 266      0.868074E+08   -0.1174112E+08   -0.2901385E+09
 267      0.121208E+09   -0.3050303E+08   -0.3424854E+09
 268      0.109096E+09   -0.4543637E+08   -0.3793871E+09
 269      0.437681E+08   -0.5928065E+08   -0.4187740E+09
 270     -0.655778E+08   -0.4851829E+08   -0.3922261E+09
 271     -0.214316E+09   -0.3300278E+08   -0.3653247E+09
 272     -0.373875E+09   -0.1187143E+08   -0.1982096E+09
 273     -0.508912E+09    0.5899539E+07   -0.2702405E+08
 274     -0.808384E+09   -0.5183531E+06    0.3926774E+08
 275     -0.591382E+09   -0.1682341E+08    0.2198735E+09
 276     -0.339208E+09   -0.3854294E+08    0.3953210E+09
 277     -0.932568E+08   -0.3070946E+08    0.4092228E+09
 278      0.103288E+09   -0.1552794E+08    0.4229612E+09
 279      0.248076E+09    0.3879136E+08    0.3634214E+09
 280      0.329689E+09    0.9439685E+08    0.3080999E+09
 281      0.359290E+09    0.1485210E+09    0.2309274E+09
 282      0.355258E+09    0.2009910E+09    0.1555939E+09
 283      0.309276E+09    0.2198836E+09    0.7044444E+08
 284      0.243072E+09    0.2380246E+09   -0.1549536E+08
 285      0.161718E+09    0.2127850E+09   -0.1072946E+09
 286      0.793019E+08    0.1833103E+09   -0.2000139E+09
 287      0.129633E+09    0.1359516E+09   -0.2471897E+09
 288      0.169718E+09    0.8993628E+08   -0.2924657E+09
 289      0.154066E+09    0.4370354E+08   -0.3361746E+09
 290      0.729566E+08   -0.2129585E+07   -0.3855500E+09
 291     -0.750093E+08   -0.1676001E+08   -0.3810238E+09
 292     -0.291585E+09   -0.2511709E+08   -0.3780878E+09
 293     -0.548319E+09   -0.1031962E+08   -0.2104133E+09
 294     -0.799605E+09   -0.1534181E+06   -0.3502984E+08
 295     -0.109005E+10    0.6032104E+07    0.5401829E+08
 296     -0.776839E+09   -0.1728688E+08    0.2387856E+09
 297     -0.441010E+09   -0.3881412E+08    0.4174151E+09
 298     -0.113179E+09    0.1049253E+08    0.4020043E+09
 299      0.128936E+09    0.6754164E+08    0.3871694E+09
 300      0.305559E+09    0.1752475E+09    0.3148608E+09
 301      0.400015E+09    0.2785835E+09    0.2481075E+09
 302      0.438661E+09    0.3659729E+09    0.1811112E+09
 303      0.437872E+09    0.4508610E+09    0.1168563E+09
 304      0.397911E+09    0.4798141E+09    0.5447516E+08
 305      0.335823E+09    0.5044776E+09   -0.9739776E+07
 306      0.256647E+09    0.4657732E+09   -0.7908980E+08
 307      0.162272E+09    0.4269866E+09   -0.1550286E+09
 308      0.172723E+09    0.3492661E+09   -0.2019282E+09
 309      0.220002E+09    0.2696706E+09   -0.2402098E+09
 310      0.202321E+09    0.1792761E+09   -0.2929476E+09
 311      0.101997E+09    0.8531345E+08   -0.3533314E+09
 312     -0.832874E+08    0.3197397E+08   -0.3729625E+09
 313     -0.376173E+09   -0.1572680E+08   -0.3948406E+09
 314     -0.725620E+09   -0.5856423E+07   -0.2242423E+09
 315     -0.109305E+10    0.5778431E+07   -0.4459042E+08
 316     -0.143867E+10   -0.2072436E+08    0.7994615E+08
 317     -0.939345E+09   -0.8666722E+07    0.2345238E+09
 318     -0.452506E+09   -0.4657054E+07    0.3685809E+09
 319     -0.637169E+08    0.1056097E+09    0.2921486E+09
 320      0.203000E+09    0.2301427E+09    0.2297814E+09
 321      0.362713E+09    0.3945004E+09    0.1629661E+09
 322      0.447247E+09    0.5565618E+09    0.1058206E+09
 323      0.472117E+09    0.6699061E+09    0.7514022E+08
 324      0.464110E+09    0.7796638E+09    0.4584279E+08
 325      0.423194E+09    0.8123636E+09    0.2495645E+08
 326      0.368014E+09    0.8438838E+09    0.3281529E+07
 327      0.291608E+09    0.7958904E+09   -0.2993755E+08
 328      0.219837E+09    0.7461058E+09   -0.6974402E+08
 329      0.187885E+09    0.6359377E+09   -0.9358833E+08
 330      0.253954E+09    0.5260998E+09   -0.1091729E+09
 331      0.253136E+09    0.3833736E+09   -0.1544786E+09
 332      0.170527E+09    0.2375475E+09   -0.2096810E+09
 333     -0.301918E+08    0.1221146E+09   -0.2682688E+09
 334     -0.379539E+09    0.1849188E+08   -0.3410031E+09
 335     -0.875529E+09    0.3669677E+07   -0.2115588E+09
 336     -0.144278E+10   -0.1751560E+08   -0.6048844E+08
 337     -0.181919E+10    0.3309524E+08    0.1300728E+09
 338     -0.110554E+10    0.5527305E+07    0.2393957E+09
 339     -0.498602E+09    0.2236209E+08    0.3352453E+09
 340      0.768630E+07    0.2688622E+09    0.1917348E+09
 341      0.284198E+09    0.4959226E+09    0.6015073E+08
 342      0.425224E+09    0.7428916E+09    0.5088557E+07
 343      0.496773E+09    0.9675748E+09   -0.4095549E+08
 344      0.504850E+09    0.1100339E+10   -0.3346710E+08
 345      0.489416E+09    0.1231094E+10   -0.2619629E+08
 346      0.446392E+09    0.1261891E+10   -0.5165047E+07
 347      0.395521E+09    0.1291555E+10    0.1588049E+08
 348      0.326699E+09    0.1229810E+10    0.2067407E+08
 349      0.271396E+09    0.1166787E+10    0.1991454E+08
 350      0.203100E+09    0.1025841E+10    0.1922383E+08
 351      0.288609E+09    0.8894846E+09    0.2634279E+08
 352      0.308506E+09    0.6939580E+09   -0.9090198E+07
 353      0.245848E+09    0.4790986E+09   -0.5404742E+08
 354      0.425247E+08    0.2763520E+09   -0.1697935E+09
 355     -0.410251E+09    0.5311885E+08   -0.2985991E+09
 356     -0.102969E+10    0.2137914E+08   -0.2061273E+09
 357     -0.182191E+10    0.2886968E+08   -0.9511047E+08
 358     -0.220269E+10   -0.1138805E+09    0.1612070E+09
 359     -0.110019E+10    0.5534424E+08    0.1319107E+09
 360     -0.273327E+09    0.2151062E+09    0.3795025E+08
 361      0.129664E+09    0.5935128E+09   -0.1648021E+09
 362      0.330395E+09    0.9861087E+09   -0.2833277E+09
 363      0.408259E+09    0.1262791E+10   -0.2561416E+09
 364      0.449115E+09    0.1531840E+10   -0.2325099E+09
 365      0.439972E+09    0.1661239E+10   -0.1605937E+09
 366      0.419955E+09    0.1789679E+10   -0.9158139E+08
 367      0.380186E+09    0.1805972E+10   -0.2166692E+08
 368      0.335509E+09    0.1824699E+10    0.4697932E+08
 369      0.283719E+09    0.1753303E+10    0.9422894E+08
 370      0.234462E+09    0.1681698E+10    0.1393730E+09
 371      0.171413E+09    0.1528286E+10    0.1734822E+09
 372      0.254736E+09    0.1380230E+10    0.2141100E+09
 373      0.301925E+09    0.1141667E+10    0.2312888E+09
 374      0.291459E+09    0.8957167E+09    0.2515093E+09
 375      0.154573E+09    0.5531197E+09    0.1517803E+09
 376     -0.203601E+09    0.2207662E+09   -0.1944140E+08
 377     -0.101213E+10    0.6580932E+08   -0.9589501E+08
 378     -0.218589E+10   -0.9521959E+08   -0.1105570E+09
 379     -0.322920E+10    0.2511350E+09    0.6161941E+09
 380     -0.940758E+09    0.2617675E+09    0.1094129E+09
 381      0.184876E+08    0.5188846E+09   -0.4382126E+09
 382      0.248989E+09    0.1278442E+10   -0.5817426E+09
 383      0.377611E+09    0.1787195E+10   -0.6416083E+09
 384      0.379845E+09    0.2039994E+10   -0.5290125E+09
 385      0.394207E+09    0.2297231E+10   -0.4244325E+09
 386      0.368076E+09    0.2391409E+10   -0.2882091E+09
 387      0.345536E+09    0.2492350E+10   -0.1549701E+09
 388      0.310428E+09    0.2482661E+10   -0.3622074E+08
 389      0.275150E+09    0.2475055E+10    0.7947559E+08
 390      0.235898E+09    0.2386732E+10    0.1688878E+09
 391      0.193239E+09    0.2300278E+10    0.2565722E+09
 392      0.129356E+09    0.2153081E+10    0.3301502E+09
 393      0.213474E+09    0.2017313E+10    0.4099114E+09
 394      0.286664E+09    0.1788086E+10    0.4875860E+09
 395      0.339067E+09    0.1565054E+10    0.5750177E+09
 396      0.266970E+09    0.1127003E+10    0.5328517E+09
 397      0.711007E+08    0.4751480E+09    0.4108078E+09
 398     -0.856476E+09    0.2526473E+09   -0.5870008E+08
 399     -0.314054E+10    0.2329027E+09   -0.4647219E+09
 400     -0.261384E+10   -0.4570374E+09   -0.1453582E+09
 401     -0.321250E+09    0.8228333E+09   -0.7759380E+09
 402     -0.206083E+08    0.2055568E+10   -0.1227654E+10
 403      0.152144E+09    0.2475407E+10   -0.1020691E+10
 404      0.192010E+09    0.2912489E+10   -0.8946249E+09
 405      0.194342E+09    0.3060845E+10   -0.6963384E+09
 406      0.200602E+09    0.3224806E+10   -0.5072196E+09
 407      0.186907E+09    0.3254878E+10   -0.3238620E+09
 408      0.176115E+09    0.3290426E+10   -0.1426659E+09
 409      0.158890E+09    0.3244902E+10    0.9267168E+07
 410      0.143627E+09    0.3201796E+10    0.1604417E+09
 411      0.120352E+09    0.3097518E+10    0.2738179E+09
 412      0.993219E+08    0.2990837E+10    0.3848363E+09
 413      0.587012E+08    0.2868283E+10    0.4527666E+09
 414      0.106338E+09    0.2763824E+10    0.5212708E+09
 415      0.152668E+09    0.2620119E+10    0.6533774E+09
 416      0.181410E+09    0.2485808E+10    0.8000178E+09
 417      0.174178E+09    0.2118685E+10    0.9282257E+09
 418      0.318918E+08    0.1750815E+10    0.1138701E+10
 419     -0.263103E+09    0.6892203E+09    0.7298023E+09
 420     -0.252080E+10   -0.3932521E+09    0.2023833E+09
 421     -0.134604E+10    0.4364918E+10   -0.1067673E+10
 422      0.128873E+09    0.4406983E+10   -0.1631367E+10
 423     -0.743842E+08    0.4399812E+10   -0.1850148E+10
 424      0.335456E+08    0.4325664E+10   -0.1388783E+10
 425      0.655408E+06    0.4334129E+10   -0.1109946E+10
 426      0.103422E+08    0.4310283E+10   -0.8353739E+09
 427      0.936890E+07    0.4301535E+10   -0.5744658E+09
 428      0.984724E+07    0.4248091E+10   -0.3464917E+09
 429      0.107062E+08    0.4197888E+10   -0.1218184E+09
 430      0.110951E+08    0.4104192E+10    0.6079634E+08
 431      0.143012E+08    0.4008798E+10    0.2457004E+09
 432      0.963988E+07    0.3884086E+10    0.3812084E+09
 433      0.975247E+07    0.3753118E+10    0.5156388E+09
 434     -0.263142E+07    0.3657583E+10    0.5713556E+09
 435      0.420298E+07    0.3594583E+10    0.6213927E+09
 436      0.201656E+08    0.3614721E+10    0.7999731E+09
 437      0.179748E+08    0.3630451E+10    0.1000015E+10
 438      0.623944E+08    0.3640874E+10    0.1275039E+10
 439     -0.327232E+08    0.3728259E+10    0.1737121E+10
 440      0.191042E+09    0.3699689E+10    0.1573783E+10
 441     -0.129089E+10    0.3604718E+10    0.1155885E+10
