   1      0.661793E+09   -0.2537141E+06    0.1191655E+06
   2      0.592051E+09    0.2700474E+06   -0.1046158E+07
   3      0.491458E+09    0.1121947E+07   -0.2392545E+07
   4      0.368233E+09    0.1677727E+07   -0.3266559E+07
   5      0.215382E+09    0.1886575E+07   -0.3981664E+07
   6      0.457799E+08   -0.2622948E+07   -0.3356293E+07
   7     -0.141817E+09   -0.7368862E+07   -0.2844190E+07
   8     -0.329691E+09   -0.1111102E+08   -0.3172151E+07
   9     -0.509948E+09   -0.8660193E+07   -0.4345691E+07
  10     -0.651321E+09   -0.3713043E+08    0.3100935E+07
  11     -0.743601E+09   -0.8388153E+08    0.1240192E+08
  12     -0.577656E+09   -0.1270679E+09    0.6709823E+07
  13     -0.414897E+09   -0.1529135E+09    0.2687187E+06
  14     -0.266346E+09   -0.1335715E+09    0.3774750E+06
  15     -0.131545E+09   -0.1183130E+09    0.3180976E+06
  16     -0.504604E+06   -0.9255630E+08    0.2667796E+06
  17      0.129230E+09   -0.6666898E+08    0.2326770E+06
  18      0.263196E+09   -0.4272807E+08    0.3290457E+06
  19      0.407113E+09   -0.1883378E+08    0.8047533E+05
  20      0.562867E+09   -0.7059816E+07    0.2115608E+04
  21      0.758029E+09    0.3632378E+07    0.3099986E+06
  22      0.660991E+09    0.1360307E+07   -0.6239694E+06
  23      0.589341E+09   -0.1666394E+07    0.1847551E+07
  24      0.489414E+09   -0.4913614E+07    0.4380890E+07
  25      0.365809E+09   -0.1526914E+08    0.6696407E+07
  26      0.214168E+09   -0.2564842E+08    0.8913515E+07
  27      0.443380E+08   -0.3890552E+08    0.1018970E+08
  28     -0.141481E+09   -0.5174116E+08    0.1097543E+08
  29     -0.331293E+09   -0.6799692E+08    0.1213431E+08
  30     -0.514787E+09   -0.8459084E+08    0.1458756E+08
  31     -0.669268E+09   -0.1103984E+09    0.2855329E+08
  32     -0.723848E+09   -0.1383247E+09    0.3772638E+08
  33     -0.557070E+09   -0.1455397E+09    0.1363356E+08
  34     -0.402093E+09   -0.1501785E+09   -0.6151732E+07
  35     -0.258050E+09   -0.1354610E+09   -0.1430247E+08
  36     -0.126267E+09   -0.1200854E+09   -0.2271019E+08
  37      0.168613E+07   -0.9403089E+08   -0.2492158E+08
  38      0.128381E+09   -0.6808605E+08   -0.2715650E+08
  39      0.259194E+09   -0.4365783E+08   -0.2326291E+08
  40      0.400614E+09   -0.1952972E+08   -0.1946526E+08
  41      0.554335E+09   -0.8119995E+07   -0.1072802E+08
  42      0.743616E+09    0.2579699E+07   -0.1912391E+07
  43      0.661915E+09    0.1935440E+07   -0.1445126E+07
  44      0.587692E+09   -0.3374752E+07    0.4413621E+07
  45      0.488156E+09   -0.8379458E+07    0.1047232E+08
  46      0.363832E+09   -0.2676595E+08    0.1701090E+08
  47      0.212401E+09   -0.4747196E+08    0.2371843E+08
  48      0.430015E+08   -0.7595451E+08    0.2495688E+08
  49     -0.141509E+09   -0.1020228E+09    0.2452512E+08
  50     -0.334111E+09   -0.1196744E+09    0.2713317E+08
  51     -0.522080E+09   -0.1385831E+09    0.3404591E+08
  52     -0.690584E+09   -0.1533503E+09    0.5327984E+08
  53     -0.701060E+09   -0.1680362E+09    0.6068042E+08
  54     -0.535468E+09   -0.1669575E+09    0.1956794E+08
  55     -0.388554E+09   -0.1649519E+09   -0.1239190E+08
  56     -0.249393E+09   -0.1465556E+09   -0.2883324E+08
  57     -0.120862E+09   -0.1277492E+09   -0.4555481E+08
  58      0.391119E+07   -0.9973019E+08   -0.4995886E+08
  59      0.127510E+09   -0.7146957E+08   -0.5441807E+08
  60      0.255245E+09   -0.4511885E+08   -0.4673351E+08
  61      0.394144E+09   -0.1849026E+08   -0.3905270E+08
  62      0.546294E+09   -0.6546703E+07   -0.2125301E+08
  63      0.728774E+09    0.4045332E+07   -0.3490222E+07
  64      0.649872E+09    0.3323698E+07   -0.1055861E+07
  65      0.572570E+09   -0.7575517E+07    0.1470184E+08
  66      0.474728E+09   -0.1934052E+08    0.3092587E+08
  67      0.351050E+09   -0.4709636E+08    0.4391141E+08
  68      0.207897E+09   -0.7466670E+08    0.5598650E+08
  69      0.428443E+08   -0.1041715E+09    0.5579026E+08
  70     -0.137460E+09   -0.1343920E+09    0.5486418E+08
  71     -0.333026E+09   -0.1608468E+09    0.5188388E+08
  72     -0.527226E+09   -0.1867029E+09    0.5277302E+08
  73     -0.704263E+09   -0.1940318E+09    0.5945816E+08
  74     -0.651108E+09   -0.2001746E+09    0.5555450E+08
  75     -0.497268E+09   -0.1907111E+09    0.1008146E+08
  76     -0.357627E+09   -0.1818489E+09   -0.2761182E+08
  77     -0.226602E+09   -0.1602181E+09   -0.5017745E+08
  78     -0.106040E+09   -0.1380452E+09   -0.7291966E+08
  79      0.101562E+08   -0.1079237E+09   -0.7937062E+08
  80      0.124745E+09   -0.7749959E+08   -0.8574688E+08
  81      0.243201E+09   -0.4934760E+08   -0.7393163E+08
  82      0.373167E+09   -0.2120741E+08   -0.6195951E+08
  83      0.517680E+09   -0.8390415E+07   -0.3289422E+08
  84      0.689891E+09    0.3422934E+07   -0.3951545E+07
  85      0.637120E+09    0.4987320E+07   -0.1073668E+07
  86      0.557212E+09   -0.8401124E+07    0.2545542E+08
  87      0.461427E+09   -0.2392611E+08    0.5285455E+08
  88      0.338105E+09   -0.5696476E+08    0.7004903E+08
  89      0.205039E+09   -0.8852655E+08    0.8555867E+08
  90      0.421539E+08   -0.1275393E+09    0.8561118E+08
  91     -0.133482E+09   -0.1668825E+09    0.8582863E+08
  92     -0.331831E+09   -0.1983228E+09    0.7792978E+08
  93     -0.529627E+09   -0.2305490E+09    0.7160504E+08
  94     -0.716863E+09   -0.2338714E+09    0.6571146E+08
  95     -0.603417E+09   -0.2340426E+09    0.5194310E+08
  96     -0.459574E+09   -0.2179786E+09    0.1090432E+07
  97     -0.327258E+09   -0.2037085E+09   -0.4331828E+08
  98     -0.204066E+09   -0.1783304E+09   -0.7187647E+08
  99     -0.913510E+08   -0.1523671E+09   -0.1005930E+09
 100      0.163123E+08   -0.1189261E+09   -0.1090023E+09
 101      0.121950E+09   -0.8501755E+08   -0.1172335E+09
 102      0.231135E+09   -0.5380798E+08   -0.1012128E+09
 103      0.352330E+09   -0.2218500E+08   -0.8482178E+08
 104      0.488840E+09   -0.8022922E+07   -0.4455713E+08
 105      0.652441E+09    0.4603955E+07   -0.4557720E+07
 106      0.596298E+09    0.4871736E+07   -0.6553896E+06
 107      0.515040E+09   -0.1112160E+08    0.4156469E+08
 108      0.426152E+09   -0.2840125E+08    0.8524898E+08
 109      0.316986E+09   -0.6891169E+08    0.1086942E+09
 110      0.194068E+09   -0.1096351E+09    0.1309130E+09
 111      0.433642E+08   -0.1553963E+09    0.1301961E+09
 112     -0.123028E+09   -0.2014567E+09    0.1286300E+09
 113     -0.313810E+09   -0.2342028E+09    0.1096620E+09
 114     -0.506325E+09   -0.2670721E+09    0.9208987E+08
 115     -0.693297E+09   -0.2685233E+09    0.6507570E+08
 116     -0.552019E+09   -0.2654332E+09    0.3313587E+08
 117     -0.411551E+09   -0.2428560E+09   -0.1810902E+08
 118     -0.285419E+09   -0.2237980E+09   -0.6634789E+08
 119     -0.170670E+09   -0.1956859E+09   -0.1003283E+09
 120     -0.687213E+08   -0.1667173E+09   -0.1342030E+09
 121      0.260421E+08   -0.1307017E+09   -0.1445581E+09
 122      0.116847E+09   -0.9416266E+08   -0.1546839E+09
 123      0.209930E+09   -0.6047957E+08   -0.1339761E+09
 124      0.314621E+09   -0.2663933E+08   -0.1127132E+09
 125      0.435185E+09   -0.1063649E+08   -0.5923622E+08
 126      0.586274E+09    0.4106659E+07   -0.6030110E+07
 127      0.556200E+09    0.6288403E+07    0.1393264E+06
 128      0.472836E+09   -0.1276078E+08    0.5755374E+08
 129      0.390356E+09   -0.3306883E+08    0.1164111E+09
 130      0.295741E+09   -0.7979779E+08    0.1482165E+09
 131      0.182106E+09   -0.1280091E+09    0.1785408E+09
 132      0.446455E+08   -0.1805944E+09    0.1754021E+09
 133     -0.113029E+09   -0.2323236E+09    0.1714846E+09
 134     -0.294500E+09   -0.2619485E+09    0.1397057E+09
 135     -0.486297E+09   -0.2896210E+09    0.1107242E+09
 136     -0.665404E+09   -0.2873872E+09    0.6511133E+08
 137     -0.502906E+09   -0.2843982E+09    0.1564388E+08
 138     -0.364286E+09   -0.2633986E+09   -0.3702440E+08
 139     -0.243849E+09   -0.2436197E+09   -0.8955418E+08
 140     -0.137446E+09   -0.2128395E+09   -0.1289970E+09
 141     -0.462414E+08   -0.1816857E+09   -0.1681212E+09
 142      0.355903E+08   -0.1428152E+09   -0.1803969E+09
 143      0.111564E+09   -0.1032788E+09   -0.1923880E+09
 144      0.188520E+09   -0.6605418E+08   -0.1669115E+09
 145      0.276862E+09   -0.2806317E+08   -0.1407326E+09
 146      0.381662E+09   -0.1020865E+08   -0.7394785E+08
 147      0.520112E+09    0.5667944E+07   -0.7411946E+07
 148      0.470667E+09    0.6270576E+07    0.2791830E+07
 149      0.395436E+09   -0.1654757E+08    0.7999075E+08
 150      0.330819E+09   -0.4153517E+08    0.1582186E+09
 151      0.257587E+09   -0.9213300E+08    0.1974623E+09
 152      0.167498E+09   -0.1425545E+09    0.2356355E+09
 153      0.538027E+08   -0.1948094E+09    0.2265846E+09
 154     -0.829717E+08   -0.2465914E+09    0.2161897E+09
 155     -0.247515E+09   -0.2779610E+09    0.1689915E+09
 156     -0.433239E+09   -0.3076793E+09    0.1218561E+09
 157     -0.603227E+09   -0.3032233E+09    0.6132137E+08
 158     -0.444905E+09   -0.2983571E+09    0.7133655E+06
 159     -0.307062E+09   -0.2768394E+09   -0.5758484E+08
 160     -0.191521E+09   -0.2561829E+09   -0.1161671E+09
 161     -0.939634E+08   -0.2244866E+09   -0.1605779E+09
 162     -0.155113E+08   -0.1925760E+09   -0.2050448E+09
 163      0.496314E+08   -0.1526135E+09   -0.2201442E+09
 164      0.104825E+09   -0.1119243E+09   -0.2350346E+09
 165      0.157860E+09   -0.7264017E+08   -0.2053639E+09
 166      0.219993E+09   -0.3277878E+08   -0.1748062E+09
 167      0.298709E+09   -0.1302826E+08   -0.9208176E+08
 168      0.413865E+09    0.4974804E+07   -0.9465521E+07
 169      0.385146E+09    0.8799491E+07    0.4565850E+07
 170      0.317796E+09   -0.1589888E+08    0.1025144E+09
 171      0.271030E+09   -0.4409937E+08    0.2018395E+09
 172      0.219569E+09   -0.1028057E+09    0.2475457E+09
 173      0.152486E+09   -0.1600563E+09    0.2917946E+09
 174      0.632919E+08   -0.2112424E+09    0.2770999E+09
 175     -0.511104E+08   -0.2614248E+09    0.2609089E+09
 176     -0.201152E+09   -0.2917639E+09    0.1996626E+09
 177     -0.374662E+09   -0.3222214E+09    0.1349694E+09
 178     -0.544966E+09   -0.3169088E+09    0.5743323E+08
 179     -0.383906E+09   -0.3081619E+09   -0.1550722E+08
 180     -0.248804E+09   -0.2827579E+09   -0.7850792E+08
 181     -0.138675E+09   -0.2604659E+09   -0.1429298E+09
 182     -0.502705E+08   -0.2299296E+09   -0.1925269E+09
 183      0.152346E+08   -0.1989009E+09   -0.2424204E+09
 184      0.635234E+08   -0.1591252E+09   -0.2603625E+09
 185      0.977865E+08   -0.1183551E+09   -0.2781687E+09
 186      0.126805E+09   -0.7678654E+08   -0.2441693E+09
 187      0.162893E+09   -0.3360678E+08   -0.2091872E+09
 188      0.215665E+09   -0.1190193E+08   -0.1102271E+09
 189      0.307576E+09    0.7002270E+07   -0.1114753E+08
 190      0.237939E+09    0.6742081E+07    0.8860994E+07
 191      0.196488E+09   -0.2126917E+08    0.1298369E+09
 192      0.182807E+09   -0.5186330E+08    0.2518848E+09
 193      0.171094E+09   -0.1075302E+09    0.3017957E+09
 194      0.140974E+09   -0.1627313E+09    0.3494707E+09
 195      0.869638E+08   -0.2136207E+09    0.3255781E+09
 196      0.212420E+06   -0.2639514E+09    0.3018741E+09
 197     -0.125425E+09   -0.2906930E+09    0.2257582E+09
 198     -0.277223E+09   -0.3161277E+09    0.1457704E+09
 199     -0.451542E+09   -0.3075244E+09    0.4937812E+08
 200     -0.317911E+09   -0.2963460E+09   -0.3984786E+08
 201     -0.183889E+09   -0.2709443E+09   -0.1009399E+09
 202     -0.774251E+08   -0.2488295E+09   -0.1664206E+09
 203      0.271495E+07   -0.2217253E+09   -0.2202128E+09
 204      0.553845E+08   -0.1942135E+09   -0.2743736E+09
 205      0.847971E+08   -0.1579990E+09   -0.2970125E+09
 206      0.931912E+08   -0.1206898E+09   -0.3198138E+09
 207      0.897465E+08   -0.7989955E+08   -0.2845023E+09
 208      0.868752E+08   -0.3765127E+08   -0.2479490E+09
 209      0.976658E+08   -0.1481556E+08   -0.1309787E+09
 210      0.152656E+09    0.5556661E+07   -0.1353568E+08
 211      0.906727E+08    0.9881730E+07    0.1288550E+08
 212      0.747829E+08   -0.1916601E+08    0.1575753E+09
 213      0.942419E+08   -0.5255935E+08    0.3021732E+09
 214      0.121453E+09   -0.1080646E+09    0.3561730E+09
 215      0.128776E+09   -0.1614306E+09    0.4092519E+09
 216      0.111591E+09   -0.2045516E+09    0.3760978E+09
 217      0.509823E+08   -0.2442282E+09    0.3430403E+09
 218     -0.474358E+08   -0.2609967E+09    0.2523238E+09
 219     -0.181054E+09   -0.2812586E+09    0.1575369E+09
 220     -0.354881E+09   -0.2727413E+09    0.4115807E+08
 221     -0.253017E+09   -0.2584423E+09   -0.6491513E+08
 222     -0.118995E+09   -0.2347229E+09   -0.1236916E+09
 223     -0.156995E+08   -0.2155947E+09   -0.1900787E+09
 224      0.562134E+08   -0.1957861E+09   -0.2483393E+09
 225      0.957604E+08   -0.1758068E+09   -0.3069521E+09
 226      0.106080E+09   -0.1471952E+09   -0.3343949E+09
 227      0.881293E+08   -0.1172897E+09   -0.3622810E+09
 228      0.520639E+08   -0.7911730E+08   -0.3255001E+09
 229      0.990456E+07   -0.3789584E+08   -0.2873180E+09
 230     -0.209519E+08   -0.1322383E+08   -0.1518693E+09
 231     -0.169510E+07    0.7760512E+07   -0.1553984E+08
 232     -0.131673E+09    0.6000152E+07    0.2010082E+08
 233     -0.930781E+08   -0.2393858E+08    0.1866256E+09
 234     -0.102700E+08   -0.5809943E+08    0.3515494E+09
 235      0.711613E+08   -0.1045660E+09    0.3990803E+09
 236      0.128457E+09   -0.1471481E+09    0.4457351E+09
 237      0.155057E+09   -0.1708327E+09    0.4015255E+09
 238      0.123313E+09   -0.1943816E+09    0.3581600E+09
 239      0.521192E+08   -0.2004402E+09    0.2597213E+09
 240     -0.647993E+08   -0.2062342E+09    0.1581849E+09
 241     -0.220406E+09   -0.1947013E+09    0.3037373E+08
 242     -0.195875E+09   -0.1812024E+09   -0.8484509E+08
 243     -0.570980E+08   -0.1651556E+09   -0.1376914E+09
 244      0.463997E+08   -0.1518471E+09   -0.1999315E+09
 245      0.114045E+09   -0.1428733E+09   -0.2580610E+09
 246      0.145204E+09   -0.1343647E+09   -0.3169886E+09
 247      0.138994E+09   -0.1191681E+09   -0.3512465E+09
 248      0.940673E+08   -0.1026044E+09   -0.3867581E+09
 249      0.183534E+08   -0.7276307E+08   -0.3559854E+09
 250     -0.782195E+08   -0.3977145E+08   -0.3241855E+09
 251     -0.175173E+09   -0.1578335E+08   -0.1732614E+09
 252     -0.214854E+09    0.4809079E+07   -0.2003281E+08
 253     -0.355152E+09    0.7640567E+07    0.2905540E+08
 254     -0.261608E+09   -0.2207416E+08    0.2165068E+09
 255     -0.117168E+09   -0.5565280E+08    0.4018482E+09
 256      0.201906E+08   -0.8832151E+08    0.4439417E+09
 257      0.129210E+09   -0.1161780E+09    0.4834897E+09
 258      0.198336E+09   -0.1148334E+09    0.4276933E+09
 259      0.196846E+09   -0.1117774E+09    0.3749728E+09
 260      0.153354E+09   -0.9808860E+08    0.2680971E+09
 261      0.536859E+08   -0.8685648E+08    0.1578656E+09
 262     -0.820118E+08   -0.7440295E+08    0.1932524E+08
 263     -0.146179E+09   -0.6078263E+08   -0.1036855E+09
 264      0.719366E+07   -0.5166034E+08   -0.1513338E+09
 265      0.109383E+09   -0.4464360E+08   -0.2099440E+09
 266      0.172842E+09   -0.5278813E+08   -0.2679614E+09
 267      0.195387E+09   -0.6236677E+08   -0.3273200E+09
 268      0.172625E+09   -0.6900548E+08   -0.3689968E+09
 269      0.993544E+08   -0.7471239E+08   -0.4125400E+09
 270     -0.161588E+08   -0.5897859E+08   -0.3877645E+09
 271     -0.168611E+09   -0.3840705E+08   -0.3621195E+09
 272     -0.330732E+09   -0.1417885E+08   -0.1952779E+09
 273     -0.428066E+09    0.6609691E+07   -0.2513438E+08
 274     -0.668508E+09    0.1105111E+07    0.4221685E+08
 275     -0.459819E+09   -0.2187043E+08    0.2392941E+09
 276     -0.218912E+09   -0.5083068E+08    0.4304942E+09
 277     -0.399466E+07   -0.5742620E+08    0.4466988E+09
 278      0.161953E+09   -0.5646283E+08    0.4630768E+09
 279      0.259304E+09   -0.2017534E+08    0.3954509E+09
 280      0.283609E+09    0.1776661E+08    0.3318251E+09
 281      0.251428E+09    0.5888904E+08    0.2338642E+09
 282      0.169026E+09    0.9762046E+08    0.1357423E+09
 283      0.486945E+08    0.1042810E+09    0.1356061E+08
 284     -0.651170E+08    0.1103957E+09   -0.1079987E+09
 285      0.464116E+08    0.1138442E+09   -0.1525833E+09
 286      0.155348E+09    0.1159174E+09   -0.1928108E+09
 287      0.222258E+09    0.8514515E+08   -0.2385368E+09
 288      0.247915E+09    0.5298635E+08   -0.2881687E+09
 289      0.219655E+09    0.1619306E+08   -0.3356032E+09
 290      0.129513E+09   -0.1989421E+08   -0.3867738E+09
 291     -0.253799E+08   -0.2896488E+08   -0.3822297E+09
 292     -0.246104E+09   -0.3168924E+08   -0.3794103E+09
 293     -0.506104E+09   -0.1341468E+08   -0.2110391E+09
 294     -0.717833E+09    0.2819826E+06   -0.3511608E+08
 295     -0.981382E+09    0.8188863E+07    0.5737711E+08
 296     -0.661979E+09   -0.1931042E+08    0.2648709E+09
 297     -0.329094E+09   -0.4559079E+08    0.4654945E+09
 298     -0.262068E+08   -0.6493076E+07    0.4537677E+09
 299      0.192522E+09    0.4086509E+08    0.4440258E+09
 300      0.325112E+09    0.1358401E+09    0.3640217E+09
 301      0.373979E+09    0.2264997E+09    0.2876861E+09
 302      0.350537E+09    0.2957158E+09    0.1986300E+09
 303      0.284531E+09    0.3606898E+09    0.1132967E+09
 304      0.177409E+09    0.3744971E+09    0.8458961E+07
 305      0.359737E+08    0.3861342E+09   -0.1130598E+09
 306      0.778584E+08    0.3655254E+09   -0.1534144E+09
 307      0.203342E+09    0.3468494E+09   -0.1738302E+09
 308      0.273258E+09    0.2906160E+09   -0.2078573E+09
 309      0.302283E+09    0.2300034E+09   -0.2474930E+09
 310      0.269877E+09    0.1503282E+09   -0.3023296E+09
 311      0.159531E+09    0.6719576E+08   -0.3620464E+09
 312     -0.335024E+08    0.1982848E+08   -0.3799205E+09
 313     -0.330595E+09   -0.2190472E+08   -0.4006543E+09
 314     -0.684308E+09   -0.8800285E+07   -0.2284375E+09
 315     -0.101123E+10    0.6189225E+07   -0.4687494E+08
 316     -0.138007E+10   -0.2165787E+08    0.8581593E+08
 317     -0.845491E+09   -0.1188235E+08    0.2624843E+09
 318     -0.354348E+09   -0.9409053E+07    0.4176442E+09
 319      0.172994E+08    0.9887098E+08    0.3471446E+09
 320      0.262577E+09    0.2208898E+09    0.2928552E+09
 321      0.388552E+09    0.3754067E+09    0.2223029E+09
 322      0.435050E+09    0.5268292E+09    0.1609044E+09
 323      0.404501E+09    0.6230194E+09    0.1104130E+09
 324      0.344920E+09    0.7169397E+09    0.6073482E+08
 325      0.244924E+09    0.7318327E+09   -0.2457122E+07
 326      0.136149E+09    0.7389726E+09   -0.7989646E+08
 327      0.871377E+08    0.6907704E+09   -0.1110299E+09
 328      0.201920E+09    0.6536691E+09   -0.1220591E+09
 329      0.285031E+09    0.5733841E+09   -0.1228425E+09
 330      0.333098E+09    0.4858626E+09   -0.1315794E+09
 331      0.316982E+09    0.3542658E+09   -0.1756885E+09
 332      0.223943E+09    0.2201273E+09   -0.2268889E+09
 333      0.157326E+08    0.1106323E+09   -0.2813924E+09
 334     -0.337180E+09    0.1298363E+08   -0.3509385E+09
 335     -0.835665E+09    0.1100185E+07   -0.2188443E+09
 336     -0.138011E+10   -0.1697393E+08   -0.6445329E+08
 337     -0.181663E+10    0.3160540E+08    0.1402759E+09
 338     -0.103107E+10    0.7522601E+07    0.2695148E+09
 339     -0.412592E+09    0.2949603E+08    0.3836639E+09
 340      0.825319E+08    0.2796683E+09    0.2489855E+09
 341      0.339793E+09    0.5084268E+09    0.1299247E+09
 342      0.456856E+09    0.7452611E+09    0.7541859E+08
 343      0.496494E+09    0.9604060E+09    0.2952707E+08
 344      0.457932E+09    0.1076933E+10    0.1936716E+08
 345      0.404671E+09    0.1190075E+10    0.7069776E+07
 346      0.309996E+09    0.1198688E+10   -0.1313355E+08
 347      0.223149E+09    0.1201024E+10   -0.4204437E+08
 348      0.106279E+09    0.1130917E+10   -0.6707121E+08
 349      0.190872E+09    0.1075171E+10   -0.7177526E+08
 350      0.294427E+09    0.9685867E+09   -0.3413864E+08
 351      0.364646E+09    0.8550802E+09   -0.9332569E+07
 352      0.368546E+09    0.6683276E+09   -0.4192493E+08
 353      0.295095E+09    0.4646180E+09   -0.7993987E+08
 354      0.844567E+08    0.2677045E+09   -0.1890049E+09
 355     -0.370862E+09    0.5010013E+08   -0.3126011E+09
 356     -0.991045E+09    0.1979272E+08   -0.2165429E+09
 357     -0.177975E+10    0.2876457E+08   -0.1008205E+09
 358     -0.224861E+10   -0.1152766E+09    0.1673807E+09
 359     -0.103839E+10    0.6309228E+08    0.1525952E+09
 360     -0.204674E+09    0.2333200E+09    0.7499165E+08
 361      0.188397E+09    0.6161787E+09   -0.1115761E+09
 362      0.372440E+09    0.1011807E+10   -0.2122440E+09
 363      0.436794E+09    0.1283333E+10   -0.1798665E+09
 364      0.452557E+09    0.1546730E+10   -0.1514283E+09
 365      0.409185E+09    0.1663079E+10   -0.9414202E+08
 366      0.363821E+09    0.1779301E+10   -0.4100969E+08
 367      0.282200E+09    0.1776683E+10   -0.8951719E+07
 368      0.209024E+09    0.1772940E+10    0.1746059E+08
 369      0.116565E+09    0.1685902E+10    0.1865228E+08
 370      0.120611E+09    0.1603889E+10    0.3132832E+08
 371      0.235851E+09    0.1472334E+10    0.9863838E+08
 372      0.321514E+09    0.1344785E+10    0.1615716E+09
 373      0.351656E+09    0.1119274E+10    0.1869168E+09
 374      0.330653E+09    0.8849611E+09    0.2175247E+09
 375      0.187426E+09    0.5476966E+09    0.1271174E+09
 376     -0.171903E+09    0.2205915E+09   -0.3581006E+08
 377     -0.976834E+09    0.6605282E+08   -0.1067058E+09
 378     -0.217102E+10   -0.9422815E+08   -0.1151839E+09
 379     -0.331683E+10    0.2499720E+09    0.6126499E+09
 380     -0.890295E+09    0.2739511E+09    0.1164355E+09
 381      0.664741E+08    0.5447064E+09   -0.4134446E+09
 382      0.290231E+09    0.1307961E+10   -0.5315733E+09
 383      0.404836E+09    0.1820213E+10   -0.5684521E+09
 384      0.404457E+09    0.2071027E+10   -0.4458593E+09
 385      0.401051E+09    0.2325656E+10   -0.3309267E+09
 386      0.353696E+09    0.2409787E+10   -0.2069510E+09
 387      0.317648E+09    0.2499871E+10   -0.8697388E+08
 388      0.251024E+09    0.2473109E+10   -0.3360054E+07
 389      0.193708E+09    0.2447819E+10    0.7603523E+08
 390      0.121489E+09    0.2337623E+10    0.1073483E+09
 391      0.537221E+08    0.2229860E+10    0.1368983E+09
 392      0.164439E+09    0.2103082E+10    0.2340424E+09
 393      0.273197E+09    0.1989251E+10    0.3388531E+09
 394      0.325919E+09    0.1772143E+10    0.4308254E+09
 395      0.367852E+09    0.1559071E+10    0.5327696E+09
 396      0.290326E+09    0.1125422E+10    0.5024202E+09
 397      0.939408E+08    0.4796767E+09    0.3919901E+09
 398     -0.823332E+09    0.2541408E+09   -0.6946796E+08
 399     -0.315507E+10    0.2299943E+09   -0.4677440E+09
 400     -0.266244E+10   -0.4530974E+09   -0.1572133E+09
 401     -0.293814E+09    0.8307192E+09   -0.7737987E+09
 402      0.181144E+07    0.2065062E+10   -0.1203470E+10
 403      0.172124E+09    0.2482285E+10   -0.9729887E+09
 404      0.205109E+09    0.2919708E+10   -0.8272802E+09
 405      0.206921E+09    0.3073850E+10   -0.6187775E+09
 406      0.204978E+09    0.3243977E+10   -0.4183925E+09
 407      0.181234E+09    0.3276497E+10   -0.2424160E+09
 408      0.164793E+09    0.3313573E+10   -0.6828324E+08
 409      0.130625E+09    0.3257099E+10    0.5429460E+08
 410      0.103458E+09    0.3201263E+10    0.1753295E+09
 411      0.654657E+08    0.3077312E+10    0.2330303E+09
 412      0.236012E+08    0.2950254E+10    0.2765494E+09
 413      0.715072E+08    0.2836183E+10    0.3442441E+09
 414      0.140407E+09    0.2744546E+10    0.4309020E+09
 415      0.172411E+09    0.2610983E+10    0.5891513E+09
 416      0.195871E+09    0.2482960E+10    0.7547039E+09
 417      0.185581E+09    0.2118688E+10    0.8940158E+09
 418      0.426255E+08    0.1754859E+10    0.1116637E+10
 419     -0.244162E+09    0.6939124E+09    0.7213359E+09
 420     -0.253449E+10   -0.3880012E+09    0.2064144E+09
 421     -0.135602E+10    0.4355281E+10   -0.1086380E+10
 422      0.132260E+09    0.4352600E+10   -0.1633255E+10
 423     -0.740684E+08    0.4306745E+10   -0.1827922E+10
 424      0.339100E+08    0.4249887E+10   -0.1345193E+10
 425      0.120970E+07    0.4274091E+10   -0.1049903E+10
 426      0.116409E+08    0.4279194E+10   -0.7649367E+09
 427      0.117691E+08    0.4297559E+10   -0.4920160E+09
 428      0.123363E+08    0.4261227E+10   -0.2663103E+09
 429      0.151771E+08    0.4226249E+10   -0.4209089E+08
 430      0.134572E+08    0.4125368E+10    0.1177911E+09
 431      0.154861E+08    0.4025843E+10    0.2785927E+09
 432      0.105733E+08    0.3883409E+10    0.3597497E+09
 433     -0.295577E+07    0.3719329E+10    0.4187970E+09
 434     -0.853394E+07    0.3626433E+10    0.4508748E+09
 435      0.101402E+08    0.3587513E+10    0.5116161E+09
 436      0.206291E+08    0.3614566E+10    0.7288511E+09
 437      0.184816E+08    0.3629532E+10    0.9518791E+09
 438      0.623680E+08    0.3639906E+10    0.1237147E+10
 439     -0.332317E+08    0.3732748E+10    0.1711676E+10
 440      0.194555E+09    0.3693864E+10    0.1567422E+10
 441     -0.129970E+10    0.3582429E+10    0.1167967E+10
