   1     -0.131467E+09    0.5139120E+07    0.3229038E+06
   2     -0.192659E+09   -0.1176635E+08    0.1271654E+07
   3     -0.207205E+09   -0.3045050E+08    0.1957013E+07
   4     -0.194337E+09   -0.6716734E+08    0.1347959E+07
   5     -0.144425E+09   -0.1023711E+09    0.1266726E+07
   6     -0.789582E+08   -0.1462196E+09    0.2315257E+07
   7      0.551282E+07   -0.1907117E+09    0.2450286E+07
   8      0.965466E+08   -0.2300690E+09    0.2533532E+07
   9      0.173899E+09   -0.2698429E+09    0.3282256E+07
  10      0.246659E+09   -0.2941175E+09    0.2306665E+07
  11      0.294891E+09   -0.3171671E+09    0.1379282E+07
  12      0.324152E+09   -0.3157639E+09    0.4960761E+06
  13      0.325221E+09   -0.3132036E+09   -0.2964696E+06
  14      0.299367E+09   -0.2888534E+09    0.3278791E+05
  15      0.235644E+09   -0.2654836E+09   -0.2010205E+06
  16      0.147734E+09   -0.2233598E+09   -0.1785617E+07
  17      0.174926E+08   -0.1797259E+09   -0.2810514E+07
  18     -0.137854E+09   -0.1260510E+09   -0.3912863E+07
  19     -0.307392E+09   -0.6914096E+08   -0.6229339E+07
  20     -0.505516E+09   -0.2765493E+08   -0.4550946E+07
  21     -0.658055E+09    0.9422125E+07   -0.1818687E+07
  22     -0.150253E+09    0.3554203E+07    0.1792258E+07
  23     -0.204202E+09   -0.9065667E+07    0.1402880E+08
  24     -0.218146E+09   -0.2247741E+08    0.2653410E+08
  25     -0.199315E+09   -0.5433296E+08    0.3232048E+08
  26     -0.149088E+09   -0.8681055E+08    0.3829494E+08
  27     -0.778836E+08   -0.1233990E+09    0.3795364E+08
  28      0.925247E+07   -0.1589123E+09    0.3677361E+08
  29      0.100449E+09   -0.1881407E+09    0.3205889E+08
  30      0.182442E+09   -0.2173413E+09    0.2728789E+08
  31      0.255198E+09   -0.2333029E+09    0.1803758E+08
  32      0.306206E+09   -0.2493451E+09    0.8856091E+07
  33      0.335571E+09   -0.2464960E+09   -0.2770689E+07
  34      0.335447E+09   -0.2430456E+09   -0.1402494E+08
  35      0.308263E+09   -0.2201979E+09   -0.2303673E+08
  36      0.245155E+09   -0.1964255E+09   -0.3264866E+08
  37      0.152710E+09   -0.1589340E+09   -0.3848838E+08
  38      0.210461E+08   -0.1214865E+09   -0.4417903E+08
  39     -0.138332E+09   -0.8131974E+08   -0.4366652E+08
  40     -0.316995E+09   -0.3985077E+08   -0.4374175E+08
  41     -0.520934E+09   -0.1661033E+08   -0.2640300E+08
  42     -0.707123E+09    0.4535529E+07   -0.7983683E+07
  43     -0.170223E+09    0.3909895E+07    0.2604488E+07
  44     -0.215771E+09   -0.5969470E+07    0.2619686E+08
  45     -0.229839E+09   -0.1678754E+08    0.5044633E+08
  46     -0.204088E+09   -0.4438503E+08    0.6276820E+08
  47     -0.154332E+09   -0.7166116E+08    0.7454389E+08
  48     -0.764577E+08   -0.1039350E+09    0.7312237E+08
  49      0.125999E+08   -0.1373239E+09    0.7161461E+08
  50      0.104342E+09   -0.1647592E+09    0.6143539E+08
  51      0.191394E+09   -0.1904555E+09    0.5049732E+08
  52      0.263641E+09   -0.2000283E+09    0.3295754E+08
  53      0.317936E+09   -0.2094517E+09    0.1582715E+08
  54      0.347475E+09   -0.2050346E+09   -0.5771503E+07
  55      0.346294E+09   -0.2005225E+09   -0.2780468E+08
  56      0.317691E+09   -0.1757479E+09   -0.4690917E+08
  57      0.254668E+09   -0.1504966E+09   -0.6539983E+08
  58      0.157803E+09   -0.1176390E+09   -0.7477382E+08
  59      0.257243E+08   -0.8325338E+08   -0.8544580E+08
  60     -0.138572E+09   -0.5074569E+08   -0.8212915E+08
  61     -0.326857E+09   -0.1890828E+08   -0.7918053E+08
  62     -0.536165E+09   -0.6044935E+07   -0.4670641E+08
  63     -0.763232E+09    0.5482593E+07   -0.1229775E+08
  64     -0.210789E+09    0.3165254E+07    0.2330135E+07
  65     -0.249388E+09   -0.7102496E+07    0.3580487E+08
  66     -0.256781E+09   -0.1796936E+08    0.6972963E+08
  67     -0.221911E+09   -0.4388780E+08    0.8759948E+08
  68     -0.159354E+09   -0.7029319E+08    0.1040395E+09
  69     -0.747952E+08   -0.9980031E+08    0.1014204E+09
  70      0.218454E+08   -0.1288089E+09    0.9948859E+08
  71      0.120984E+09   -0.1507885E+09    0.8271799E+08
  72      0.213003E+09   -0.1726332E+09    0.6585048E+08
  73      0.288776E+09   -0.1816154E+09    0.4051302E+08
  74      0.345016E+09   -0.1898244E+09    0.1542338E+08
  75      0.376198E+09   -0.1820777E+09   -0.1285112E+08
  76      0.377133E+09   -0.1744546E+09   -0.4219867E+08
  77      0.342738E+09   -0.1545126E+09   -0.6790472E+08
  78      0.274602E+09   -0.1340015E+09   -0.9285154E+08
  79      0.169869E+09   -0.1023460E+09   -0.1051002E+09
  80      0.307802E+08   -0.7023416E+08   -0.1177930E+09
  81     -0.148594E+09   -0.4205167E+08   -0.1082756E+09
  82     -0.351010E+09   -0.1355626E+08   -0.9926535E+08
  83     -0.582436E+09   -0.3941769E+07   -0.5374876E+08
  84     -0.840767E+09    0.4381172E+07   -0.6659265E+07
  85     -0.249302E+09    0.3874566E+07    0.2361384E+07
  86     -0.282742E+09   -0.7026548E+07    0.4587550E+08
  87     -0.282866E+09   -0.1944748E+08    0.8985205E+08
  88     -0.240367E+09   -0.4605589E+08    0.1126893E+09
  89     -0.163365E+09   -0.7227838E+08    0.1344846E+09
  90     -0.736339E+08   -0.1026505E+09    0.1304747E+09
  91      0.319023E+08   -0.1322447E+09    0.1262652E+09
  92      0.137825E+09   -0.1504849E+09    0.1034776E+09
  93      0.233984E+09   -0.1680630E+09    0.8131797E+08
  94      0.314166E+09   -0.1738790E+09    0.4871903E+08
  95      0.371783E+09   -0.1805520E+09    0.1575591E+08
  96      0.404630E+09   -0.1720705E+09   -0.2062492E+08
  97      0.407306E+09   -0.1619987E+09   -0.5706141E+08
  98      0.367175E+09   -0.1425048E+09   -0.8761068E+08
  99      0.295611E+09   -0.1238347E+09   -0.1191731E+09
 100      0.181801E+09   -0.9768146E+08   -0.1351985E+09
 101      0.338969E+08   -0.7064560E+08   -0.1496288E+09
 102     -0.158429E+09   -0.4314164E+08   -0.1357465E+09
 103     -0.376007E+09   -0.1528992E+08   -0.1211909E+09
 104     -0.629810E+09   -0.5560576E+07   -0.6193547E+08
 105     -0.908208E+09    0.2965580E+07   -0.3129455E+07
 106     -0.309864E+09    0.3661567E+07    0.3500118E+07
 107     -0.338254E+09   -0.9272554E+07    0.5834844E+08
 108     -0.322893E+09   -0.2364710E+08    0.1134683E+09
 109     -0.265003E+09   -0.5084828E+08    0.1381959E+09
 110     -0.175104E+09   -0.7726645E+08    0.1631028E+09
 111     -0.666194E+08   -0.1038584E+09    0.1570691E+09
 112      0.498771E+08   -0.1301293E+09    0.1497255E+09
 113      0.165443E+09   -0.1496649E+09    0.1216921E+09
 114      0.267546E+09   -0.1694323E+09    0.9399775E+08
 115      0.354186E+09   -0.1755932E+09    0.5398444E+08
 116      0.414333E+09   -0.1805663E+09    0.1367527E+08
 117      0.447708E+09   -0.1717189E+09   -0.2942057E+08
 118      0.446219E+09   -0.1634640E+09   -0.7204951E+08
 119      0.402728E+09   -0.1428424E+09   -0.1073187E+09
 120      0.324168E+09   -0.1214073E+09   -0.1430986E+09
 121      0.199599E+09   -0.9465917E+08   -0.1605865E+09
 122      0.321027E+08   -0.6726204E+08   -0.1776281E+09
 123     -0.175081E+09   -0.4307411E+08   -0.1594397E+09
 124     -0.422262E+09   -0.1974970E+08   -0.1400811E+09
 125     -0.696828E+09   -0.8329903E+07   -0.7252958E+08
 126     -0.994633E+09    0.2738875E+07   -0.5400953E+07
 127     -0.370343E+09    0.3790951E+07    0.5292722E+07
 128     -0.393789E+09   -0.9803892E+07    0.7098063E+08
 129     -0.362077E+09   -0.2431924E+08    0.1362506E+09
 130     -0.289356E+09   -0.5349781E+08    0.1641859E+09
 131     -0.187333E+09   -0.8296555E+08    0.1922711E+09
 132     -0.594811E+08   -0.1109840E+09    0.1836076E+09
 133      0.671120E+08   -0.1388530E+09    0.1745507E+09
 134      0.193028E+09   -0.1567762E+09    0.1408108E+09
 135      0.301897E+09   -0.1725167E+09    0.1066146E+09
 136      0.394176E+09   -0.1747819E+09    0.5931256E+08
 137      0.457606E+09   -0.1786259E+09    0.1178146E+08
 138      0.490760E+09   -0.1707032E+09   -0.3801947E+08
 139      0.485174E+09   -0.1614838E+09   -0.8705917E+08
 140      0.438534E+09   -0.1431943E+09   -0.1275028E+09
 141      0.350856E+09   -0.1256636E+09   -0.1676650E+09
 142      0.217607E+09   -0.9983721E+08   -0.1870675E+09
 143      0.304612E+08   -0.7286238E+08   -0.2068272E+09
 144     -0.192958E+09   -0.4575821E+08   -0.1834395E+09
 145     -0.466993E+09   -0.1753388E+08   -0.1596843E+09
 146     -0.762739E+09   -0.5208756E+07   -0.8305634E+08
 147     -0.108319E+10    0.5121167E+07   -0.5654680E+07
 148     -0.465146E+09    0.3907308E+07    0.8118098E+07
 149     -0.471920E+09   -0.1122275E+08    0.8569114E+08
 150     -0.414292E+09   -0.2809731E+08    0.1630940E+09
 151     -0.320405E+09   -0.5913336E+08    0.1934078E+09
 152     -0.193807E+09   -0.8940148E+08    0.2226020E+09
 153     -0.470200E+08   -0.1154378E+09    0.2087949E+09
 154      0.943857E+08   -0.1403114E+09    0.1951560E+09
 155      0.232355E+09   -0.1538244E+09    0.1548698E+09
 156      0.350583E+09   -0.1677954E+09    0.1145165E+09
 157      0.446120E+09   -0.1703952E+09    0.6155443E+08
 158      0.513565E+09   -0.1721230E+09    0.8831090E+07
 159      0.544191E+09   -0.1645512E+09   -0.4518920E+08
 160      0.536567E+09   -0.1575750E+09   -0.9917139E+08
 161      0.483233E+09   -0.1408442E+09   -0.1440244E+09
 162      0.385066E+09   -0.1233668E+09   -0.1887860E+09
 163      0.239678E+09   -0.9975653E+08   -0.2106201E+09
 164      0.330889E+08   -0.7608412E+08   -0.2331285E+09
 165     -0.219319E+09   -0.5053197E+08   -0.2089053E+09
 166     -0.518499E+09   -0.2427619E+08   -0.1838434E+09
 167     -0.851645E+09   -0.9908111E+07   -0.9586794E+08
 168     -0.119793E+10    0.3254736E+07   -0.6733458E+07
 169     -0.559489E+09    0.5593342E+07    0.9854160E+07
 170     -0.549863E+09   -0.1128501E+08    0.1006143E+09
 171     -0.468399E+09   -0.3177420E+08    0.1923434E+09
 172     -0.350674E+09   -0.6529225E+08    0.2230848E+09
 173     -0.200719E+09   -0.9449360E+08    0.2516009E+09
 174     -0.350114E+08   -0.1160627E+09    0.2345393E+09
 175      0.122663E+09   -0.1389943E+09    0.2165120E+09
 176      0.271617E+09   -0.1502338E+09    0.1695549E+09
 177      0.399285E+09   -0.1601276E+09    0.1237653E+09
 178      0.499188E+09   -0.1598754E+09    0.6426592E+08
 179      0.569180E+09   -0.1599460E+09    0.5374561E+07
 180      0.597885E+09   -0.1533098E+09   -0.5250049E+08
 181      0.589089E+09   -0.1472169E+09   -0.1112634E+09
 182      0.527959E+09   -0.1335038E+09   -0.1616195E+09
 183      0.419882E+09   -0.1192295E+09   -0.2116327E+09
 184      0.260770E+09   -0.9792711E+08   -0.2348835E+09
 185      0.358294E+08   -0.7710952E+08   -0.2588494E+09
 186     -0.245284E+09   -0.5338588E+08   -0.2341655E+09
 187     -0.571120E+09   -0.2648937E+08   -0.2081208E+09
 188     -0.940338E+09   -0.9719514E+07   -0.1091785E+09
 189     -0.131351E+10    0.4303977E+07   -0.9417537E+07
 190     -0.695443E+09    0.3635565E+07    0.1463950E+08
 191     -0.653842E+09   -0.1501727E+08    0.1185832E+09
 192     -0.537656E+09   -0.3527109E+08    0.2224897E+09
 193     -0.378146E+09   -0.6480983E+08    0.2510100E+09
 194     -0.201123E+09   -0.9453877E+08    0.2775183E+09
 195     -0.117854E+08   -0.1133299E+09    0.2516207E+09
 196      0.164568E+09   -0.1295287E+09    0.2256194E+09
 197      0.322326E+09   -0.1308415E+09    0.1726905E+09
 198      0.455944E+09   -0.1318131E+09    0.1210292E+09
 199      0.559402E+09   -0.1270352E+09    0.6129465E+08
 200      0.628838E+09   -0.1235803E+09    0.2152682E+07
 201      0.657297E+09   -0.1193714E+09   -0.5669960E+08
 202      0.646349E+09   -0.1151439E+09   -0.1155324E+09
 203      0.581305E+09   -0.1098415E+09   -0.1679996E+09
 204      0.463199E+09   -0.1046782E+09   -0.2213849E+09
 205      0.288392E+09   -0.8995584E+08   -0.2499956E+09
 206      0.426500E+08   -0.7392950E+08   -0.2792645E+09
 207     -0.268276E+09   -0.5020028E+08   -0.2569418E+09
 208     -0.636324E+09   -0.2548601E+08   -0.2334732E+09
 209     -0.104909E+10   -0.1002536E+08   -0.1235634E+09
 210     -0.147400E+10    0.3690707E+07   -0.1227168E+08
 211     -0.831744E+09    0.4855365E+07    0.2041131E+08
 212     -0.758200E+09   -0.1488355E+08    0.1370928E+09
 213     -0.606109E+09   -0.3763798E+08    0.2520320E+09
 214     -0.407953E+09   -0.6339180E+08    0.2797073E+09
 215     -0.201768E+09   -0.8656293E+08    0.3062454E+09
 216      0.128462E+08   -0.9141903E+08    0.2696471E+09
 217      0.205866E+09   -0.9424620E+08    0.2344120E+09
 218      0.374427E+09   -0.8446683E+08    0.1762403E+09
 219      0.512986E+09   -0.7550738E+08    0.1189402E+09
 220      0.619842E+09   -0.6670736E+08    0.5849140E+08
 221      0.689257E+09   -0.5782455E+08   -0.1255235E+07
 222      0.717965E+09   -0.5717907E+08   -0.6045557E+08
 223      0.703738E+09   -0.5792902E+08   -0.1198545E+09
 224      0.635548E+09   -0.6089243E+08   -0.1747726E+09
 225      0.506510E+09   -0.6537711E+08   -0.2301304E+09
 226      0.316701E+09   -0.6881652E+08   -0.2646082E+09
 227      0.499004E+08   -0.7022592E+08   -0.3012672E+09
 228     -0.292696E+09   -0.5225062E+08   -0.2814869E+09
 229     -0.701993E+09   -0.3068873E+08   -0.2605177E+09
 230     -0.115955E+10   -0.1112726E+08   -0.1387491E+09
 231     -0.163192E+10    0.5032667E+07   -0.1449679E+08
 232     -0.102332E+10    0.2381578E+07    0.2880747E+08
 233     -0.884825E+09   -0.1636343E+08    0.1550786E+09
 234     -0.672737E+09   -0.3877911E+08    0.2782619E+09
 235     -0.427418E+09   -0.5406068E+08    0.2920584E+09
 236     -0.181197E+09   -0.6476517E+08    0.3044382E+09
 237      0.555026E+08   -0.5019201E+08    0.2574225E+09
 238      0.257824E+09   -0.3520764E+08    0.2130422E+09
 239      0.431453E+09   -0.1135966E+08    0.1547353E+09
 240      0.569616E+09    0.1255193E+08    0.9785280E+08
 241      0.672842E+09    0.2883836E+08    0.4474597E+08
 242      0.742458E+09    0.4391062E+08   -0.7559548E+07
 243      0.768567E+09    0.4158381E+08   -0.5680054E+08
 244      0.756029E+09    0.3781515E+08   -0.1058745E+09
 245      0.687724E+09    0.1721988E+08   -0.1563782E+09
 246      0.556400E+09   -0.3439300E+07   -0.2083849E+09
 247      0.358104E+09   -0.1802005E+08   -0.2498483E+09
 248      0.729858E+08   -0.3253440E+08   -0.2930271E+09
 249     -0.303102E+09   -0.3208535E+08   -0.2852645E+09
 250     -0.762436E+09   -0.2775345E+08   -0.2784027E+09
 251     -0.128778E+10   -0.1197586E+08   -0.1526616E+09
 252     -0.184183E+10    0.1079524E+07   -0.2224848E+08
 253     -0.121578E+10    0.3474934E+07    0.3754455E+08
 254     -0.101258E+10   -0.1510707E+08    0.1739533E+09
 255     -0.742456E+09   -0.3725385E+08    0.3065892E+09
 256     -0.446589E+09   -0.3659508E+08    0.3060562E+09
 257     -0.160787E+09   -0.2976544E+08    0.3039167E+09
 258      0.974708E+08    0.1208793E+08    0.2465981E+09
 259      0.311218E+09    0.5472230E+08    0.1924457E+09
 260      0.489337E+09    0.1047624E+09    0.1333763E+09
 261      0.627855E+09    0.1528150E+09    0.7673855E+08
 262      0.726860E+09    0.1768082E+09    0.3163354E+08
 263      0.796925E+09    0.1990670E+09   -0.1251389E+08
 264      0.820133E+09    0.1896565E+09   -0.5319267E+08
 265      0.808133E+09    0.1804159E+09   -0.9290322E+08
 266      0.740947E+09    0.1452455E+09   -0.1380525E+09
 267      0.608861E+09    0.1056465E+09   -0.1867868E+09
 268      0.400592E+09    0.5765586E+08   -0.2364647E+09
 269      0.941960E+08    0.1225459E+08   -0.2874986E+09
 270     -0.313666E+09   -0.1705165E+07   -0.2910144E+09
 271     -0.826178E+09   -0.1263251E+08   -0.2961309E+09
 272     -0.141627E+10   -0.4885551E+07   -0.1659720E+09
 273     -0.205773E+10    0.1442521E+07   -0.3000152E+08
 274     -0.146077E+10   -0.3780028E+07    0.5136887E+08
 275     -0.114810E+10   -0.1351836E+08    0.1839070E+09
 276     -0.785523E+09   -0.2791619E+08    0.3084612E+09
 277     -0.423796E+09    0.1487778E+07    0.2748752E+09
 278     -0.107229E+09    0.3784942E+08    0.2432502E+09
 279      0.157903E+09    0.1163643E+09    0.1738682E+09
 280      0.369482E+09    0.1961620E+09    0.1091483E+09
 281      0.532914E+09    0.2725903E+09    0.6319518E+08
 282      0.661132E+09    0.3469361E+09    0.2042742E+08
 283      0.749490E+09    0.3830330E+09   -0.3496059E+06
 284      0.815553E+09    0.4175449E+09   -0.2012805E+08
 285      0.839140E+09    0.4006458E+09   -0.3539230E+08
 286      0.831317E+09    0.3815516E+09   -0.5093785E+08
 287      0.772108E+09    0.3206128E+09   -0.7909516E+08
 288      0.654064E+09    0.2590200E+09   -0.1089265E+09
 289      0.451868E+09    0.1784403E+09   -0.1588735E+09
 290      0.144698E+09    0.9578245E+08   -0.2139239E+09
 291     -0.286705E+09    0.4247021E+08   -0.2452433E+09
 292     -0.857009E+09   -0.2772693E+07   -0.2805901E+09
 293     -0.153962E+10   -0.1564713E+07   -0.1641537E+09
 294     -0.231391E+10   -0.4276078E+07   -0.3764328E+08
 295     -0.170608E+10    0.1850817E+07    0.6832911E+08
 296     -0.128755E+10   -0.1119094E+08    0.1960712E+09
 297     -0.836617E+09   -0.2058303E+08    0.3145298E+09
 298     -0.399470E+09    0.5574414E+08    0.2474371E+09
 299     -0.551575E+08    0.1382011E+09    0.1838072E+09
 300      0.222609E+09    0.2739808E+09    0.1013820E+09
 301      0.429448E+09    0.4050059E+09    0.2503034E+08
 302      0.577385E+09    0.5123972E+09   -0.6952289E+07
 303      0.694883E+09    0.6156153E+09   -0.3597614E+08
 304      0.772060E+09    0.6618732E+09   -0.3273934E+08
 305      0.834098E+09    0.7075497E+09   -0.2851857E+08
 306      0.857714E+09    0.6858834E+09   -0.1702204E+08
 307      0.857057E+09    0.6628948E+09   -0.6220137E+07
 308      0.804929E+09    0.5714497E+09   -0.1743452E+08
 309      0.700050E+09    0.4751979E+09   -0.2950782E+08
 310      0.506185E+09    0.3464412E+09   -0.8209338E+08
 311      0.196070E+09    0.2144937E+09   -0.1405704E+09
 312     -0.257967E+09    0.1131892E+09   -0.2008979E+09
 313     -0.893431E+09    0.1389048E+08   -0.2684116E+09
 314     -0.166858E+10    0.2341529E+07   -0.1652918E+09
 315     -0.257042E+10   -0.3048308E+07   -0.4924918E+08
 316     -0.200102E+10   -0.2730737E+08    0.9797723E+08
 317     -0.137926E+10   -0.1875996E+07    0.1793172E+09
 318     -0.784756E+09    0.1803462E+08    0.2374025E+09
 319     -0.304343E+09    0.1615568E+09    0.1094046E+09
 320      0.450986E+08    0.3164775E+09   -0.1222238E+07
 321      0.286410E+09    0.5075064E+09   -0.7663321E+08
 322      0.459966E+09    0.6954433E+09   -0.1412418E+09
 323      0.573104E+09    0.8332064E+09   -0.1363941E+09
 324      0.669207E+09    0.9684297E+09   -0.1302481E+09
 325      0.730183E+09    0.1024420E+10   -0.8509837E+08
 326      0.784119E+09    0.1079575E+10   -0.3973737E+08
 327      0.806954E+09    0.1048534E+10    0.1498512E+08
 328      0.816224E+09    0.1017017E+10    0.7012353E+08
 329      0.779420E+09    0.8992335E+09    0.1009629E+09
 330      0.704902E+09    0.7788948E+09    0.1313793E+09
 331      0.543789E+09    0.5925643E+09    0.9836426E+08
 332      0.275641E+09    0.4012236E+09    0.5760180E+08
 333     -0.163408E+09    0.2290560E+09   -0.4136808E+08
 334     -0.822664E+09    0.6669659E+08   -0.1605417E+09
 335     -0.172781E+10    0.2109971E+08   -0.1269590E+09
 336     -0.284129E+10   -0.2706747E+08   -0.6851171E+08
 337     -0.233234E+10    0.2830900E+08    0.1518212E+09
 338     -0.147255E+10    0.1851930E+08    0.1706395E+09
 339     -0.766040E+09    0.5624350E+08    0.1737620E+09
 340     -0.188681E+09    0.3362984E+09   -0.2109821E+08
 341      0.151684E+09    0.5931084E+09   -0.1993594E+09
 342      0.355055E+09    0.8663462E+09   -0.2607822E+09
 343      0.490949E+09    0.1116651E+10   -0.3123316E+09
 344      0.568277E+09    0.1275236E+10   -0.2691535E+09
 345      0.640935E+09    0.1432388E+10   -0.2263792E+09
 346      0.686450E+09    0.1491678E+10   -0.1372530E+09
 347      0.731509E+09    0.1551433E+10   -0.4892392E+08
 348      0.754949E+09    0.1514730E+10    0.4953265E+08
 349      0.772529E+09    0.1480032E+10    0.1493632E+09
 350      0.753217E+09    0.1340859E+10    0.2234907E+09
 351      0.711392E+09    0.1199044E+10    0.2984716E+09
 352      0.586512E+09    0.9532839E+09    0.2874076E+09
 353      0.362790E+09    0.6887307E+09    0.2694059E+09
 354     -0.488796E+08    0.4152657E+09    0.1126021E+09
 355     -0.778687E+09    0.1154116E+09   -0.6431201E+08
 356     -0.179030E+10    0.4262863E+08   -0.9621183E+08
 357     -0.314940E+10    0.1607073E+08   -0.1069312E+09
 358     -0.261797E+10   -0.1206580E+09    0.1779052E+09
 359     -0.137034E+10    0.7090994E+08    0.4559082E+08
 360     -0.474071E+09    0.2541348E+09   -0.1482620E+09
 361     -0.234617E+08    0.6587653E+09   -0.3990254E+09
 362      0.219077E+09    0.1075062E+10   -0.5641412E+09
 363      0.344400E+09    0.1374190E+10   -0.5439927E+09
 364      0.428093E+09    0.1664556E+10   -0.5278395E+09
 365      0.474098E+09    0.1824370E+10   -0.4277279E+09
 366      0.520423E+09    0.1986220E+10   -0.3304391E+09
 367      0.551965E+09    0.2043258E+10   -0.1932818E+09
 368      0.589562E+09    0.2103140E+10   -0.5749920E+08
 369      0.609547E+09    0.2064811E+10    0.9034086E+08
 370      0.629290E+09    0.2028483E+10    0.2399060E+09
 371      0.624645E+09    0.1881542E+10    0.3739074E+09
 372      0.610382E+09    0.1736449E+10    0.5113800E+09
 373      0.535119E+09    0.1452198E+10    0.5739552E+09
 374      0.396763E+09    0.1159001E+10    0.6419034E+09
 375      0.972841E+08    0.7390654E+09    0.5089257E+09
 376     -0.482917E+09    0.3228247E+09    0.3007627E+09
 377     -0.161608E+10    0.1057410E+09    0.6400769E+08
 378     -0.333578E+10   -0.1103769E+09   -0.1146884E+09
 379     -0.353538E+10    0.2579611E+09    0.6299794E+09
 380     -0.111040E+10    0.2824198E+09    0.1164148E+07
 381     -0.121911E+09    0.5567128E+09   -0.6530314E+09
 382      0.139255E+09    0.1327806E+10   -0.8382076E+09
 383      0.285762E+09    0.1842639E+10   -0.9447349E+09
 384      0.320247E+09    0.2112546E+10   -0.8401559E+09
 385      0.358246E+09    0.2388363E+10   -0.7449159E+09
 386      0.372441E+09    0.2518091E+10   -0.5868536E+09
 387      0.396156E+09    0.2654929E+10   -0.4323524E+09
 388      0.412682E+09    0.2701168E+10   -0.2479325E+09
 389      0.445029E+09    0.2752494E+10   -0.6387987E+08
 390      0.460495E+09    0.2719453E+10    0.1338937E+09
 391      0.482742E+09    0.2691742E+10    0.3332572E+09
 392      0.491218E+09    0.2562297E+10    0.5292516E+09
 393      0.503855E+09    0.2439248E+10    0.7292733E+09
 394      0.474948E+09    0.2160191E+10    0.8756990E+09
 395      0.432731E+09    0.1886685E+10    0.1032760E+10
 396      0.243531E+09    0.1360543E+10    0.9651930E+09
 397     -0.120836E+09    0.6115315E+09    0.8196126E+09
 398     -0.129939E+10    0.3078220E+09    0.1531691E+09
 399     -0.412088E+10    0.2166758E+09   -0.4639510E+09
 400     -0.276021E+10   -0.4616588E+09   -0.1476087E+09
 401     -0.407386E+09    0.8337500E+09   -0.8797914E+09
 402     -0.973829E+08    0.2070531E+10   -0.1419966E+10
 403      0.925330E+08    0.2472329E+10   -0.1263300E+10
 404      0.140347E+09    0.2895590E+10   -0.1191050E+10
 405      0.157753E+09    0.3053127E+10   -0.1020507E+10
 406      0.176482E+09    0.3229554E+10   -0.8596366E+09
 407      0.182935E+09    0.3308519E+10   -0.6710649E+09
 408      0.196847E+09    0.3394500E+10   -0.4844932E+09
 409      0.204988E+09    0.3424835E+10   -0.2782766E+09
 410      0.223673E+09    0.3460448E+10   -0.7129051E+08
 411      0.233326E+09    0.3442816E+10    0.1565362E+09
 412      0.245554E+09    0.3428082E+10    0.3844714E+09
 413      0.252551E+09    0.3341380E+10    0.6241379E+09
 414      0.261407E+09    0.3261045E+10    0.8665470E+09
 415      0.251590E+09    0.3058328E+10    0.1094912E+10
 416      0.232776E+09    0.2869115E+10    0.1334852E+10
 417      0.163332E+09    0.2409813E+10    0.1448924E+10
 418     -0.667585E+08    0.1945137E+10    0.1656918E+10
 419     -0.492680E+09    0.7791880E+09    0.1026557E+10
 420     -0.305601E+10   -0.4060491E+09    0.2523396E+09
 421     -0.133333E+10    0.4471675E+10   -0.1062696E+10
 422      0.122949E+09    0.4436618E+10   -0.1719093E+10
 423     -0.827095E+08    0.4351713E+10   -0.2018740E+10
 424      0.252215E+08    0.4237448E+10   -0.1618873E+10
 425     -0.790467E+07    0.4201473E+10   -0.1401973E+10
 426     -0.127576E+06    0.4180664E+10   -0.1174721E+10
 427     -0.763195E+06    0.4175373E+10   -0.9611478E+09
 428     -0.312456E+06    0.4180529E+10   -0.7456148E+09
 429      0.265496E+07    0.4190742E+10   -0.5317611E+09
 430      0.355799E+07    0.4203822E+10   -0.3049282E+09
 431      0.744595E+07    0.4220458E+10   -0.7761263E+08
 432      0.114798E+08    0.4226411E+10    0.1788027E+09
 433      0.138987E+08    0.4235055E+10    0.4343506E+09
 434      0.191204E+08    0.4217680E+10    0.7139133E+09
 435      0.233661E+08    0.4204950E+10    0.9968271E+09
 436      0.315032E+08    0.4151525E+10    0.1297738E+10
 437      0.284727E+08    0.4109273E+10    0.1614190E+10
 438      0.656061E+08    0.4019690E+10    0.1885881E+10
 439     -0.342743E+08    0.4004280E+10    0.2366745E+10
 440      0.173113E+09    0.3854292E+10    0.1952760E+10
 441     -0.135707E+10    0.3636696E+10    0.1250867E+10
