   1     -0.591075E+09    0.3926619E+07   -0.3623413E+06
   2     -0.513687E+09   -0.7270674E+07   -0.9165894E+05
   3     -0.412705E+09   -0.1963131E+08    0.7983015E+05
   4     -0.298646E+09   -0.4743751E+08    0.3319466E+05
   5     -0.173186E+09   -0.7482965E+08    0.8128631E+05
   6     -0.434958E+08   -0.1064253E+09    0.1313440E+06
   7      0.866493E+08   -0.1376125E+09    0.1923601E+06
   8      0.213752E+09   -0.1652677E+09    0.2864684E+06
   9      0.334489E+09   -0.1915735E+09    0.8172107E+06
  10      0.447035E+09   -0.2196036E+09    0.2925558E+07
  11      0.523390E+09   -0.2507521E+09    0.2877291E+07
  12      0.559126E+09   -0.2611418E+09    0.1058706E+07
  13      0.557078E+09   -0.2688147E+09    0.4986764E+06
  14      0.520480E+09   -0.2495109E+09   -0.2205172E+06
  15      0.436856E+09   -0.2296819E+09    0.3032792E+06
  16      0.298203E+09   -0.1973933E+09    0.1054128E+07
  17      0.964387E+08   -0.1635327E+09    0.2617024E+06
  18     -0.175395E+09   -0.1237210E+09    0.6890187E+06
  19     -0.526237E+09   -0.8751240E+08    0.8721663E+06
  20     -0.968692E+09   -0.4492025E+08   -0.5803918E+07
  21     -0.133528E+10   -0.6349796E+06   -0.1147824E+08
  22     -0.604214E+09    0.3230571E+07    0.1169801E+07
  23     -0.524042E+09   -0.8512549E+07    0.1150913E+08
  24     -0.420139E+09   -0.2109379E+08    0.2182469E+08
  25     -0.303217E+09   -0.4828421E+08    0.2635746E+08
  26     -0.175184E+09   -0.7535186E+08    0.3080352E+08
  27     -0.432531E+08   -0.1064655E+09    0.3045464E+08
  28      0.885170E+08   -0.1371590E+09    0.3002988E+08
  29      0.216776E+09   -0.1643086E+09    0.2691257E+08
  30      0.337028E+09   -0.1912725E+09    0.2430359E+08
  31      0.448541E+09   -0.2102228E+09    0.2211797E+08
  32      0.534043E+09   -0.2300310E+09    0.1881526E+08
  33      0.571387E+09   -0.2360083E+09    0.5868253E+07
  34      0.570126E+09   -0.2406226E+09   -0.6835094E+07
  35      0.531811E+09   -0.2224698E+09   -0.1845858E+08
  36      0.444185E+09   -0.2035244E+09   -0.2915665E+08
  37      0.304471E+09   -0.1662727E+09   -0.3491018E+08
  38      0.100842E+09   -0.1287877E+09   -0.4167767E+08
  39     -0.177765E+09   -0.8650418E+08   -0.4013417E+08
  40     -0.532823E+09   -0.4146087E+08   -0.4054241E+08
  41     -0.974609E+09   -0.1535118E+08   -0.2966662E+08
  42     -0.141429E+10    0.7202003E+07   -0.1602709E+08
  43     -0.617219E+09    0.3977222E+07    0.2341690E+07
  44     -0.534333E+09   -0.7479783E+07    0.2302842E+08
  45     -0.427538E+09   -0.2016652E+08    0.4366609E+08
  46     -0.307798E+09   -0.4813326E+08    0.5272607E+08
  47     -0.177207E+09   -0.7565948E+08    0.6161756E+08
  48     -0.430719E+08   -0.1065914E+09    0.6089133E+08
  49      0.902823E+08   -0.1371829E+09    0.6003872E+08
  50      0.219573E+09   -0.1627375E+09    0.5368189E+08
  51      0.339221E+09   -0.1879764E+09    0.4767501E+08
  52      0.449572E+09   -0.2015809E+09    0.4069835E+08
  53      0.544255E+09   -0.2157173E+09    0.3479158E+08
  54      0.585431E+09   -0.2182041E+09    0.1052267E+08
  55      0.582730E+09   -0.2193136E+09   -0.1521232E+08
  56      0.543547E+09   -0.2004389E+09   -0.3693485E+08
  57      0.451459E+09   -0.1819187E+09   -0.5846060E+08
  58      0.310983E+09   -0.1461644E+09   -0.7154994E+08
  59      0.104917E+09   -0.1086867E+09   -0.8437476E+08
  60     -0.179772E+09   -0.6715857E+08   -0.8149903E+08
  61     -0.538677E+09   -0.2399531E+08   -0.8212339E+08
  62     -0.980260E+09   -0.7001614E+07   -0.5147682E+08
  63     -0.149889E+10    0.6858235E+07   -0.1692122E+08
  64     -0.657207E+09    0.3290541E+07    0.3757800E+07
  65     -0.565570E+09   -0.8959270E+07    0.3499884E+08
  66     -0.449623E+09   -0.2215822E+08    0.6614591E+08
  67     -0.321016E+09   -0.4959603E+08    0.7920005E+08
  68     -0.182466E+09   -0.7686263E+08    0.9201342E+08
  69     -0.414619E+08   -0.1066720E+09    0.8997498E+08
  70      0.971835E+08   -0.1361723E+09    0.8786353E+08
  71      0.230298E+09   -0.1593457E+09    0.7650276E+08
  72      0.352242E+09   -0.1821968E+09    0.6517281E+08
  73      0.463493E+09   -0.1928882E+09    0.5044924E+08
  74      0.558505E+09   -0.2028611E+09    0.3819275E+08
  75      0.619660E+09   -0.2013963E+09    0.9443137E+07
  76      0.616035E+09   -0.2008754E+09   -0.2295577E+08
  77      0.574126E+09   -0.1841162E+09   -0.5451942E+08
  78      0.478292E+09   -0.1659366E+09   -0.8536448E+08
  79      0.330550E+09   -0.1326955E+09   -0.1049191E+09
  80      0.111234E+09   -0.9859826E+08   -0.1237856E+09
  81     -0.184141E+09   -0.6151702E+08   -0.1181288E+09
  82     -0.563074E+09   -0.2358250E+08   -0.1139815E+09
  83     -0.103027E+10   -0.7790765E+07   -0.6304835E+08
  84     -0.159821E+10    0.5903353E+07   -0.9722770E+07
  85     -0.697032E+09    0.4113013E+07    0.5185090E+07
  86     -0.596748E+09   -0.8126222E+07    0.4701273E+08
  87     -0.471684E+09   -0.2178544E+08    0.8869569E+08
  88     -0.334243E+09   -0.5011815E+08    0.1057441E+09
  89     -0.187711E+09   -0.7786374E+08    0.1224870E+09
  90     -0.398039E+08   -0.1069725E+09    0.1191045E+09
  91      0.104217E+09   -0.1356691E+09    0.1156745E+09
  92      0.241343E+09   -0.1569374E+09    0.9924068E+08
  93      0.365762E+09   -0.1782356E+09    0.8288927E+08
  94      0.478110E+09   -0.1857659E+09    0.6036323E+08
  95      0.573331E+09   -0.1904713E+09    0.3985910E+08
  96      0.652202E+09   -0.1860894E+09    0.8407048E+07
  97      0.651268E+09   -0.1866821E+09   -0.2788581E+08
  98      0.604527E+09   -0.1748943E+09   -0.7183755E+08
  99      0.505594E+09   -0.1585721E+09   -0.1133338E+09
 100      0.349489E+09   -0.1274308E+09   -0.1375645E+09
 101      0.118492E+09   -0.9627697E+08   -0.1624699E+09
 102     -0.189373E+09   -0.6031757E+08   -0.1542032E+09
 103     -0.587895E+09   -0.2356421E+08   -0.1454434E+09
 104     -0.108212E+10   -0.7949364E+07   -0.7639386E+08
 105     -0.168708E+10    0.5584336E+07   -0.5441733E+07
 106     -0.766014E+09    0.3356565E+07    0.7183899E+07
 107     -0.649436E+09   -0.9863777E+07    0.5986442E+08
 108     -0.507736E+09   -0.2424206E+08    0.1122752E+09
 109     -0.354534E+09   -0.5182832E+08    0.1321330E+09
 110     -0.194183E+09   -0.7903269E+08    0.1516286E+09
 111     -0.345768E+08   -0.1062874E+09    0.1456199E+09
 112      0.118571E+09   -0.1330656E+09    0.1396053E+09
 113      0.262581E+09   -0.1518948E+09    0.1177234E+09
 114      0.391861E+09   -0.1703504E+09    0.9605284E+08
 115      0.507266E+09   -0.1771940E+09    0.6660206E+08
 116      0.604322E+09   -0.1836218E+09    0.3846170E+08
 117      0.684665E+09   -0.1801179E+09    0.5109479E+07
 118      0.705977E+09   -0.1771747E+09   -0.3231568E+08
 119      0.654584E+09   -0.1644087E+09   -0.8474066E+08
 120      0.547810E+09   -0.1512674E+09   -0.1347424E+09
 121      0.378937E+09   -0.1238914E+09   -0.1647950E+09
 122      0.133763E+09   -0.9501685E+08   -0.1958231E+09
 123     -0.200954E+09   -0.6299983E+08   -0.1854809E+09
 124     -0.630849E+09   -0.3060762E+08   -0.1740524E+09
 125     -0.116504E+10   -0.1265613E+08   -0.9228760E+08
 126     -0.180449E+10    0.3724879E+07   -0.8830356E+07
 127     -0.834698E+09    0.4248214E+07    0.9193654E+07
 128     -0.702164E+09   -0.9210770E+07    0.7283021E+08
 129     -0.543807E+09   -0.2439063E+08    0.1360443E+09
 130     -0.374885E+09   -0.5242085E+08    0.1587087E+09
 131     -0.200675E+09   -0.7949866E+08    0.1809864E+09
 132     -0.293102E+08   -0.1046885E+09    0.1723732E+09
 133      0.133063E+09   -0.1292475E+09    0.1638015E+09
 134      0.284021E+09   -0.1450577E+09    0.1365114E+09
 135      0.418250E+09   -0.1605597E+09    0.1094323E+09
 136      0.536738E+09   -0.1657529E+09    0.7359593E+08
 137      0.635444E+09   -0.1706607E+09    0.3909200E+08
 138      0.716839E+09   -0.1659746E+09    0.1736396E+07
 139      0.761286E+09   -0.1619787E+09   -0.3900767E+08
 140      0.704906E+09   -0.1522613E+09   -0.9791592E+08
 141      0.589987E+09   -0.1418343E+09   -0.1557830E+09
 142      0.408538E+09   -0.1181342E+09   -0.1925564E+09
 143      0.148309E+09   -0.9335904E+08   -0.2297712E+09
 144     -0.212703E+09   -0.6016309E+08   -0.2176382E+09
 145     -0.676036E+09   -0.2574443E+08   -0.2031922E+09
 146     -0.124529E+10   -0.9083148E+07   -0.1079273E+09
 147     -0.192751E+10    0.5365591E+07   -0.1174671E+08
 148     -0.936576E+09    0.3169797E+07    0.1247849E+08
 149     -0.776463E+09   -0.1119124E+08    0.8669154E+08
 150     -0.591870E+09   -0.2699065E+08    0.1601663E+09
 151     -0.399134E+09   -0.5300500E+08    0.1832729E+09
 152     -0.205076E+09   -0.7823795E+08    0.2059996E+09
 153     -0.177562E+08   -0.9937380E+08    0.1930132E+09
 154      0.156263E+09   -0.1197822E+09    0.1802191E+09
 155      0.315291E+09   -0.1310096E+09    0.1479909E+09
 156      0.454862E+09   -0.1419661E+09    0.1162041E+09
 157      0.576136E+09   -0.1444227E+09    0.7658971E+08
 158      0.676262E+09   -0.1469200E+09    0.3777978E+08
 159      0.757339E+09   -0.1410953E+09   -0.3586840E+07
 160      0.812128E+09   -0.1354279E+09   -0.4462595E+08
 161      0.767324E+09   -0.1296410E+09   -0.1039706E+09
 162      0.647738E+09   -0.1243944E+09   -0.1664825E+09
 163      0.451493E+09   -0.1066601E+09   -0.2109882E+09
 164      0.167905E+09   -0.8767924E+08   -0.2544925E+09
 165     -0.222998E+09   -0.6175307E+08   -0.2443168E+09
 166     -0.733693E+09   -0.3318206E+08   -0.2338001E+09
 167     -0.135230E+10   -0.1252176E+08   -0.1249412E+09
 168     -0.209754E+10    0.5132751E+07   -0.1345871E+08
 169     -0.103860E+10    0.3960216E+07    0.1599985E+08
 170     -0.850772E+09   -0.1064829E+08    0.1008056E+09
 171     -0.640157E+09   -0.2730750E+08    0.1845552E+09
 172     -0.423620E+09   -0.5185513E+08    0.2081704E+09
 173     -0.209653E+09   -0.7488753E+08    0.2314425E+09
 174     -0.623261E+07   -0.9021143E+08    0.2140861E+09
 175      0.179552E+09   -0.1046130E+09    0.1970752E+09
 176      0.346790E+09   -0.1089712E+09    0.1598517E+09
 177      0.491759E+09   -0.1131431E+09    0.1232889E+09
 178      0.615878E+09   -0.1113698E+09    0.7969516E+08
 179      0.717889E+09   -0.1096207E+09    0.3639603E+08
 180      0.799187E+09   -0.1068031E+09   -0.8431721E+07
 181      0.859809E+09   -0.1049091E+09   -0.4984748E+08
 182      0.830575E+09   -0.1015708E+09   -0.1106541E+09
 183      0.705368E+09   -0.9861997E+08   -0.1771938E+09
 184      0.495538E+09   -0.8978000E+08   -0.2295269E+09
 185      0.185884E+09   -0.7842595E+08   -0.2803583E+09
 186     -0.233362E+09   -0.5422872E+08   -0.2710440E+09
 187     -0.789326E+09   -0.3007161E+08   -0.2638254E+09
 188     -0.146101E+10   -0.1278994E+08   -0.1428856E+09
 189     -0.226645E+10    0.3247760E+07   -0.1712967E+08
 190     -0.117837E+10    0.2488369E+07    0.2110061E+08
 191     -0.944604E+09   -0.1210347E+08    0.1147594E+09
 192     -0.695511E+09   -0.2860650E+08    0.2067482E+09
 193     -0.445555E+09   -0.4816260E+08    0.2259356E+09
 194     -0.206206E+09   -0.6611718E+08    0.2449114E+09
 195      0.155137E+08   -0.7226908E+08    0.2204293E+09
 196      0.212609E+09   -0.7739286E+08    0.1967089E+09
 197      0.385927E+09   -0.7230704E+08    0.1560560E+09
 198      0.533888E+09   -0.6711634E+08    0.1164120E+09
 199      0.658418E+09   -0.5993644E+08    0.7375807E+08
 200      0.761122E+09   -0.5326196E+08    0.3171393E+08
 201      0.841759E+09   -0.5082641E+08   -0.9936020E+07
 202      0.900807E+09   -0.4867005E+08   -0.4875424E+08
 203      0.896440E+09   -0.5164858E+08   -0.1080203E+09
 204      0.769812E+09   -0.5554412E+08   -0.1726316E+09
 205      0.552413E+09   -0.5643505E+08   -0.2295852E+09
 206      0.219037E+09   -0.5712752E+08   -0.2871883E+09
 207     -0.236385E+09   -0.4341894E+08   -0.2861138E+09
 208     -0.844012E+09   -0.2561038E+08   -0.2858515E+09
 209     -0.159246E+10   -0.9415190E+07   -0.1565502E+09
 210     -0.248593E+10    0.3632068E+07   -0.2165967E+08
 211     -0.131810E+10    0.3014017E+07    0.2646085E+08
 212     -0.103881E+10   -0.1145797E+08    0.1291148E+09
 213     -0.751484E+09   -0.2839718E+08    0.2295501E+09
 214     -0.468023E+09   -0.4187754E+08    0.2443992E+09
 215     -0.203173E+09   -0.5267339E+08    0.2591771E+09
 216      0.372865E+08   -0.4511835E+08    0.2274892E+09
 217      0.245857E+09   -0.3643722E+08    0.1969611E+09
 218      0.425524E+09   -0.1743754E+08    0.1527405E+09
 219      0.576521E+09    0.1365377E+07    0.1098601E+09
 220      0.701516E+09    0.1641383E+08    0.6808499E+08
 221      0.804641E+09    0.3078014E+08    0.2707034E+08
 222      0.884476E+09    0.3273304E+08   -0.1175242E+08
 223      0.943873E+09    0.3376701E+08   -0.4769392E+08
 224      0.963227E+09    0.2139992E+08   -0.1052686E+09
 225      0.835639E+09    0.7585580E+07   -0.1689626E+09
 226      0.608132E+09   -0.7659745E+07   -0.2308561E+09
 227      0.254519E+09   -0.2185471E+08   -0.2943274E+09
 228     -0.239524E+09   -0.2082409E+08   -0.3017748E+09
 229     -0.901134E+09   -0.1777313E+08   -0.3085985E+09
 230     -0.172469E+10   -0.7902469E+07   -0.1700113E+09
 231     -0.270547E+10    0.7419389E+06   -0.2580341E+08
 232     -0.149617E+10    0.2168818E+06    0.3473573E+08
 233     -0.114626E+10   -0.1209388E+08    0.1407171E+09
 234     -0.802623E+09   -0.2699320E+08    0.2432380E+09
 235     -0.474825E+09   -0.2836351E+08    0.2439565E+09
 236     -0.181619E+09   -0.2659173E+08    0.2451399E+09
 237      0.744410E+08   -0.1092132E+06    0.2029019E+09
 238      0.288425E+09    0.2758989E+08    0.1628403E+09
 239      0.466619E+09    0.6380987E+08    0.1196133E+09
 240      0.614120E+09    0.9954383E+08    0.7826784E+08
 241      0.733864E+09    0.1237985E+09    0.4619576E+08
 242      0.834774E+09    0.1467613E+09    0.1512061E+08
 243      0.913180E+09    0.1482828E+09   -0.1223577E+08
 244      0.976190E+09    0.1505901E+09   -0.3778916E+08
 245      0.101103E+10    0.1275825E+09   -0.8112193E+08
 246      0.901981E+09    0.9971598E+08   -0.1297847E+09
 247      0.673043E+09    0.6057358E+08   -0.1964095E+09
 248      0.307557E+09    0.2382386E+08   -0.2649028E+09
 249     -0.221939E+09    0.4852769E+07   -0.2849453E+09
 250     -0.947717E+09   -0.1118566E+08   -0.3070372E+09
 251     -0.186109E+10   -0.5205767E+07   -0.1742262E+09
 252     -0.296682E+10   -0.1086237E+07   -0.3333270E+08
 253     -0.167441E+10    0.8067807E+06    0.4377352E+08
 254     -0.125473E+10   -0.1132062E+08    0.1531732E+09
 255     -0.855858E+09   -0.2546715E+08    0.2582922E+09
 256     -0.482460E+09   -0.9930368E+07    0.2449407E+09
 257     -0.160833E+09    0.1011190E+08    0.2325104E+09
 258      0.112268E+09    0.6501112E+08    0.1793347E+09
 259      0.331557E+09    0.1203324E+09    0.1291997E+09
 260      0.508594E+09    0.1805245E+09    0.8681837E+08
 261      0.652371E+09    0.2394222E+09    0.4677198E+08
 262      0.766845E+09    0.2754372E+09    0.2450594E+08
 263      0.865662E+09    0.3102239E+09    0.3471311E+07
 264      0.943064E+09    0.3079318E+09   -0.1228796E+08
 265      0.101014E+10    0.3039250E+09   -0.2737559E+08
 266      0.105718E+10    0.2637199E+09   -0.5703589E+08
 267      0.968891E+09    0.2222980E+09   -0.9122618E+08
 268      0.740893E+09    0.1592073E+09   -0.1620450E+09
 269      0.359637E+09    0.9266317E+08   -0.2351657E+09
 270     -0.204734E+09    0.4605201E+08   -0.2697032E+09
 271     -0.996066E+09    0.4739589E+07   -0.3083102E+09
 272     -0.199894E+10    0.1186775E+07   -0.1793070E+09
 273     -0.323139E+10   -0.2794130E+07   -0.4037247E+08
 274     -0.188785E+10   -0.6222879E+07    0.5826761E+08
 275     -0.135832E+10   -0.9213435E+07    0.1566804E+09
 276     -0.876154E+09   -0.1596539E+08    0.2474014E+09
 277     -0.450389E+09    0.2671957E+08    0.2015246E+09
 278     -0.105892E+09    0.7573930E+08    0.1592850E+09
 279      0.167560E+09    0.1657478E+09    0.9528567E+08
 280      0.376740E+09    0.2560971E+09    0.3655535E+08
 281      0.536827E+09    0.3423728E+09    0.6195417E+07
 282      0.665897E+09    0.4270883E+09   -0.2158239E+08
 283      0.766573E+09    0.4750280E+09   -0.2011352E+08
 284      0.858726E+09    0.5217912E+09   -0.1754269E+08
 285      0.933577E+09    0.5160947E+09   -0.5094278E+07
 286      0.100810E+10    0.5089447E+09    0.8410132E+07
 287      0.106506E+10    0.4493040E+09    0.1901273E+07
 288      0.101294E+10    0.3878062E+09   -0.8860413E+07
 289      0.802260E+09    0.2919647E+09   -0.6857171E+08
 290      0.429338E+09    0.1930773E+09   -0.1325182E+09
 291     -0.149084E+09    0.1081881E+09   -0.1918674E+09
 292     -0.994973E+09    0.2817759E+08   -0.2597731E+09
 293     -0.210995E+10    0.9121592E+07   -0.1616097E+09
 294     -0.349998E+10   -0.1042743E+08   -0.4936186E+08
 295     -0.210365E+10   -0.4773846E+06    0.7594391E+08
 296     -0.146476E+10   -0.7604036E+07    0.1622897E+09
 297     -0.904515E+09   -0.9875835E+07    0.2405679E+09
 298     -0.416958E+09    0.7806956E+08    0.1614753E+09
 299     -0.516568E+08    0.1703210E+09    0.8727637E+08
 300      0.226151E+09    0.3127301E+09    0.1166089E+08
 301      0.423456E+09    0.4502938E+09   -0.5750648E+08
 302      0.566116E+09    0.5685272E+09   -0.7538054E+08
 303      0.679579E+09    0.6835533E+09   -0.9078503E+08
 304      0.765922E+09    0.7447991E+09   -0.6490422E+08
 305      0.851209E+09    0.8052850E+09   -0.3803410E+08
 306      0.923517E+09    0.7973791E+09    0.3171779E+07
 307      0.100595E+10    0.7883916E+09    0.4554745E+08
 308      0.107567E+10    0.7078375E+09    0.6266361E+08
 309      0.105845E+10    0.6243380E+09    0.7665265E+08
 310      0.866478E+09    0.4820304E+09    0.2524270E+08
 311      0.500016E+09    0.3320823E+09   -0.3174657E+08
 312     -0.920075E+08    0.1930440E+09   -0.1160836E+09
 313     -0.998448E+09    0.5274851E+08   -0.2133591E+09
 314     -0.222620E+10    0.1597968E+08   -0.1463770E+09
 315     -0.377109E+10   -0.1014054E+08   -0.6234560E+08
 316     -0.234458E+10   -0.2812429E+08    0.1030588E+09
 317     -0.151683E+10    0.3440170E+07    0.1405057E+09
 318     -0.830840E+09    0.2934294E+08    0.1577385E+09
 319     -0.311703E+09    0.1777599E+09    0.1852678E+08
 320      0.457764E+08    0.3377302E+09   -0.1017021E+09
 321      0.283063E+09    0.5326316E+09   -0.1695355E+09
 322      0.444357E+09    0.7235229E+09   -0.2278169E+09
 323      0.551466E+09    0.8674525E+09   -0.2126295E+09
 324      0.639336E+09    0.1009115E+10   -0.1966389E+09
 325      0.704603E+09    0.1080293E+10   -0.1333689E+09
 326      0.776876E+09    0.1151963E+10   -0.6968379E+08
 327      0.842540E+09    0.1143125E+10    0.1412507E+08
 328      0.930416E+09    0.1134548E+10    0.9970942E+08
 329      0.101675E+10    0.1034366E+10    0.1639010E+09
 330      0.103858E+10    0.9323315E+09    0.2267758E+09
 331      0.883213E+09    0.7405549E+09    0.2146621E+09
 332      0.574008E+09    0.5395028E+09    0.1960413E+09
 333      0.171605E+08    0.3256895E+09    0.8273699E+08
 334     -0.887848E+09    0.1177957E+09   -0.5629691E+08
 335     -0.223268E+10    0.3956941E+08   -0.8138149E+08
 336     -0.399638E+10   -0.3633728E+08   -0.8064202E+08
 337     -0.261794E+10    0.2775769E+08    0.1546213E+09
 338     -0.157181E+10    0.2050955E+08    0.1265514E+09
 339     -0.789247E+09    0.6290606E+08    0.8688269E+08
 340     -0.184627E+09    0.3445779E+09   -0.1172863E+09
 341      0.148828E+09    0.5982991E+09   -0.3033053E+09
 342      0.344620E+09    0.8644503E+09   -0.3573106E+09
 343      0.466279E+09    0.1109462E+10   -0.4033582E+09
 344      0.535843E+09    0.1270864E+10   -0.3532763E+09
 345      0.597395E+09    0.1430621E+10   -0.3042762E+09
 346      0.641049E+09    0.1506871E+10   -0.2028232E+09
 347      0.699809E+09    0.1585597E+10   -0.1014608E+09
 348      0.758985E+09    0.1579862E+10    0.2646180E+08
 349      0.853353E+09    0.1576806E+10    0.1567321E+09
 350      0.957346E+09    0.1466638E+10    0.2700763E+09
 351      0.102158E+10    0.1355468E+10    0.3836945E+09
 352      0.904109E+09    0.1111163E+10    0.4123390E+09
 353      0.654340E+09    0.8443356E+09    0.4376602E+09
 354      0.148102E+09    0.5289506E+09    0.2774687E+09
 355     -0.805220E+09    0.1781304E+09    0.9065662E+08
 356     -0.224221E+10    0.6551781E+08   -0.2364334E+08
 357     -0.425854E+10    0.7675192E+07   -0.1183794E+09
 358     -0.283272E+10   -0.1227413E+09    0.1815741E+09
 359     -0.143007E+10    0.7250270E+08    0.1057857E+07
 360     -0.483410E+09    0.2602932E+09   -0.2340051E+09
 361     -0.192618E+08    0.6551614E+09   -0.4839080E+09
 362      0.215951E+09    0.1058378E+10   -0.6497411E+09
 363      0.330813E+09    0.1342083E+10   -0.6272403E+09
 364      0.404716E+09    0.1618187E+10   -0.6096478E+09
 365      0.440356E+09    0.1774300E+10   -0.5096922E+09
 366      0.478630E+09    0.1932528E+10   -0.4131783E+09
 367      0.504698E+09    0.2004612E+10   -0.2756331E+09
 368      0.546576E+09    0.2081188E+10   -0.1393535E+09
 369      0.591372E+09    0.2081456E+10    0.2863351E+08
 370      0.673906E+09    0.2087019E+10    0.1999077E+09
 371      0.782368E+09    0.1983009E+10    0.3808344E+09
 372      0.867741E+09    0.1880456E+10    0.5658197E+09
 373      0.787497E+09    0.1605204E+10    0.6918534E+09
 374      0.640312E+09    0.1318510E+10    0.8266693E+09
 375      0.277088E+09    0.8582293E+09    0.7125256E+09
 376     -0.473513E+09    0.3934904E+09    0.5179834E+09
 377     -0.196339E+10    0.1308933E+09    0.1714974E+09
 378     -0.430970E+10   -0.1240043E+09   -0.1237670E+09
 379     -0.367804E+10    0.2659152E+09    0.6305828E+09
 380     -0.112611E+10    0.2865778E+09   -0.4758809E+08
 381     -0.121507E+09    0.5556846E+09   -0.7368152E+09
 382      0.141078E+09    0.1302351E+10   -0.9109848E+09
 383      0.282196E+09    0.1792363E+10   -0.1011777E+10
 384      0.305213E+09    0.2036629E+10   -0.9093718E+09
 385      0.336101E+09    0.2287785E+10   -0.8171323E+09
 386      0.339105E+09    0.2405877E+10   -0.6672224E+09
 387      0.356184E+09    0.2531775E+10   -0.5215278E+09
 388      0.365866E+09    0.2586191E+10   -0.3486262E+09
 389      0.391022E+09    0.2645369E+10   -0.1781282E+09
 390      0.420379E+09    0.2656379E+10    0.2776573E+08
 391      0.485261E+09    0.2677177E+10    0.2385247E+09
 392      0.600115E+09    0.2606854E+10    0.4955998E+09
 393      0.707429E+09    0.2544134E+10    0.7594899E+09
 394      0.659747E+09    0.2294332E+10    0.9948130E+09
 395      0.630950E+09    0.2047956E+10    0.1241603E+10
 396      0.407982E+09    0.1502244E+10    0.1211165E+10
 397     -0.734053E+08    0.7186410E+09    0.1105020E+10
 398     -0.152493E+10    0.3509518E+09    0.2934597E+09
 399     -0.500329E+10    0.2084627E+09   -0.4886107E+09
 400     -0.282422E+10   -0.4563284E+09   -0.1551838E+09
 401     -0.412775E+09    0.8294457E+09   -0.9105261E+09
 402     -0.987925E+08    0.2048222E+10   -0.1461465E+10
 403      0.912644E+08    0.2405580E+10   -0.1299785E+10
 404      0.137479E+09    0.2790795E+10   -0.1225699E+10
 405      0.150630E+09    0.2918898E+10   -0.1061165E+10
 406      0.164318E+09    0.3065386E+10   -0.9066852E+09
 407      0.166119E+09    0.3123712E+10   -0.7332792E+09
 408      0.175181E+09    0.3189214E+10   -0.5621555E+09
 409      0.180452E+09    0.3215295E+10   -0.3773363E+09
 410      0.193051E+09    0.3244727E+10   -0.1940458E+09
 411      0.207498E+09    0.3255279E+10    0.1654527E+08
 412      0.235735E+09    0.3277286E+10    0.2246662E+09
 413      0.303799E+09    0.3273906E+10    0.5153639E+09
 414      0.365198E+09    0.3271815E+10    0.8225983E+09
 415      0.342793E+09    0.3130474E+10    0.1151620E+10
 416      0.339957E+09    0.3011837E+10    0.1488131E+10
 417      0.252831E+09    0.2576718E+10    0.1680111E+10
 418     -0.399222E+08    0.2127812E+10    0.1983700E+10
 419     -0.593819E+09    0.8730299E+09    0.1238621E+10
 420     -0.357892E+10   -0.4045799E+09    0.3097830E+09
 421     -0.132003E+10    0.4513886E+10   -0.1062376E+10
 422      0.125211E+09    0.4400068E+10   -0.1725315E+10
 423     -0.821661E+08    0.4239560E+10   -0.2020753E+10
 424      0.233040E+08    0.4091393E+10   -0.1621039E+10
 425     -0.876336E+07    0.4019995E+10   -0.1406709E+10
 426      0.354808E+06    0.3970314E+10   -0.1189064E+10
 427     -0.219255E+07    0.3935270E+10   -0.9846883E+09
 428     -0.100737E+07    0.3911864E+10   -0.7905577E+09
 429     -0.131101E+06    0.3893217E+10   -0.5978759E+09
 430      0.675172E+06    0.3880543E+10   -0.4021923E+09
 431      0.146456E+07    0.3870977E+10   -0.2072518E+09
 432      0.200114E+07    0.3864918E+10    0.7962699E+07
 433     -0.186025E+07    0.3843423E+10    0.2122126E+09
 434      0.166695E+08    0.3883976E+10    0.5281426E+09
 435      0.298315E+08    0.3975267E+10    0.8727830E+09
 436      0.345961E+08    0.4143392E+10    0.1286330E+10
 437      0.456111E+08    0.4300822E+10    0.1707898E+10
 438      0.801751E+08    0.4282687E+10    0.2100550E+10
 439     -0.249727E+08    0.4342077E+10    0.2732538E+10
 440      0.182401E+09    0.4087623E+10    0.2234650E+10
 441     -0.146790E+10    0.3755760E+10    0.1397621E+10
