   1      0.341746E+09    0.6731483E+07    0.4200083E+07
   2      0.231599E+09   -0.2987515E+08    0.4381963E+07
   3      0.158330E+09   -0.6884891E+08    0.4098597E+07
   4      0.998777E+08   -0.1277264E+09    0.3776011E+07
   5      0.443339E+08   -0.1863599E+09    0.4020055E+07
   6     -0.116548E+07   -0.2433905E+09    0.2910804E+07
   7     -0.409564E+08   -0.2987919E+09    0.1831839E+07
   8     -0.814365E+08   -0.3380350E+09    0.2053321E+07
   9     -0.110919E+09   -0.3775570E+09    0.1196432E+07
  10     -0.134879E+09   -0.3869719E+09   -0.1807446E+05
  11     -0.157359E+09   -0.3961250E+09   -0.4662943E+06
  12     -0.162979E+09   -0.3727903E+09   -0.2149897E+07
  13     -0.172386E+09   -0.3478293E+09   -0.3306057E+07
  14     -0.162024E+09   -0.3019562E+09   -0.2597821E+07
  15     -0.141516E+09   -0.2552750E+09   -0.3353306E+07
  16     -0.100334E+09   -0.1992658E+09   -0.2951061E+07
  17     -0.489677E+08   -0.1461300E+09   -0.9498451E+06
  18      0.273767E+08   -0.9923056E+08   -0.2662452E+07
  19      0.130537E+09   -0.4842077E+08   -0.4311482E+07
  20      0.259359E+09   -0.1939150E+08   -0.2682263E+07
  21      0.443494E+09    0.6436275E+07   -0.1608004E+07
  22      0.297136E+09    0.6148957E+07    0.7076196E+07
  23      0.214576E+09   -0.1470381E+08    0.2615452E+08
  24      0.147869E+09   -0.3767114E+08    0.4390645E+08
  25      0.936685E+08   -0.8424634E+08    0.4856023E+08
  26      0.451062E+08   -0.1302655E+09    0.5401452E+08
  27      0.334376E+07   -0.1779221E+09    0.4912802E+08
  28     -0.345155E+08   -0.2256502E+09    0.4505630E+08
  29     -0.692990E+08   -0.2583158E+09    0.3371723E+08
  30     -0.979287E+08   -0.2894416E+09    0.2179445E+08
  31     -0.122077E+09   -0.2976886E+09    0.8451058E+07
  32     -0.141806E+09   -0.3056007E+09   -0.5370390E+07
  33     -0.150870E+09   -0.2893244E+09   -0.1849001E+08
  34     -0.161547E+09   -0.2729558E+09   -0.3101403E+08
  35     -0.154102E+09   -0.2361972E+09   -0.3904128E+08
  36     -0.136772E+09   -0.1990208E+09   -0.4714471E+08
  37     -0.100518E+09   -0.1540061E+09   -0.4737167E+08
  38     -0.519186E+08   -0.1080097E+09   -0.4747262E+08
  39      0.216017E+08   -0.6772767E+08   -0.4148388E+08
  40      0.117747E+09   -0.2849994E+08   -0.3533774E+08
  41      0.244635E+09   -0.1147533E+08   -0.1941626E+08
  42      0.415109E+09    0.4686830E+07   -0.3592363E+07
  43      0.250018E+09    0.6027455E+07    0.8016352E+07
  44      0.195948E+09   -0.7442698E+07    0.4674429E+08
  45      0.138151E+09   -0.2350021E+08    0.8341602E+08
  46      0.874297E+08   -0.6102591E+08    0.9251888E+08
  47      0.469638E+08   -0.9649452E+08    0.1026921E+09
  48      0.812302E+07   -0.1349710E+09    0.9473104E+08
  49     -0.282442E+08   -0.1738011E+09    0.8784702E+08
  50     -0.556926E+08   -0.2033541E+09    0.6533486E+08
  51     -0.851088E+08   -0.2332078E+09    0.4303099E+08
  52     -0.108700E+09   -0.2437415E+09    0.1717686E+08
  53     -0.125157E+09   -0.2524913E+09   -0.1039292E+08
  54     -0.138520E+09   -0.2394198E+09   -0.3448392E+08
  55     -0.150834E+09   -0.2274984E+09   -0.5746707E+08
  56     -0.145187E+09   -0.1985238E+09   -0.7500159E+08
  57     -0.133700E+09   -0.1674188E+09   -0.9096363E+08
  58     -0.100494E+09   -0.1278986E+09   -0.9124409E+08
  59     -0.541315E+08   -0.8842421E+08   -0.9402938E+08
  60      0.148291E+08   -0.5352703E+08   -0.7998037E+08
  61      0.105110E+09   -0.1934264E+08   -0.6534803E+08
  62      0.229091E+09   -0.6787704E+07   -0.3518781E+08
  63      0.385671E+09    0.4805834E+07   -0.4482673E+07
  64      0.177682E+09    0.2880362E+07    0.6471700E+07
  65      0.145350E+09   -0.7147132E+07    0.5574297E+08
  66      0.107325E+09   -0.1734311E+08    0.1043084E+09
  67      0.707083E+08   -0.4569313E+08    0.1204134E+09
  68      0.444742E+08   -0.7563671E+08    0.1370027E+09
  69      0.168785E+08   -0.1114758E+09    0.1280819E+09
  70     -0.644964E+07   -0.1458697E+09    0.1180360E+09
  71     -0.273157E+08   -0.1701294E+09    0.8973531E+08
  72     -0.526220E+08   -0.1948621E+09    0.6225297E+08
  73     -0.714885E+08   -0.2034858E+09    0.2561645E+08
  74     -0.886029E+08   -0.2113341E+09   -0.1113921E+08
  75     -0.107213E+09   -0.2025848E+09   -0.4306668E+08
  76     -0.121366E+09   -0.1928226E+09   -0.7522294E+08
  77     -0.121239E+09   -0.1678714E+09   -0.9872006E+08
  78     -0.122148E+09   -0.1434105E+09   -0.1216592E+09
  79     -0.982209E+08   -0.1095554E+09   -0.1241818E+09
  80     -0.606267E+08   -0.7571129E+08   -0.1268465E+09
  81     -0.676769E+07   -0.4845045E+08   -0.1070899E+09
  82      0.749283E+08   -0.2065414E+08   -0.8702831E+08
  83      0.186597E+09   -0.8140852E+07   -0.4565101E+08
  84      0.331890E+09    0.3291342E+07   -0.4258720E+07
  85      0.107990E+09    0.4415532E+07    0.5892398E+07
  86      0.964234E+08   -0.4780453E+07    0.6555795E+08
  87      0.748591E+08   -0.1590000E+08    0.1258145E+09
  88      0.542674E+08   -0.4443738E+08    0.1488175E+09
  89      0.405791E+08   -0.7110959E+08    0.1712765E+09
  90      0.254352E+08   -0.9943626E+08    0.1612951E+09
  91      0.169810E+08   -0.1294899E+09    0.1493224E+09
  92     -0.351325E+06   -0.1550213E+09    0.1143328E+09
  93     -0.195493E+08   -0.1786782E+09    0.8043456E+08
  94     -0.340420E+08   -0.1877220E+09    0.3394478E+08
  95     -0.537245E+08   -0.1968430E+09   -0.1162996E+08
  96     -0.761549E+08   -0.1885994E+09   -0.5202791E+08
  97     -0.909604E+08   -0.1803864E+09   -0.9386311E+08
  98     -0.988559E+08   -0.1583282E+09   -0.1225591E+09
  99     -0.107615E+09   -0.1358839E+09   -0.1517045E+09
 100     -0.964189E+08   -0.1057824E+09   -0.1572913E+09
 101     -0.690198E+08   -0.7392942E+08   -0.1603465E+09
 102     -0.275943E+08   -0.4486242E+08   -0.1342255E+09
 103      0.444250E+08   -0.1693390E+08   -0.1091715E+09
 104      0.144727E+09   -0.5601120E+07   -0.5672378E+08
 105      0.279828E+09    0.4675471E+07   -0.4132421E+07
 106      0.205485E+08    0.2731941E+07    0.6069440E+07
 107      0.268647E+08   -0.7780114E+07    0.7543883E+08
 108      0.235915E+08   -0.1862059E+08    0.1453520E+09
 109      0.275156E+08   -0.4323003E+08    0.1731245E+09
 110      0.325697E+08   -0.6908874E+08    0.1998811E+09
 111      0.377815E+08   -0.9751163E+08    0.1876750E+09
 112      0.440743E+08   -0.1244534E+09    0.1753541E+09
 113      0.387122E+08   -0.1461215E+09    0.1361373E+09
 114      0.288096E+08   -0.1679544E+09    0.9624566E+08
 115      0.188062E+08   -0.1776194E+09    0.4344465E+08
 116     -0.252513E+07   -0.1877153E+09   -0.8829924E+07
 117     -0.260831E+08   -0.1811916E+09   -0.5898503E+08
 118     -0.477577E+08   -0.1731045E+09   -0.1090001E+09
 119     -0.658482E+08   -0.1518708E+09   -0.1428093E+09
 120     -0.842258E+08   -0.1307356E+09   -0.1769905E+09
 121     -0.903658E+08   -0.1032793E+09   -0.1839496E+09
 122     -0.823826E+08   -0.7610169E+08   -0.1898144E+09
 123     -0.572090E+08   -0.4939631E+08   -0.1604232E+09
 124     -0.315072E+06   -0.2207347E+08   -0.1315487E+09
 125      0.799135E+08   -0.8973484E+07   -0.6837422E+08
 126      0.205129E+09    0.3028636E+07   -0.5055291E+07
 127     -0.666715E+08    0.3958778E+07    0.6884680E+07
 128     -0.421412E+08   -0.7105068E+07    0.8562245E+08
 129     -0.266557E+08   -0.1961433E+08    0.1647369E+09
 130      0.504906E+06   -0.4706305E+08    0.1977250E+09
 131      0.248766E+08   -0.7372663E+08    0.2297628E+09
 132      0.506216E+08   -0.1028827E+09    0.2151704E+09
 133      0.693909E+08   -0.1322032E+09    0.2009448E+09
 134      0.776717E+08   -0.1517382E+09    0.1575000E+09
 135      0.772612E+08   -0.1709133E+09    0.1125712E+09
 136      0.707377E+08   -0.1787201E+09    0.5267802E+08
 137      0.500711E+08   -0.1848951E+09   -0.6993006E+07
 138      0.242422E+08   -0.1791971E+09   -0.6543736E+08
 139     -0.467734E+07   -0.1753248E+09   -0.1238955E+09
 140     -0.325156E+08   -0.1541737E+09   -0.1641496E+09
 141     -0.628025E+08   -0.1317416E+09   -0.2034869E+09
 142     -0.843824E+08   -0.1037670E+09   -0.2110802E+09
 143     -0.953437E+08   -0.7579750E+08   -0.2179915E+09
 144     -0.861660E+08   -0.4839103E+08   -0.1867590E+09
 145     -0.453051E+08   -0.1923361E+08   -0.1550457E+09
 146      0.154526E+08   -0.6016404E+07   -0.7995931E+08
 147      0.129505E+09    0.4872653E+07   -0.5722793E+07
 148     -0.176594E+09    0.3689592E+07    0.7809255E+07
 149     -0.133015E+09   -0.9117408E+07    0.9798658E+08
 150     -0.887113E+08   -0.2310850E+08    0.1881964E+09
 151     -0.361834E+08   -0.5094062E+08    0.2242229E+09
 152      0.168284E+08   -0.7846510E+08    0.2591865E+09
 153      0.672067E+08   -0.1062534E+09    0.2425458E+09
 154      0.102152E+09   -0.1339113E+09    0.2262131E+09
 155      0.127464E+09   -0.1539566E+09    0.1760343E+09
 156      0.138805E+09   -0.1730810E+09    0.1251187E+09
 157      0.135708E+09   -0.1784903E+09    0.5858927E+08
 158      0.119693E+09   -0.1841755E+09   -0.8033861E+07
 159      0.864138E+08   -0.1765780E+09   -0.7169800E+08
 160      0.545139E+08   -0.1687164E+09   -0.1353110E+09
 161      0.126537E+08   -0.1519468E+09   -0.1818459E+09
 162     -0.336466E+08   -0.1346166E+09   -0.2276869E+09
 163     -0.745528E+08   -0.1064073E+09   -0.2383272E+09
 164     -0.106949E+09   -0.7751363E+08   -0.2489467E+09
 165     -0.120264E+09   -0.4822324E+08   -0.2146020E+09
 166     -0.109351E+09   -0.1964414E+08   -0.1784201E+09
 167     -0.710807E+08   -0.7859735E+07   -0.9151932E+08
 168      0.272106E+08    0.3297217E+07   -0.5954800E+07
 169     -0.284885E+09    0.3715591E+07    0.9832841E+07
 170     -0.223994E+09   -0.1184285E+08    0.1107638E+09
 171     -0.150297E+09   -0.2897491E+08    0.2115169E+09
 172     -0.734415E+08   -0.5828292E+08    0.2509982E+09
 173      0.858217E+07   -0.8704681E+08    0.2896016E+09
 174      0.834949E+08   -0.1140108E+09    0.2704485E+09
 175      0.135467E+09   -0.1395812E+09    0.2512729E+09
 176      0.177882E+09   -0.1523005E+09    0.1948317E+09
 177      0.200645E+09   -0.1656046E+09    0.1379263E+09
 178      0.201465E+09   -0.1713376E+09    0.6489189E+08
 179      0.189401E+09   -0.1768840E+09   -0.7811627E+07
 180      0.148832E+09   -0.1733043E+09   -0.7848711E+08
 181      0.112712E+09   -0.1689455E+09   -0.1486333E+09
 182      0.582756E+08   -0.1513483E+09   -0.1998634E+09
 183     -0.406052E+07   -0.1352870E+09   -0.2512862E+09
 184     -0.650123E+08   -0.1120472E+09   -0.2657496E+09
 185     -0.117363E+09   -0.8633933E+08   -0.2810985E+09
 186     -0.156027E+09   -0.5733935E+08   -0.2426392E+09
 187     -0.173510E+09   -0.2807122E+08   -0.2014193E+09
 188     -0.157665E+09   -0.1075930E+08   -0.1037795E+09
 189     -0.722792E+08    0.4698046E+07   -0.7453347E+07
 190     -0.433866E+09    0.4095506E+07    0.1432701E+08
 191     -0.337401E+09   -0.1324382E+08    0.1276263E+09
 192     -0.226523E+09   -0.3307387E+08    0.2408780E+09
 193     -0.111771E+09   -0.6318368E+08    0.2784441E+09
 194      0.324946E+07   -0.9074195E+08    0.3144556E+09
 195      0.105589E+09   -0.1101353E+09    0.2907744E+09
 196      0.180186E+09   -0.1299460E+09    0.2670020E+09
 197      0.238435E+09   -0.1414953E+09    0.2054391E+09
 198      0.271405E+09   -0.1520719E+09    0.1442538E+09
 199      0.277089E+09   -0.1545036E+09    0.6850437E+08
 200      0.263951E+09   -0.1577627E+09   -0.6112669E+07
 201      0.224584E+09   -0.1556099E+09   -0.8036366E+08
 202      0.177843E+09   -0.1534361E+09   -0.1550416E+09
 203      0.114396E+09   -0.1433586E+09   -0.2107123E+09
 204      0.354201E+08   -0.1327876E+09   -0.2667794E+09
 205     -0.449005E+08   -0.1103560E+09   -0.2874218E+09
 206     -0.124691E+09   -0.8762253E+08   -0.3080137E+09
 207     -0.196092E+09   -0.6049584E+08   -0.2694939E+09
 208     -0.249363E+09   -0.3178226E+08   -0.2300236E+09
 209     -0.265619E+09   -0.1296765E+08   -0.1211086E+09
 210     -0.220253E+09    0.3747237E+07   -0.1231085E+08
 211     -0.582780E+09    0.5419908E+07    0.1810202E+08
 212     -0.451051E+09   -0.1470223E+08    0.1450985E+09
 213     -0.304049E+09   -0.3771293E+08    0.2716273E+09
 214     -0.149748E+09   -0.6661767E+08    0.3070302E+09
 215     -0.177539E+07   -0.9353256E+08    0.3404810E+09
 216      0.126915E+09   -0.1057877E+09    0.3114340E+09
 217      0.224782E+09   -0.1154119E+09    0.2832526E+09
 218      0.299843E+09   -0.1135936E+09    0.2169890E+09
 219      0.342005E+09   -0.1135030E+09    0.1516578E+09
 220      0.354263E+09   -0.1122929E+09    0.7215004E+08
 221      0.338188E+09   -0.1100335E+09   -0.6115800E+07
 222      0.301456E+09   -0.1085400E+09   -0.8284262E+08
 223      0.244081E+09   -0.1088301E+09   -0.1606414E+09
 224      0.171000E+09   -0.1076437E+09   -0.2216232E+09
 225      0.757161E+08   -0.1068641E+09   -0.2836970E+09
 226     -0.247287E+08   -0.9532321E+08   -0.3103794E+09
 227     -0.134178E+09   -0.8129856E+08   -0.3365125E+09
 228     -0.236527E+09   -0.5412398E+08   -0.2977958E+09
 229     -0.325214E+09   -0.2548904E+08   -0.2589268E+09
 230     -0.373470E+09   -0.8325248E+07   -0.1374909E+09
 231     -0.371210E+09    0.6155491E+07   -0.1490993E+08
 232     -0.782275E+09    0.2714692E+07    0.2599996E+08
 233     -0.590486E+09   -0.1712921E+08    0.1642107E+09
 234     -0.383035E+09   -0.3993858E+08    0.2997296E+09
 235     -0.178796E+09   -0.6023198E+08    0.3251926E+09
 236      0.697562E+07   -0.7780706E+08    0.3506963E+09
 237      0.163269E+09   -0.7643372E+08    0.3105957E+09
 238      0.279207E+09   -0.7305438E+08    0.2714387E+09
 239      0.364807E+09   -0.5842749E+08    0.2052566E+09
 240      0.413747E+09   -0.4421349E+08    0.1401415E+09
 241      0.428831E+09   -0.3627011E+08    0.6654597E+08
 242      0.411552E+09   -0.3004555E+08   -0.6001765E+07
 243      0.374924E+09   -0.3567441E+08   -0.7763294E+08
 244      0.314796E+09   -0.4193483E+08   -0.1500218E+09
 245      0.232930E+09   -0.5223307E+08   -0.2118684E+09
 246      0.128795E+09   -0.6246239E+08   -0.2743597E+09
 247      0.844934E+07   -0.6564419E+08   -0.3088180E+09
 248     -0.125504E+09   -0.6847708E+08   -0.3449031E+09
 249     -0.268722E+09   -0.5125050E+08   -0.3165695E+09
 250     -0.403497E+09   -0.2954592E+08   -0.2869127E+09
 251     -0.509394E+09   -0.1086600E+08   -0.1526935E+09
 252     -0.563709E+09    0.3956528E+07   -0.1664481E+08
 253     -0.981717E+09    0.4647829E+07    0.3403701E+08
 254     -0.731164E+09   -0.1500347E+08    0.1836576E+09
 255     -0.463124E+09   -0.3773020E+08    0.3294710E+09
 256     -0.209143E+09   -0.4765571E+08    0.3453512E+09
 257      0.139657E+08   -0.5234099E+08    0.3620476E+09
 258      0.201497E+09   -0.2574974E+08    0.3113577E+09
 259      0.335143E+09    0.9234968E+06    0.2619633E+09
 260      0.430251E+09    0.3436499E+08    0.1942305E+09
 261      0.488876E+09    0.6817700E+08    0.1271464E+09
 262      0.502281E+09    0.8404504E+08    0.6130060E+08
 263      0.487568E+09    0.9586044E+08   -0.3252181E+07
 264      0.450011E+09    0.8453009E+08   -0.7241928E+08
 265      0.386161E+09    0.7453991E+08   -0.1406083E+09
 266      0.295904E+09    0.4361873E+08   -0.2016512E+09
 267      0.181112E+09    0.8709492E+07   -0.2639763E+09
 268      0.429861E+08   -0.1884483E+08   -0.3080702E+09
 269     -0.116802E+09   -0.4236090E+08   -0.3550008E+09
 270     -0.301136E+09   -0.4045460E+08   -0.3359736E+09
 271     -0.486152E+09   -0.3674168E+08   -0.3156148E+09
 272     -0.647420E+09   -0.1570336E+08   -0.1700034E+09
 273     -0.753146E+09    0.3527832E+07   -0.2192022E+08
 274     -0.124335E+10   -0.2984893E+07    0.4858129E+08
 275     -0.882558E+09   -0.1723790E+08    0.1972891E+09
 276     -0.525920E+09   -0.3598148E+08    0.3393735E+09
 277     -0.207572E+09   -0.1996281E+08    0.3276391E+09
 278      0.526699E+08    0.2905564E+07    0.3175282E+09
 279      0.255240E+09    0.6285880E+08    0.2567894E+09
 280      0.396094E+09    0.1232692E+09    0.2002722E+09
 281      0.486618E+09    0.1807772E+09    0.1422112E+09
 282      0.542228E+09    0.2361582E+09    0.8721202E+08
 283      0.549130E+09    0.2589308E+09    0.4139174E+08
 284      0.538676E+09    0.2825499E+09   -0.4984897E+07
 285      0.499871E+09    0.2637528E+09   -0.5155449E+08
 286      0.436567E+09    0.2401330E+09   -0.9745304E+08
 287      0.350823E+09    0.1856954E+09   -0.1492585E+09
 288      0.236958E+09    0.1326208E+09   -0.2030835E+09
 289      0.955357E+08    0.7696994E+08   -0.2547847E+09
 290     -0.802950E+08    0.2003881E+08   -0.3098996E+09
 291     -0.301702E+09   -0.6605667E+07   -0.3138429E+09
 292     -0.542588E+09   -0.2558998E+08   -0.3217659E+09
 293     -0.793185E+09   -0.1107232E+08   -0.1828840E+09
 294     -0.101951E+10   -0.1282434E+07   -0.3508352E+08
 295     -0.150910E+10    0.4831619E+07    0.6620011E+08
 296     -0.103609E+10   -0.1442061E+08    0.2139356E+09
 297     -0.597802E+09   -0.3069269E+08    0.3542884E+09
 298     -0.204718E+09    0.2825485E+08    0.3135871E+09
 299      0.909760E+08    0.9272452E+08    0.2757853E+09
 300      0.311979E+09    0.2041288E+09    0.2034557E+09
 301      0.459261E+09    0.3131552E+09    0.1360886E+09
 302      0.545113E+09    0.4016069E+09    0.8985716E+08
 303      0.593369E+09    0.4847971E+09    0.4821313E+08
 304      0.599066E+09    0.5158402E+09    0.2117979E+08
 305      0.589310E+09    0.5450786E+09   -0.7313917E+07
 306      0.547749E+09    0.5140169E+09   -0.2971720E+08
 307      0.489068E+09    0.4831527E+09   -0.5273699E+08
 308      0.407720E+09    0.4016637E+09   -0.9619954E+08
 309      0.296123E+09    0.3148878E+09   -0.1411869E+09
 310      0.150372E+09    0.2113344E+09   -0.2018093E+09
 311     -0.440552E+08    0.1064948E+09   -0.2656047E+09
 312     -0.302805E+09    0.4365336E+08   -0.2951414E+09
 313     -0.602903E+09   -0.1384267E+08   -0.3324496E+09
 314     -0.941409E+09   -0.5364554E+07   -0.1962810E+09
 315     -0.129194E+10    0.4864188E+07   -0.4745643E+08
 316     -0.182907E+10   -0.2331310E+08    0.9183854E+08
 317     -0.115809E+10   -0.4996590E+07    0.2038817E+09
 318     -0.577831E+09    0.6096545E+07    0.2951983E+09
 319     -0.135341E+09    0.1263949E+09    0.1953199E+09
 320      0.171382E+09    0.2603060E+09    0.1123400E+09
 321      0.367057E+09    0.4304204E+09    0.4736641E+08
 322      0.493281E+09    0.5968190E+09   -0.7884189E+07
 323      0.555435E+09    0.7105752E+09   -0.1626588E+08
 324      0.591515E+09    0.8222953E+09   -0.2410988E+08
 325      0.590649E+09    0.8579858E+09   -0.1088367E+08
 326      0.577513E+09    0.8912425E+09    0.2852366E+07
 327      0.538543E+09    0.8466072E+09    0.1511065E+08
 328      0.493467E+09    0.8027300E+09    0.2656433E+08
 329      0.423130E+09    0.6911526E+09    0.1542869E+08
 330      0.334841E+09    0.5769366E+09    0.3418777E+07
 331      0.205969E+09    0.4187635E+09   -0.4918736E+08
 332      0.292260E+08    0.2565507E+09   -0.1066522E+09
 333     -0.231776E+09    0.1308495E+09   -0.1817498E+09
 334     -0.572484E+09    0.1983951E+08   -0.2761317E+09
 335     -0.105678E+10    0.4706329E+07   -0.1818459E+09
 336     -0.162344E+10   -0.1790854E+08   -0.6320845E+08
 337     -0.218101E+10    0.2948900E+08    0.1440365E+09
 338     -0.128407E+10    0.1023605E+08    0.2026403E+09
 339     -0.592094E+09    0.3901896E+08    0.2491602E+09
 340     -0.438999E+08    0.3011409E+09    0.8569773E+08
 341      0.258308E+09    0.5386150E+09   -0.6348063E+08
 342      0.427398E+09    0.7876051E+09   -0.1143178E+09
 343      0.527470E+09    0.1015216E+10   -0.1552051E+09
 344      0.564986E+09    0.1150104E+10   -0.1250795E+09
 345      0.590477E+09    0.1282324E+10   -0.9735730E+08
 346      0.578641E+09    0.1316090E+10   -0.4242296E+08
 347      0.563136E+09    0.1350700E+10    0.1381206E+08
 348      0.529959E+09    0.1293556E+10    0.6258773E+08
 349      0.496443E+09    0.1236962E+10    0.1097543E+09
 350      0.436830E+09    0.1095777E+10    0.1315549E+09
 351      0.375491E+09    0.9523373E+09    0.1531630E+09
 352      0.265687E+09    0.7362426E+09    0.1102859E+09
 353      0.108632E+09    0.5036487E+09    0.6464497E+08
 354     -0.139525E+09    0.2900430E+09   -0.7443814E+08
 355     -0.572037E+09    0.5721211E+08   -0.2310285E+09
 356     -0.117671E+10    0.2305324E+08   -0.1746407E+09
 357     -0.198400E+10    0.2737789E+08   -0.9782556E+08
 358     -0.250838E+10   -0.1186155E+09    0.1736482E+09
 359     -0.122627E+10    0.6458436E+08    0.8457921E+08
 360     -0.341197E+09    0.2394947E+09   -0.6379592E+08
 361      0.875234E+08    0.6291246E+09   -0.2785800E+09
 362      0.306816E+09    0.1030112E+10   -0.4091242E+09
 363      0.404578E+09    0.1308643E+10   -0.3771628E+09
 364      0.465365E+09    0.1579422E+10   -0.3486832E+09
 365      0.480526E+09    0.1714584E+10   -0.2577510E+09
 366      0.494861E+09    0.1850504E+10   -0.1698965E+09
 367      0.477683E+09    0.1875040E+10   -0.6595594E+08
 368      0.464301E+09    0.1901922E+10    0.3696434E+08
 369      0.439537E+09    0.1836598E+10    0.1310961E+09
 370      0.419059E+09    0.1772411E+10    0.2247289E+09
 371      0.371074E+09    0.1613222E+10    0.2929546E+09
 372      0.339234E+09    0.1455600E+10    0.3636201E+09
 373      0.265094E+09    0.1193353E+10    0.3727102E+09
 374      0.163834E+09    0.9252381E+09    0.3890710E+09
 375      0.760104E+07    0.5699198E+09    0.2588762E+09
 376     -0.330111E+09    0.2258136E+09    0.5383578E+08
 377     -0.112056E+10    0.6835453E+08   -0.6134622E+08
 378     -0.232209E+10   -0.9560396E+08   -0.1129987E+09
 379     -0.347371E+10    0.2586925E+09    0.6265204E+09
 380     -0.101036E+10    0.2798993E+09    0.4700596E+08
 381     -0.287232E+08    0.5492154E+09   -0.5565479E+09
 382      0.213979E+09    0.1312749E+10   -0.7022190E+09
 383      0.354250E+09    0.1822986E+10   -0.7697060E+09
 384      0.369260E+09    0.2082048E+10   -0.6509804E+09
 385      0.395783E+09    0.2345495E+10   -0.5405721E+09
 386      0.390115E+09    0.2448411E+10   -0.3886270E+09
 387      0.392957E+09    0.2558516E+10   -0.2394331E+09
 388      0.374325E+09    0.2565311E+10   -0.8717692E+08
 389      0.363490E+09    0.2576076E+10    0.6251834E+08
 390      0.344941E+09    0.2499941E+10    0.2017830E+09
 391      0.337178E+09    0.2426451E+10    0.3417563E+09
 392      0.301594E+09    0.2269145E+10    0.4576584E+09
 393      0.293693E+09    0.2119366E+10    0.5771648E+09
 394      0.255818E+09    0.1852466E+10    0.6504130E+09
 395      0.215478E+09    0.1591627E+10    0.7331390E+09
 396      0.153941E+09    0.1140469E+10    0.6524310E+09
 397     -0.192618E+08    0.4803741E+09    0.4899267E+09
 398     -0.924996E+09    0.2545123E+09   -0.2059067E+08
 399     -0.325259E+10    0.2285727E+09   -0.4660281E+09
 400     -0.273549E+10   -0.4613687E+09   -0.1531784E+09
 401     -0.356887E+09    0.8351227E+09   -0.8388044E+09
 402     -0.505181E+08    0.2074775E+10   -0.1329227E+10
 403      0.129515E+09    0.2482932E+10   -0.1133535E+10
 404      0.175517E+09    0.2914084E+10   -0.1023323E+10
 405      0.185109E+09    0.3071947E+10   -0.8283931E+09
 406      0.196726E+09    0.3247757E+10   -0.6430580E+09
 407      0.196589E+09    0.3305036E+10   -0.4473972E+09
 408      0.197679E+09    0.3367338E+10   -0.2528823E+09
 409      0.190797E+09    0.3348583E+10   -0.6735288E+08
 410      0.185833E+09    0.3332683E+10    0.1169485E+09
 411      0.176856E+09    0.3252972E+10    0.2851730E+09
 412      0.173820E+09    0.3176215E+10    0.4544460E+09
 413      0.156652E+09    0.3038218E+10    0.6012960E+09
 414      0.150050E+09    0.2903523E+10    0.7489612E+09
 415      0.136639E+09    0.2697278E+10    0.8702201E+09
 416      0.109478E+09    0.2508587E+10    0.9937777E+09
 417      0.116178E+09    0.2130199E+10    0.1058513E+10
 418     -0.135931E+08    0.1753785E+10    0.1215750E+10
 419     -0.295362E+09    0.6944576E+09    0.7702368E+09
 420     -0.258226E+10   -0.3886865E+09    0.2052876E+09
 421     -0.134251E+10    0.4459660E+10   -0.1070724E+10
 422      0.124614E+09    0.4422534E+10   -0.1682503E+10
 423     -0.817861E+08    0.4339357E+10   -0.1935084E+10
 424      0.257657E+08    0.4258068E+10   -0.1495173E+10
 425     -0.635282E+07    0.4256631E+10   -0.1240736E+10
 426      0.397758E+07    0.4263892E+10   -0.9790540E+09
 427      0.192428E+07    0.4284671E+10   -0.7323812E+09
 428      0.686974E+07    0.4277484E+10   -0.4957554E+09
 429      0.747116E+07    0.4273803E+10   -0.2596907E+09
 430      0.107790E+08    0.4227328E+10   -0.4204340E+08
 431      0.119189E+08    0.4181140E+10    0.1752324E+09
 432      0.131047E+08    0.4093362E+10    0.3701750E+09
 433      0.149752E+08    0.4008666E+10    0.5672374E+09
 434      0.155829E+08    0.3902078E+10    0.7422521E+09
 435      0.125711E+08    0.3798388E+10    0.9162865E+09
 436      0.205160E+08    0.3711458E+10    0.1074229E+10
 437      0.407737E+07    0.3638948E+10    0.1229922E+10
 438      0.600090E+08    0.3642973E+10    0.1416850E+10
 439     -0.336988E+08    0.3731150E+10    0.1812849E+10
 440      0.193929E+09    0.3693186E+10    0.1618687E+10
 441     -0.129840E+10    0.3578756E+10    0.1166671E+10
