   1      0.358311E+09   -0.1479085E+07   -0.2768426E+07
   2      0.403727E+09    0.1580277E+08   -0.4355945E+07
   3      0.397558E+09    0.3420690E+08   -0.5128318E+07
   4      0.354681E+09    0.4543741E+08   -0.4380822E+07
   5      0.287712E+09    0.5550541E+08   -0.4920477E+07
   6      0.178941E+09    0.6142620E+08   -0.5150139E+07
   7      0.435635E+08    0.6762897E+08   -0.4451709E+07
   8     -0.119623E+09    0.6297309E+08   -0.3283701E+07
   9     -0.309081E+09    0.6170269E+08   -0.4020761E+07
  10     -0.502625E+09    0.3971095E+08    0.8944480E+06
  11     -0.666011E+09    0.2618400E+07    0.1378560E+08
  12     -0.753051E+09   -0.7961450E+08    0.1407682E+08
  13     -0.557019E+09   -0.1459322E+09    0.5272084E+07
  14     -0.373973E+09   -0.1331754E+09    0.1334799E+07
  15     -0.213462E+09   -0.1229751E+09    0.2707004E+06
  16     -0.588289E+08   -0.9662997E+08    0.4329116E+06
  17      0.925706E+08   -0.7083956E+08    0.2888474E+06
  18      0.247767E+09   -0.4683176E+08    0.6143577E+06
  19      0.411404E+09   -0.2293491E+08   -0.1105478E+06
  20      0.586523E+09   -0.8448054E+07   -0.3114742E+06
  21      0.858150E+09    0.4683149E+07    0.6508663E+06
  22      0.377494E+09   -0.2048325E+06   -0.5047838E+07
  23      0.404215E+09    0.1566459E+07   -0.6964034E+07
  24      0.393129E+09    0.4292683E+07   -0.7287785E+07
  25      0.350515E+09    0.2486271E+07   -0.1542115E+07
  26      0.283951E+09   -0.5943822E+06    0.2677690E+07
  27      0.176358E+09   -0.1220397E+08    0.5532768E+07
  28      0.400369E+08   -0.2348198E+08    0.8378509E+07
  29     -0.122711E+09   -0.3873679E+08    0.1179830E+08
  30     -0.315067E+09   -0.5317935E+08    0.1353393E+08
  31     -0.514451E+09   -0.7852108E+08    0.2594408E+08
  32     -0.702667E+09   -0.1091000E+09    0.5088594E+08
  33     -0.719015E+09   -0.1317133E+09    0.3571741E+08
  34     -0.534522E+09   -0.1488747E+09    0.6045244E+07
  35     -0.362178E+09   -0.1367631E+09   -0.1001371E+08
  36     -0.206352E+09   -0.1244897E+09   -0.2206520E+08
  37     -0.558766E+08   -0.9820021E+08   -0.2473704E+08
  38      0.920410E+08   -0.7227287E+08   -0.2772515E+08
  39      0.243655E+09   -0.4692286E+08   -0.2376021E+08
  40      0.405439E+09   -0.2212090E+08   -0.2034279E+08
  41      0.579055E+09   -0.9844942E+07   -0.1225505E+08
  42      0.837066E+09    0.1914561E+07   -0.3718783E+07
  43      0.401875E+09    0.3283205E+07   -0.7774057E+07
  44      0.405850E+09   -0.2793058E+07   -0.8834087E+07
  45      0.389812E+09   -0.9877563E+07   -0.8166015E+07
  46      0.346506E+09   -0.2748771E+08    0.1801700E+07
  47      0.280136E+09   -0.4427614E+08    0.1042755E+08
  48      0.173358E+09   -0.6680879E+08    0.1661297E+08
  49      0.361132E+08   -0.8945278E+08    0.2167365E+08
  50     -0.127221E+09   -0.1137128E+09    0.2759113E+08
  51     -0.323255E+09   -0.1394845E+09    0.3273001E+08
  52     -0.528835E+09   -0.1580578E+09    0.5057029E+08
  53     -0.748753E+09   -0.1744024E+09    0.8427299E+08
  54     -0.680436E+09   -0.1717514E+09    0.5467059E+08
  55     -0.510383E+09   -0.1697682E+09    0.6213407E+07
  56     -0.349440E+09   -0.1518992E+09   -0.2141689E+08
  57     -0.198897E+09   -0.1332625E+09   -0.4409540E+08
  58     -0.527909E+08   -0.1045955E+09   -0.4973215E+08
  59      0.914652E+08   -0.7544942E+08   -0.5564123E+08
  60      0.239674E+09   -0.4790323E+08   -0.4800404E+08
  61      0.399261E+09   -0.1982548E+08   -0.4083755E+08
  62      0.572662E+09   -0.6487685E+07   -0.2398842E+08
  63      0.813997E+09    0.5074021E+07   -0.6868408E+07
  64      0.412532E+09    0.2353171E+07   -0.4625994E+07
  65      0.396840E+09   -0.1022546E+08    0.4299626E+07
  66      0.377166E+09   -0.2308382E+08    0.1457597E+08
  67      0.332667E+09   -0.5073164E+08    0.2960135E+08
  68      0.269273E+09   -0.7910872E+08    0.4370754E+08
  69      0.166694E+09   -0.1139478E+09    0.5046393E+08
  70      0.341136E+08   -0.1489734E+09    0.5610875E+08
  71     -0.129636E+09   -0.1784603E+09    0.5672046E+08
  72     -0.327088E+09   -0.2075386E+09    0.5803604E+08
  73     -0.538248E+09   -0.2220545E+09    0.6361768E+08
  74     -0.754646E+09   -0.2345966E+09    0.7320409E+08
  75     -0.625938E+09   -0.2126707E+09    0.3275699E+08
  76     -0.470525E+09   -0.1923797E+09   -0.1434347E+08
  77     -0.320976E+09   -0.1692069E+09   -0.4486861E+08
  78     -0.180752E+09   -0.1451707E+09   -0.7271473E+08
  79     -0.448692E+08   -0.1135564E+09   -0.8068843E+08
  80      0.893780E+08   -0.8154900E+08   -0.8866058E+08
  81      0.227705E+09   -0.5166831E+08   -0.7686533E+08
  82      0.378058E+09   -0.2171174E+08   -0.6542888E+08
  83      0.544680E+09   -0.8520436E+07   -0.3598303E+08
  84      0.764472E+09    0.3587399E+07   -0.6278383E+07
  85      0.417974E+09    0.6414898E+07   -0.2035756E+07
  86      0.388402E+09   -0.1004058E+08    0.1707657E+08
  87      0.363679E+09   -0.2900783E+08    0.3758997E+08
  88      0.319086E+09   -0.6843156E+08    0.5753842E+08
  89      0.258003E+09   -0.1063317E+09    0.7717172E+08
  90      0.160684E+09   -0.1483189E+09    0.8420178E+08
  91      0.314960E+08   -0.1900261E+09    0.9003965E+08
  92     -0.131408E+09   -0.2237078E+09    0.8545792E+08
  93     -0.330042E+09   -0.2593301E+09    0.8225606E+08
  94     -0.547910E+09   -0.2672018E+09    0.7660880E+08
  95     -0.745030E+09   -0.2692236E+09    0.6428115E+08
  96     -0.577323E+09   -0.2421681E+09    0.1232499E+08
  97     -0.432422E+09   -0.2189682E+09   -0.3503236E+08
  98     -0.293283E+09   -0.1903677E+09   -0.6874796E+08
  99     -0.162897E+09   -0.1609671E+09   -0.1018358E+09
 100     -0.370582E+08   -0.1254756E+09   -0.1119610E+09
 101      0.873320E+08   -0.8922150E+08   -0.1218830E+09
 102      0.215682E+09   -0.5617464E+08   -0.1058509E+09
 103      0.357333E+09   -0.2250541E+08   -0.8981874E+08
 104      0.515730E+09   -0.7668549E+07   -0.4795524E+08
 105      0.718415E+09    0.5339728E+07   -0.6099353E+07
 106      0.381692E+09    0.5436152E+07   -0.9289463E+06
 107      0.352208E+09   -0.1377226E+08    0.3644020E+08
 108      0.329412E+09   -0.3458419E+08    0.7497291E+08
 109      0.295539E+09   -0.7843651E+08    0.1006306E+09
 110      0.238738E+09   -0.1217354E+09    0.1261679E+09
 111      0.156460E+09   -0.1706275E+09    0.1322349E+09
 112      0.363124E+08   -0.2206635E+09    0.1369665E+09
 113     -0.115548E+09   -0.2576018E+09    0.1207021E+09
 114     -0.307749E+09   -0.2937423E+09    0.1053317E+09
 115     -0.522724E+09   -0.2946967E+09    0.7610537E+08
 116     -0.684837E+09   -0.2918774E+09    0.4250337E+08
 117     -0.528020E+09   -0.2658774E+09   -0.1223643E+08
 118     -0.387021E+09   -0.2422613E+09   -0.6399193E+08
 119     -0.256612E+09   -0.2096076E+09   -0.1014197E+09
 120     -0.137960E+09   -0.1767066E+09   -0.1385750E+09
 121     -0.260342E+08   -0.1380446E+09   -0.1502561E+09
 122      0.826137E+08   -0.9881980E+08   -0.1616794E+09
 123      0.194082E+09   -0.6320413E+08   -0.1405605E+09
 124      0.318190E+09   -0.2745789E+08   -0.1190320E+09
 125      0.459546E+09   -0.1106956E+08   -0.6309808E+08
 126      0.646321E+09    0.4102865E+07   -0.7355239E+07
 127      0.346218E+09    0.6342327E+07    0.1356128E+07
 128      0.315153E+09   -0.1426247E+08    0.5535431E+08
 129      0.295109E+09   -0.3639086E+08    0.1105514E+09
 130      0.272266E+09   -0.8710961E+08    0.1437106E+09
 131      0.219941E+09   -0.1389077E+09    0.1762349E+09
 132      0.151457E+09   -0.1941114E+09    0.1806619E+09
 133      0.424706E+08   -0.2473006E+09    0.1838998E+09
 134     -0.994200E+08   -0.2849356E+09    0.1563249E+09
 135     -0.284470E+09   -0.3251873E+09    0.1289264E+09
 136     -0.493975E+09   -0.3250939E+09    0.7497234E+08
 137     -0.631985E+09   -0.3178933E+09    0.2039784E+08
 138     -0.477498E+09   -0.2877927E+09   -0.3608979E+08
 139     -0.341714E+09   -0.2620107E+09   -0.9241885E+08
 140     -0.220217E+09   -0.2274210E+09   -0.1341178E+09
 141     -0.113276E+09   -0.1921821E+09   -0.1756517E+09
 142     -0.152602E+08   -0.1505151E+09   -0.1888244E+09
 143      0.776596E+08   -0.1080896E+09   -0.2017120E+09
 144      0.172198E+09   -0.6919480E+08   -0.1753643E+09
 145      0.278906E+09   -0.2935045E+08   -0.1484585E+09
 146      0.403546E+09   -0.1031456E+08   -0.7838180E+08
 147      0.574210E+09    0.6490325E+07   -0.8444825E+07
 148      0.257164E+09    0.6748860E+07    0.4264855E+07
 149      0.241378E+09   -0.1727355E+08    0.7876062E+08
 150      0.235493E+09   -0.4319707E+08    0.1539160E+09
 151      0.231140E+09   -0.9670196E+08    0.1959008E+09
 152      0.200976E+09   -0.1504820E+09    0.2369929E+09
 153      0.152736E+09   -0.2064768E+09    0.2350582E+09
 154      0.648299E+08   -0.2622005E+09    0.2332362E+09
 155     -0.582353E+08   -0.2987137E+09    0.1917461E+09
 156     -0.223451E+09   -0.3336630E+09    0.1484798E+09
 157     -0.415719E+09   -0.3316580E+09    0.7249416E+08
 158     -0.569907E+09   -0.3274955E+09   -0.1177487E+07
 159     -0.416900E+09   -0.3003154E+09   -0.6172118E+08
 160     -0.287201E+09   -0.2747784E+09   -0.1235204E+09
 161     -0.175131E+09   -0.2389401E+09   -0.1697213E+09
 162     -0.816018E+08   -0.2030325E+09   -0.2159544E+09
 163     -0.981832E+06   -0.1603124E+09   -0.2313736E+09
 164      0.704199E+08   -0.1169003E+09   -0.2466059E+09
 165      0.140088E+09   -0.7574798E+08   -0.2156291E+09
 166      0.219747E+09   -0.3403063E+08   -0.1839554E+09
 167      0.316419E+09   -0.1370675E+08   -0.9734710E+08
 168      0.461116E+09    0.4924183E+07   -0.1068553E+08
 169      0.169216E+09    0.8692440E+07    0.6043888E+07
 170      0.166875E+09   -0.1606875E+08    0.1023441E+09
 171      0.176707E+09   -0.4431611E+08    0.1987010E+09
 172      0.188480E+09   -0.1021535E+09    0.2483999E+09
 173      0.182823E+09   -0.1581147E+09    0.2971020E+09
 174      0.154767E+09   -0.2124557E+09    0.2897041E+09
 175      0.868930E+08   -0.2662816E+09    0.2832628E+09
 176     -0.150952E+08   -0.2976578E+09    0.2262445E+09
 177     -0.160859E+09   -0.3284195E+09    0.1666119E+09
 178     -0.337438E+09   -0.3330042E+09    0.7173627E+08
 179     -0.510828E+09   -0.3353134E+09   -0.2039775E+08
 180     -0.355206E+09   -0.3055814E+09   -0.8765132E+08
 181     -0.232119E+09   -0.2776392E+09   -0.1553012E+09
 182     -0.129867E+09   -0.2430946E+09   -0.2056216E+09
 183     -0.499064E+08   -0.2084294E+09   -0.2566178E+09
 184      0.131347E+08   -0.1661222E+09   -0.2743506E+09
 185      0.628307E+08   -0.1228256E+09   -0.2919548E+09
 186      0.107669E+09   -0.7989894E+08   -0.2562865E+09
 187      0.160012E+09   -0.3528653E+08   -0.2197135E+09
 188      0.229280E+09   -0.1247028E+08   -0.1162998E+09
 189      0.347838E+09    0.7461894E+07   -0.1272691E+08
 190      0.208968E+08    0.6549832E+07    0.1039013E+08
 191      0.478850E+08   -0.2103830E+08    0.1289836E+09
 192      0.907824E+08   -0.5149232E+08    0.2478958E+09
 193      0.135471E+09   -0.1051706E+09    0.3000887E+09
 194      0.165511E+09   -0.1574902E+09    0.3512483E+09
 195      0.167967E+09   -0.2058079E+09    0.3374098E+09
 196      0.130749E+09   -0.2529223E+09    0.3229732E+09
 197      0.530361E+08   -0.2825433E+09    0.2550505E+09
 198     -0.692300E+08   -0.3132964E+09    0.1872820E+09
 199     -0.225788E+09   -0.3194111E+09    0.7756459E+08
 200     -0.401867E+09   -0.3216034E+09   -0.3761760E+08
 201     -0.288822E+09   -0.2915521E+09   -0.1149312E+09
 202     -0.169699E+09   -0.2640464E+09   -0.1842493E+09
 203     -0.762843E+08   -0.2331978E+09   -0.2365718E+09
 204     -0.998392E+07   -0.2023538E+09   -0.2914608E+09
 205      0.334747E+08   -0.1638443E+09   -0.3132455E+09
 206      0.566370E+08   -0.1243156E+09   -0.3351978E+09
 207      0.683494E+08   -0.8253029E+08   -0.2976687E+09
 208      0.809098E+08   -0.3931834E+08   -0.2593990E+09
 209      0.106980E+09   -0.1566584E+08   -0.1380616E+09
 210      0.180571E+09    0.5571550E+07   -0.1578290E+08
 211     -0.128507E+09    0.9367503E+07    0.1442900E+08
 212     -0.708792E+08   -0.1762340E+08    0.1558215E+09
 213      0.274863E+07   -0.4894783E+08    0.2974725E+09
 214      0.833207E+08   -0.1024174E+09    0.3524438E+09
 215      0.146152E+09   -0.1526193E+09    0.4066960E+09
 216      0.181374E+09   -0.1914833E+09    0.3861080E+09
 217      0.175962E+09   -0.2289473E+09    0.3640734E+09
 218      0.120508E+09   -0.2495704E+09    0.2859783E+09
 219      0.229657E+08   -0.2709713E+09    0.2096561E+09
 220     -0.112113E+09   -0.2732290E+09    0.8251670E+08
 221     -0.283473E+09   -0.2734354E+09   -0.5779021E+08
 222     -0.225868E+09   -0.2504633E+09   -0.1428449E+09
 223     -0.106662E+09   -0.2290338E+09   -0.2122662E+09
 224     -0.218926E+08   -0.2050138E+09   -0.2676864E+09
 225      0.303037E+08   -0.1816537E+09   -0.3269792E+09
 226      0.538521E+08   -0.1509911E+09   -0.3528749E+09
 227      0.500018E+08   -0.1191622E+09   -0.3792621E+09
 228      0.283282E+08   -0.8032036E+08   -0.3397467E+09
 229      0.112749E+07   -0.3858703E+08   -0.2994653E+09
 230     -0.157992E+08   -0.1376954E+08   -0.1599312E+09
 231      0.129483E+08    0.7576263E+07   -0.1890981E+08
 232     -0.346491E+09    0.5482513E+07    0.2102340E+08
 233     -0.233686E+09   -0.2278625E+08    0.1826997E+09
 234     -0.101969E+09   -0.5458473E+08    0.3428406E+09
 235      0.319522E+08   -0.9713817E+08    0.3921556E+09
 236      0.138891E+09   -0.1371303E+09    0.4406133E+09
 237      0.211560E+09   -0.1590112E+09    0.4081713E+09
 238      0.236451E+09   -0.1794109E+09    0.3770020E+09
 239      0.204092E+09   -0.1834010E+09    0.2927807E+09
 240      0.131461E+09   -0.1863402E+09    0.2098417E+09
 241      0.181838E+08   -0.1827315E+09    0.8225475E+08
 242     -0.125611E+09   -0.1819789E+09   -0.5861735E+08
 243     -0.155391E+09   -0.1750092E+09   -0.1518208E+09
 244     -0.418220E+08   -0.1652640E+09   -0.2285324E+09
 245      0.353024E+08   -0.1499422E+09   -0.2814991E+09
 246      0.780364E+08   -0.1372378E+09   -0.3397850E+09
 247      0.843018E+08   -0.1203461E+09   -0.3713803E+09
 248      0.530632E+08   -0.1021611E+09   -0.4044407E+09
 249     -0.855533E+07   -0.7219419E+08   -0.3704996E+09
 250     -0.907211E+08   -0.3901593E+08   -0.3361219E+09
 251     -0.173037E+09   -0.1534053E+08   -0.1811644E+09
 252     -0.218744E+09    0.4955251E+07   -0.2324199E+08
 253     -0.563227E+09    0.8056479E+07    0.2853873E+08
 254     -0.397933E+09   -0.2018408E+08    0.2107631E+09
 255     -0.208118E+09   -0.5315712E+08    0.3904529E+09
 256     -0.214943E+08   -0.8242082E+08    0.4339187E+09
 257      0.132556E+09   -0.1049380E+09    0.4759593E+09
 258      0.242484E+09   -0.9594768E+08    0.4314060E+09
 259      0.297712E+09   -0.8564099E+08    0.3898396E+09
 260      0.290474E+09   -0.6614719E+08    0.2996071E+09
 261      0.241838E+09   -0.4831530E+08    0.2105163E+09
 262      0.149503E+09   -0.4937480E+08    0.8430772E+08
 263      0.302999E+08   -0.5956966E+08   -0.5261437E+08
 264     -0.814703E+08   -0.6936529E+08   -0.1609674E+09
 265      0.218226E+08   -0.6439075E+08   -0.2512964E+09
 266      0.933542E+08   -0.5669665E+08   -0.2968484E+09
 267      0.126466E+09   -0.5962075E+08   -0.3527092E+09
 268      0.115413E+09   -0.6623284E+08   -0.3909897E+09
 269      0.554508E+08   -0.7104652E+08   -0.4310032E+09
 270     -0.463560E+08   -0.5583709E+08   -0.4026229E+09
 271     -0.184666E+09   -0.3560161E+08   -0.3740127E+09
 272     -0.331743E+09   -0.1274251E+08   -0.2029099E+09
 273     -0.450454E+09    0.6692999E+07   -0.2769637E+08
 274     -0.860675E+09   -0.3423484E+06    0.4301653E+08
 275     -0.590416E+09   -0.2244617E+08    0.2322471E+09
 276     -0.302658E+09   -0.5011677E+08    0.4148749E+09
 277     -0.460139E+08   -0.4843349E+08    0.4293459E+09
 278      0.157867E+09   -0.3920287E+08    0.4452077E+09
 279      0.292111E+09    0.7745997E+07    0.3893270E+09
 280      0.365138E+09    0.5608947E+08    0.3383687E+09
 281      0.369982E+09    0.1011692E+09    0.2602974E+09
 282      0.335208E+09    0.1451202E+09    0.1837117E+09
 283      0.255471E+09    0.1534679E+09    0.8200961E+08
 284      0.151989E+09    0.1552817E+09   -0.2624024E+08
 285      0.362188E+08    0.1324497E+09   -0.1409150E+09
 286      0.592030E+08    0.1158792E+09   -0.2400012E+09
 287      0.136325E+09    0.9068811E+08   -0.2714608E+09
 288      0.173085E+09    0.6120346E+08   -0.3144600E+09
 289      0.157832E+09    0.2404060E+08   -0.3571975E+09
 290      0.816172E+08   -0.1265163E+08   -0.4037816E+09
 291     -0.591530E+08   -0.2331816E+08   -0.3957402E+09
 292     -0.265852E+09   -0.2748402E+08   -0.3895820E+09
 293     -0.511333E+09   -0.1133536E+08   -0.2166933E+09
 294     -0.750551E+09    0.2572128E+06   -0.3580102E+08
 295     -0.116178E+10    0.6309568E+07    0.6096941E+08
 296     -0.785689E+09   -0.1810643E+08    0.2563688E+09
 297     -0.405737E+09   -0.4056429E+08    0.4439505E+09
 298     -0.681553E+08    0.7994645E+07    0.4287179E+09
 299      0.181205E+09    0.6422033E+08    0.4166904E+09
 300      0.345962E+09    0.1690143E+09    0.3486065E+09
 301      0.433473E+09    0.2699305E+09    0.2863555E+09
 302      0.450659E+09    0.3521279E+09    0.2201921E+09
 303      0.427839E+09    0.4299439E+09    0.1561007E+09
 304      0.361023E+09    0.4475515E+09    0.7837966E+08
 305      0.273671E+09    0.4631830E+09   -0.3910039E+07
 306      0.161774E+09    0.4125016E+09   -0.1167175E+09
 307      0.961382E+08    0.3609975E+09   -0.2228204E+09
 308      0.176150E+09    0.3055738E+09   -0.2465641E+09
 309      0.222425E+09    0.2479101E+09   -0.2744455E+09
 310      0.203243E+09    0.1649777E+09   -0.3232056E+09
 311      0.107688E+09    0.7837076E+08   -0.3775875E+09
 312     -0.708923E+08    0.2782116E+08   -0.3919623E+09
 313     -0.354388E+09   -0.1716466E+08   -0.4089902E+09
 314     -0.693965E+09   -0.6571703E+07   -0.2321647E+09
 315     -0.105352E+10    0.6067530E+07   -0.4580487E+08
 316     -0.154180E+10   -0.2244593E+08    0.8833003E+08
 317     -0.955508E+09   -0.8365728E+07    0.2497226E+09
 318     -0.419849E+09   -0.1647142E+07    0.3891597E+09
 319     -0.215254E+08    0.1148869E+09    0.3135883E+09
 320      0.246805E+09    0.2451710E+09    0.2553233E+09
 321      0.398349E+09    0.4122518E+09    0.1949666E+09
 322      0.474703E+09    0.5766675E+09    0.1439814E+09
 323      0.482089E+09    0.6893607E+09    0.1159130E+09
 324      0.459275E+09    0.7994818E+09    0.8892083E+08
 325      0.399577E+09    0.8279489E+09    0.5540752E+08
 326      0.329538E+09    0.8540761E+09    0.1960972E+08
 327      0.239003E+09    0.7877053E+09   -0.4681666E+08
 328      0.168048E+09    0.7167614E+09   -0.1214004E+09
 329      0.186365E+09    0.6092564E+09   -0.1471955E+09
 330      0.243111E+09    0.5079195E+09   -0.1586741E+09
 331      0.244769E+09    0.3749517E+09   -0.1911046E+09
 332      0.168111E+09    0.2355064E+09   -0.2367286E+09
 333     -0.242993E+08    0.1210204E+09   -0.2886446E+09
 334     -0.363615E+09    0.1860204E+08   -0.3551833E+09
 335     -0.849264E+09    0.3636364E+07   -0.2197353E+09
 336     -0.141938E+10   -0.1750840E+08   -0.6196120E+08
 337     -0.195461E+10    0.3013839E+08    0.1418596E+09
 338     -0.112937E+10    0.8753747E+07    0.2528874E+09
 339     -0.466536E+09    0.3436883E+08    0.3485415E+09
 340      0.470155E+08    0.2973510E+09    0.2065339E+09
 341      0.319737E+09    0.5379308E+09    0.8107018E+08
 342      0.455640E+09    0.7916549E+09    0.3493619E+08
 343      0.518732E+09    0.1023826E+10   -0.3031083E+07
 344      0.511865E+09    0.1158921E+10    0.9404154E+07
 345      0.490249E+09    0.1291014E+10    0.2072011E+08
 346      0.435416E+09    0.1318889E+10    0.3233333E+08
 347      0.382747E+09    0.1348996E+10    0.4371352E+08
 348      0.307722E+09    0.1271932E+10    0.2440144E+08
 349      0.250250E+09    0.1182470E+10   -0.8533531E+07
 350      0.203750E+09    0.1022274E+10   -0.3974999E+08
 351      0.254570E+09    0.8811391E+09   -0.4466023E+08
 352      0.289931E+09    0.6959543E+09   -0.5393870E+08
 353      0.235149E+09    0.4842922E+09   -0.8341932E+08
 354      0.412956E+08    0.2800099E+09   -0.1916728E+09
 355     -0.400669E+09    0.5592507E+08   -0.3124358E+09
 356     -0.100806E+10    0.2266913E+08   -0.2143591E+09
 357     -0.181662E+10    0.2898693E+08   -0.9695895E+08
 358     -0.235615E+10   -0.1193642E+09    0.1722017E+09
 359     -0.111516E+10    0.6529580E+08    0.1317074E+09
 360     -0.244218E+09    0.2427005E+09    0.2891876E+08
 361      0.158641E+09    0.6390299E+09   -0.1652406E+09
 362      0.353855E+09    0.1046856E+10   -0.2736529E+09
 363      0.427796E+09    0.1332623E+10   -0.2352223E+09
 364      0.463128E+09    0.1610045E+10   -0.2006537E+09
 365      0.442039E+09    0.1746403E+10   -0.1244200E+09
 366      0.424611E+09    0.1884305E+10   -0.5244837E+08
 367      0.373406E+09    0.1907317E+10    0.1200855E+08
 368      0.334769E+09    0.1931519E+10    0.7564076E+08
 369      0.276559E+09    0.1850628E+10    0.1095977E+09
 370      0.245625E+09    0.1769052E+10    0.1394681E+09
 371      0.204568E+09    0.1584046E+10    0.1453728E+09
 372      0.217734E+09    0.1402586E+10    0.1600351E+09
 373      0.266849E+09    0.1157807E+10    0.1908387E+09
 374      0.268575E+09    0.9076788E+09    0.2259488E+09
 375      0.147002E+09    0.5612424E+09    0.1339894E+09
 376     -0.199221E+09    0.2253958E+09   -0.3125350E+08
 377     -0.995818E+09    0.6852956E+08   -0.1016986E+09
 378     -0.219079E+10   -0.9506324E+08   -0.1095616E+09
 379     -0.340017E+10    0.2511522E+09    0.6228883E+09
 380     -0.940519E+09    0.2803187E+09    0.8901945E+08
 381      0.389046E+08    0.5582267E+09   -0.4735342E+09
 382      0.265601E+09    0.1330979E+10   -0.5972090E+09
 383      0.386680E+09    0.1849465E+10   -0.6417122E+09
 384      0.386942E+09    0.2112366E+10   -0.5153703E+09
 385      0.398085E+09    0.2381285E+10   -0.3967939E+09
 386      0.366192E+09    0.2490772E+10   -0.2571805E+09
 387      0.353856E+09    0.2606573E+10   -0.1227460E+09
 388      0.307694E+09    0.2611955E+10   -0.5849297E+07
 389      0.282448E+09    0.2621277E+10    0.1101549E+09
 390      0.242289E+09    0.2540138E+10    0.1951162E+09
 391      0.227153E+09    0.2462013E+10    0.2802300E+09
 392      0.198456E+09    0.2282750E+10    0.3363098E+09
 393      0.194368E+09    0.2100416E+10    0.3852611E+09
 394      0.233664E+09    0.1825303E+10    0.4533959E+09
 395      0.295735E+09    0.1573140E+10    0.5481609E+09
 396      0.252747E+09    0.1135021E+10    0.5179238E+09
 397      0.703077E+08    0.4784972E+09    0.4006166E+09
 398     -0.847027E+09    0.2558681E+09   -0.6191206E+08
 399     -0.315169E+10    0.2356207E+09   -0.4594273E+09
 400     -0.270820E+10   -0.4545384E+09   -0.1567592E+09
 401     -0.317672E+09    0.8393297E+09   -0.8034877E+09
 402     -0.151466E+08    0.2079536E+10   -0.1257354E+10
 403      0.157588E+09    0.2491994E+10   -0.1036174E+10
 404      0.192922E+09    0.2926709E+10   -0.9014720E+09
 405      0.195205E+09    0.3090939E+10   -0.6992750E+09
 406      0.199371E+09    0.3272676E+10   -0.5059798E+09
 407      0.185277E+09    0.3335559E+10   -0.3222725E+09
 408      0.180846E+09    0.3403241E+10   -0.1401503E+09
 409      0.157418E+09    0.3387446E+10    0.1192907E+08
 410      0.145417E+09    0.3374531E+10    0.1621248E+09
 411      0.125972E+09    0.3294910E+10    0.2784122E+09
 412      0.118041E+09    0.3217289E+10    0.3940083E+09
 413      0.105153E+09    0.3075182E+10    0.4879394E+09
 414      0.108526E+09    0.2935283E+10    0.5787993E+09
 415      0.122554E+09    0.2713246E+10    0.6853729E+09
 416      0.147424E+09    0.2510453E+10    0.8072235E+09
 417      0.165677E+09    0.2129157E+10    0.9270175E+09
 418      0.302554E+08    0.1748911E+10    0.1132156E+10
 419     -0.258610E+09    0.6874611E+09    0.7280560E+09
 420     -0.252572E+10   -0.3965193E+09    0.2054319E+09
 421     -0.135932E+10    0.4403335E+10   -0.1086809E+10
 422      0.131408E+09    0.4367531E+10   -0.1660054E+10
 423     -0.781087E+08    0.4285929E+10   -0.1874156E+10
 424      0.303082E+08    0.4209816E+10   -0.1405962E+10
 425     -0.358861E+07    0.4216325E+10   -0.1126424E+10
 426      0.692206E+07    0.4232183E+10   -0.8575481E+09
 427      0.532047E+07    0.4261710E+10   -0.6020498E+09
 428      0.846181E+07    0.4264578E+10   -0.3770344E+09
 429      0.116756E+08    0.4270443E+10   -0.1514841E+09
 430      0.113307E+08    0.4230159E+10    0.3437761E+08
 431      0.130955E+08    0.4190895E+10    0.2173596E+09
 432      0.137626E+08    0.4112055E+10    0.3634555E+09
 433      0.146408E+08    0.4031640E+10    0.5093306E+09
 434      0.145344E+08    0.3930607E+10    0.6331336E+09
 435      0.164806E+08    0.3835770E+10    0.7571798E+09
 436      0.160584E+08    0.3758301E+10    0.9000300E+09
 437      0.224485E+07    0.3690728E+10    0.1047754E+10
 438      0.609068E+08    0.3664173E+10    0.1290122E+10
 439     -0.345063E+08    0.3719110E+10    0.1734901E+10
 440      0.191477E+09    0.3701797E+10    0.1575083E+10
 441     -0.129161E+10    0.3616261E+10    0.1159172E+10
