   1     -0.369988E+09    0.1165821E+08   -0.7637050E+06
   2     -0.376816E+09   -0.2239784E+08    0.2470778E+07
   3     -0.323087E+09   -0.6088291E+08    0.5041060E+07
   4     -0.237451E+09   -0.1330474E+09    0.4913778E+07
   5     -0.133256E+09   -0.2026630E+09    0.5164924E+07
   6     -0.138349E+08   -0.2721987E+09    0.4105328E+07
   7      0.954397E+08   -0.3402274E+09    0.3309425E+07
   8      0.202121E+09   -0.3921883E+09    0.2985872E+07
   9      0.289139E+09   -0.4437118E+09    0.2502488E+07
  10      0.365249E+09   -0.4718839E+09    0.2141087E+07
  11      0.412010E+09   -0.5008072E+09    0.1852008E+07
  12      0.424526E+09   -0.4980792E+09    0.3020680E+06
  13      0.406206E+09   -0.4930810E+09   -0.1356504E+07
  14      0.350695E+09   -0.4558707E+09   -0.1415483E+07
  15      0.254487E+09   -0.4194626E+09   -0.2064352E+07
  16      0.125694E+09   -0.3516206E+09   -0.3495577E+07
  17     -0.400148E+08   -0.2823634E+09   -0.4508697E+07
  18     -0.231523E+09   -0.1976394E+09   -0.5836662E+07
  19     -0.426432E+09   -0.1070810E+09   -0.7772608E+07
  20     -0.611416E+09   -0.4310155E+08   -0.6061849E+07
  21     -0.649625E+09    0.1385474E+08   -0.3358718E+07
  22     -0.409327E+09    0.6272027E+07    0.4960506E+07
  23     -0.400589E+09   -0.2044853E+08    0.2907625E+08
  24     -0.334146E+09   -0.4942526E+08    0.5186236E+08
  25     -0.243845E+09   -0.1028547E+09    0.5656392E+08
  26     -0.131811E+09   -0.1550668E+09    0.6179803E+08
  27     -0.114652E+08   -0.2097491E+09    0.5818976E+08
  28      0.102565E+09   -0.2643306E+09    0.5517909E+08
  29      0.210875E+09   -0.3086352E+09    0.4594624E+08
  30      0.302334E+09   -0.3524479E+09    0.3625563E+08
  31      0.378181E+09   -0.3732027E+09    0.2268546E+08
  32      0.424841E+09   -0.3931446E+09    0.1007668E+08
  33      0.440214E+09   -0.3878113E+09   -0.4856775E+07
  34      0.420889E+09   -0.3827684E+09   -0.2012772E+08
  35      0.364951E+09   -0.3496883E+09   -0.3442790E+08
  36      0.269558E+09   -0.3152043E+09   -0.4953056E+08
  37      0.135191E+09   -0.2581518E+09   -0.6004900E+08
  38     -0.333203E+08   -0.2001047E+09   -0.7044317E+08
  39     -0.231880E+09   -0.1345122E+09   -0.7026352E+08
  40     -0.438600E+09   -0.6666269E+08   -0.7166452E+08
  41     -0.639552E+09   -0.2694203E+08   -0.4270213E+08
  42     -0.722802E+09    0.8768733E+07   -0.1146441E+08
  43     -0.451737E+09    0.7039052E+07    0.9515542E+07
  44     -0.426193E+09   -0.1165349E+08    0.5531941E+08
  45     -0.345465E+09   -0.3317173E+08    0.9916132E+08
  46     -0.249855E+09   -0.7654558E+08    0.1079045E+09
  47     -0.129866E+09   -0.1181069E+09    0.1180153E+09
  48     -0.856240E+07   -0.1643903E+09    0.1119905E+09
  49      0.110193E+09   -0.2103387E+09    0.1062734E+09
  50      0.220225E+09   -0.2436464E+09    0.8782944E+08
  51      0.316562E+09   -0.2760012E+09    0.6883454E+08
  52      0.391926E+09   -0.2931549E+09    0.4280813E+08
  53      0.437539E+09   -0.3108471E+09    0.1821167E+08
  54      0.456949E+09   -0.3064559E+09   -0.1022593E+08
  55      0.435360E+09   -0.3012559E+09   -0.3894728E+08
  56      0.380141E+09   -0.2750677E+09   -0.6694912E+08
  57      0.285378E+09   -0.2487324E+09   -0.9644124E+08
  58      0.145208E+09   -0.2001964E+09   -0.1166671E+09
  59     -0.272730E+08   -0.1504339E+09   -0.1357517E+09
  60     -0.231234E+09   -0.9782261E+08   -0.1337584E+09
  61     -0.451104E+09   -0.4151344E+08   -0.1352346E+09
  62     -0.669613E+09   -0.1316392E+08   -0.7759126E+08
  63     -0.801619E+09    0.1019670E+08   -0.1638088E+08
  64     -0.548606E+09    0.2879777E+07    0.1152443E+08
  65     -0.482352E+09   -0.1020964E+08    0.6792559E+08
  66     -0.380076E+09   -0.2360921E+08    0.1226759E+09
  67     -0.265276E+09   -0.5379025E+08    0.1374773E+09
  68     -0.135345E+09   -0.8468324E+08    0.1537704E+09
  69     -0.211377E+07   -0.1210827E+09    0.1476553E+09
  70      0.126831E+09   -0.1572473E+09    0.1410934E+09
  71      0.245338E+09   -0.1876166E+09    0.1162708E+09
  72      0.346577E+09   -0.2175268E+09    0.9173471E+08
  73      0.426293E+09   -0.2336038E+09    0.5811879E+08
  74      0.473676E+09   -0.2491288E+09    0.2454949E+08
  75      0.496213E+09   -0.2459991E+09   -0.1372138E+08
  76      0.474694E+09   -0.2427037E+09   -0.5238251E+08
  77      0.418723E+09   -0.2185033E+09   -0.9019807E+08
  78      0.319404E+09   -0.1938860E+09   -0.1281529E+09
  79      0.172493E+09   -0.1561789E+09   -0.1545777E+09
  80     -0.170728E+08   -0.1163655E+09   -0.1812015E+09
  81     -0.236701E+09   -0.7284965E+08   -0.1743024E+09
  82     -0.487285E+09   -0.3063685E+08   -0.1692705E+09
  83     -0.747925E+09   -0.1236502E+08   -0.9366810E+08
  84     -0.939852E+09    0.4909667E+07   -0.1499634E+08
  85     -0.646312E+09    0.2777068E+07    0.1438817E+08
  86     -0.536623E+09   -0.4436120E+07    0.8021049E+08
  87     -0.414619E+09   -0.1181234E+08    0.1440976E+09
  88     -0.281361E+09   -0.3246794E+08    0.1661618E+09
  89     -0.141194E+09   -0.5391558E+08    0.1898526E+09
  90      0.399395E+07   -0.8657254E+08    0.1843526E+09
  91      0.144875E+09   -0.1191325E+09    0.1778686E+09
  92      0.271161E+09   -0.1470265E+09    0.1463598E+09
  93      0.375921E+09   -0.1745182E+09    0.1158208E+09
  94      0.459867E+09   -0.1900227E+09    0.7375806E+08
  95      0.511135E+09   -0.2047034E+09    0.3069844E+08
  96      0.534146E+09   -0.2018745E+09   -0.1721354E+08
  97      0.514993E+09   -0.1998836E+09   -0.6495493E+08
  98      0.457028E+09   -0.1829583E+09   -0.1135521E+09
  99      0.352105E+09   -0.1636892E+09   -0.1609459E+09
 100      0.199772E+09   -0.1303094E+09   -0.1921940E+09
 101     -0.518581E+07   -0.9778691E+08   -0.2262764E+09
 102     -0.244348E+09   -0.6357619E+08   -0.2152880E+09
 103     -0.524097E+09   -0.2687797E+08   -0.2037769E+09
 104     -0.824875E+09   -0.8942958E+07   -0.1110831E+09
 105     -0.107343E+10    0.6024288E+07   -0.1576852E+08
 106     -0.757870E+09    0.2345470E+07    0.1205450E+08
 107     -0.607724E+09   -0.2453303E+07    0.8446732E+08
 108     -0.463067E+09   -0.7736099E+07    0.1555988E+09
 109     -0.310344E+09   -0.2587342E+08    0.1827016E+09
 110     -0.151679E+09   -0.4388147E+08    0.2103472E+09
 111      0.795201E+07   -0.6383632E+08    0.2054903E+09
 112      0.163735E+09   -0.8328312E+08    0.2013155E+09
 113      0.301867E+09   -0.1089165E+09    0.1713553E+09
 114      0.419962E+09   -0.1360553E+09    0.1401848E+09
 115      0.509758E+09   -0.1530737E+09    0.8911360E+08
 116      0.567633E+09   -0.1688442E+09    0.3853555E+08
 117      0.589270E+09   -0.1687082E+09   -0.1770244E+08
 118      0.573414E+09   -0.1673308E+09   -0.7403202E+08
 119      0.512448E+09   -0.1501186E+09   -0.1288949E+09
 120      0.398173E+09   -0.1333924E+09   -0.1837649E+09
 121      0.234805E+09   -0.1067028E+09   -0.2182803E+09
 122      0.124606E+08   -0.7961833E+08   -0.2540996E+09
 123     -0.258168E+09   -0.5213103E+08   -0.2421270E+09
 124     -0.579102E+09   -0.2338580E+08   -0.2300727E+09
 125     -0.931572E+09   -0.8683245E+07   -0.1242090E+09
 126     -0.124304E+10    0.4207463E+07   -0.1563627E+08
 127     -0.863000E+09    0.2838529E+07    0.9729830E+07
 128     -0.678802E+09   -0.4387381E+07    0.8938916E+08
 129     -0.511625E+09   -0.1285995E+08    0.1689443E+09
 130     -0.339151E+09   -0.3160716E+08    0.2004781E+09
 131     -0.162452E+09   -0.4980684E+08    0.2309488E+09
 132      0.115185E+08   -0.6704521E+08    0.2256488E+09
 133      0.179013E+09   -0.8257364E+08    0.2222671E+09
 134      0.330696E+09   -0.9151588E+08    0.1950077E+09
 135      0.464785E+09   -0.1029359E+09    0.1663082E+09
 136      0.562684E+09   -0.1188394E+09    0.1059103E+09
 137      0.622476E+09   -0.1326994E+09    0.4648235E+08
 138      0.645784E+09   -0.1339279E+09   -0.1786115E+08
 139      0.632293E+09   -0.1358405E+09   -0.8375590E+08
 140      0.567001E+09   -0.1260396E+09   -0.1449453E+09
 141      0.445274E+09   -0.1154197E+09   -0.2064396E+09
 142      0.268396E+09   -0.9462305E+08   -0.2447449E+09
 143      0.288614E+08   -0.7256593E+08   -0.2837664E+09
 144     -0.271256E+09   -0.4695464E+08   -0.2693326E+09
 145     -0.633361E+09   -0.2161989E+08   -0.2551954E+09
 146     -0.103843E+10   -0.8155451E+07   -0.1373509E+09
 147     -0.141032E+10    0.4071699E+07   -0.1608678E+08
 148     -0.972418E+09    0.2134042E+07    0.1155984E+08
 149     -0.766699E+09   -0.7772985E+07    0.9859669E+08
 150     -0.571360E+09   -0.1868792E+08    0.1854689E+09
 151     -0.371319E+09   -0.3643491E+08    0.2169196E+09
 152     -0.172292E+09   -0.5377956E+08    0.2473219E+09
 153      0.193406E+08   -0.6672506E+08    0.2376336E+09
 154      0.197738E+09   -0.7905991E+08    0.2285336E+09
 155      0.360530E+09   -0.8170522E+08    0.1970051E+09
 156      0.504978E+09   -0.8220344E+08    0.1672130E+09
 157      0.621176E+09   -0.8544391E+08    0.1130702E+09
 158      0.688692E+09   -0.9252891E+08    0.5612475E+08
 159      0.715386E+09   -0.9843735E+08   -0.1374034E+08
 160      0.701308E+09   -0.1026427E+09   -0.8211823E+08
 161      0.633143E+09   -0.1004022E+09   -0.1478729E+09
 162      0.504672E+09   -0.9817901E+08   -0.2146983E+09
 163      0.312278E+09   -0.8309486E+08   -0.2595637E+09
 164      0.495942E+08   -0.6656157E+08   -0.3053449E+09
 165     -0.287688E+09   -0.4445725E+08   -0.2901757E+09
 166     -0.695301E+09   -0.2183763E+08   -0.2760261E+09
 167     -0.116642E+10   -0.8615449E+07   -0.1495334E+09
 168     -0.161564E+10    0.3064637E+07   -0.1877098E+08
 169     -0.108294E+10    0.3096717E+07    0.1373034E+08
 170     -0.854452E+09   -0.8155983E+07    0.1082933E+09
 171     -0.630818E+09   -0.2120314E+08    0.2025409E+09
 172     -0.403683E+09   -0.3871699E+08    0.2340310E+09
 173     -0.182176E+09   -0.5481554E+08    0.2644785E+09
 174      0.274009E+08   -0.6227175E+08    0.2505601E+09
 175      0.218622E+09   -0.6898290E+08    0.2369185E+09
 176      0.391508E+09   -0.6547144E+08    0.2002680E+09
 177      0.544073E+09   -0.6051965E+08    0.1661392E+09
 178      0.675601E+09   -0.5716075E+08    0.1190989E+09
 179      0.759890E+09   -0.5665274E+08    0.6679429E+08
 180      0.785095E+09   -0.6188077E+08   -0.9648057E+07
 181      0.769478E+09   -0.6586431E+08   -0.8156891E+08
 182      0.700356E+09   -0.6660786E+08   -0.1512609E+09
 183      0.563975E+09   -0.6777992E+08   -0.2231721E+09
 184      0.357485E+09   -0.6344088E+08   -0.2745064E+09
 185      0.686509E+08   -0.5932535E+08   -0.3257918E+09
 186     -0.304089E+09   -0.4355939E+08   -0.3118716E+09
 187     -0.758283E+09   -0.2383994E+08   -0.2994212E+09
 188     -0.129416E+10   -0.8072551E+07   -0.1622652E+09
 189     -0.182161E+10    0.4494650E+07   -0.2069645E+08
 190     -0.121895E+10    0.1772231E+07    0.1857669E+08
 191     -0.957207E+09   -0.1033581E+08    0.1197921E+09
 192     -0.693571E+09   -0.2417646E+08    0.2200203E+09
 193     -0.431821E+09   -0.3767904E+08    0.2458980E+09
 194     -0.183561E+09   -0.4960529E+08    0.2709168E+09
 195      0.456601E+08   -0.4866324E+08    0.2498301E+09
 196      0.249574E+09   -0.4670429E+08    0.2294985E+09
 197      0.429529E+09   -0.3539457E+08    0.1899716E+09
 198      0.584877E+09   -0.2396817E+08    0.1521620E+09
 199      0.716952E+09   -0.1141500E+08    0.1083520E+09
 200      0.821304E+09    0.5462269E+06    0.6425490E+08
 201      0.855412E+09   -0.4705756E+07   -0.3753789E+07
 202      0.840424E+09   -0.1125999E+08   -0.7223796E+08
 203      0.771589E+09   -0.2079657E+08   -0.1425840E+09
 204      0.632667E+09   -0.3024769E+08   -0.2140571E+09
 205      0.413386E+09   -0.3502775E+08   -0.2699810E+09
 206      0.101062E+09   -0.3848879E+08   -0.3278356E+09
 207     -0.312455E+09   -0.2879885E+08   -0.3214058E+09
 208     -0.824780E+09   -0.1817719E+08   -0.3154965E+09
 209     -0.143673E+10   -0.7693740E+07   -0.1728351E+09
 210     -0.207106E+10    0.1473506E+07   -0.2462737E+08
 211     -0.135514E+10    0.2161161E+07    0.2392048E+08
 212     -0.106041E+10   -0.1077705E+08    0.1317690E+09
 213     -0.756907E+09   -0.2589229E+08    0.2379951E+09
 214     -0.460407E+09   -0.3379329E+08    0.2584396E+09
 215     -0.185308E+09   -0.3915638E+08    0.2782310E+09
 216      0.639332E+08   -0.2515355E+08    0.2499351E+09
 217      0.280484E+09   -0.1013131E+08    0.2227541E+09
 218      0.467882E+09    0.1463627E+08    0.1804733E+09
 219      0.626957E+09    0.3935030E+08    0.1394768E+09
 220      0.760721E+09    0.5801532E+08    0.9804461E+08
 221      0.876952E+09    0.7639580E+08    0.6079763E+08
 222      0.927201E+09    0.7447840E+08    0.1737446E+07
 223      0.912664E+09    0.6988357E+08   -0.6216672E+08
 224      0.843473E+09    0.4796077E+08   -0.1335623E+09
 225      0.702189E+09    0.2617040E+08   -0.2054732E+09
 226      0.468899E+09    0.6730633E+07   -0.2668763E+09
 227      0.135970E+09   -0.1300541E+08   -0.3314054E+09
 228     -0.322491E+09   -0.1850981E+08   -0.3312646E+09
 229     -0.891372E+09   -0.1929007E+08   -0.3318844E+09
 230     -0.157973E+10   -0.6764422E+07   -0.1839515E+09
 231     -0.232178E+10    0.2683176E+07   -0.2887240E+08
 232     -0.152743E+10   -0.4109441E+06    0.3306251E+08
 233     -0.117202E+10   -0.1147006E+08    0.1421871E+09
 234     -0.812168E+09   -0.2499114E+08    0.2482544E+09
 235     -0.471363E+09   -0.2171245E+08    0.2534171E+09
 236     -0.167603E+09   -0.1527742E+08    0.2586013E+09
 237      0.976151E+08    0.1699175E+08    0.2196812E+09
 238      0.319961E+09    0.5043714E+08    0.1829430E+09
 239      0.506241E+09    0.9185133E+08    0.1422613E+09
 240      0.662398E+09    0.1328161E+09    0.1034135E+09
 241      0.791314E+09    0.1601528E+09    0.7310325E+08
 242      0.903005E+09    0.1869810E+09    0.4635753E+08
 243      0.973980E+09    0.1844126E+09    0.5850408E+07
 244      0.971775E+09    0.1792969E+09   -0.3911987E+08
 245      0.905964E+09    0.1466930E+09   -0.1011757E+09
 246      0.771125E+09    0.1128610E+09   -0.1633704E+09
 247      0.534563E+09    0.7137679E+08   -0.2285116E+09
 248      0.186280E+09    0.3038206E+08   -0.2965547E+09
 249     -0.309530E+09    0.9677579E+07   -0.3123249E+09
 250     -0.941473E+09   -0.6962184E+07   -0.3317293E+09
 251     -0.172662E+10   -0.2881042E+07   -0.1874655E+09
 252     -0.260802E+10   -0.1123358E+07   -0.3386279E+08
 253     -0.170058E+10    0.1467075E+06    0.4286634E+08
 254     -0.128449E+10   -0.1112687E+08    0.1534433E+09
 255     -0.869594E+09   -0.2425637E+08    0.2599324E+09
 256     -0.483172E+09   -0.4522044E+07    0.2498640E+09
 257     -0.150714E+09    0.1969416E+08    0.2404052E+09
 258      0.131932E+09    0.7997210E+08    0.1904692E+09
 259      0.359944E+09    0.1406202E+09    0.1435867E+09
 260      0.545500E+09    0.2057088E+09    0.1043826E+09
 261      0.698369E+09    0.2691983E+09    0.6754612E+08
 262      0.822371E+09    0.3091243E+09    0.4808247E+08
 263      0.932293E+09    0.3498259E+09    0.3141377E+08
 264      0.101971E+10    0.3469065E+09    0.1054371E+08
 265      0.103187E+10    0.3380601E+09   -0.1421171E+08
 266      0.969603E+09    0.2844235E+09   -0.6835462E+08
 267      0.840485E+09    0.2317807E+09   -0.1220119E+09
 268      0.602200E+09    0.1644332E+09   -0.1907764E+09
 269      0.234517E+09    0.9470912E+08   -0.2631955E+09
 270     -0.295872E+09    0.4580360E+08   -0.2948083E+09
 271     -0.993750E+09    0.9993298E+06   -0.3316978E+09
 272     -0.187585E+10   -0.9196183E+06   -0.1915730E+09
 273     -0.289513E+10   -0.2938871E+07   -0.4042710E+08
 274     -0.190927E+10   -0.6666253E+07    0.5795655E+08
 275     -0.138826E+10   -0.8853958E+07    0.1561665E+09
 276     -0.891226E+09   -0.1476098E+08    0.2466695E+09
 277     -0.453325E+09    0.3155644E+08    0.2028876E+09
 278     -0.986183E+08    0.8428171E+08    0.1625850E+09
 279      0.183891E+09    0.1792323E+09    0.1016271E+09
 280      0.401388E+09    0.2745134E+09    0.4598240E+08
 281      0.569751E+09    0.3652936E+09    0.1938765E+08
 282      0.707807E+09    0.4545500E+09   -0.4525726E+07
 283      0.818317E+09    0.5051616E+09    0.5359982E+06
 284      0.922409E+09    0.5546325E+09    0.7765995E+07
 285      0.100960E+10    0.5473892E+09    0.1967595E+08
 286      0.104891E+10    0.5384540E+09    0.2867888E+08
 287      0.100044E+10    0.4701803E+09    0.3949734E+06
 288      0.888433E+09    0.3988104E+09   -0.2752255E+08
 289      0.667719E+09    0.2931098E+09   -0.8957681E+08
 290      0.305637E+09    0.1854712E+09   -0.1577994E+09
 291     -0.238118E+09    0.1027106E+09   -0.2179053E+09
 292     -0.100083E+10    0.2600560E+08   -0.2858836E+09
 293     -0.199456E+10    0.8618432E+07   -0.1756065E+09
 294     -0.319901E+10   -0.1015657E+08   -0.5071129E+08
 295     -0.211989E+10   -0.9628164E+06    0.7604653E+08
 296     -0.149504E+10   -0.7424600E+07    0.1609485E+09
 297     -0.920940E+09   -0.8976148E+07    0.2375403E+09
 298     -0.422128E+09    0.8229133E+08    0.1593185E+09
 299     -0.472546E+08    0.1779690E+09    0.8597617E+08
 300      0.239124E+09    0.3251548E+09    0.1322584E+08
 301      0.444321E+09    0.4674497E+09   -0.5301279E+08
 302      0.595001E+09    0.5900514E+09   -0.6648117E+08
 303      0.717424E+09    0.7094526E+09   -0.7741317E+08
 304      0.813976E+09    0.7729847E+09   -0.4662056E+08
 305      0.911920E+09    0.8359318E+09   -0.1377234E+08
 306      0.999297E+09    0.8259699E+09    0.3037503E+08
 307      0.106654E+10    0.8145429E+09    0.7138708E+08
 308      0.103223E+10    0.7260926E+09    0.6982462E+08
 309      0.938385E+09    0.6334409E+09    0.6991102E+08
 310      0.736609E+09    0.4821685E+09    0.1252244E+08
 311      0.378619E+09    0.3244582E+09   -0.5286049E+08
 312     -0.178204E+09    0.1849758E+09   -0.1434658E+09
 313     -0.101504E+10    0.4656144E+08   -0.2445073E+09
 314     -0.211774E+10    0.1531785E+08   -0.1617428E+09
 315     -0.350639E+10   -0.7291825E+07   -0.6211651E+08
 316     -0.235591E+10   -0.2863953E+08    0.1039494E+09
 317     -0.154475E+10    0.3436716E+07    0.1387096E+09
 318     -0.845904E+09    0.2990942E+08    0.1527175E+09
 319     -0.317249E+09    0.1817184E+09    0.1326289E+08
 320      0.483916E+08    0.3450900E+09   -0.1070158E+09
 321      0.293001E+09    0.5444337E+09   -0.1722110E+09
 322      0.461050E+09    0.7397916E+09   -0.2277947E+09
 323      0.575174E+09    0.8879216E+09   -0.2077341E+09
 324      0.671073E+09    0.1033870E+10   -0.1867547E+09
 325      0.745985E+09    0.1107285E+10   -0.1169586E+09
 326      0.830946E+09    0.1181151E+10   -0.4581415E+08
 327      0.912075E+09    0.1171279E+10    0.4301385E+08
 328      0.100395E+10    0.1161889E+10    0.1301934E+09
 329      0.985782E+09    0.1052019E+10    0.1807052E+09
 330      0.924615E+09    0.9384993E+09    0.2337171E+09
 331      0.766283E+09    0.7359816E+09    0.2110331E+09
 332      0.467668E+09    0.5260409E+09    0.1789123E+09
 333     -0.581369E+08    0.3133372E+09    0.5511029E+08
 334     -0.904961E+09    0.1074893E+09   -0.9413112E+08
 335     -0.213940E+10    0.3548008E+08   -0.1017854E+09
 336     -0.377304E+10   -0.3519110E+08   -0.8068259E+08
 337     -0.262432E+10    0.2692800E+08    0.1567250E+09
 338     -0.159736E+10    0.1991570E+08    0.1243617E+09
 339     -0.803057E+09    0.6300815E+08    0.7973816E+08
 340     -0.190470E+09    0.3483374E+09   -0.1257599E+09
 341      0.149559E+09    0.6053864E+09   -0.3127116E+09
 342      0.351485E+09    0.8757225E+09   -0.3642267E+09
 343      0.478734E+09    0.1124854E+10   -0.4077991E+09
 344      0.554279E+09    0.1290447E+10   -0.3523602E+09
 345      0.622869E+09    0.1454631E+10   -0.2979074E+09
 346      0.675513E+09    0.1533663E+10   -0.1881496E+09
 347      0.747463E+09    0.1615257E+10   -0.7776585E+08
 348      0.823314E+09    0.1608393E+10    0.5692619E+08
 349      0.938650E+09    0.1603545E+10    0.1925429E+09
 350      0.938497E+09    0.1481868E+10    0.2975111E+09
 351      0.912791E+09    0.1358173E+10    0.4045356E+09
 352      0.800252E+09    0.1105341E+10    0.4180879E+09
 353      0.563357E+09    0.8315620E+09    0.4251948E+09
 354      0.834298E+08    0.5161884E+09    0.2499845E+09
 355     -0.819597E+09    0.1655166E+09    0.4757127E+08
 356     -0.216397E+10    0.5834667E+08   -0.4996610E+08
 357     -0.408074E+10    0.5956020E+07   -0.1233071E+09
 358     -0.283896E+10   -0.1235749E+09    0.1849148E+09
 359     -0.144948E+10    0.7268908E+08   -0.1515219E+07
 360     -0.493966E+09    0.2615598E+09   -0.2433011E+09
 361     -0.244893E+08    0.6596371E+09   -0.4950052E+09
 362      0.215700E+09    0.1065868E+10   -0.6619842E+09
 363      0.335163E+09    0.1352863E+10   -0.6373309E+09
 364      0.413207E+09    0.1632373E+10   -0.6176111E+09
 365      0.453295E+09    0.1792382E+10   -0.5125101E+09
 366      0.496714E+09    0.1954704E+10   -0.4108951E+09
 367      0.529735E+09    0.2030587E+10   -0.2642725E+09
 368      0.582414E+09    0.2111480E+10   -0.1179994E+09
 369      0.644553E+09    0.2109679E+10    0.6169246E+08
 370      0.754067E+09    0.2112198E+10    0.2446312E+09
 371      0.770536E+09    0.1996150E+10    0.4202890E+09
 372      0.768952E+09    0.1880582E+10    0.5991512E+09
 373      0.707263E+09    0.1598336E+10    0.7037433E+09
 374      0.573351E+09    0.1305831E+10    0.8148360E+09
 375      0.230653E+09    0.8495485E+09    0.6827344E+09
 376     -0.482899E+09    0.3901253E+09    0.4704569E+09
 377     -0.189941E+10    0.1312300E+09    0.1433800E+09
 378     -0.420139E+10   -0.1211967E+09   -0.1284800E+09
 379     -0.368694E+10    0.2659767E+09    0.6377965E+09
 380     -0.113774E+10    0.2871558E+09   -0.5083473E+08
 381     -0.129831E+09    0.5583680E+09   -0.7492010E+09
 382      0.136271E+09    0.1308325E+10   -0.9244894E+09
 383      0.280888E+09    0.1799986E+10   -0.1026646E+10
 384      0.307060E+09    0.2046522E+10   -0.9225113E+09
 385      0.340698E+09    0.2299911E+10   -0.8285252E+09
 386      0.346659E+09    0.2421124E+10   -0.6738158E+09
 387      0.366928E+09    0.2550245E+10   -0.5234599E+09
 388      0.381419E+09    0.2609230E+10   -0.3410793E+09
 389      0.414379E+09    0.2675438E+10   -0.1607545E+09
 390      0.460154E+09    0.2687062E+10    0.6463787E+08
 391      0.563668E+09    0.2704039E+10    0.2967316E+09
 392      0.596205E+09    0.2622253E+10    0.5497385E+09
 393      0.616515E+09    0.2546419E+10    0.8057645E+09
 394      0.604799E+09    0.2292071E+10    0.1010066E+10
 395      0.589022E+09    0.2048009E+10    0.1225054E+10
 396      0.379093E+09    0.1507196E+10    0.1178093E+10
 397     -0.782768E+08    0.7240114E+09    0.1055003E+10
 398     -0.147601E+10    0.3517792E+09    0.2653269E+09
 399     -0.496531E+10    0.2054095E+09   -0.4893723E+09
 400     -0.283255E+10   -0.4574456E+09   -0.1531790E+09
 401     -0.417638E+09    0.8340650E+09   -0.9157387E+09
 402     -0.104944E+09    0.2056547E+10   -0.1472340E+10
 403      0.880982E+08    0.2412508E+10   -0.1312852E+10
 404      0.136119E+09    0.2798028E+10   -0.1240709E+10
 405      0.150986E+09    0.2926915E+10   -0.1074801E+10
 406      0.166111E+09    0.3074177E+10   -0.9189909E+09
 407      0.169410E+09    0.3134104E+10   -0.7414200E+09
 408      0.180079E+09    0.3201158E+10   -0.5663036E+09
 409      0.187570E+09    0.3230918E+10   -0.3734727E+09
 410      0.204206E+09    0.3263977E+10   -0.1833070E+09
 411      0.225824E+09    0.3284270E+10    0.4686862E+08
 412      0.280973E+09    0.3316838E+10    0.2848394E+09
 413      0.303694E+09    0.3297754E+10    0.5808981E+09
 414      0.315249E+09    0.3280602E+10    0.8752599E+09
 415      0.318175E+09    0.3145355E+10    0.1166288E+10
 416      0.320268E+09    0.3029210E+10    0.1473955E+10
 417      0.239379E+09    0.2587179E+10    0.1652163E+10
 418     -0.405912E+08    0.2132381E+10    0.1940871E+10
 419     -0.566103E+09    0.8757513E+09    0.1216262E+10
 420     -0.356808E+10   -0.4024147E+09    0.3118827E+09
 421     -0.132399E+10    0.4537839E+10   -0.1062018E+10
 422      0.125699E+09    0.4414116E+10   -0.1730112E+10
 423     -0.852455E+08    0.4245746E+10   -0.2028998E+10
 424      0.217755E+08    0.4098779E+10   -0.1633301E+10
 425     -0.100391E+08    0.4026112E+10   -0.1421677E+10
 426     -0.741703E+06    0.3975569E+10   -0.1203015E+10
 427     -0.312896E+07    0.3939692E+10   -0.9977455E+09
 428     -0.187310E+07    0.3915616E+10   -0.8000034E+09
 429     -0.873579E+06    0.3896296E+10   -0.6039202E+09
 430     -0.208987E+06    0.3883118E+10   -0.4015485E+09
 431      0.107305E+07    0.3872631E+10   -0.2017667E+09
 432      0.847327E+06    0.3866852E+10    0.3069542E+08
 433      0.768502E+07    0.3853227E+10    0.2705162E+09
 434      0.198007E+08    0.3953603E+10    0.6040621E+09
 435      0.230426E+08    0.4085790E+10    0.9325484E+09
 436      0.376787E+08    0.4191692E+10    0.1302630E+10
 437      0.460889E+08    0.4299242E+10    0.1699935E+10
 438      0.817260E+08    0.4271134E+10    0.2078735E+10
 439     -0.227233E+08    0.4327016E+10    0.2695190E+10
 440      0.188729E+09    0.4074089E+10    0.2221236E+10
 441     -0.148120E+10    0.3735779E+10    0.1410392E+10
