   1     -0.442638E+08    0.1659649E+08    0.1872889E+07
   2     -0.103837E+09   -0.4410569E+08    0.5861341E+07
   3     -0.856942E+08   -0.1103466E+09    0.9020654E+07
   4     -0.443414E+08   -0.2281489E+09    0.8793250E+07
   5      0.145966E+08   -0.3426490E+09    0.9399142E+07
   6      0.694752E+08   -0.4672735E+09    0.9477412E+07
   7      0.120505E+09   -0.5912170E+09    0.9866568E+07
   8      0.155275E+09   -0.7018151E+09    0.9342298E+07
   9      0.168040E+09   -0.8125861E+09    0.8278341E+07
  10      0.167838E+09   -0.8784123E+09    0.5520822E+07
  11      0.132412E+09   -0.9422952E+09    0.2917122E+07
  12      0.850685E+08   -0.9461554E+09    0.1162624E+07
  13      0.116910E+08   -0.9506681E+09   -0.6566817E+06
  14     -0.593280E+08   -0.8874826E+09   -0.3480821E+07
  15     -0.145478E+09   -0.8210907E+09   -0.7093085E+07
  16     -0.206036E+09   -0.6910333E+09   -0.9022561E+07
  17     -0.246195E+09   -0.5637098E+09   -0.1022406E+08
  18     -0.229217E+09   -0.3880195E+09   -0.1706373E+08
  19     -0.119115E+09   -0.1901613E+09   -0.2479710E+08
  20      0.109704E+09   -0.6515445E+08   -0.1029488E+08
  21      0.573768E+09    0.3800196E+08    0.5320034E+07
  22     -0.116685E+09    0.1072796E+08    0.9944149E+07
  23     -0.139565E+09   -0.3088093E+08    0.4793840E+08
  24     -0.106953E+09   -0.7626846E+08    0.8387369E+08
  25     -0.554537E+08   -0.1638927E+09    0.9327248E+08
  26      0.952552E+07   -0.2495770E+09    0.1045685E+09
  27      0.715566E+08   -0.3440781E+09    0.1025266E+09
  28      0.127729E+09   -0.4379738E+09    0.1005220E+09
  29      0.167776E+09   -0.5166567E+09    0.8789151E+08
  30      0.186516E+09   -0.5949109E+09    0.7499870E+08
  31      0.190097E+09   -0.6426571E+09    0.5245223E+08
  32      0.158641E+09   -0.6906445E+09    0.3007958E+08
  33      0.113714E+09   -0.6920296E+09    0.1237428E+07
  34      0.444131E+08   -0.6914605E+09   -0.2851244E+08
  35     -0.318803E+08   -0.6365401E+09   -0.5765614E+08
  36     -0.115638E+09   -0.5816544E+09   -0.8705569E+08
  37     -0.185233E+09   -0.4810205E+09   -0.1094017E+09
  38     -0.230755E+09   -0.3758045E+09   -0.1319364E+09
  39     -0.226940E+09   -0.2564686E+09   -0.1349162E+09
  40     -0.140018E+09   -0.1369050E+09   -0.1410096E+09
  41      0.493440E+08   -0.5957450E+08   -0.8252484E+08
  42      0.446941E+09    0.1239099E+08   -0.1976485E+08
  43     -0.198383E+09    0.8873316E+07    0.1711756E+08
  44     -0.177542E+09   -0.1724888E+08    0.8921630E+08
  45     -0.128868E+09   -0.4592695E+08    0.1580102E+09
  46     -0.662556E+08   -0.1108186E+09    0.1767914E+09
  47      0.395194E+07   -0.1753468E+09    0.1986082E+09
  48      0.743893E+08   -0.2450200E+09    0.1939790E+09
  49      0.135364E+09   -0.3135175E+09    0.1896932E+09
  50      0.181239E+09   -0.3725736E+09    0.1654037E+09
  51      0.206043E+09   -0.4312587E+09    0.1407149E+09
  52      0.213837E+09   -0.4638961E+09    0.9864429E+08
  53      0.186571E+09   -0.4957146E+09    0.5640287E+08
  54      0.144523E+09   -0.4928025E+09    0.1156783E+07
  55      0.800609E+08   -0.4907543E+09   -0.5550530E+08
  56     -0.276357E+07   -0.4496754E+09   -0.1116559E+09
  57     -0.839651E+08   -0.4053068E+09   -0.1672856E+09
  58     -0.162768E+09   -0.3284343E+09   -0.2084470E+09
  59     -0.213415E+09   -0.2519146E+09   -0.2517826E+09
  60     -0.224608E+09   -0.1628215E+09   -0.2513047E+09
  61     -0.162839E+09   -0.6785912E+08   -0.2548085E+09
  62     -0.131857E+08   -0.2191736E+08   -0.1512510E+09
  63      0.300282E+09    0.1621922E+08   -0.4085489E+08
  64     -0.340508E+09    0.5882343E+07    0.1359140E+08
  65     -0.267043E+09   -0.8209677E+07    0.1024572E+09
  66     -0.186587E+09   -0.2351537E+08    0.1895549E+09
  67     -0.975293E+08   -0.6780896E+08    0.2194893E+09
  68     -0.646383E+07   -0.1123065E+09    0.2497427E+09
  69      0.805440E+08   -0.1640071E+09    0.2430192E+09
  70      0.153439E+09   -0.2152930E+09    0.2376620E+09
  71      0.214848E+09   -0.2567778E+09    0.2054341E+09
  72      0.250021E+09   -0.2976794E+09    0.1729005E+09
  73      0.268889E+09   -0.3193350E+09    0.1192776E+09
  74      0.251502E+09   -0.3405731E+09    0.6494005E+08
  75      0.214671E+09   -0.3361921E+09   -0.3538731E+07
  76      0.154072E+09   -0.3316006E+09   -0.7208322E+08
  77      0.693048E+08   -0.3007262E+09   -0.1424654E+09
  78     -0.203011E+08   -0.2686709E+09   -0.2133581E+09
  79     -0.112441E+09   -0.2130785E+09   -0.2622268E+09
  80     -0.185660E+09   -0.1558125E+09   -0.3128128E+09
  81     -0.232274E+09   -0.9795779E+08   -0.3060877E+09
  82     -0.226701E+09   -0.3998795E+08   -0.3024150E+09
  83     -0.146992E+09   -0.1440273E+08   -0.1718070E+09
  84      0.267902E+08    0.8438584E+07   -0.3534079E+08
  85     -0.473645E+09    0.1749622E+07    0.1049915E+08
  86     -0.356189E+09   -0.1577135E+07    0.1146156E+09
  87     -0.245420E+09   -0.3501144E+07    0.2190831E+09
  88     -0.129766E+09   -0.3175860E+08    0.2631918E+09
  89     -0.128585E+08   -0.6397105E+08    0.3035244E+09
  90      0.865222E+08   -0.1046925E+09    0.2937727E+09
  91      0.172025E+09   -0.1438512E+09    0.2867830E+09
  92      0.248268E+09   -0.1751499E+09    0.2462454E+09
  93      0.293772E+09   -0.2055239E+09    0.2057164E+09
  94      0.323671E+09   -0.2192646E+09    0.1402273E+09
  95      0.315868E+09   -0.2331532E+09    0.7417789E+08
  96      0.283980E+09   -0.2282729E+09   -0.8405752E+07
  97      0.225539E+09   -0.2215015E+09   -0.9038579E+08
  98      0.140729E+09   -0.1990122E+09   -0.1726867E+09
  99      0.433657E+08   -0.1780002E+09   -0.2578250E+09
 100     -0.625263E+08   -0.1382030E+09   -0.3173691E+09
 101     -0.162159E+09   -0.9602012E+08   -0.3747351E+09
 102     -0.239998E+09   -0.6060441E+08   -0.3596702E+09
 103     -0.289312E+09   -0.2432254E+08   -0.3506377E+09
 104     -0.282412E+09   -0.7285991E+07   -0.1949345E+09
 105     -0.227078E+09    0.6823587E+07   -0.3222423E+08
 106     -0.609113E+09    0.1580357E+07    0.9930265E+07
 107     -0.465540E+09   -0.3182409E+07    0.1171116E+09
 108     -0.326401E+09   -0.7744689E+07    0.2242662E+09
 109     -0.181953E+09   -0.1852494E+08    0.2752882E+09
 110     -0.322036E+08   -0.3017068E+08    0.3261337E+09
 111      0.922826E+08   -0.5802616E+08    0.3204194E+09
 112      0.202725E+09   -0.8602753E+08    0.3132391E+09
 113      0.293779E+09   -0.1069528E+09    0.2664584E+09
 114      0.355730E+09   -0.1270639E+09    0.2202932E+09
 115      0.395070E+09   -0.1360756E+09    0.1488598E+09
 116      0.399105E+09   -0.1448694E+09    0.7749842E+08
 117      0.373885E+09   -0.1424930E+09   -0.1126272E+08
 118      0.316426E+09   -0.1404993E+09   -0.1001332E+09
 119      0.230047E+09   -0.1235192E+09   -0.1884863E+09
 120      0.125583E+09   -0.1046280E+09   -0.2785571E+09
 121     -0.166425E+07   -0.8200336E+08   -0.3392871E+09
 122     -0.137804E+09   -0.5937205E+08   -0.4004352E+09
 123     -0.260482E+09   -0.3365371E+08   -0.3816169E+09
 124     -0.368831E+09   -0.9226670E+07   -0.3658185E+09
 125     -0.454741E+09   -0.3559354E+07   -0.2016006E+09
 126     -0.501451E+09    0.2120436E+07   -0.3109603E+08
 127     -0.742779E+09    0.1108394E+07    0.9996294E+07
 128     -0.572782E+09   -0.3508982E+07    0.1214932E+09
 129     -0.405581E+09   -0.9262469E+07    0.2323200E+09
 130     -0.233933E+09   -0.1721674E+08    0.2863028E+09
 131     -0.586917E+08   -0.2130770E+08    0.3436985E+09
 132      0.974622E+08   -0.2766065E+08    0.3463798E+09
 133      0.235657E+09   -0.3993420E+08    0.3430573E+09
 134      0.340108E+09   -0.5711230E+08    0.2879681E+09
 135      0.417871E+09   -0.7058345E+08    0.2349716E+09
 136      0.465789E+09   -0.7489556E+08    0.1581155E+09
 137      0.482557E+09   -0.7967100E+08    0.8122866E+08
 138      0.463512E+09   -0.7674588E+08   -0.1392772E+08
 139      0.407988E+09   -0.7262283E+08   -0.1095397E+09
 140      0.319525E+09   -0.6456511E+08   -0.2048794E+09
 141      0.204933E+09   -0.5778005E+08   -0.3000415E+09
 142      0.572769E+08   -0.4641260E+08   -0.3606417E+09
 143     -0.108834E+09   -0.3431128E+08   -0.4261437E+09
 144     -0.282733E+09   -0.2017158E+08   -0.4057957E+09
 145     -0.449667E+09   -0.4251294E+07   -0.3829796E+09
 146     -0.623405E+09    0.5658616E+06   -0.2081177E+09
 147     -0.776419E+09    0.3340290E+07   -0.2924973E+08
 148     -0.886040E+09    0.1003331E+07    0.1249681E+08
 149     -0.688148E+09   -0.5167482E+07    0.1270224E+09
 150     -0.487116E+09   -0.1220606E+08    0.2410148E+09
 151     -0.285234E+09   -0.1914822E+08    0.2908786E+09
 152     -0.888728E+08   -0.2525338E+08    0.3410613E+09
 153      0.951649E+08   -0.2129449E+08    0.3420238E+09
 154      0.262830E+09   -0.1638617E+08    0.3430897E+09
 155      0.393520E+09   -0.1805327E+08    0.2914947E+09
 156      0.487522E+09   -0.2126622E+08    0.2383663E+09
 157      0.544584E+09   -0.2166743E+08    0.1585234E+09
 158      0.570938E+09   -0.2066233E+08    0.7996032E+08
 159      0.558808E+09   -0.2018884E+08   -0.1400714E+08
 160      0.506961E+09   -0.2074777E+08   -0.1089439E+09
 161      0.415484E+09   -0.2158624E+08   -0.2039830E+09
 162      0.289056E+09   -0.2186441E+08   -0.3000708E+09
 163      0.120167E+09   -0.1684769E+08   -0.3643086E+09
 164     -0.761738E+08   -0.1160313E+08   -0.4301252E+09
 165     -0.305272E+09   -0.6947631E+07   -0.4104529E+09
 166     -0.546063E+09   -0.1558202E+07   -0.3898877E+09
 167     -0.804426E+09    0.4674233E+06   -0.2098605E+09
 168     -0.105808E+10    0.1582974E+07   -0.2609154E+08
 169     -0.102920E+10    0.1152519E+07    0.1530128E+08
 170     -0.803148E+09   -0.6258321E+07    0.1330666E+09
 171     -0.568432E+09   -0.1505643E+08    0.2501929E+09
 172     -0.336163E+09   -0.2082381E+08    0.2970879E+09
 173     -0.114853E+09   -0.2584130E+08    0.3429421E+09
 174      0.927586E+08   -0.1582276E+08    0.3381761E+09
 175      0.284297E+09   -0.1008766E+07    0.3373212E+09
 176      0.445485E+09    0.1488903E+08    0.2941832E+09
 177      0.559333E+09    0.2390215E+08    0.2451501E+09
 178      0.624376E+09    0.2387850E+08    0.1598753E+09
 179      0.658817E+09    0.2723217E+08    0.7850046E+08
 180      0.654204E+09    0.2955388E+08   -0.1440776E+08
 181      0.605960E+09    0.3203095E+08   -0.1089026E+09
 182      0.510523E+09    0.2612858E+08   -0.2036846E+09
 183      0.375172E+09    0.1781970E+08   -0.3000643E+09
 184      0.184210E+09    0.8090895E+07   -0.3685134E+09
 185     -0.486174E+08    0.9322265E+06   -0.4361248E+09
 186     -0.326165E+09    0.4489427E+06   -0.4156995E+09
 187     -0.642865E+09   -0.7385009E+06   -0.3956133E+09
 188     -0.985362E+09   -0.5306859E+06   -0.2121098E+09
 189     -0.133767E+10   -0.3584214E+06   -0.2514225E+08
 190     -0.119276E+10    0.5218574E+06    0.2036825E+08
 191     -0.923923E+09   -0.7525507E+07    0.1404471E+09
 192     -0.647183E+09   -0.1707318E+08    0.2593646E+09
 193     -0.377418E+09   -0.1986632E+08    0.2982177E+09
 194     -0.125776E+09   -0.2109878E+08    0.3365127E+09
 195      0.104248E+09   -0.5689808E+07    0.3220155E+09
 196      0.307749E+09    0.1083366E+08    0.3093572E+09
 197      0.484137E+09    0.3803759E+08    0.2685654E+09
 198      0.624725E+09    0.6536603E+08    0.2265766E+09
 199      0.702545E+09    0.7909551E+08    0.1492967E+09
 200      0.740670E+09    0.9175268E+08    0.7324189E+08
 201      0.741057E+09    0.8956504E+08   -0.1237252E+08
 202      0.698006E+09    0.8599150E+08   -0.9860808E+08
 203      0.602009E+09    0.7126915E+08   -0.1893746E+09
 204      0.459972E+09    0.5761286E+08   -0.2811592E+09
 205      0.254110E+09    0.3960627E+08   -0.3498638E+09
 206     -0.156328E+08    0.2092776E+08   -0.4205732E+09
 207     -0.341245E+09    0.1040504E+08   -0.4064446E+09
 208     -0.732844E+09    0.1541504E+07   -0.3924292E+09
 209     -0.116706E+10    0.1307611E+07   -0.2120516E+09
 210     -0.162851E+10    0.2022938E+06   -0.2626062E+08
 211     -0.135640E+10    0.8170169E+06    0.2565666E+08
 212     -0.104488E+10   -0.8217796E+07    0.1483666E+09
 213     -0.726494E+09   -0.1919600E+08    0.2693675E+09
 214     -0.419090E+09   -0.1750084E+08    0.3003216E+09
 215     -0.137460E+09   -0.1334494E+08    0.3307858E+09
 216      0.116113E+09    0.1322751E+08    0.3078238E+09
 217      0.334546E+09    0.4090920E+08    0.2860165E+09
 218      0.523238E+09    0.8027140E+08    0.2435743E+09
 219      0.685688E+09    0.1201212E+09    0.2048303E+09
 220      0.781138E+09    0.1434848E+09    0.1380810E+09
 221      0.823560E+09    0.1644585E+09    0.6825998E+08
 222      0.828278E+09    0.1630624E+09   -0.1039533E+08
 223      0.790336E+09    0.1616807E+09   -0.8820000E+08
 224      0.694936E+09    0.1355004E+09   -0.1750440E+09
 225      0.544589E+09    0.1072684E+09   -0.2635269E+09
 226      0.322770E+09    0.7417714E+08   -0.3327393E+09
 227      0.203137E+08    0.4129608E+08   -0.4051305E+09
 228     -0.358000E+09    0.2113709E+08   -0.3981405E+09
 229     -0.820802E+09    0.4177672E+07   -0.3914056E+09
 230     -0.134983E+10    0.2301763E+07   -0.2121174E+09
 231     -0.191761E+10   -0.9096916E+06   -0.2598204E+08
 232     -0.154451E+10   -0.1329322E+07    0.3404814E+08
 233     -0.116798E+10   -0.8799883E+07    0.1550738E+09
 234     -0.792152E+09   -0.1856346E+08    0.2730590E+09
 235     -0.438898E+09   -0.6868854E+07    0.2869721E+09
 236     -0.126554E+09    0.7954329E+07    0.3010792E+09
 237      0.145044E+09    0.5107213E+08    0.2669076E+09
 238      0.372072E+09    0.9534989E+08    0.2348612E+09
 239      0.561974E+09    0.1480212E+09    0.1934695E+09
 240      0.721754E+09    0.2008431E+09    0.1560626E+09
 241      0.835177E+09    0.2361188E+09    0.1065118E+09
 242      0.882859E+09    0.2693498E+09    0.5452758E+08
 243      0.888609E+09    0.2650368E+09   -0.5127069E+07
 244      0.859140E+09    0.2592725E+09   -0.6410594E+08
 245      0.770307E+09    0.2209592E+09   -0.1365999E+09
 246      0.622220E+09    0.1806918E+09   -0.2107987E+09
 247      0.394814E+09    0.1273045E+09   -0.2826604E+09
 248      0.722675E+08    0.7511582E+08   -0.3580940E+09
 249     -0.353131E+09    0.4106899E+08   -0.3661820E+09
 250     -0.886876E+09    0.9271983E+07   -0.3755212E+09
 251     -0.152259E+10    0.3386334E+07   -0.2066173E+09
 252     -0.221320E+10   -0.3347546E+07   -0.2973119E+08
 253     -0.173264E+10   -0.1057714E+07    0.4338254E+08
 254     -0.129221E+10   -0.9335987E+07    0.1627749E+09
 255     -0.859986E+09   -0.1915025E+08    0.2781998E+09
 256     -0.459594E+09    0.8393028E+07    0.2751622E+09
 257     -0.116595E+09    0.4027504E+08    0.2728691E+09
 258      0.174658E+09    0.1098785E+09    0.2270124E+09
 259      0.410013E+09    0.1794899E+09    0.1841808E+09
 260      0.602095E+09    0.2540279E+09    0.1440958E+09
 261      0.761023E+09    0.3289011E+09    0.1073142E+09
 262      0.888628E+09    0.3755382E+09    0.7460141E+08
 263      0.942097E+09    0.4186741E+09    0.4102503E+08
 264      0.948947E+09    0.4088794E+09    0.1248295E+07
 265      0.928956E+09    0.3968801E+09   -0.3813383E+08
 266      0.846195E+09    0.3395300E+09   -0.9823987E+08
 267      0.699660E+09    0.2816967E+09   -0.1595356E+09
 268      0.469120E+09    0.2045287E+09   -0.2331432E+09
 269      0.123000E+09    0.1244032E+09   -0.3118700E+09
 270     -0.348445E+09    0.6538732E+08   -0.3351813E+09
 271     -0.956913E+09    0.1082273E+08   -0.3602523E+09
 272     -0.169515E+10    0.2822052E+07   -0.2024784E+09
 273     -0.251274E+10   -0.4809982E+07   -0.3543891E+08
 274     -0.194666E+10   -0.7619105E+07    0.5865387E+08
 275     -0.140227E+10   -0.7080620E+07    0.1627314E+09
 276     -0.887816E+09   -0.1002642E+08    0.2592726E+09
 277     -0.435813E+09    0.4330705E+08    0.2213741E+09
 278     -0.699940E+08    0.1030230E+09    0.1870715E+09
 279      0.222171E+09    0.2058171E+09    0.1305070E+09
 280      0.448893E+09    0.3088948E+09    0.7940104E+08
 281      0.626304E+09    0.4057409E+09    0.5286253E+08
 282      0.774483E+09    0.5011618E+09    0.2913941E+08
 283      0.892807E+09    0.5530265E+09    0.2558507E+08
 284      0.949940E+09    0.6027301E+09    0.2217838E+08
 285      0.957896E+09    0.5910418E+09    0.1528404E+08
 286      0.949548E+09    0.5783626E+09    0.9326099E+07
 287      0.882920E+09    0.5032681E+09   -0.2287583E+08
 288      0.755940E+09    0.4245176E+09   -0.5790163E+08
 289      0.539685E+09    0.3136177E+09   -0.1263086E+09
 290      0.197597E+09    0.2015546E+09   -0.2005266E+09
 291     -0.300076E+09    0.1139884E+09   -0.2531176E+09
 292     -0.973849E+09    0.3266565E+08   -0.3116495E+09
 293     -0.183107E+10    0.1257612E+08   -0.1839587E+09
 294     -0.281237E+10   -0.9243629E+07   -0.4236173E+08
 295     -0.216298E+10   -0.2038695E+07    0.7699303E+08
 296     -0.151528E+10   -0.6122675E+07    0.1648171E+09
 297     -0.923889E+09   -0.4939306E+07    0.2445415E+09
 298     -0.410813E+09    0.9318060E+08    0.1710405E+09
 299     -0.242751E+08    0.1956145E+09    0.1025565E+09
 300      0.272831E+09    0.3499124E+09    0.3460159E+08
 301      0.489131E+09    0.4993068E+09   -0.2668371E+08
 302      0.651609E+09    0.6256401E+09   -0.3853852E+08
 303      0.788089E+09    0.7481856E+09   -0.4787347E+08
 304      0.896995E+09    0.8117826E+09   -0.2304073E+08
 305      0.957296E+09    0.8754157E+09    0.2838669E+07
 306      0.967315E+09    0.8577749E+09    0.3019372E+08
 307      0.969523E+09    0.8369387E+09    0.5804682E+08
 308      0.920393E+09    0.7379634E+09    0.5386361E+08
 309      0.815423E+09    0.6362584E+09    0.4678215E+08
 310      0.613136E+09    0.4787544E+09   -0.1819281E+08
 311      0.273256E+09    0.3137130E+09   -0.8948555E+08
 312     -0.249923E+09    0.1750602E+09   -0.1739237E+09
 313     -0.995458E+09    0.3933629E+08   -0.2676647E+09
 314     -0.197340E+10    0.1198763E+08   -0.1679208E+09
 315     -0.310981E+10   -0.7521330E+07   -0.5143539E+08
 316     -0.239786E+10   -0.2963509E+08    0.1051660E+09
 317     -0.156595E+10    0.5031840E+07    0.1401073E+09
 318     -0.851589E+09    0.3430618E+08    0.1545221E+09
 319     -0.310162E+09    0.1926851E+09    0.1873954E+08
 320      0.659531E+08    0.3626909E+09   -0.9768040E+08
 321      0.320633E+09    0.5687238E+09   -0.1571229E+09
 322      0.499905E+09    0.7708182E+09   -0.2067378E+09
 323      0.627010E+09    0.9216586E+09   -0.1818640E+09
 324      0.739912E+09    0.1070082E+10   -0.1559530E+09
 325      0.832339E+09    0.1138989E+10   -0.8911766E+08
 326      0.882742E+09    0.1207715E+10   -0.2102617E+08
 327      0.894915E+09    0.1184522E+10    0.5595104E+08
 328      0.910833E+09    0.1160744E+10    0.1324465E+09
 329      0.882081E+09    0.1039368E+10    0.1755281E+09
 330      0.815051E+09    0.9148399E+09    0.2187431E+09
 331      0.653712E+09    0.7089082E+09    0.1840378E+09
 332      0.366946E+09    0.4963748E+09    0.1411627E+09
 333     -0.129052E+09    0.2910200E+09    0.1765517E+08
 334     -0.896637E+09    0.9430502E+08   -0.1288280E+09
 335     -0.201388E+10    0.3055580E+08   -0.1148239E+09
 336     -0.338545E+10   -0.3342185E+08   -0.7277747E+08
 337     -0.266536E+10    0.2599735E+08    0.1584469E+09
 338     -0.161946E+10    0.2135614E+08    0.1232544E+09
 339     -0.811609E+09    0.6719689E+08    0.7616636E+08
 340     -0.187798E+09    0.3594778E+09   -0.1265973E+09
 341      0.161461E+09    0.6233495E+09   -0.3106944E+09
 342      0.372675E+09    0.9009558E+09   -0.3553707E+09
 343      0.511200E+09    0.1157423E+10   -0.3916997E+09
 344      0.601200E+09    0.1326282E+10   -0.3283665E+09
 345      0.689041E+09    0.1494290E+10   -0.2658077E+09
 346      0.766822E+09    0.1566452E+10   -0.1545240E+09
 347      0.805332E+09    0.1638444E+10   -0.4168843E+08
 348      0.819619E+09    0.1610446E+10    0.8455356E+08
 349      0.850832E+09    0.1585205E+10    0.2099910E+09
 350      0.842865E+09    0.1451077E+10    0.3029052E+09
 351      0.815598E+09    0.1314950E+10    0.3979902E+09
 352      0.699738E+09    0.1060770E+10    0.3938619E+09
 353      0.467394E+09    0.7870239E+09    0.3837990E+09
 354      0.147649E+08    0.4840421E+09    0.2043943E+09
 355     -0.825354E+09    0.1475521E+09   -0.1873158E+06
 356     -0.205781E+10    0.5331035E+08   -0.6971502E+08
 357     -0.370255E+10    0.1160131E+08   -0.1141838E+09
 358     -0.287199E+10   -0.1248115E+09    0.1864328E+09
 359     -0.146791E+10    0.7470076E+08   -0.5190853E+07
 360     -0.502223E+09    0.2668716E+09   -0.2516086E+09
 361     -0.240619E+08    0.6714069E+09   -0.5018766E+09
 362      0.222621E+09    0.1084181E+10   -0.6673438E+09
 363      0.348899E+09    0.1379112E+10   -0.6359263E+09
 364      0.435255E+09    0.1667033E+10   -0.6089770E+09
 365      0.488531E+09    0.1831874E+10   -0.4925109E+09
 366      0.553584E+09    0.1999855E+10   -0.3804812E+09
 367      0.607666E+09    0.2068010E+10   -0.2211991E+09
 368      0.635496E+09    0.2137400E+10   -0.5986309E+08
 369      0.651025E+09    0.2112097E+10    0.1117002E+09
 370      0.685551E+09    0.2091364E+10    0.2832455E+09
 371      0.691662E+09    0.1961020E+10    0.4390881E+09
 372      0.693790E+09    0.1833109E+10    0.5991817E+09
 373      0.630973E+09    0.1550764E+10    0.6803263E+09
 374      0.493741E+09    0.1257849E+10    0.7683575E+09
 375      0.171615E+09    0.8100615E+09    0.6284200E+09
 376     -0.491025E+09    0.3606706E+09    0.4070870E+09
 377     -0.182209E+10    0.1175932E+09    0.1101685E+09
 378     -0.387495E+10   -0.1200499E+09   -0.1254109E+09
 379     -0.371032E+10    0.2658292E+09    0.6394435E+09
 380     -0.115291E+10    0.2899255E+09   -0.5707106E+08
 381     -0.137451E+09    0.5640685E+09   -0.7623225E+09
 382      0.134494E+09    0.1319866E+10   -0.9376033E+09
 383      0.282835E+09    0.1817247E+10   -0.1039605E+10
 384      0.313246E+09    0.2071841E+10   -0.9291397E+09
 385      0.351933E+09    0.2333937E+10   -0.8288845E+09
 386      0.368000E+09    0.2465143E+10   -0.6579063E+09
 387      0.416036E+09    0.2605340E+10   -0.4926566E+09
 388      0.441727E+09    0.2660932E+10   -0.2848284E+09
 389      0.463920E+09    0.2720716E+10   -0.7543317E+08
 390      0.479998E+09    0.2710804E+10    0.1416635E+09
 391      0.517014E+09    0.2707018E+10    0.3597461E+09
 392      0.535731E+09    0.2606079E+10    0.5807898E+09
 393      0.565964E+09    0.2511967E+10    0.8068690E+09
 394      0.552478E+09    0.2253682E+10    0.9833726E+09
 395      0.522636E+09    0.2003997E+10    0.1172650E+10
 396      0.327882E+09    0.1466166E+10    0.1115373E+10
 397     -0.889616E+08    0.6887946E+09    0.9775701E+09
 398     -0.142620E+10    0.3358849E+09    0.2180160E+09
 399     -0.470190E+10    0.2079602E+09   -0.4945476E+09
 400     -0.284190E+10   -0.4587475E+09   -0.1526972E+09
 401     -0.427082E+09    0.8369242E+09   -0.9240439E+09
 402     -0.108953E+09    0.2063462E+10   -0.1487948E+10
 403      0.863207E+08    0.2423119E+10   -0.1328813E+10
 404      0.136201E+09    0.2811658E+10   -0.1257106E+10
 405      0.152859E+09    0.2946306E+10   -0.1087462E+10
 406      0.170141E+09    0.3099794E+10   -0.9287411E+09
 407      0.177391E+09    0.3174813E+10   -0.7399083E+09
 408      0.205854E+09    0.3257546E+10   -0.5515420E+09
 409      0.215933E+09    0.3301361E+10   -0.3287555E+09
 410      0.231334E+09    0.3351659E+10   -0.1070356E+09
 411      0.241055E+09    0.3367519E+10    0.1320643E+09
 412      0.262080E+09    0.3387009E+10    0.3717392E+09
 413      0.274313E+09    0.3344752E+10    0.6337928E+09
 414      0.293051E+09    0.3310605E+10    0.8988745E+09
 415      0.292866E+09    0.3151246E+10    0.1163722E+10
 416      0.282101E+09    0.3007168E+10    0.1442231E+10
 417      0.213079E+09    0.2559191E+10    0.1594626E+10
 418     -0.469957E+08    0.2102446E+10    0.1854556E+10
 419     -0.536004E+09    0.8611518E+09    0.1158159E+10
 420     -0.343731E+10   -0.4020021E+09    0.2954350E+09
 421     -0.132071E+10    0.4547100E+10   -0.1058859E+10
 422      0.122105E+09    0.4425601E+10   -0.1738097E+10
 423     -0.860158E+08    0.4257501E+10   -0.2046522E+10
 424      0.199877E+08    0.4107255E+10   -0.1651359E+10
 425     -0.116596E+08    0.4033093E+10   -0.1440960E+10
 426     -0.278793E+07    0.3981900E+10   -0.1220988E+10
 427     -0.547771E+07    0.3939641E+10   -0.1015824E+10
 428     -0.510605E+07    0.3926428E+10   -0.8128244E+09
 429      0.473915E+06    0.3927504E+10   -0.6064720E+09
 430     -0.116101E+07    0.3972542E+10   -0.3709404E+09
 431      0.462299E+07    0.4016888E+10   -0.1385957E+09
 432      0.843938E+07    0.4069385E+10    0.1214659E+09
 433      0.134623E+08    0.4126042E+10    0.3815499E+09
 434      0.195879E+08    0.4173836E+10    0.6812144E+09
 435      0.260423E+08    0.4226848E+10    0.9830735E+09
 436      0.380198E+08    0.4243076E+10    0.1327665E+10
 437      0.379712E+08    0.4273972E+10    0.1690241E+10
 438      0.800903E+08    0.4221983E+10    0.2026953E+10
 439     -0.252440E+08    0.4257860E+10    0.2599472E+10
 440      0.196880E+09    0.4036248E+10    0.2157752E+10
 441     -0.147986E+10    0.3727228E+10    0.1391557E+10
