   1      0.356176E+09    0.8169224E+07    0.1583684E+06
   2      0.221795E+09   -0.1683525E+08    0.1206260E+07
   3      0.120151E+09   -0.4442288E+08    0.2118602E+07
   4      0.457234E+08   -0.1039407E+09    0.1870787E+07
   5     -0.115020E+08   -0.1619127E+09    0.1651264E+07
   6     -0.395198E+08   -0.2314479E+09    0.2401673E+07
   7     -0.632075E+08   -0.3021203E+09    0.2657863E+07
   8     -0.605951E+08   -0.3615234E+09    0.1540311E+07
   9     -0.676270E+08   -0.4195901E+09    0.1897805E+07
  10     -0.628894E+08   -0.4578540E+09    0.2677705E+07
  11     -0.706426E+08   -0.4960276E+09    0.1319062E+07
  12     -0.754289E+08   -0.4912379E+09   -0.2892524E+06
  13     -0.954342E+08   -0.4859140E+09   -0.1989077E+06
  14     -0.115153E+09   -0.4452342E+09   -0.6980924E+06
  15     -0.133590E+09   -0.4031201E+09   -0.1871984E+07
  16     -0.139991E+09   -0.3271403E+09   -0.2923682E+07
  17     -0.123568E+09   -0.2499717E+09   -0.2937468E+07
  18     -0.639086E+08   -0.1689406E+09   -0.2731238E+07
  19      0.593953E+08   -0.8395435E+08   -0.4834515E+07
  20      0.251442E+09   -0.3142365E+08   -0.3010237E+07
  21      0.575996E+09    0.1455861E+08    0.3437716E+06
  22      0.328298E+09    0.5899672E+07    0.2398397E+07
  23      0.202028E+09   -0.1515844E+08    0.2241568E+08
  24      0.105705E+09   -0.3728680E+08    0.4216563E+08
  25      0.345491E+08   -0.8869260E+08    0.5260649E+08
  26     -0.149058E+08   -0.1410457E+09    0.6280817E+08
  27     -0.407318E+08   -0.2032668E+09    0.6305148E+08
  28     -0.576063E+08   -0.2646524E+09    0.6340252E+08
  29     -0.526572E+08   -0.3192396E+09    0.5476537E+08
  30     -0.545384E+08   -0.3739706E+09    0.4627958E+08
  31     -0.480680E+08   -0.4027469E+09    0.3085087E+08
  32     -0.502486E+08   -0.4305422E+09    0.1456782E+08
  33     -0.576558E+08   -0.4269386E+09   -0.4423556E+07
  34     -0.785718E+08   -0.4228630E+09   -0.2213680E+08
  35     -0.971719E+08   -0.3840037E+09   -0.3941105E+08
  36     -0.119365E+09   -0.3440428E+09   -0.5732989E+08
  37     -0.130014E+09   -0.2789619E+09   -0.6744338E+08
  38     -0.120676E+09   -0.2127521E+09   -0.7749908E+08
  39     -0.686016E+08   -0.1402960E+09   -0.7288700E+08
  40      0.436468E+08   -0.6692185E+08   -0.6930736E+08
  41      0.221238E+09   -0.2761175E+08   -0.3936059E+08
  42      0.518785E+09    0.8316267E+07   -0.8144711E+07
  43      0.300018E+09    0.7489510E+07    0.3269634E+07
  44      0.181642E+09   -0.1069078E+08    0.4317477E+08
  45      0.914717E+08   -0.3152128E+08    0.8270577E+08
  46      0.230663E+08   -0.8127253E+08    0.1031476E+09
  47     -0.179644E+08   -0.1296239E+09    0.1234712E+09
  48     -0.419286E+08   -0.1866347E+09    0.1235746E+09
  49     -0.525425E+08   -0.2437041E+09    0.1240408E+09
  50     -0.448258E+08   -0.2916869E+09    0.1080033E+09
  51     -0.400232E+08   -0.3392581E+09    0.9062711E+08
  52     -0.329061E+08   -0.3643544E+09    0.5883890E+08
  53     -0.295329E+08   -0.3892871E+09    0.2810376E+08
  54     -0.391463E+08   -0.3852866E+09   -0.8280739E+07
  55     -0.617437E+08   -0.3801736E+09   -0.4430161E+08
  56     -0.783132E+08   -0.3429014E+09   -0.7826561E+08
  57     -0.104791E+09   -0.3049841E+09   -0.1127443E+09
  58     -0.119711E+09   -0.2438930E+09   -0.1320225E+09
  59     -0.117228E+09   -0.1815273E+09   -0.1522215E+09
  60     -0.733823E+08   -0.1169878E+09   -0.1428575E+09
  61      0.269903E+08   -0.5038067E+08   -0.1336019E+09
  62      0.190666E+09   -0.1754482E+08   -0.7483011E+08
  63      0.456502E+09    0.1081262E+08   -0.1473724E+08
  64      0.230887E+09    0.4804041E+07    0.4032501E+07
  65      0.124384E+09   -0.1303987E+08    0.6051296E+08
  66      0.481626E+08   -0.3176551E+08    0.1172328E+09
  67     -0.624282E+07   -0.7578653E+08    0.1464312E+09
  68     -0.325556E+08   -0.1206132E+09    0.1755382E+09
  69     -0.415420E+08   -0.1743126E+09    0.1752119E+09
  70     -0.369508E+08   -0.2276449E+09    0.1735605E+09
  71     -0.209386E+08   -0.2683556E+09    0.1479775E+09
  72     -0.300195E+07   -0.3085132E+09    0.1228407E+09
  73      0.111249E+08   -0.3295261E+09    0.7903061E+08
  74      0.168231E+08   -0.3499074E+09    0.3580981E+08
  75      0.124518E+08   -0.3431569E+09   -0.1459541E+08
  76     -0.111081E+08   -0.3358086E+09   -0.6607822E+08
  77     -0.312616E+08   -0.3006699E+09   -0.1128179E+09
  78     -0.677003E+08   -0.2651947E+09   -0.1591516E+09
  79     -0.932446E+08   -0.2115487E+09   -0.1852268E+09
  80     -0.109212E+09   -0.1565571E+09   -0.2121053E+09
  81     -0.890671E+08   -0.1004917E+09   -0.1970804E+09
  82     -0.226373E+08   -0.4391167E+08   -0.1818312E+09
  83      0.106512E+09   -0.1695686E+08   -0.9875064E+08
  84      0.323342E+09    0.7381568E+07   -0.1457937E+08
  85      0.161479E+09    0.6376083E+07    0.5449096E+07
  86      0.681756E+08   -0.1075926E+08    0.7815294E+08
  87      0.415126E+07   -0.2978884E+08    0.1514297E+09
  88     -0.356684E+08   -0.7398152E+08    0.1901501E+09
  89     -0.479546E+08   -0.1183163E+09    0.2284786E+09
  90     -0.408576E+08   -0.1652668E+09    0.2264936E+09
  91     -0.200768E+08   -0.2110485E+09    0.2230380E+09
  92      0.353547E+07   -0.2492998E+09    0.1884194E+09
  93      0.322597E+08   -0.2867484E+09    0.1548281E+09
  94      0.556783E+08   -0.3030282E+09    0.9912431E+08
  95      0.633858E+08   -0.3195742E+09    0.4306971E+08
  96      0.636774E+08   -0.3125938E+09   -0.2148751E+08
  97      0.406127E+08   -0.3056981E+09   -0.8732805E+08
  98      0.152172E+08   -0.2759307E+09   -0.1472297E+09
  99     -0.309003E+08   -0.2435716E+09   -0.2066870E+09
 100     -0.674591E+08   -0.1929470E+09   -0.2384699E+09
 101     -0.101905E+09   -0.1431810E+09   -0.2710819E+09
 102     -0.104638E+09   -0.9268927E+08   -0.2511254E+09
 103     -0.722988E+08   -0.3976852E+08   -0.2302081E+09
 104      0.211615E+08   -0.1365297E+08   -0.1230401E+09
 105      0.197837E+09    0.8828887E+07   -0.1481489E+08
 106      0.545397E+08    0.5406968E+07    0.5900518E+07
 107     -0.218570E+08   -0.1233319E+08    0.9559094E+08
 108     -0.640435E+08   -0.3211108E+08    0.1858723E+09
 109     -0.791288E+08   -0.7317107E+08    0.2294045E+09
 110     -0.673635E+08   -0.1129062E+09    0.2718535E+09
 111     -0.362417E+08   -0.1546483E+09    0.2673399E+09
 112      0.352145E+07   -0.1968517E+09    0.2627784E+09
 113      0.455787E+08   -0.2304097E+09    0.2210342E+09
 114      0.874635E+08   -0.2630291E+09    0.1785814E+09
 115      0.120758E+09   -0.2776631E+09    0.1132493E+09
 116      0.136189E+09   -0.2924403E+09    0.4811592E+08
 117      0.139424E+09   -0.2867335E+09   -0.2789555E+08
 118      0.117457E+09   -0.2798227E+09   -0.1044023E+09
 119      0.835504E+08   -0.2525788E+09   -0.1736144E+09
 120      0.281204E+08   -0.2259657E+09   -0.2435616E+09
 121     -0.309609E+08   -0.1817992E+09   -0.2822247E+09
 122     -0.895572E+08   -0.1349919E+09   -0.3214418E+09
 123     -0.132940E+09   -0.8805309E+08   -0.2956677E+09
 124     -0.143319E+09   -0.4240378E+08   -0.2697474E+09
 125     -0.106434E+09   -0.1808882E+08   -0.1460199E+09
 126      0.129772E+08    0.4896954E+07   -0.1993010E+08
 127     -0.502897E+08    0.5283751E+07    0.7372368E+07
 128     -0.112588E+09   -0.1314416E+08    0.1134363E+09
 129     -0.131594E+09   -0.3303323E+08    0.2197651E+09
 130     -0.122184E+09   -0.7068579E+08    0.2682698E+09
 131     -0.860032E+08   -0.1087274E+09    0.3157943E+09
 132     -0.322909E+08   -0.1502913E+09    0.3098191E+09
 133      0.272071E+08   -0.1903569E+09    0.3029708E+09
 134      0.876359E+08   -0.2142563E+09    0.2527664E+09
 135      0.143902E+09   -0.2381897E+09    0.2028949E+09
 136      0.185418E+09   -0.2498660E+09    0.1279746E+09
 137      0.209666E+09   -0.2603998E+09    0.5263030E+08
 138      0.215550E+09   -0.2532300E+09   -0.3417510E+08
 139      0.194073E+09   -0.2477601E+09   -0.1210560E+09
 140      0.151978E+09   -0.2256043E+09   -0.2004340E+09
 141      0.869985E+08   -0.2012833E+09   -0.2799196E+09
 142      0.634247E+07   -0.1645266E+09   -0.3258474E+09
 143     -0.779043E+08   -0.1278757E+09   -0.3724757E+09
 144     -0.162742E+09   -0.8363976E+08   -0.3412887E+09
 145     -0.213928E+09   -0.3562139E+08   -0.3109342E+09
 146     -0.231830E+09   -0.1113357E+08   -0.1689557E+09
 147     -0.177128E+09    0.8738215E+07   -0.2395345E+08
 148     -0.201244E+09    0.4628211E+07    0.1130737E+08
 149     -0.233800E+09   -0.1375277E+08    0.1316485E+09
 150     -0.216501E+09   -0.3419832E+08    0.2516869E+09
 151     -0.173433E+09   -0.7094759E+08    0.3025199E+09
 152     -0.105175E+09   -0.1067359E+09    0.3529317E+09
 153     -0.221224E+08   -0.1383719E+09    0.3416475E+09
 154      0.648855E+08   -0.1691070E+09    0.3292104E+09
 155      0.143033E+09   -0.1900657E+09    0.2725232E+09
 156      0.214297E+09   -0.2109166E+09    0.2168141E+09
 157      0.267206E+09   -0.2170592E+09    0.1348465E+09
 158      0.300768E+09   -0.2228269E+09    0.5224261E+08
 159      0.307176E+09   -0.2166048E+09   -0.3984965E+08
 160      0.286285E+09   -0.2104024E+09   -0.1318886E+09
 161      0.238736E+09   -0.1924197E+09   -0.2183462E+09
 162      0.157331E+09   -0.1741439E+09   -0.3050940E+09
 163      0.581672E+08   -0.1427454E+09   -0.3560609E+09
 164     -0.643277E+08   -0.1109576E+09   -0.4078230E+09
 165     -0.193607E+09   -0.7356120E+08   -0.3789583E+09
 166     -0.304904E+09   -0.3364248E+08   -0.3503933E+09
 167     -0.396005E+09   -0.1217665E+08   -0.1880780E+09
 168     -0.420222E+09    0.6162468E+07   -0.2298246E+08
 169     -0.353649E+09    0.5069208E+07    0.1476644E+08
 170     -0.354313E+09   -0.1260055E+08    0.1497900E+09
 171     -0.301867E+09   -0.3258460E+08    0.2846620E+09
 172     -0.225157E+09   -0.6729365E+08    0.3381829E+09
 173     -0.124928E+09   -0.1008596E+09    0.3902410E+09
 174     -0.112069E+08   -0.1240784E+09    0.3729191E+09
 175      0.101740E+09   -0.1457139E+09    0.3557952E+09
 176      0.198785E+09   -0.1549308E+09    0.2934953E+09
 177      0.285248E+09   -0.1637623E+09    0.2310654E+09
 178      0.350075E+09   -0.1661714E+09    0.1422245E+09
 179      0.391852E+09   -0.1703663E+09    0.5391790E+08
 180      0.399903E+09   -0.1673831E+09   -0.4577736E+08
 181      0.378240E+09   -0.1622805E+09   -0.1454762E+09
 182      0.325763E+09   -0.1490209E+09   -0.2371159E+09
 183      0.228695E+09   -0.1369679E+09   -0.3306293E+09
 184      0.108747E+09   -0.1173809E+09   -0.3870496E+09
 185     -0.499410E+08   -0.9615150E+08   -0.4444706E+09
 186     -0.224143E+09   -0.6584227E+08   -0.4163162E+09
 187     -0.396368E+09   -0.3475652E+08   -0.3872527E+09
 188     -0.561879E+09   -0.1406380E+08   -0.2076971E+09
 189     -0.658628E+09    0.4698720E+07   -0.2505430E+08
 190     -0.552930E+09    0.4099171E+07    0.1860485E+08
 191     -0.502107E+09   -0.1346735E+08    0.1666422E+09
 192     -0.401766E+09   -0.3392406E+08    0.3143061E+09
 193     -0.274908E+09   -0.6128737E+08    0.3632493E+09
 194     -0.132709E+09   -0.8603694E+08    0.4097379E+09
 195      0.119463E+08   -0.9663070E+08    0.3838837E+09
 196      0.148695E+09   -0.1064245E+09    0.3591051E+09
 197      0.264374E+09   -0.1043291E+09    0.2924734E+09
 198      0.364774E+09   -0.1019835E+09    0.2263076E+09
 199      0.437810E+09   -0.9656166E+08    0.1388020E+09
 200      0.485933E+09   -0.9116866E+08    0.5197091E+08
 201      0.499678E+09   -0.9011058E+08   -0.4592333E+08
 202      0.476882E+09   -0.9059859E+08   -0.1443932E+09
 203      0.419263E+09   -0.9170322E+08   -0.2376592E+09
 204      0.313764E+09   -0.9255832E+08   -0.3323299E+09
 205      0.170100E+09   -0.8468574E+08   -0.3954894E+09
 206     -0.211763E+08   -0.7582903E+08   -0.4604010E+09
 207     -0.249525E+09   -0.5405565E+08   -0.4376241E+09
 208     -0.497382E+09   -0.2916473E+08   -0.4144936E+09
 209     -0.754040E+09   -0.1088239E+08   -0.2246215E+09
 210     -0.960228E+09    0.4160214E+07   -0.3034336E+08
 211     -0.750440E+09    0.3872236E+07    0.2308524E+08
 212     -0.650731E+09   -0.1376183E+08    0.1842848E+09
 213     -0.502750E+09   -0.3428724E+08    0.3443915E+09
 214     -0.324640E+09   -0.5072050E+08    0.3882931E+09
 215     -0.141167E+09   -0.6465734E+08    0.4306868E+09
 216      0.351424E+08   -0.6199383E+08    0.3966995E+09
 217      0.196674E+09   -0.5729344E+08    0.3632691E+09
 218      0.330910E+09   -0.3650921E+08    0.2914800E+09
 219      0.443920E+09   -0.1573499E+08    0.2213801E+09
 220      0.526403E+09   -0.4664861E+06    0.1348365E+09
 221      0.580913E+09    0.1378891E+08    0.4846526E+08
 222      0.599216E+09    0.1105257E+08   -0.4557791E+08
 223      0.578126E+09    0.6687710E+07   -0.1414340E+09
 224      0.513558E+09   -0.7653889E+07   -0.2379443E+09
 225      0.398451E+09   -0.2222004E+08   -0.3348894E+09
 226      0.232524E+09   -0.3231516E+08   -0.4050570E+09
 227      0.578973E+07   -0.4152463E+08   -0.4763155E+09
 228     -0.275036E+09   -0.3734764E+08   -0.4589387E+09
 229     -0.598647E+09   -0.2946583E+08   -0.4438428E+09
 230     -0.946893E+09   -0.1089835E+08   -0.2423733E+09
 231     -0.126286E+10    0.4524646E+07   -0.3415532E+08
 232     -0.997035E+09    0.7722815E+06    0.3231292E+08
 233     -0.817884E+09   -0.1391321E+08    0.1983426E+09
 234     -0.596097E+09   -0.3163263E+08    0.3605922E+09
 235     -0.356586E+09   -0.3429534E+08    0.3880625E+09
 236     -0.131583E+09   -0.3333343E+08    0.4157166E+09
 237      0.775859E+08   -0.2955019E+07    0.3698019E+09
 238      0.253858E+09    0.2905820E+08    0.3258443E+09
 239      0.399475E+09    0.6670096E+08    0.2566704E+09
 240      0.516054E+09    0.1036201E+09    0.1887757E+09
 241      0.602088E+09    0.1262974E+09    0.1142594E+09
 242      0.659444E+09    0.1476418E+09    0.4070203E+08
 243      0.680292E+09    0.1424488E+09   -0.3873318E+08
 244      0.667574E+09    0.1360490E+09   -0.1189156E+09
 245      0.602598E+09    0.1038228E+09   -0.2065911E+09
 246      0.488351E+09    0.7039229E+08   -0.2966150E+09
 247      0.308673E+09    0.3587862E+08   -0.3731283E+09
 248      0.504700E+08    0.2332673E+07   -0.4517536E+09
 249     -0.279084E+09   -0.7231283E+07   -0.4497768E+09
 250     -0.686562E+09   -0.1318514E+08   -0.4508702E+09
 251     -0.115171E+10   -0.5615010E+07   -0.2504073E+09
 252     -0.162396E+10   -0.4713804E+06   -0.4078823E+08
 253     -0.124452E+10    0.1200428E+07    0.4198440E+08
 254     -0.986094E+09   -0.1170670E+08    0.2133172E+09
 255     -0.689871E+09   -0.2754023E+08    0.3790175E+09
 256     -0.389894E+09   -0.9328921E+07    0.3896190E+09
 257     -0.121645E+09    0.1552152E+08    0.4008906E+09
 258      0.120511E+09    0.7721975E+08    0.3433974E+09
 259      0.311223E+09    0.1380179E+09    0.2894140E+09
 260      0.468557E+09    0.2040614E+09    0.2224179E+09
 261      0.590945E+09    0.2697522E+09    0.1563378E+09
 262      0.677806E+09    0.3061091E+09    0.9411975E+08
 263      0.738707E+09    0.3401189E+09    0.3389525E+08
 264      0.763007E+09    0.3278840E+09   -0.3150558E+08
 265      0.755256E+09    0.3141086E+09   -0.9627663E+08
 266      0.693086E+09    0.2610743E+09   -0.1749109E+09
 267      0.579467E+09    0.2050689E+09   -0.2570222E+09
 268      0.386515E+09    0.1358980E+09   -0.3413431E+09
 269      0.955953E+08    0.6781932E+08   -0.4294489E+09
 270     -0.283865E+09    0.2939380E+08   -0.4432062E+09
 271     -0.779020E+09   -0.4379166E+07   -0.4595320E+09
 272     -0.135657E+10   -0.1287522E+07   -0.2584961E+09
 273     -0.198863E+10    0.5921740E+05   -0.4734859E+08
 274     -0.153671E+10   -0.6889568E+07    0.5672060E+08
 275     -0.114752E+10   -0.8254395E+07    0.2150894E+09
 276     -0.746912E+09   -0.1341741E+08    0.3646383E+09
 277     -0.377299E+09    0.3554565E+08    0.3393082E+09
 278     -0.712836E+08    0.9112952E+08    0.3168189E+09
 279      0.179653E+09    0.1923640E+09    0.2485473E+09
 280      0.372644E+09    0.2947529E+09    0.1851233E+09
 281      0.518266E+09    0.3914207E+09    0.1327628E+09
 282      0.634395E+09    0.4857867E+09    0.8365423E+08
 283      0.711411E+09    0.5317846E+09    0.5156160E+08
 284      0.772446E+09    0.5765094E+09    0.2021470E+08
 285      0.799192E+09    0.5593707E+09   -0.1211544E+08
 286      0.799716E+09    0.5397239E+09   -0.4438929E+08
 287      0.752516E+09    0.4633143E+09   -0.9930571E+08
 288      0.653293E+09    0.3853025E+09   -0.1564344E+09
 289      0.470789E+09    0.2784584E+09   -0.2378071E+09
 290      0.173498E+09    0.1694140E+09   -0.3258068E+09
 291     -0.243343E+09    0.9002225E+08   -0.3709359E+09
 292     -0.824112E+09    0.1819910E+08   -0.4229406E+09
 293     -0.154111E+10    0.6477316E+07   -0.2469663E+09
 294     -0.238248E+10   -0.7934491E+07   -0.5496988E+08
 295     -0.183103E+10   -0.1559181E+07    0.7512776E+08
 296     -0.131122E+10   -0.6448350E+07    0.2193832E+09
 297     -0.814050E+09   -0.6710287E+07    0.3545367E+09
 298     -0.362705E+09    0.9318955E+08    0.2926133E+09
 299     -0.222891E+08    0.1987079E+09    0.2343983E+09
 300      0.242482E+09    0.3592248E+09    0.1534710E+09
 301      0.436238E+09    0.5147952E+09    0.7868157E+08
 302      0.569493E+09    0.6432882E+09    0.4251630E+08
 303      0.675466E+09    0.7682619E+09    0.1056918E+08
 304      0.745337E+09    0.8289949E+09    0.8763184E+07
 305      0.804931E+09    0.8881377E+09    0.6825142E+07
 306      0.834482E+09    0.8659562E+09    0.8163695E+07
 307      0.846014E+09    0.8427413E+09    0.9191654E+07
 308      0.813043E+09    0.7383020E+09   -0.2114921E+08
 309      0.729900E+09    0.6293075E+09   -0.5363437E+08
 310      0.557538E+09    0.4700881E+09   -0.1334064E+09
 311      0.254119E+09    0.3046485E+09   -0.2215419E+09
 312     -0.201011E+09    0.1695666E+09   -0.3012646E+09
 313     -0.873501E+09    0.3757486E+08   -0.3900257E+09
 314     -0.173119E+10    0.1145313E+08   -0.2381043E+09
 315     -0.277793E+10   -0.7140879E+07   -0.6696514E+08
 316     -0.215192E+10   -0.2983918E+08    0.1032679E+09
 317     -0.141067E+10    0.5987214E+07    0.1926022E+09
 318     -0.768325E+09    0.3641381E+08    0.2590165E+09
 319     -0.268016E+09    0.2032201E+09    0.1311047E+09
 320      0.731646E+08    0.3823664E+09    0.2239556E+08
 321      0.303916E+09    0.5999520E+09   -0.4959146E+08
 322      0.464132E+09    0.8139115E+09   -0.1112707E+09
 323      0.566132E+09    0.9711368E+09   -0.1061431E+09
 324      0.648480E+09    0.1125026E+10   -0.9990800E+08
 325      0.705490E+09    0.1193235E+10   -0.5652458E+08
 326      0.758447E+09    0.1261158E+10   -0.1339275E+08
 327      0.788000E+09    0.1235268E+10    0.3644406E+08
 328      0.812617E+09    0.1208945E+10    0.8700068E+08
 329      0.798812E+09    0.1082232E+10    0.1069733E+09
 330      0.750707E+09    0.9519878E+09    0.1265529E+09
 331      0.613245E+09    0.7378288E+09    0.7598597E+08
 332      0.359046E+09    0.5174617E+09    0.1623107E+08
 333     -0.859754E+08    0.3044735E+09   -0.1029814E+09
 334     -0.797173E+09    0.1006463E+09   -0.2466212E+09
 335     -0.182336E+10    0.3422150E+08   -0.1815836E+09
 336     -0.315878E+10   -0.3282087E+08   -0.8497827E+08
 337     -0.250710E+10    0.2252501E+08    0.1581322E+09
 338     -0.151315E+10    0.2360206E+08    0.1741556E+09
 339     -0.752657E+09    0.7601724E+08    0.1742452E+09
 340     -0.151383E+09    0.3836808E+09   -0.2421758E+08
 341      0.174908E+09    0.6631453E+09   -0.2029861E+09
 342      0.369961E+09    0.9534594E+09   -0.2593683E+09
 343      0.491968E+09    0.1221964E+10   -0.3065784E+09
 344      0.560226E+09    0.1397119E+10   -0.2585185E+09
 345      0.620961E+09    0.1570869E+10   -0.2118811E+09
 346      0.662061E+09    0.1644698E+10   -0.1216519E+09
 347      0.711019E+09    0.1719656E+10   -0.3230132E+08
 348      0.738408E+09    0.1691956E+10    0.6736372E+08
 349      0.777333E+09    0.1665691E+10    0.1685269E+09
 350      0.783139E+09    0.1526072E+10    0.2397611E+09
 351      0.771624E+09    0.1384868E+10    0.3130803E+09
 352      0.675319E+09    0.1119806E+10    0.2937226E+09
 353      0.468820E+09    0.8333623E+09    0.2681724E+09
 354      0.528297E+08    0.5148103E+09    0.9149468E+08
 355     -0.746788E+09    0.1634235E+09   -0.1129272E+09
 356     -0.191985E+10    0.5870346E+08   -0.1331017E+09
 357     -0.357887E+10    0.7669597E+07   -0.1246256E+09
 358     -0.278860E+10   -0.1256414E+09    0.1845088E+09
 359     -0.139654E+10    0.8217678E+08    0.3468892E+08
 360     -0.457364E+09    0.2843846E+09   -0.1734258E+09
 361      0.842077E+07    0.7080013E+09   -0.4187949E+09
 362      0.238754E+09    0.1139522E+10   -0.5780690E+09
 363      0.353388E+09    0.1447149E+10   -0.5524344E+09
 364      0.426667E+09    0.1746369E+10   -0.5312354E+09
 365      0.461286E+09    0.1916000E+10   -0.4283393E+09
 366      0.501148E+09    0.2088203E+10   -0.3285401E+09
 367      0.526952E+09    0.2159474E+10   -0.1922523E+09
 368      0.567668E+09    0.2233635E+10   -0.5655804E+08
 369      0.591045E+09    0.2211762E+10    0.9234276E+08
 370      0.632163E+09    0.2193889E+10    0.2423455E+09
 371      0.649523E+09    0.2058511E+10    0.3808073E+09
 372      0.665996E+09    0.1924606E+10    0.5227682E+09
 373      0.617127E+09    0.1628812E+10    0.5930902E+09
 374      0.500802E+09    0.1322728E+10    0.6699736E+09
 375      0.205649E+09    0.8566424E+09    0.5340745E+09
 376     -0.429546E+09    0.3875840E+09    0.3160771E+09
 377     -0.172844E+10    0.1292917E+09    0.6105069E+08
 378     -0.381872E+10   -0.1220408E+09   -0.1308497E+09
 379     -0.369658E+10    0.2594610E+09    0.6270490E+09
 380     -0.111811E+10    0.3005529E+09   -0.3064978E+08
 381     -0.104436E+09    0.5913779E+09   -0.7045334E+09
 382      0.162881E+09    0.1363702E+10   -0.8746818E+09
 383      0.300712E+09    0.1878452E+10   -0.9688735E+09
 384      0.323264E+09    0.2142354E+10   -0.8579204E+09
 385      0.353756E+09    0.2412543E+10   -0.7571772E+09
 386      0.356004E+09    0.2544770E+10   -0.5988301E+09
 387      0.374765E+09    0.2686007E+10   -0.4435107E+09
 388      0.388137E+09    0.2746332E+10   -0.2612270E+09
 389      0.418507E+09    0.2811744E+10   -0.7949925E+08
 390      0.440890E+09    0.2805273E+10    0.1191933E+09
 391      0.481483E+09    0.2803275E+10    0.3187342E+09
 392      0.510055E+09    0.2702792E+10    0.5266106E+09
 393      0.554848E+09    0.2610116E+10    0.7385776E+09
 394      0.547242E+09    0.2342500E+10    0.9096657E+09
 395      0.538541E+09    0.2081857E+10    0.1092010E+10
 396      0.356582E+09    0.1521892E+10    0.1041273E+10
 397     -0.426021E+08    0.7198855E+09    0.9110244E+09
 398     -0.137616E+10    0.3474170E+09    0.1835488E+09
 399     -0.471043E+10    0.2032350E+09   -0.4957122E+09
 400     -0.283876E+10   -0.4566707E+09   -0.1597393E+09
 401     -0.408852E+09    0.8372696E+09   -0.9082948E+09
 402     -0.875746E+08    0.2068221E+10   -0.1454509E+10
 403      0.103731E+09    0.2444662E+10   -0.1282372E+10
 404      0.147551E+09    0.2845457E+10   -0.1198645E+10
 405      0.159158E+09    0.2988425E+10   -0.1025768E+10
 406      0.172779E+09    0.3150947E+10   -0.8628652E+09
 407      0.173888E+09    0.3226785E+10   -0.6812126E+09
 408      0.182434E+09    0.3308986E+10   -0.5020042E+09
 409      0.191075E+09    0.3353848E+10   -0.3070982E+09
 410      0.206743E+09    0.3404413E+10   -0.1122265E+09
 411      0.220973E+09    0.3421832E+10    0.1067160E+09
 412      0.242733E+09    0.3443682E+10    0.3260702E+09
 413      0.260624E+09    0.3405322E+10    0.5750337E+09
 414      0.287862E+09    0.3374168E+10    0.8278739E+09
 415      0.288936E+09    0.3213800E+10    0.1091316E+10
 416      0.293276E+09    0.3069276E+10    0.1368372E+10
 417      0.227278E+09    0.2607752E+10    0.1535172E+10
 418     -0.214069E+08    0.2134960E+10    0.1811838E+10
 419     -0.512058E+09    0.8742208E+09    0.1140867E+10
 420     -0.344799E+10   -0.4055399E+09    0.3005797E+09
 421     -0.133262E+10    0.4482486E+10   -0.1076235E+10
 422      0.125008E+09    0.4378201E+10   -0.1741370E+10
 423     -0.789455E+08    0.4225222E+10   -0.2037940E+10
 424      0.260406E+08    0.4078309E+10   -0.1622061E+10
 425     -0.693348E+07    0.4010973E+10   -0.1394904E+10
 426      0.490425E+06    0.3964866E+10   -0.1169376E+10
 427     -0.211566E+07    0.3928962E+10   -0.9570633E+09
 428     -0.126914E+07    0.3918878E+10   -0.7552738E+09
 429     -0.207861E+07    0.3919332E+10   -0.5565410E+09
 430      0.928046E+06    0.3952035E+10   -0.3507925E+09
 431      0.285226E+07    0.3984687E+10   -0.1443500E+09
 432      0.759524E+07    0.4035091E+10    0.9286637E+08
 433      0.115264E+08    0.4090733E+10    0.3302080E+09
 434      0.183668E+08    0.4148856E+10    0.6173822E+09
 435      0.262236E+08    0.4211410E+10    0.9087135E+09
 436      0.363366E+08    0.4239753E+10    0.1254697E+10
 437      0.418387E+08    0.4282507E+10    0.1620401E+10
 438      0.803769E+08    0.4237930E+10    0.1979488E+10
 439     -0.223251E+08    0.4282020E+10    0.2577313E+10
 440      0.194816E+09    0.4053499E+10    0.2156399E+10
 441     -0.149304E+10    0.3737527E+10    0.1404777E+10
