   1     -0.641370E+09    0.3407531E+07   -0.2889922E+06
   2     -0.553447E+09   -0.6621606E+07   -0.9768380E+05
   3     -0.444585E+09   -0.1775352E+08    0.1153878E+05
   4     -0.324649E+09   -0.4173649E+08   -0.3615205E+05
   5     -0.195675E+09   -0.6543144E+08   -0.7112132E+04
   6     -0.639644E+08   -0.9071199E+08    0.4331189E+04
   7      0.657253E+08   -0.1156928E+09    0.2514227E+05
   8      0.190844E+09   -0.1332917E+09    0.3075516E+05
   9      0.305401E+09   -0.1505860E+09    0.3618878E+05
  10      0.410242E+09   -0.1546916E+09    0.3928851E+05
  11      0.499344E+09   -0.1585806E+09    0.6002111E+05
  12      0.576064E+09   -0.1465544E+09   -0.2143021E+05
  13      0.634499E+09   -0.1351701E+09   -0.3424494E+06
  14      0.680481E+09   -0.1003858E+09   -0.2291461E+07
  15      0.667240E+09   -0.6006735E+08   -0.3121709E+07
  16      0.508054E+09   -0.3105074E+08    0.2965250E+06
  17      0.260641E+09   -0.7303215E+07    0.1891476E+07
  18     -0.103732E+09   -0.4392180E+07    0.2275086E+07
  19     -0.595353E+09   -0.5230263E+07    0.3716893E+07
  20     -0.124361E+10   -0.7201637E+07   -0.2196834E+06
  21     -0.196033E+10   -0.4767536E+07   -0.4267843E+07
  22     -0.653552E+09    0.2820325E+07    0.1306216E+07
  23     -0.562411E+09   -0.7704210E+07    0.1030880E+08
  24     -0.450870E+09   -0.1905455E+08    0.1929944E+08
  25     -0.328085E+09   -0.4259781E+08    0.2268615E+08
  26     -0.196429E+09   -0.6609127E+08    0.2600860E+08
  27     -0.622765E+08   -0.9108940E+08    0.2421894E+08
  28      0.694739E+08   -0.1158147E+09    0.2239433E+08
  29      0.196274E+09   -0.1331820E+09    0.1684857E+08
  30      0.312093E+09   -0.1502540E+09    0.1130114E+08
  31      0.417786E+09   -0.1541949E+09    0.3664727E+07
  32      0.507375E+09   -0.1579063E+09   -0.3910261E+07
  33      0.584277E+09   -0.1458606E+09   -0.1220719E+08
  34      0.643320E+09   -0.1331892E+09   -0.2122222E+08
  35      0.689795E+09   -0.1061067E+09   -0.2974462E+08
  36      0.660658E+09   -0.7787967E+08   -0.3579834E+08
  37      0.499826E+09   -0.4970985E+08   -0.2594613E+08
  38      0.252191E+09   -0.2267115E+08   -0.1754356E+08
  39     -0.112296E+09   -0.1073749E+08   -0.8913004E+07
  40     -0.602114E+09    0.6310645E+06   -0.2092589E+06
  41     -0.123944E+10    0.1069513E+07   -0.1265019E+07
  42     -0.197354E+10    0.1757484E+07   -0.2501949E+07
  43     -0.665555E+09    0.3588592E+07    0.2546615E+07
  44     -0.571263E+09   -0.6825020E+07    0.2062300E+08
  45     -0.457050E+09   -0.1844707E+08    0.3865527E+08
  46     -0.331500E+09   -0.4315190E+08    0.4540891E+08
  47     -0.197154E+09   -0.6747376E+08    0.5205473E+08
  48     -0.605784E+08   -0.9303794E+08    0.4847038E+08
  49      0.732416E+08   -0.1182706E+09    0.4481823E+08
  50      0.201727E+09   -0.1358011E+09    0.3371511E+08
  51      0.318804E+09   -0.1530329E+09    0.2260982E+08
  52      0.425357E+09   -0.1569175E+09    0.7300502E+07
  53      0.515367E+09   -0.1604399E+09   -0.7963144E+07
  54      0.592439E+09   -0.1484445E+09   -0.2428168E+08
  55      0.652040E+09   -0.1360535E+09   -0.4150325E+08
  56      0.700656E+09   -0.1109531E+09   -0.5695126E+08
  57      0.653257E+09   -0.8455642E+08   -0.6883574E+08
  58      0.490426E+09   -0.5888776E+08   -0.5228499E+08
  59      0.242257E+09   -0.3464093E+08   -0.3696243E+08
  60     -0.121099E+09   -0.1881809E+08   -0.2056292E+08
  61     -0.609405E+09   -0.3794048E+07   -0.4181555E+07
  62     -0.123321E+10   -0.2210082E+07   -0.2157240E+07
  63     -0.198913E+10    0.1428889E+06   -0.1039703E+07
  64     -0.702331E+09    0.2965238E+07    0.3998340E+07
  65     -0.598821E+09   -0.8339108E+07    0.3166201E+08
  66     -0.475868E+09   -0.2057645E+08    0.5926400E+08
  67     -0.341566E+09   -0.4532136E+08    0.6917158E+08
  68     -0.199034E+09   -0.6992078E+08    0.7887950E+08
  69     -0.551378E+08   -0.9533646E+08    0.7309908E+08
  70      0.848067E+08   -0.1204222E+09    0.6723592E+08
  71      0.218216E+09   -0.1375623E+09    0.5039470E+08
  72      0.338984E+09   -0.1544117E+09    0.3358499E+08
  73      0.448040E+09   -0.1579752E+09    0.1063983E+08
  74      0.539522E+09   -0.1613652E+09   -0.1230691E+08
  75      0.616851E+09   -0.1486519E+09   -0.3694316E+08
  76      0.675356E+09   -0.1342314E+09   -0.6315441E+08
  77      0.717520E+09   -0.1105459E+09   -0.7899455E+08
  78      0.644661E+09   -0.8873631E+08   -0.9043844E+08
  79      0.475978E+09   -0.6710448E+08   -0.7466189E+08
  80      0.222113E+09   -0.4391383E+08   -0.6024664E+08
  81     -0.141232E+09   -0.2443357E+08   -0.3947574E+08
  82     -0.628789E+09   -0.4838874E+07   -0.1794033E+08
  83     -0.124178E+10    0.1352382E+06   -0.5894657E+07
  84     -0.199084E+10    0.4060613E+07    0.4737808E+07
  85     -0.738804E+09    0.3930991E+07    0.5427130E+07
  86     -0.626349E+09   -0.7722916E+07    0.4277084E+08
  87     -0.494624E+09   -0.2079473E+08    0.7998071E+08
  88     -0.351621E+09   -0.4703431E+08    0.9301301E+08
  89     -0.200906E+09   -0.7270568E+08    0.1058141E+09
  90     -0.496857E+08   -0.9853169E+08    0.9783691E+08
  91      0.964140E+08   -0.1239112E+09    0.8976537E+08
  92      0.234781E+09   -0.1407683E+09    0.6715978E+08
  93      0.359281E+09   -0.1573088E+09    0.4461461E+08
  94      0.470875E+09   -0.1606957E+09    0.1399897E+08
  95      0.564003E+09   -0.1641918E+09   -0.1647624E+08
  96      0.641766E+09   -0.1516310E+09   -0.5022280E+08
  97      0.699238E+09   -0.1360777E+09   -0.8700798E+08
  98      0.732167E+09   -0.1136512E+09   -0.1013918E+09
  99      0.636563E+09   -0.9528934E+08   -0.1104467E+09
 100      0.462380E+09   -0.7583748E+08   -0.9674745E+08
 101      0.203172E+09   -0.5358016E+08   -0.8390466E+08
 102     -0.161568E+09   -0.3178385E+08   -0.5810493E+08
 103     -0.646732E+09   -0.1092605E+08   -0.3105388E+08
 104     -0.125313E+10   -0.4664023E+07   -0.9647246E+07
 105     -0.198518E+10    0.1511879E+07    0.9989065E+07
 106     -0.803256E+09    0.3101256E+07    0.7610328E+07
 107     -0.673842E+09   -0.9665663E+07    0.5520147E+08
 108     -0.526070E+09   -0.2354592E+08    0.1025624E+09
 109     -0.367547E+09   -0.4975257E+08    0.1180448E+09
 110     -0.202751E+09   -0.7564009E+08    0.1332085E+09
 111     -0.393470E+08   -0.1006903E+09    0.1221420E+09
 112      0.116594E+09   -0.1252545E+09    0.1110215E+09
 113      0.262602E+09   -0.1409216E+09    0.8257214E+08
 114      0.392726E+09   -0.1562575E+09    0.5424117E+08
 115      0.507970E+09   -0.1591231E+09    0.1683534E+08
 116      0.603335E+09   -0.1616408E+09   -0.2033227E+08
 117      0.682148E+09   -0.1518979E+09   -0.6048502E+08
 118      0.739491E+09   -0.1418158E+09   -0.1043660E+09
 119      0.740061E+09   -0.1234952E+09   -0.1190792E+09
 120      0.636442E+09   -0.1056010E+09   -0.1283553E+09
 121      0.453118E+09   -0.8388533E+08   -0.1180804E+09
 122      0.184417E+09   -0.6110563E+08   -0.1084950E+09
 123     -0.190615E+09   -0.3909094E+08   -0.7967550E+08
 124     -0.678223E+09   -0.1727000E+08   -0.4838691E+08
 125     -0.128221E+10   -0.7023851E+07   -0.1898210E+08
 126     -0.198487E+10    0.2575744E+07    0.7860780E+07
 127     -0.867994E+09    0.4197507E+07    0.9864065E+07
 128     -0.721143E+09   -0.9057427E+07    0.6774228E+08
 129     -0.557651E+09   -0.2404722E+08    0.1252999E+09
 130     -0.383555E+09   -0.5151322E+08    0.1432682E+09
 131     -0.204662E+09   -0.7806083E+08    0.1608360E+09
 132     -0.290136E+08   -0.1021386E+09    0.1466763E+09
 133      0.136836E+09   -0.1255601E+09    0.1325030E+09
 134      0.290542E+09   -0.1392862E+09    0.9819188E+08
 135      0.426354E+09   -0.1527461E+09    0.6410486E+08
 136      0.545342E+09   -0.1545054E+09    0.1979438E+08
 137      0.642688E+09   -0.1559346E+09   -0.2442442E+08
 138      0.722112E+09   -0.1461376E+09   -0.7035857E+08
 139      0.782016E+09   -0.1362956E+09   -0.1199520E+09
 140      0.747897E+09   -0.1234593E+09   -0.1367631E+09
 141      0.636011E+09   -0.1110297E+09   -0.1478906E+09
 142      0.443983E+09   -0.9176150E+08   -0.1399359E+09
 143      0.165161E+09   -0.7225397E+08   -0.1326863E+09
 144     -0.219748E+09   -0.4832864E+08   -0.1016899E+09
 145     -0.711701E+09   -0.2138897E+08   -0.6806137E+08
 146     -0.130950E+10   -0.6750022E+07   -0.2857172E+08
 147     -0.198860E+10    0.5031028E+07    0.8052962E+07
 148     -0.964149E+09    0.3334216E+07    0.1265191E+08
 149     -0.789987E+09   -0.1092386E+08    0.8151352E+08
 150     -0.600944E+09   -0.2670925E+08    0.1497775E+09
 151     -0.403037E+09   -0.5314726E+08    0.1681401E+09
 152     -0.203845E+09   -0.7875384E+08    0.1860765E+09
 153     -0.115924E+08   -0.9979143E+08    0.1672091E+09
 154      0.166743E+09   -0.1201246E+09    0.1484820E+09
 155      0.329426E+09   -0.1302537E+09    0.1085734E+09
 156      0.471343E+09   -0.1400331E+09    0.6908566E+08
 157      0.593929E+09   -0.1400172E+09    0.2019183E+08
 158      0.693719E+09   -0.1400706E+09   -0.2937136E+08
 159      0.773069E+09   -0.1298344E+09   -0.7976442E+08
 160      0.817132E+09   -0.1195213E+09   -0.1288889E+09
 161      0.762194E+09   -0.1113615E+09   -0.1446286E+09
 162      0.641813E+09   -0.1036563E+09   -0.1597246E+09
 163      0.441799E+09   -0.8780580E+08   -0.1563872E+09
 164      0.147832E+09   -0.7111366E+08   -0.1529230E+09
 165     -0.248389E+09   -0.4946016E+08   -0.1238658E+09
 166     -0.752178E+09   -0.2630017E+08   -0.9338078E+08
 167     -0.136055E+10   -0.1038838E+08   -0.4253805E+08
 168     -0.201659E+10    0.3687117E+07    0.6715629E+07
 169     -0.105961E+10    0.4167848E+07    0.1553806E+08
 170     -0.859191E+09   -0.1060064E+08    0.9548564E+08
 171     -0.644387E+09   -0.2751819E+08    0.1745884E+09
 172     -0.422702E+09   -0.5326843E+08    0.1933957E+09
 173     -0.203165E+09   -0.7745181E+08    0.2117302E+09
 174      0.583100E+07   -0.9377438E+08    0.1881372E+09
 175      0.196764E+09   -0.1092150E+09    0.1648313E+09
 176      0.368540E+09   -0.1136041E+09    0.1192365E+09
 177      0.516611E+09   -0.1176601E+09    0.7412451E+08
 178      0.642602E+09   -0.1137687E+09    0.2066005E+08
 179      0.744835E+09   -0.1098096E+09   -0.3361538E+08
 180      0.827196E+09   -0.1053328E+09   -0.8883275E+08
 181      0.846918E+09   -0.1020204E+09   -0.1386132E+09
 182      0.777063E+09   -0.9938411E+08   -0.1531320E+09
 183      0.648488E+09   -0.9643254E+08   -0.1720157E+09
 184      0.439201E+09   -0.8459439E+08   -0.1734013E+09
 185      0.131174E+09   -0.7195945E+08   -0.1742856E+09
 186     -0.277496E+09   -0.5011777E+08   -0.1463704E+09
 187     -0.791723E+09   -0.2733357E+08   -0.1166698E+09
 188     -0.141262E+10   -0.1196157E+08   -0.5645931E+08
 189     -0.204433E+10    0.2243603E+07    0.2678455E+07
 190     -0.119151E+10    0.2598262E+07    0.2079057E+08
 191     -0.949251E+09   -0.1272858E+08    0.1100850E+09
 192     -0.695573E+09   -0.2994959E+08    0.1979373E+09
 193     -0.440151E+09   -0.5104971E+08    0.2128053E+09
 194     -0.194497E+09   -0.7065831E+08    0.2273251E+09
 195      0.338541E+08   -0.7895669E+08    0.1965660E+09
 196      0.237519E+09   -0.8626858E+08    0.1665130E+09
 197      0.416847E+09   -0.8244075E+08    0.1166164E+09
 198      0.569437E+09   -0.7880852E+08    0.6768895E+08
 199      0.697104E+09   -0.6958681E+08    0.1273485E+08
 200      0.800872E+09   -0.5824125E+08   -0.4404055E+08
 201      0.873925E+09   -0.5452521E+08   -0.8948532E+08
 202      0.869662E+09   -0.5593993E+08   -0.1298001E+09
 203      0.799030E+09   -0.6310537E+08   -0.1488819E+09
 204      0.664788E+09   -0.6796412E+08   -0.1707427E+09
 205      0.445620E+09   -0.6495106E+08   -0.1774881E+09
 206      0.125208E+09   -0.6175682E+08   -0.1844510E+09
 207     -0.299671E+09   -0.4667084E+08   -0.1625412E+09
 208     -0.838501E+09   -0.2847550E+08   -0.1390085E+09
 209     -0.147940E+10   -0.1121868E+08   -0.7099617E+08
 210     -0.212838E+10    0.3294658E+07   -0.3528964E+07
 211     -0.132411E+10    0.3210120E+07    0.2649963E+08
 212     -0.103942E+10   -0.1209344E+08    0.1251431E+09
 213     -0.747407E+09   -0.2984079E+08    0.2218252E+09
 214     -0.458183E+09   -0.4568958E+08    0.2328868E+09
 215     -0.186190E+09   -0.5893624E+08    0.2437251E+09
 216      0.619767E+08   -0.5481002E+08    0.2057129E+09
 217      0.278590E+09   -0.4968006E+08    0.1688412E+09
 218      0.465816E+09   -0.3384077E+08    0.1144289E+09
 219      0.622967E+09   -0.1792174E+08    0.6154641E+08
 220      0.752695E+09   -0.4551407E+07    0.4976330E+07
 221      0.861268E+09    0.8560324E+07   -0.5550052E+08
 222      0.916441E+09    0.7936185E+07   -0.9145465E+08
 223      0.895799E+09    0.4396345E+07   -0.1208474E+09
 224      0.822253E+09   -0.1325273E+08   -0.1441279E+09
 225      0.680552E+09   -0.3032376E+08   -0.1695296E+09
 226      0.452558E+09   -0.3855477E+08   -0.1820775E+09
 227      0.118170E+09   -0.4522248E+08   -0.1955435E+09
 228     -0.321669E+09   -0.3706930E+08   -0.1786140E+09
 229     -0.886047E+09   -0.2744411E+08   -0.1620718E+09
 230     -0.154710E+10   -0.1132576E+08   -0.8611304E+08
 231     -0.221321E+10    0.3093174E+07   -0.8316949E+07
 232     -0.149662E+10    0.6641445E+06    0.3449531E+08
 233     -0.114438E+10   -0.1257668E+08    0.1376691E+09
 234     -0.796162E+09   -0.2847647E+08    0.2376534E+09
 235     -0.461992E+09   -0.3300319E+08    0.2355243E+09
 236     -0.160484E+09   -0.3434446E+08    0.2336832E+09
 237      0.104835E+09   -0.1251361E+08    0.1857843E+09
 238      0.329027E+09    0.1048976E+08    0.1400446E+09
 239      0.517335E+09    0.4125426E+08    0.8656462E+08
 240      0.673728E+09    0.7163340E+08    0.3428440E+08
 241      0.801090E+09    0.9257182E+08   -0.1301477E+08
 242      0.900879E+09    0.1123064E+09   -0.5950962E+08
 243      0.934230E+09    0.9986668E+08   -0.7979369E+08
 244      0.915162E+09    0.8578589E+08   -0.9811176E+08
 245      0.845426E+09    0.5926790E+08   -0.1178879E+09
 246      0.703309E+09    0.3213174E+08   -0.1397902E+09
 247      0.472403E+09    0.7466349E+07   -0.1595658E+09
 248      0.130866E+09   -0.1618009E+08   -0.1812978E+09
 249     -0.329645E+09   -0.1990183E+08   -0.1759444E+09
 250     -0.918285E+09   -0.2057494E+08   -0.1723303E+09
 251     -0.162684E+10   -0.9072774E+07   -0.9639823E+08
 252     -0.234804E+10    0.1861888E+06   -0.1607459E+08
 253     -0.166904E+10    0.1201141E+07    0.4312074E+08
 254     -0.125059E+10   -0.1187160E+08    0.1510259E+09
 255     -0.847000E+09   -0.2697162E+08    0.2549097E+09
 256     -0.466583E+09   -0.1488829E+08    0.2396419E+09
 257     -0.135504E+09    0.1720914E+07    0.2251369E+09
 258      0.148484E+09    0.5080356E+08    0.1669284E+09
 259      0.380200E+09    0.1000334E+09    0.1117015E+09
 260      0.569506E+09    0.1532519E+09    0.5897632E+08
 261      0.725933E+09    0.2065234E+09    0.6600528E+07
 262      0.851867E+09    0.2313760E+09   -0.3093318E+08
 263      0.934424E+09    0.2519715E+09   -0.6213369E+08
 264      0.954257E+09    0.2334515E+09   -0.6684918E+08
 265      0.935631E+09    0.2149227E+09   -0.7532896E+08
 266      0.868836E+09    0.1706998E+09   -0.9234860E+08
 267      0.727638E+09    0.1246314E+09   -0.1102004E+09
 268      0.493121E+09    0.7390478E+08   -0.1373923E+09
 269      0.143558E+09    0.2253675E+08   -0.1671474E+09
 270     -0.338486E+09   -0.5340991E+06   -0.1751567E+09
 271     -0.953529E+09   -0.1797053E+08   -0.1850648E+09
 272     -0.170741E+10   -0.7419445E+07   -0.1071205E+09
 273     -0.248500E+10    0.8443116E+06   -0.2417810E+08
 274     -0.187607E+10   -0.5812858E+07    0.5733353E+08
 275     -0.135487E+10   -0.9851966E+07    0.1555132E+09
 276     -0.867107E+09   -0.1759920E+08    0.2461926E+09
 277     -0.433885E+09    0.2156744E+08    0.1998375E+09
 278     -0.788624E+08    0.6710263E+08    0.1569438E+09
 279      0.206982E+09    0.1503904E+09    0.8976239E+08
 280      0.431698E+09    0.2336350E+09    0.2794050E+08
 281      0.608164E+09    0.3106261E+09   -0.1264368E+08
 282      0.753175E+09    0.3880269E+09   -0.5279407E+08
 283      0.856723E+09    0.4192587E+09   -0.5654152E+08
 284      0.920824E+09    0.4443414E+09   -0.5524589E+08
 285      0.943412E+09    0.4152967E+09   -0.4022483E+08
 286      0.933415E+09    0.3875871E+09   -0.2763256E+08
 287      0.872475E+09    0.3238367E+09   -0.2933797E+08
 288      0.745524E+09    0.2582296E+09   -0.3145036E+08
 289      0.524108E+09    0.1784584E+09   -0.6051776E+08
 290      0.181797E+09    0.9836713E+08   -0.9419815E+08
 291     -0.307913E+09    0.4642348E+08   -0.1280446E+09
 292     -0.959871E+09   -0.5747939E+06   -0.1668023E+09
 293     -0.177402E+10   -0.2220487E+07   -0.1054074E+09
 294     -0.266987E+10   -0.6139890E+07   -0.3531529E+08
 295     -0.208500E+10   -0.1084572E+06    0.7451224E+08
 296     -0.146231E+10   -0.8107468E+07    0.1621278E+09
 297     -0.895188E+09   -0.1113138E+08    0.2416551E+09
 298     -0.399771E+09    0.7361362E+08    0.1633953E+09
 299     -0.232206E+08    0.1628072E+09    0.8998224E+08
 300      0.268783E+09    0.2980579E+09    0.1312283E+08
 301      0.484830E+09    0.4283843E+09   -0.5756064E+08
 302      0.650276E+09    0.5349705E+09   -0.8581591E+08
 303      0.778870E+09    0.6369880E+09   -0.1107571E+09
 304      0.856925E+09    0.6654631E+09   -0.7995971E+08
 305      0.910178E+09    0.6940095E+09   -0.4874135E+08
 306      0.933585E+09    0.6668175E+09   -0.1338533E+08
 307      0.931848E+09    0.6378771E+09    0.2180296E+08
 308      0.878170E+09    0.5469618E+09    0.3552065E+08
 309      0.765072E+09    0.4533833E+09    0.4851568E+08
 310      0.558312E+09    0.3296334E+09    0.1571773E+08
 311      0.219588E+09    0.1995409E+09   -0.2207020E+08
 312     -0.276156E+09    0.1020057E+09   -0.8340530E+08
 313     -0.972440E+09    0.1059788E+08   -0.1525716E+09
 314     -0.184414E+10    0.3623477E+07   -0.1055958E+09
 315     -0.285871E+10    0.1695809E+06   -0.4754947E+08
 316     -0.232139E+10   -0.2815317E+08    0.1021691E+09
 317     -0.151663E+10    0.2605389E+07    0.1410723E+09
 318     -0.824051E+09    0.2802453E+08    0.1596480E+09
 319     -0.297342E+09    0.1740478E+09    0.2329167E+08
 320      0.723399E+08    0.3313027E+09   -0.9451509E+08
 321      0.324131E+09    0.5198702E+09   -0.1611668E+09
 322      0.505966E+09    0.7063692E+09   -0.2187871E+09
 323      0.636555E+09    0.8299285E+09   -0.2024545E+09
 324      0.731213E+09    0.9461003E+09   -0.1826191E+09
 325      0.792249E+09    0.9842945E+09   -0.1163598E+09
 326      0.842392E+09    0.1025197E+10   -0.5169558E+08
 327      0.862591E+09    0.9900406E+09    0.2246412E+08
 328      0.870276E+09    0.9545657E+09    0.9759713E+08
 329      0.831814E+09    0.8416947E+09    0.1489623E+09
 330      0.748195E+09    0.7260306E+09    0.2007372E+09
 331      0.577447E+09    0.5500528E+09    0.1864688E+09
 332      0.286693E+09    0.3699884E+09    0.1649301E+09
 333     -0.179952E+09    0.2102943E+09    0.6442843E+08
 334     -0.882028E+09    0.5945082E+08   -0.5626783E+08
 335     -0.185247E+10    0.1812224E+08   -0.7132978E+08
 336     -0.305369E+10   -0.2592558E+08   -0.6385428E+08
 337     -0.259097E+10    0.2705299E+08    0.1548913E+09
 338     -0.157327E+10    0.1965685E+08    0.1276547E+09
 339     -0.785350E+09    0.6269590E+08    0.8866780E+08
 340     -0.173445E+09    0.3433256E+09   -0.1097734E+09
 341      0.174545E+09    0.5962992E+09   -0.2914641E+09
 342      0.383230E+09    0.8537717E+09   -0.3404693E+09
 343      0.527372E+09    0.1087453E+10   -0.3807958E+09
 344      0.617120E+09    0.1224072E+10   -0.3184641E+09
 345      0.683681E+09    0.1360851E+10   -0.2562973E+09
 346      0.728973E+09    0.1409651E+10   -0.1546974E+09
 347      0.773261E+09    0.1459686E+10   -0.5334860E+08
 348      0.789768E+09    0.1420820E+10    0.6084483E+08
 349      0.808096E+09    0.1383423E+10    0.1757531E+09
 350      0.784755E+09    0.1250810E+10    0.2659807E+09
 351      0.732541E+09    0.1116677E+10    0.3587682E+09
 352      0.601395E+09    0.8867697E+09    0.3642622E+09
 353      0.361137E+09    0.6374090E+09    0.3633028E+09
 354     -0.634214E+08    0.3828430E+09    0.2058884E+09
 355     -0.818774E+09    0.1040282E+09    0.2900921E+08
 356     -0.186644E+10    0.4084127E+08   -0.4396601E+08
 357     -0.327851E+10    0.2160070E+08   -0.9888165E+08
 358     -0.280812E+10   -0.1225942E+09    0.1821572E+09
 359     -0.143143E+10    0.7238866E+08    0.2485669E+07
 360     -0.484429E+09    0.2603856E+09   -0.2323264E+09
 361     -0.170938E+08    0.6532835E+09   -0.4743815E+09
 362      0.235023E+09    0.1053415E+10   -0.6327602E+09
 363      0.360332E+09    0.1327535E+10   -0.6019766E+09
 364      0.453676E+09    0.1595017E+10   -0.5755430E+09
 365      0.504493E+09    0.1740238E+10   -0.4611355E+09
 366      0.555542E+09    0.1888214E+10   -0.3501806E+09
 367      0.584220E+09    0.1937380E+10   -0.2031609E+09
 368      0.620435E+09    0.1988758E+10   -0.5636145E+08
 369      0.632894E+09    0.1948119E+10    0.1029867E+09
 370      0.654373E+09    0.1911074E+10    0.2636776E+09
 371      0.642689E+09    0.1769565E+10    0.4105491E+09
 372      0.619854E+09    0.1629447E+10    0.5608836E+09
 373      0.537941E+09    0.1360530E+10    0.6343959E+09
 374      0.387739E+09    0.1084111E+10    0.7141035E+09
 375      0.832969E+08    0.6860264E+09    0.5802859E+09
 376     -0.509193E+09    0.2914609E+09    0.3710001E+09
 377     -0.166078E+10    0.9121925E+08    0.1011715E+09
 378     -0.340388E+10   -0.1093234E+09   -0.1125133E+09
 379     -0.365467E+10    0.2664952E+09    0.6315172E+09
 380     -0.112833E+10    0.2856484E+09   -0.4364380E+08
 381     -0.130274E+09    0.5512189E+09   -0.7291899E+09
 382      0.132837E+09    0.1294286E+10   -0.8946826E+09
 383      0.291219E+09    0.1784477E+10   -0.9872092E+09
 384      0.326093E+09    0.2040605E+10   -0.8749576E+09
 385      0.373326E+09    0.2302468E+10   -0.7737126E+09
 386      0.388068E+09    0.2426050E+10   -0.6061659E+09
 387      0.423504E+09    0.2557780E+10   -0.4425190E+09
 388      0.435070E+09    0.2598336E+10   -0.2497087E+09
 389      0.465190E+09    0.2643848E+10   -0.5739645E+08
 390      0.473579E+09    0.2607625E+10    0.1476055E+09
 391      0.495831E+09    0.2575051E+10    0.3549959E+09
 392      0.495883E+09    0.2447069E+10    0.5599815E+09
 393      0.502521E+09    0.2327533E+10    0.7677438E+09
 394      0.465099E+09    0.2063190E+10    0.9197672E+09
 395      0.416562E+09    0.1804975E+10    0.1082685E+10
 396      0.228940E+09    0.1305883E+10    0.1014089E+10
 397     -0.135229E+09    0.5838983E+09    0.8687021E+09
 398     -0.130656E+10    0.2979395E+09    0.1729653E+09
 399     -0.414773E+10    0.2237879E+09   -0.4769456E+09
 400     -0.281056E+10   -0.4581551E+09   -0.1522906E+09
 401     -0.415656E+09    0.8276783E+09   -0.9074600E+09
 402     -0.107875E+09    0.2045211E+10   -0.1459097E+10
 403      0.842819E+08    0.2424273E+10   -0.1300979E+10
 404      0.138483E+09    0.2833942E+10   -0.1229556E+10
 405      0.160404E+09    0.2994756E+10   -0.1054067E+10
 406      0.183137E+09    0.3172709E+10   -0.8884375E+09
 407      0.190736E+09    0.3251956E+10   -0.6903258E+09
 408      0.211328E+09    0.3338906E+10   -0.4935894E+09
 409      0.216950E+09    0.3364937E+10   -0.2748105E+09
 410      0.235164E+09    0.3395547E+10   -0.5628445E+08
 411      0.240117E+09    0.3367952E+10    0.1788987E+09
 412      0.251764E+09    0.3344372E+10    0.4145401E+09
 413      0.254173E+09    0.3254124E+10    0.6575599E+09
 414      0.259996E+09    0.3170162E+10    0.9031158E+09
 415      0.244249E+09    0.2976972E+10    0.1128071E+10
 416      0.222453E+09    0.2799246E+10    0.1363910E+10
 417      0.154038E+09    0.2366114E+10    0.1471094E+10
 418     -0.774499E+08    0.1931775E+10    0.1673041E+10
 419     -0.489042E+09    0.7771225E+09    0.1035903E+10
 420     -0.308192E+10   -0.4029538E+09    0.2504688E+09
 421     -0.131601E+10    0.4507025E+10   -0.1055806E+10
 422      0.122116E+09    0.4425912E+10   -0.1721512E+10
 423     -0.896088E+08    0.4301630E+10   -0.2025353E+10
 424      0.182449E+08    0.4209489E+10   -0.1640318E+10
 425     -0.142970E+08    0.4189288E+10   -0.1437573E+10
 426     -0.180106E+07    0.4186809E+10   -0.1207342E+10
 427     -0.276426E+07    0.4199463E+10   -0.9892054E+09
 428     -0.137454E+07    0.4212975E+10   -0.7634042E+09
 429      0.340116E+07    0.4230775E+10   -0.5380046E+09
 430      0.418555E+07    0.4235463E+10   -0.2950933E+09
 431      0.931147E+07    0.4243699E+10   -0.5218750E+08
 432      0.112374E+08    0.4231610E+10    0.2111633E+09
 433      0.135223E+08    0.4222000E+10    0.4728994E+09
 434      0.176919E+08    0.4190376E+10    0.7509426E+09
 435      0.213517E+08    0.4163991E+10    0.1032589E+10
 436      0.273365E+08    0.4112109E+10    0.1320377E+10
 437      0.238761E+08    0.4072795E+10    0.1622629E+10
 438      0.621583E+08    0.4008942E+10    0.1881162E+10
 439     -0.396735E+08    0.4030412E+10    0.2347637E+10
 440      0.181598E+09    0.3904106E+10    0.1949292E+10
 441     -0.136793E+10    0.3697864E+10    0.1259956E+10
