   1      0.320709E+08   -0.8539595E+07   -0.5718273E+07
   2      0.150531E+09    0.4195907E+08   -0.7633475E+07
   3      0.153719E+09    0.9652043E+08   -0.8359947E+07
   4      0.134256E+09    0.1628627E+09   -0.6516809E+07
   5      0.981525E+08    0.2257650E+09   -0.5890641E+07
   6      0.561392E+08    0.2811110E+09   -0.5861119E+07
   7      0.766738E+07    0.3370397E+09   -0.5654362E+07
   8     -0.378923E+08    0.3749775E+09   -0.5281139E+07
   9     -0.848874E+08    0.4131774E+09   -0.4852929E+07
  10     -0.121965E+09    0.4223230E+09   -0.2525425E+07
  11     -0.155209E+09    0.4290045E+09   -0.8546529E+06
  12     -0.179813E+09    0.4064230E+09   -0.1580377E+06
  13     -0.197428E+09    0.3845989E+09    0.1089067E+07
  14     -0.192083E+09    0.3404676E+09    0.2810902E+07
  15     -0.174496E+09    0.2947931E+09    0.3803598E+07
  16     -0.123493E+09    0.2392676E+09    0.4120079E+07
  17     -0.614674E+08    0.1853286E+09    0.6843686E+07
  18      0.322921E+08    0.1336820E+09    0.1018256E+08
  19      0.150235E+09    0.8197085E+08    0.1176320E+08
  20      0.298537E+09    0.3953561E+08    0.1069048E+08
  21      0.439633E+09   -0.2282002E+07    0.9646525E+07
  22      0.955321E+08   -0.6087502E+07   -0.1190549E+08
  23      0.167595E+09    0.1770139E+08   -0.3270313E+08
  24      0.160953E+09    0.4438296E+08   -0.5087736E+08
  25      0.135065E+09    0.9009414E+08   -0.4933836E+08
  26      0.950378E+08    0.1345350E+09   -0.5004812E+08
  27      0.495800E+08    0.1736447E+09   -0.4328501E+08
  28     -0.824597E+06    0.2115764E+09   -0.3661548E+08
  29     -0.481669E+08    0.2329172E+09   -0.2625694E+08
  30     -0.956770E+08    0.2539996E+09   -0.1614997E+08
  31     -0.135683E+09    0.2545790E+09   -0.2949380E+07
  32     -0.166566E+09    0.2550084E+09    0.1040673E+08
  33     -0.191074E+09    0.2335593E+09    0.2134253E+08
  34     -0.204232E+09    0.2111556E+09    0.3176643E+08
  35     -0.198130E+09    0.1757314E+09    0.3742596E+08
  36     -0.180279E+09    0.1409797E+09    0.4412687E+08
  37     -0.123864E+09    0.9899660E+08    0.4551887E+08
  38     -0.601894E+08    0.5448379E+08    0.4719867E+08
  39      0.449829E+08    0.2254562E+08    0.3637550E+08
  40      0.164432E+09   -0.5709425E+07    0.2405769E+08
  41      0.305692E+09   -0.4391276E+07    0.1356497E+08
  42      0.466238E+09   -0.3804833E+07    0.3660741E+07
  43      0.167099E+09   -0.3356581E+07   -0.1674219E+08
  44      0.186888E+09    0.5779083E+07   -0.5619065E+08
  45      0.169106E+09    0.1641985E+08   -0.9238769E+08
  46      0.135920E+09    0.4090875E+08   -0.9198527E+08
  47      0.912531E+08    0.6406334E+08   -0.9361234E+08
  48      0.425493E+08    0.8341823E+08   -0.8057811E+08
  49     -0.101952E+08    0.1042761E+09   -0.6816487E+08
  50     -0.594321E+08    0.1113490E+09   -0.4675046E+08
  51     -0.105846E+09    0.1165372E+09   -0.2695028E+08
  52     -0.151011E+09    0.1085166E+09   -0.3952582E+07
  53     -0.178969E+09    0.9985846E+08    0.2126203E+08
  54     -0.203710E+09    0.7621600E+08    0.4203558E+08
  55     -0.210237E+09    0.5345345E+08    0.6001298E+08
  56     -0.206776E+09    0.2462063E+08    0.7259723E+08
  57     -0.193727E+09   -0.7358262E+07    0.9049640E+08
  58     -0.127781E+09   -0.3712612E+08    0.9212982E+08
  59     -0.565382E+08   -0.6146598E+08    0.8630618E+08
  60      0.610272E+08   -0.3801480E+08    0.5717897E+08
  61      0.182091E+09   -0.1445863E+08    0.3132735E+08
  62      0.316872E+09   -0.4255552E+07    0.1415818E+08
  63      0.492565E+09    0.3608993E+07   -0.2525362E+07
  64      0.257807E+09   -0.8846781E+06   -0.1281808E+08
  65      0.228600E+09   -0.9838229E+06   -0.5444540E+08
  66      0.189751E+09   -0.9657629E+06   -0.9406109E+08
  67      0.139272E+09    0.2688376E+07   -0.9564145E+08
  68      0.822346E+08    0.7095196E+07   -0.9800004E+08
  69      0.277089E+08    0.9381811E+07   -0.8221605E+08
  70     -0.316763E+08    0.1095051E+08   -0.6743418E+08
  71     -0.879160E+08    0.5137537E+07   -0.4014393E+08
  72     -0.133134E+09   -0.1491004E+07   -0.1271757E+08
  73     -0.178862E+09   -0.2170485E+08    0.1457465E+08
  74     -0.210466E+09   -0.4113474E+08    0.4318252E+08
  75     -0.225319E+09   -0.6450073E+08    0.6598460E+08
  76     -0.229551E+09   -0.8938967E+08    0.8919841E+08
  77     -0.216694E+09   -0.1186579E+09    0.9771479E+08
  78     -0.182919E+09   -0.1499014E+09    0.1016912E+09
  79     -0.105164E+09   -0.1261736E+09    0.7265074E+08
  80     -0.198636E+08   -0.9334797E+08    0.4248023E+08
  81      0.825088E+08   -0.5521946E+08    0.1991906E+08
  82      0.195134E+09   -0.2223019E+08    0.1404988E+07
  83      0.323322E+09   -0.8867223E+07   -0.5732193E+06
  84      0.486613E+09    0.3871252E+07   -0.3125534E+07
  85      0.341886E+09    0.1683546E+07   -0.1014065E+08
  86      0.270308E+09   -0.5084584E+07   -0.5392891E+08
  87      0.210629E+09   -0.1217666E+08   -0.9613441E+08
  88      0.142915E+09   -0.2482484E+08   -0.9854397E+08
  89      0.746118E+08   -0.3732768E+08   -0.1023215E+09
  90      0.130147E+08   -0.5070746E+08   -0.8416883E+08
  91     -0.522949E+08   -0.6391521E+08   -0.6607144E+08
  92     -0.116253E+09   -0.8400933E+08   -0.3411973E+08
  93     -0.162527E+09   -0.1021148E+09   -0.1069054E+07
  94     -0.205154E+09   -0.1273697E+09    0.3299555E+08
  95     -0.240813E+09   -0.1557893E+09    0.6564775E+08
  96     -0.250128E+09   -0.1964235E+09    0.9556113E+08
  97     -0.262197E+09   -0.2479342E+09    0.1338345E+09
  98     -0.224451E+09   -0.2500142E+09    0.1225978E+09
  99     -0.157343E+09   -0.2272260E+09    0.9421878E+08
 100     -0.748648E+08   -0.1595375E+09    0.4195980E+08
 101      0.142518E+08   -0.1055191E+09   -0.1155139E+07
 102      0.100969E+09   -0.6717793E+08   -0.1265552E+08
 103      0.204995E+09   -0.2664879E+08   -0.2382674E+08
 104      0.326499E+09   -0.9767776E+07   -0.1312968E+08
 105      0.482711E+09    0.5575783E+07   -0.3193385E+07
 106      0.396284E+09    0.3266778E+07   -0.8002579E+07
 107      0.306778E+09   -0.8566977E+07   -0.4166838E+08
 108      0.226098E+09   -0.2165418E+08   -0.7410342E+08
 109      0.144584E+09   -0.4660543E+08   -0.7398942E+08
 110      0.666353E+08   -0.7021282E+08   -0.7512456E+08
 111     -0.790848E+07   -0.1003259E+09   -0.5447490E+08
 112     -0.807934E+08   -0.1311647E+09   -0.3289749E+08
 113     -0.148241E+09   -0.1662316E+09   -0.2777673E+06
 114     -0.199821E+09   -0.2005754E+09    0.3194115E+08
 115     -0.243020E+09   -0.2377095E+09    0.6999553E+08
 116     -0.275439E+09   -0.2795500E+09    0.1117180E+09
 117     -0.264661E+09   -0.3108072E+09    0.1251251E+09
 118     -0.245849E+09   -0.3356870E+09    0.1311215E+09
 119     -0.170905E+09   -0.2840632E+09    0.7626390E+08
 120     -0.101207E+09   -0.2315776E+09    0.2160766E+08
 121     -0.345871E+08   -0.1762461E+09   -0.1693589E+08
 122      0.333526E+08   -0.1225558E+09   -0.5285995E+08
 123      0.104584E+09   -0.7825211E+08   -0.5652405E+08
 124      0.192123E+09   -0.3367280E+08   -0.5956062E+08
 125      0.299385E+09   -0.1345829E+08   -0.3193988E+08
 126      0.445868E+09    0.5360725E+07   -0.4858434E+07
 127      0.450455E+09    0.5605902E+07   -0.6974362E+07
 128      0.342283E+09   -0.9107859E+07   -0.2990232E+08
 129      0.241412E+09   -0.2577870E+08   -0.5230344E+08
 130      0.146949E+09   -0.6119094E+08   -0.5038797E+08
 131      0.574811E+08   -0.9512554E+08   -0.4838271E+08
 132     -0.291403E+08   -0.1394418E+09   -0.2354622E+08
 133     -0.109013E+09   -0.1828231E+09    0.6980891E+06
 134     -0.179012E+09   -0.2267681E+09    0.3369881E+08
 135     -0.235670E+09   -0.2717480E+09    0.6703257E+08
 136     -0.284515E+09   -0.3273174E+09    0.1122847E+09
 137     -0.323989E+09   -0.3942682E+09    0.1682069E+09
 138     -0.273491E+09   -0.3944066E+09    0.1477647E+09
 139     -0.205640E+09   -0.3706773E+09    0.1028449E+09
 140     -0.115314E+09   -0.3016838E+09    0.2585298E+08
 141     -0.528653E+08   -0.2454747E+09   -0.3753414E+08
 142      0.100665E+07   -0.1899433E+09   -0.7046492E+08
 143      0.524568E+08   -0.1331249E+09   -0.1041770E+09
 144      0.107706E+09   -0.8497133E+08   -0.1001950E+09
 145      0.179154E+09   -0.3544915E+08   -0.9540402E+08
 146      0.271926E+09   -0.1305964E+08   -0.5061238E+08
 147      0.408636E+09    0.7100619E+07   -0.6242746E+07
 148      0.468749E+09    0.5509832E+07   -0.5846411E+07
 149      0.348675E+09   -0.1379411E+08   -0.1085690E+08
 150      0.241081E+09   -0.3448261E+08   -0.1581461E+08
 151      0.139231E+09   -0.8027168E+08   -0.6287465E+07
 152      0.403435E+08   -0.1260984E+09    0.3238007E+07
 153     -0.539714E+08   -0.1776520E+09    0.2801421E+08
 154     -0.138472E+09   -0.2278328E+09    0.5268855E+08
 155     -0.213772E+09   -0.2826339E+09    0.8829742E+08
 156     -0.278178E+09   -0.3409280E+09    0.1293686E+09
 157     -0.319004E+09   -0.3896913E+09    0.1611002E+09
 158     -0.302102E+09   -0.4353174E+09    0.1829783E+09
 159     -0.201661E+09   -0.3984641E+09    0.1104206E+09
 160     -0.120059E+09   -0.3587226E+09    0.3804143E+08
 161     -0.516519E+08   -0.3056051E+09   -0.2811702E+08
 162     -0.298640E+07   -0.2543185E+09   -0.9147705E+08
 163      0.340955E+08   -0.1983098E+09   -0.1260241E+09
 164      0.648569E+08   -0.1419249E+09   -0.1602738E+09
 165      0.959794E+08   -0.9187787E+08   -0.1495068E+09
 166      0.141110E+09   -0.4111921E+08   -0.1378949E+09
 167      0.207034E+09   -0.1646098E+08   -0.7333768E+08
 168      0.321883E+09    0.6238056E+07   -0.8912380E+07
 169      0.487824E+09    0.7805863E+07   -0.4863936E+07
 170      0.354270E+09   -0.1300018E+08    0.8015856E+07
 171      0.241109E+09   -0.3597404E+08    0.2048085E+08
 172      0.130148E+09   -0.9006412E+08    0.3871190E+08
 173      0.241513E+08   -0.1439943E+09    0.5650816E+08
 174     -0.777315E+08   -0.2068724E+09    0.7997551E+08
 175     -0.169353E+09   -0.2648345E+09    0.1037554E+09
 176     -0.249349E+09   -0.3269280E+09    0.1454899E+09
 177     -0.329406E+09   -0.4089445E+09    0.2030675E+09
 178     -0.352857E+09   -0.4445748E+09    0.2050871E+09
 179     -0.253337E+09   -0.4489409E+09    0.1745361E+09
 180     -0.128607E+09   -0.3916851E+09    0.7195926E+08
 181     -0.468683E+08   -0.3503870E+09   -0.1319220E+08
 182      0.107500E+08   -0.3030937E+09   -0.7932678E+08
 183      0.470753E+08   -0.2546732E+09   -0.1470997E+09
 184      0.673435E+08   -0.2007282E+09   -0.1818912E+09
 185      0.768838E+08   -0.1457206E+09   -0.2166628E+09
 186      0.839023E+08   -0.9440721E+08   -0.1989900E+09
 187      0.102668E+09   -0.4137052E+08   -0.1805115E+09
 188      0.141827E+09   -0.1521435E+08   -0.9608066E+08
 189      0.234865E+09    0.8047532E+07   -0.1142230E+08
 190      0.454143E+09    0.6414657E+07   -0.2023608E+07
 191      0.320975E+09   -0.1847145E+08    0.3239344E+08
 192      0.211205E+09   -0.4546217E+08    0.6711162E+08
 193      0.104530E+09   -0.1017731E+09    0.9393106E+08
 194      0.200149E+07   -0.1569121E+09    0.1192561E+09
 195     -0.100805E+09   -0.2195424E+09    0.1428675E+09
 196     -0.199849E+09   -0.2832819E+09    0.1674624E+09
 197     -0.291537E+09   -0.3443042E+09    0.2069850E+09
 198     -0.361924E+09   -0.4072633E+09    0.2571247E+09
 199     -0.282679E+09   -0.4076364E+09    0.2018039E+09
 200     -0.150168E+09   -0.3998064E+09    0.1280884E+09
 201     -0.419838E+08   -0.3618334E+09    0.3582996E+08
 202      0.327516E+08   -0.3281296E+09   -0.5002262E+08
 203      0.813911E+08   -0.2858755E+09   -0.1214759E+09
 204      0.103308E+09   -0.2437308E+09   -0.1931454E+09
 205      0.103858E+09   -0.1948185E+09   -0.2309695E+09
 206      0.868238E+08   -0.1449885E+09   -0.2690236E+09
 207      0.609200E+08   -0.9575990E+08   -0.2476905E+09
 208      0.401125E+08   -0.4510689E+08   -0.2256254E+09
 209      0.361124E+08   -0.1805716E+08   -0.1208584E+09
 210      0.848316E+08    0.6441608E+07   -0.1519736E+08
 211      0.419687E+09    0.1063509E+08    0.1577259E+06
 212      0.288168E+09   -0.1736335E+08    0.5713429E+08
 213      0.179222E+09   -0.4965786E+08    0.1147234E+09
 214      0.794461E+08   -0.1124218E+09    0.1489788E+09
 215     -0.219368E+08   -0.1721610E+09    0.1813153E+09
 216     -0.125465E+09   -0.2328897E+09    0.2054128E+09
 217     -0.228807E+09   -0.2937451E+09    0.2326964E+09
 218     -0.339021E+09   -0.3456233E+09    0.2696189E+09
 219     -0.381213E+09   -0.3957099E+09    0.2995159E+09
 220     -0.203097E+09   -0.3701945E+09    0.1960124E+09
 221     -0.601443E+08   -0.3441151E+09    0.9556182E+08
 222      0.437906E+08   -0.3140528E+09    0.3011276E+07
 223      0.114047E+09   -0.2852730E+09   -0.8851722E+08
 224      0.152588E+09   -0.2515133E+09   -0.1638271E+09
 225      0.160119E+09   -0.2181825E+09   -0.2398233E+09
 226      0.140523E+09   -0.1782143E+09   -0.2806912E+09
 227      0.964102E+08   -0.1370927E+09   -0.3221311E+09
 228      0.373042E+08   -0.9164985E+08   -0.2969671E+09
 229     -0.232490E+08   -0.4330942E+08   -0.2712047E+09
 230     -0.700113E+08   -0.1570332E+08   -0.1457665E+09
 231     -0.658314E+08    0.8327497E+07   -0.1875636E+08
 232      0.320434E+09    0.7251104E+07    0.4194915E+07
 233      0.205838E+09   -0.2329704E+08    0.8729917E+08
 234      0.120301E+09   -0.5653664E+08    0.1696170E+09
 235      0.420858E+08   -0.1177150E+09    0.2076045E+09
 236     -0.439457E+08   -0.1789674E+09    0.2436088E+09
 237     -0.142257E+09   -0.2336051E+09    0.2579180E+09
 238     -0.247260E+09   -0.2892322E+09    0.2811801E+09
 239     -0.359415E+09   -0.3099928E+09    0.2915557E+09
 240     -0.275757E+09   -0.3231219E+09    0.2805160E+09
 241     -0.988951E+08   -0.2930820E+09    0.1671155E+09
 242      0.351408E+08   -0.2659532E+09    0.6772530E+08
 243      0.133610E+09   -0.2386963E+09   -0.2167638E+08
 244      0.197916E+09   -0.2132747E+09   -0.1110472E+09
 245      0.227744E+09   -0.1915291E+09   -0.1858584E+09
 246      0.223648E+09   -0.1703045E+09   -0.2617434E+09
 247      0.185301E+09   -0.1448168E+09   -0.3075348E+09
 248      0.112801E+09   -0.1181458E+09   -0.3547447E+09
 249      0.131923E+08   -0.8225287E+08   -0.3334166E+09
 250     -0.102447E+09   -0.4328528E+08   -0.3118505E+09
 251     -0.215031E+09   -0.1721960E+08   -0.1691529E+09
 252     -0.286158E+09    0.5475270E+07   -0.2345780E+08
 253      0.222940E+09    0.1267095E+08    0.8044126E+07
 254      0.122636E+09   -0.2244374E+08    0.1177966E+09
 255      0.605508E+08   -0.6407183E+08    0.2264685E+09
 256      0.209761E+07   -0.1257492E+09    0.2678032E+09
 257     -0.671985E+08   -0.1781489E+09    0.3060692E+09
 258     -0.158619E+09   -0.2149434E+09    0.3141413E+09
 259     -0.267340E+09   -0.2658055E+09    0.3386558E+09
 260     -0.372377E+09   -0.2668710E+09    0.3105438E+09
 261     -0.169366E+09   -0.2428831E+09    0.2548479E+09
 262      0.160708E+07   -0.1856262E+09    0.1399863E+09
 263      0.132765E+09   -0.1434867E+09    0.3940960E+08
 264      0.224431E+09   -0.1220519E+09   -0.4689378E+08
 265      0.283298E+09   -0.1007652E+09   -0.1335783E+09
 266      0.304187E+09   -0.9573835E+08   -0.2081266E+09
 267      0.288208E+09   -0.9196899E+08   -0.2840771E+09
 268      0.230942E+09   -0.8897711E+08   -0.3353200E+09
 269      0.128667E+09   -0.8533082E+08   -0.3887170E+09
 270     -0.117174E+08   -0.6460600E+08   -0.3712130E+09
 271     -0.183807E+09   -0.3896483E+08   -0.3537168E+09
 272     -0.361408E+09   -0.1411066E+08   -0.1930388E+09
 273     -0.506608E+09    0.7283396E+07   -0.2827313E+08
 274      0.387689E+08    0.5721446E+07    0.1772158E+08
 275     -0.130129E+08   -0.2927884E+08    0.1525854E+09
 276     -0.152084E+08   -0.7069755E+08    0.2843670E+09
 277     -0.255221E+08   -0.1160129E+09    0.3086807E+09
 278     -0.669859E+08   -0.1565506E+09    0.3291665E+09
 279     -0.153951E+09   -0.1593274E+09    0.3199959E+09
 280     -0.286857E+09   -0.1610429E+09    0.3329980E+09
 281     -0.285057E+09   -0.1206947E+09    0.2711123E+09
 282     -0.706271E+08   -0.7433477E+08    0.1853843E+09
 283      0.891002E+08   -0.2059959E+08    0.9193380E+08
 284      0.212008E+09    0.2831641E+08    0.6395446E+07
 285      0.295296E+09    0.4596591E+08   -0.6273704E+08
 286      0.350967E+09    0.6174884E+08   -0.1315019E+09
 287      0.368180E+09    0.4613033E+08   -0.1932655E+09
 288      0.350872E+09    0.2881943E+08   -0.2567003E+09
 289      0.285224E+09    0.8781115E+06   -0.3107674E+09
 290      0.164778E+09   -0.2647282E+08   -0.3689122E+09
 291     -0.155891E+08   -0.3179254E+08   -0.3695478E+09
 292     -0.256236E+09   -0.3079794E+08   -0.3724146E+09
 293     -0.532201E+09   -0.1285463E+08   -0.2084436E+09
 294     -0.798181E+09    0.6812348E+06   -0.3653342E+08
 295     -0.146189E+09    0.1632737E+08    0.2970103E+08
 296     -0.149417E+09   -0.2922924E+08    0.1884370E+09
 297     -0.100472E+09   -0.7741531E+08    0.3448716E+09
 298     -0.530848E+08   -0.9970882E+08    0.3534854E+09
 299     -0.682932E+08   -0.1138302E+09    0.3566424E+09
 300     -0.145827E+09   -0.6713878E+08    0.3248539E+09
 301     -0.309854E+09   -0.2228363E+08    0.3171799E+09
 302     -0.190918E+09    0.6284479E+08    0.2317129E+09
 303      0.254338E+08    0.1488361E+09    0.1244328E+09
 304      0.176729E+09    0.2141064E+09    0.4531145E+08
 305      0.291546E+09    0.2757123E+09   -0.2716209E+08
 306      0.366538E+09    0.2875912E+09   -0.7792398E+08
 307      0.419408E+09    0.2975621E+09   -0.1283799E+09
 308      0.433613E+09    0.2561551E+09   -0.1772279E+09
 309      0.415461E+09    0.2115682E+09   -0.2277825E+09
 310      0.342798E+09    0.1401930E+09   -0.2863976E+09
 311      0.200758E+09    0.6509857E+08   -0.3501768E+09
 312     -0.182947E+08    0.1973179E+08   -0.3710282E+09
 313     -0.335962E+09   -0.2002813E+08   -0.3949640E+09
 314     -0.706075E+09   -0.7902341E+07   -0.2255510E+09
 315     -0.109232E+10    0.6371674E+07   -0.4675517E+08
 316     -0.453984E+09   -0.6364666E+07    0.5235805E+08
 317     -0.321265E+09   -0.3352252E+08    0.2208507E+09
 318     -0.136973E+09   -0.7492629E+08    0.3731008E+09
 319     -0.206340E+08   -0.5087273E+08    0.3227100E+09
 320     -0.842528E+07   -0.1015430E+08    0.2799186E+09
 321     -0.105208E+09    0.9267504E+08    0.2292815E+09
 322     -0.274684E+09    0.1977777E+09    0.1942181E+09
 323     -0.905192E+08    0.3251267E+09    0.1130762E+09
 324      0.941456E+08    0.4508729E+09    0.2287008E+08
 325      0.221334E+09    0.5264273E+09   -0.2421258E+08
 326      0.320708E+09    0.5997001E+09   -0.6637349E+08
 327      0.384360E+09    0.6050789E+09   -0.8090554E+08
 328      0.435462E+09    0.6092065E+09   -0.9504634E+08
 329      0.452669E+09    0.5416630E+09   -0.1096801E+09
 330      0.448246E+09    0.4714840E+09   -0.1248808E+09
 331      0.389604E+09    0.3479693E+09   -0.1676478E+09
 332      0.265092E+09    0.2212637E+09   -0.2183265E+09
 333      0.317972E+08    0.1124283E+09   -0.2735458E+09
 334     -0.340674E+09    0.1541013E+08   -0.3439856E+09
 335     -0.855710E+09    0.2040209E+07   -0.2147497E+09
 336     -0.145135E+10   -0.1711707E+08   -0.6337537E+08
 337     -0.787265E+09    0.5027511E+08    0.9829506E+08
 338     -0.496149E+09   -0.2782724E+08    0.2626517E+09
 339     -0.211202E+09   -0.7272899E+08    0.4195671E+09
 340      0.348598E+08    0.6121160E+08    0.3032472E+09
 341      0.572024E+08    0.1831734E+09    0.1907327E+09
 342     -0.604887E+08    0.3696759E+09    0.1280746E+09
 343     -0.225851E+09    0.5409801E+09    0.6644382E+08
 344      0.417201E+07    0.7040887E+09   -0.1107742E+08
 345      0.162334E+09    0.8635632E+09   -0.8282190E+08
 346      0.264714E+09    0.9467215E+09   -0.9546148E+08
 347      0.348086E+09    0.1029047E+10   -0.1057619E+09
 348      0.400197E+09    0.1028609E+10   -0.8287993E+08
 349      0.449922E+09    0.1028296E+10   -0.5954758E+08
 350      0.470808E+09    0.9383415E+09   -0.3818830E+08
 351      0.482248E+09    0.8464493E+09   -0.1619379E+08
 352      0.440982E+09    0.6666919E+09   -0.4190946E+08
 353      0.335969E+09    0.4694113E+09   -0.7476474E+08
 354      0.101264E+09    0.2715213E+09   -0.1822423E+09
 355     -0.372588E+09    0.5297727E+08   -0.3043157E+09
 356     -0.100935E+10    0.2076099E+08   -0.2111839E+09
 357     -0.184074E+10    0.2840915E+08   -0.9891232E+08
 358     -0.126078E+10   -0.8834699E+08    0.1358492E+09
 359     -0.601574E+09    0.7741393E+06    0.2275927E+09
 360     -0.386008E+08    0.6890064E+08    0.2511751E+09
 361      0.159429E+09    0.3234102E+09    0.5547450E+08
 362      0.139667E+09    0.6005840E+09   -0.6029119E+08
 363     -0.314912E+08    0.8270031E+09   -0.8651837E+08
 364     -0.149101E+09    0.1054143E+10   -0.1289876E+09
 365      0.383936E+08    0.1220268E+10   -0.1724782E+09
 366      0.161323E+09    0.1385202E+10   -0.2053431E+09
 367      0.234645E+09    0.1467331E+10   -0.1737246E+09
 368      0.297071E+09    0.1548809E+10   -0.1416740E+09
 369      0.336104E+09    0.1543325E+10   -0.7513177E+08
 370      0.378988E+09    0.1539535E+10   -0.8319049E+07
 371      0.401417E+09    0.1439374E+10    0.6524990E+08
 372      0.425908E+09    0.1340203E+10    0.1412352E+09
 373      0.411930E+09    0.1119978E+10    0.1797862E+09
 374      0.363782E+09    0.8919461E+09    0.2225522E+09
 375      0.200989E+09    0.5522211E+09    0.1351890E+09
 376     -0.173322E+09    0.2230898E+09   -0.2470430E+08
 377     -0.992431E+09    0.6676063E+08   -0.1000493E+09
 378     -0.221558E+10   -0.9487792E+08   -0.1134957E+09
 379     -0.238323E+10    0.2672839E+09    0.6039799E+09
 380     -0.566746E+09    0.1894226E+09    0.2948673E+09
 381      0.221754E+09    0.3413835E+09   -0.8084447E+08
 382      0.293057E+09    0.9650073E+09   -0.2546307E+09
 383      0.238622E+09    0.1348241E+10   -0.3403614E+09
 384     -0.228778E+08    0.1540337E+10   -0.3240219E+09
 385     -0.867050E+08    0.1752012E+10   -0.3270905E+09
 386      0.675757E+08    0.1897135E+10   -0.3360999E+09
 387      0.154171E+09    0.2044017E+10   -0.3295831E+09
 388      0.199344E+09    0.2109871E+10   -0.2525583E+09
 389      0.241226E+09    0.2175996E+10   -0.1771931E+09
 390      0.267338E+09    0.2168183E+10   -0.6654235E+08
 391      0.302800E+09    0.2163596E+10    0.4403008E+08
 392      0.325533E+09    0.2074990E+10    0.1718880E+09
 393      0.362546E+09    0.1992464E+10    0.3025732E+09
 394      0.372498E+09    0.1776974E+10    0.4162005E+09
 395      0.393016E+09    0.1567418E+10    0.5380800E+09
 396      0.300344E+09    0.1130633E+10    0.5118450E+09
 397      0.928469E+08    0.4819209E+09    0.4064110E+09
 398     -0.835639E+09    0.2544410E+09   -0.6160503E+08
 399     -0.318347E+10    0.2294183E+09   -0.4677258E+09
 400     -0.216426E+10   -0.4452293E+09   -0.1161004E+09
 401     -0.130028E+09    0.7359409E+09   -0.5286252E+09
 402      0.109581E+09    0.1889342E+10   -0.7882340E+09
 403      0.192598E+09    0.2197924E+10   -0.5721407E+09
 404      0.139030E+09    0.2489605E+10   -0.4270105E+09
 405     -0.275024E+08    0.2534618E+10   -0.4071218E+09
 406     -0.534812E+08    0.2627300E+10   -0.4251341E+09
 407      0.339083E+08    0.2716971E+10   -0.4190373E+09
 408      0.767373E+08    0.2802467E+10   -0.3865594E+09
 409      0.997175E+08    0.2836435E+10   -0.2853416E+09
 410      0.120907E+09    0.2871549E+10   -0.1879487E+09
 411      0.134449E+09    0.2863963E+10   -0.5643736E+08
 412      0.152898E+09    0.2859125E+10    0.7449216E+08
 413      0.165455E+09    0.2804619E+10    0.2329751E+09
 414      0.185670E+09    0.2755299E+10    0.3927466E+09
 415      0.195393E+09    0.2615317E+10    0.5721877E+09
 416      0.207833E+09    0.2488585E+10    0.7605184E+09
 417      0.190038E+09    0.2123250E+10    0.9039636E+09
 418      0.412410E+08    0.1758868E+10    0.1131800E+10
 419     -0.250830E+09    0.6958264E+09    0.7301755E+09
 420     -0.254855E+10   -0.3886552E+09    0.2073520E+09
 421     -0.130367E+10    0.4268337E+10   -0.1018631E+10
 422      0.148029E+09    0.4443841E+10   -0.1332492E+10
 423     -0.364438E+08    0.4566489E+10   -0.1326294E+10
 424      0.599869E+08    0.4315469E+10   -0.8080507E+09
 425      0.207612E+08    0.4105540E+10   -0.4551490E+09
 426     -0.196216E+08    0.3807030E+10   -0.4513743E+09
 427     -0.153058E+08    0.3620146E+10   -0.5097131E+09
 428      0.228924E+07    0.3647716E+10   -0.4905613E+09
 429      0.328509E+07    0.3635435E+10   -0.4359922E+09
 430      0.410631E+07    0.3626228E+10   -0.3136478E+09
 431      0.499927E+07    0.3618508E+10   -0.1969115E+09
 432      0.605785E+07    0.3613634E+10   -0.4666293E+08
 433      0.766921E+07    0.3610081E+10    0.1026613E+09
 434      0.102151E+08    0.3609094E+10    0.2881358E+09
 435      0.126194E+08    0.3610732E+10    0.4743463E+09
 436      0.212253E+08    0.3615277E+10    0.7095034E+09
 437      0.175759E+08    0.3631433E+10    0.9573753E+09
 438      0.616117E+08    0.3642854E+10    0.1246923E+10
 439     -0.346716E+08    0.3736795E+10    0.1726518E+10
 440      0.193143E+09    0.3700808E+10    0.1575434E+10
 441     -0.129939E+10    0.3592465E+10    0.1167977E+10
