   1     -0.647834E+09    0.3286676E+07   -0.1409396E+06
   2     -0.552647E+09   -0.6898287E+07   -0.7945654E+05
   3     -0.446081E+09   -0.1810648E+08   -0.3473538E+05
   4     -0.327961E+09   -0.4275163E+08   -0.2451050E+05
   5     -0.200575E+09   -0.6717268E+08    0.1292049E+05
   6     -0.703588E+08   -0.9356943E+08    0.4031915E+05
   7      0.578897E+08   -0.1196645E+09    0.6489231E+05
   8      0.181404E+09   -0.1387985E+09    0.7301823E+05
   9      0.294237E+09   -0.1576365E+09    0.8099245E+05
  10      0.396973E+09   -0.1638031E+09    0.6137792E+05
  11      0.483649E+09   -0.1697687E+09    0.4843608E+05
  12      0.557347E+09   -0.1602630E+09   -0.4797681E+05
  13      0.612832E+09   -0.1509300E+09   -0.3231781E+05
  14      0.654798E+09   -0.1243686E+09   -0.6359633E+06
  15      0.676218E+09   -0.9492306E+08   -0.1719604E+07
  16      0.656207E+09   -0.5564772E+08   -0.1616208E+07
  17      0.378386E+09   -0.1770086E+08   -0.1084849E+07
  18     -0.422106E+08    0.1416252E+07   -0.4256543E+06
  19     -0.609198E+09    0.1983312E+08    0.6031195E+05
  20     -0.133465E+10    0.1236788E+08    0.2638028E+07
  21     -0.221597E+10    0.4607873E+07    0.5228732E+07
  22     -0.659956E+09    0.3011255E+07    0.1223187E+07
  23     -0.561913E+09   -0.7699486E+07    0.1048343E+08
  24     -0.452597E+09   -0.1928372E+08    0.1975019E+08
  25     -0.331624E+09   -0.4354179E+08    0.2337492E+08
  26     -0.201500E+09   -0.6771789E+08    0.2691406E+08
  27     -0.688488E+08   -0.9378892E+08    0.2529747E+08
  28      0.614334E+08   -0.1195582E+09    0.2365243E+08
  29      0.186591E+09   -0.1383914E+09    0.1834940E+08
  30      0.300647E+09   -0.1569248E+09    0.1305458E+08
  31      0.404218E+09   -0.1628977E+09    0.5721032E+07
  32      0.491401E+09   -0.1686405E+09   -0.1578201E+07
  33      0.565307E+09   -0.1592405E+09   -0.9589469E+07
  34      0.620915E+09   -0.1496560E+09   -0.1751219E+08
  35      0.662919E+09   -0.1246912E+09   -0.2565978E+08
  36      0.684748E+09   -0.9781043E+08   -0.3565710E+08
  37      0.650029E+09   -0.6567967E+08   -0.3258235E+08
  38      0.371062E+09   -0.3464729E+08   -0.2694630E+08
  39     -0.526705E+08   -0.1852482E+08   -0.1634314E+08
  40     -0.618015E+09   -0.4603975E+07   -0.5028561E+07
  41     -0.134028E+10   -0.3169952E+07    0.5665771E+06
  42     -0.220328E+10   -0.1486948E+06    0.4847577E+07
  43     -0.671964E+09    0.3480111E+07    0.2294188E+07
  44     -0.571057E+09   -0.6862271E+07    0.2092271E+08
  45     -0.459075E+09   -0.1837477E+08    0.3959035E+08
  46     -0.335269E+09   -0.4375978E+08    0.4683105E+08
  47     -0.202420E+09   -0.6875989E+08    0.5386553E+08
  48     -0.673408E+08   -0.9515551E+08    0.5063050E+08
  49      0.649853E+08   -0.1212364E+09    0.4733685E+08
  50      0.191794E+09   -0.1399733E+09    0.3672669E+08
  51      0.307086E+09   -0.1584010E+09    0.2613238E+08
  52      0.411505E+09   -0.1641191E+09    0.1146674E+08
  53      0.499211E+09   -0.1695863E+09   -0.3132412E+07
  54      0.573365E+09   -0.1602150E+09   -0.1905014E+08
  55      0.629219E+09   -0.1505866E+09   -0.3492045E+08
  56      0.671365E+09   -0.1271407E+09   -0.5048271E+08
  57      0.693512E+09   -0.1025680E+09   -0.6897674E+08
  58      0.643518E+09   -0.7189467E+08   -0.6336649E+08
  59      0.363585E+09   -0.4110056E+08   -0.5342797E+08
  60     -0.641951E+08   -0.2267631E+08   -0.3237956E+08
  61     -0.627576E+09   -0.5810571E+07   -0.1025221E+08
  62     -0.134453E+10   -0.1963612E+07   -0.2052981E+07
  63     -0.219195E+10    0.2297016E+07    0.4070063E+07
  64     -0.707733E+09    0.3161804E+07    0.3501381E+07
  65     -0.599667E+09   -0.8236609E+07    0.3197527E+08
  66     -0.478619E+09   -0.2062462E+08    0.6047689E+08
  67     -0.345824E+09   -0.4572100E+08    0.7097527E+08
  68     -0.204739E+09   -0.7063716E+08    0.8116335E+08
  69     -0.623467E+08   -0.9659883E+08    0.7580754E+08
  70      0.759915E+08   -0.1221877E+09    0.7038314E+08
  71      0.207584E+09   -0.1401099E+09    0.5423351E+08
  72      0.326375E+09   -0.1577127E+09    0.3812531E+08
  73      0.433118E+09   -0.1626800E+09    0.1627908E+08
  74      0.522118E+09   -0.1673772E+09   -0.5510777E+07
  75      0.596480E+09   -0.1577216E+09   -0.2870122E+08
  76      0.651827E+09   -0.1478154E+09   -0.5179107E+08
  77      0.692659E+09   -0.1252079E+09   -0.7284032E+08
  78      0.713207E+09   -0.1013888E+09   -0.9766174E+08
  79      0.629406E+09   -0.7341249E+08   -0.9036505E+08
  80      0.342807E+09   -0.4681689E+08   -0.7670019E+08
  81     -0.897603E+08   -0.2864251E+08   -0.5033672E+08
  82     -0.651704E+09   -0.9488228E+07   -0.2403749E+08
  83     -0.135742E+10   -0.2995044E+07   -0.8059550E+07
  84     -0.219036E+10    0.2732029E+07    0.5932376E+07
  85     -0.743096E+09    0.3677233E+07    0.4771120E+07
  86     -0.628283E+09   -0.7767408E+07    0.4309668E+08
  87     -0.498074E+09   -0.2055135E+08    0.8141945E+08
  88     -0.356408E+09   -0.4692403E+08    0.9519125E+08
  89     -0.207046E+09   -0.7276872E+08    0.1085656E+09
  90     -0.573549E+08   -0.9862778E+08    0.1010830E+09
  91      0.870199E+08   -0.1240603E+09    0.9352764E+08
  92      0.223412E+09   -0.1410462E+09    0.7182015E+08
  93      0.345715E+09   -0.1577041E+09    0.5018275E+08
  94      0.454796E+09   -0.1615907E+09    0.2113582E+08
  95      0.545091E+09   -0.1653149E+09   -0.7871670E+07
  96      0.619581E+09   -0.1547639E+09   -0.3846236E+08
  97      0.674003E+09   -0.1439883E+09   -0.6863118E+08
  98      0.713507E+09   -0.1204948E+09   -0.9526315E+08
  99      0.735632E+09   -0.9524667E+08   -0.1279825E+09
 100      0.614821E+09   -0.6575591E+08   -0.1186443E+09
 101      0.321347E+09   -0.3803680E+08   -0.9939529E+08
 102     -0.113902E+09   -0.2330028E+08   -0.6784618E+08
 103     -0.675083E+09   -0.8472197E+07   -0.3725073E+08
 104     -0.137258E+10   -0.3358908E+07   -0.1344068E+08
 105     -0.218593E+10    0.1775162E+07    0.7871456E+07
 106     -0.805428E+09    0.3259125E+07    0.6786056E+07
 107     -0.677206E+09   -0.9418795E+07    0.5538036E+08
 108     -0.530346E+09   -0.2328758E+08    0.1038878E+09
 109     -0.372795E+09   -0.4927330E+08    0.1199860E+09
 110     -0.209300E+09   -0.7486770E+08    0.1355795E+09
 111     -0.474651E+08   -0.9943434E+08    0.1249226E+09
 112      0.106565E+09   -0.1235101E+09    0.1142283E+09
 113      0.250360E+09   -0.1385176E+09    0.8660889E+08
 114      0.377893E+09   -0.1531883E+09    0.5912707E+08
 115      0.490220E+09   -0.1553141E+09    0.2331775E+08
 116      0.582207E+09   -0.1573292E+09   -0.1231563E+08
 117      0.656873E+09   -0.1460276E+09   -0.4973602E+08
 118      0.709806E+09   -0.1342283E+09   -0.8773293E+08
 119      0.745823E+09   -0.1089114E+09   -0.1199811E+09
 120      0.757496E+09   -0.8330652E+08   -0.1545269E+09
 121      0.593981E+09   -0.6233925E+08   -0.1402114E+09
 122      0.289078E+09   -0.4136427E+08   -0.1193576E+09
 123     -0.146165E+09   -0.2482466E+08   -0.8301804E+08
 124     -0.711783E+09   -0.9113886E+07   -0.4692916E+08
 125     -0.139862E+10   -0.4070690E+07   -0.1879484E+08
 126     -0.219295E+10    0.1250480E+07    0.6632829E+07
 127     -0.867532E+09    0.3951330E+07    0.8809815E+07
 128     -0.726150E+09   -0.9125429E+07    0.6780763E+08
 129     -0.562647E+09   -0.2385710E+08    0.1265524E+09
 130     -0.389251E+09   -0.5058932E+08    0.1449378E+09
 131     -0.211599E+09   -0.7645447E+08    0.1628012E+09
 132     -0.375794E+08   -0.9943835E+08    0.1489605E+09
 133      0.126170E+09   -0.1218169E+09    0.1351211E+09
 134      0.277420E+09   -0.1340627E+09    0.1015389E+09
 135      0.410201E+09   -0.1460126E+09    0.6816986E+08
 136      0.525805E+09   -0.1456466E+09    0.2552366E+08
 137      0.619407E+09   -0.1451617E+09   -0.1680380E+08
 138      0.694260E+09   -0.1329284E+09   -0.6072984E+08
 139      0.746588E+09   -0.1206431E+09   -0.1065082E+09
 140      0.779760E+09   -0.9489991E+08   -0.1463111E+09
 141      0.774893E+09   -0.6800925E+08   -0.1819171E+09
 142      0.574097E+09   -0.5192048E+08   -0.1606319E+09
 143      0.256952E+09   -0.3694767E+08   -0.1392414E+09
 144     -0.179820E+09   -0.2433334E+08   -0.9846514E+08
 145     -0.748609E+09   -0.1070948E+08   -0.5738779E+08
 146     -0.142364E+10   -0.3297567E+07   -0.2435302E+08
 147     -0.220173E+10    0.3170947E+07    0.6643903E+07
 148     -0.961915E+09    0.3114844E+07    0.1216743E+08
 149     -0.795792E+09   -0.1098020E+08    0.8140906E+08
 150     -0.606168E+09   -0.2654101E+08    0.1501110E+09
 151     -0.408809E+09   -0.5170976E+08    0.1686491E+09
 152     -0.210855E+09   -0.7612429E+08    0.1866535E+09
 153     -0.202851E+08   -0.9555710E+08    0.1678863E+09
 154      0.155833E+09   -0.1143121E+09    0.1492787E+09
 155      0.315933E+09   -0.1222493E+09    0.1096954E+09
 156      0.454639E+09   -0.1299232E+09    0.7049599E+08
 157      0.573526E+09   -0.1262951E+09    0.2229577E+08
 158      0.668756E+09   -0.1225553E+09   -0.2569313E+08
 159      0.743077E+09   -0.1082700E+09   -0.7460620E+08
 160      0.793890E+09   -0.9342709E+08   -0.1256024E+09
 161      0.822692E+09   -0.7507026E+08   -0.1653876E+09
 162      0.764481E+09   -0.5716555E+08   -0.1977241E+09
 163      0.552507E+09   -0.4541852E+08   -0.1713522E+09
 164      0.226703E+09   -0.3443940E+08   -0.1489393E+09
 165     -0.219902E+09   -0.2347408E+08   -0.1097661E+09
 166     -0.788213E+09   -0.1106855E+08   -0.6932366E+08
 167     -0.146172E+10   -0.4415532E+07   -0.3054392E+08
 168     -0.221989E+10    0.1494969E+07    0.6607021E+07
 169     -0.105649E+10    0.3909614E+07    0.1558669E+08
 170     -0.865443E+09   -0.1047187E+08    0.9522957E+08
 171     -0.649950E+09   -0.2693442E+08    0.1740205E+09
 172     -0.428582E+09   -0.5113241E+08    0.1927234E+09
 173     -0.210254E+09   -0.7381366E+08    0.2109205E+09
 174     -0.297992E+07   -0.8807928E+08    0.1871967E+09
 175      0.185648E+09   -0.1015064E+09    0.1637890E+09
 176      0.354719E+09   -0.1032562E+09    0.1181221E+09
 177      0.499519E+09   -0.1048893E+09    0.7300451E+08
 178      0.621684E+09   -0.9698864E+08    0.1901427E+08
 179      0.718811E+09   -0.9032885E+08   -0.3447838E+08
 180      0.792419E+09   -0.7283607E+08   -0.8999991E+08
 181      0.842319E+09   -0.4849307E+08   -0.1499409E+09
 182      0.865802E+09   -0.3197493E+08   -0.1844842E+09
 183      0.754579E+09   -0.2674117E+08   -0.2093064E+09
 184      0.528806E+09   -0.3186569E+08   -0.1817475E+09
 185      0.196212E+09   -0.3166335E+08   -0.1583106E+09
 186     -0.259344E+09   -0.2406290E+08   -0.1210486E+09
 187     -0.828673E+09   -0.1423256E+08   -0.8150487E+08
 188     -0.149982E+10   -0.5028558E+07   -0.3655681E+08
 189     -0.223763E+10    0.2167657E+07    0.6017888E+07
 190     -0.118745E+10    0.2505434E+07    0.2058345E+08
 191     -0.954655E+09   -0.1205917E+08    0.1091269E+09
 192     -0.700429E+09   -0.2854575E+08    0.1961843E+09
 193     -0.445455E+09   -0.4799813E+08    0.2104315E+09
 194     -0.201131E+09   -0.6589777E+08    0.2243416E+09
 195      0.253958E+08   -0.7175605E+08    0.1932316E+09
 196      0.226735E+09   -0.7670494E+08    0.1628438E+09
 197      0.403490E+09   -0.6995754E+08    0.1125289E+09
 198      0.552875E+09   -0.6317805E+08    0.6312149E+08
 199      0.677054E+09   -0.5084180E+08    0.7574633E+07
 200      0.775299E+09   -0.3840076E+08   -0.4740090E+08
 201      0.850076E+09   -0.2551450E+08   -0.1040119E+09
 202      0.897411E+09   -0.1186633E+08   -0.1658053E+09
 203      0.877815E+09   -0.1082806E+08   -0.1837179E+09
 204      0.746219E+09   -0.1433267E+08   -0.1926062E+09
 205      0.512694E+09   -0.2417236E+08   -0.1746485E+09
 206      0.171682E+09   -0.3027648E+08   -0.1596633E+09
 207     -0.290910E+09   -0.2255996E+08   -0.1273885E+09
 208     -0.872484E+09   -0.1391552E+08   -0.9366920E+08
 209     -0.154903E+10   -0.5303740E+07   -0.4398530E+08
 210     -0.227265E+10    0.1848807E+07    0.4047466E+07
 211     -0.131827E+10    0.2916102E+07    0.2594373E+08
 212     -0.104437E+10   -0.1161193E+08    0.1234845E+09
 213     -0.751512E+09   -0.2849768E+08    0.2189528E+09
 214     -0.462776E+09   -0.4204437E+08    0.2288181E+09
 215     -0.192317E+09   -0.5304569E+08    0.2385293E+09
 216      0.538871E+08   -0.4626703E+08    0.1999433E+09
 217      0.268103E+09   -0.3850021E+08    0.1624955E+09
 218      0.452864E+09   -0.1952780E+08    0.1073153E+09
 219      0.606762E+09   -0.6414761E+06    0.5323226E+08
 220      0.732570E+09    0.1801789E+08   -0.3420642E+07
 221      0.832887E+09    0.3555066E+08   -0.6074819E+08
 222      0.912475E+09    0.4985014E+08   -0.1202957E+09
 223      0.951221E+09    0.6476804E+08   -0.1787661E+09
 224      0.885170E+09    0.3764862E+08   -0.1797012E+09
 225      0.737227E+09    0.6835187E+07   -0.1781665E+09
 226      0.498850E+09   -0.9292100E+07   -0.1696594E+09
 227      0.146744E+09   -0.2231100E+08   -0.1630356E+09
 228     -0.323889E+09   -0.2276860E+08   -0.1339209E+09
 229     -0.915972E+09   -0.2229352E+08   -0.1045420E+09
 230     -0.159889E+10   -0.1039392E+08   -0.5209173E+08
 231     -0.230609E+10    0.5189132E+06    0.1286464E+06
 232     -0.148794E+10    0.1453917E+06    0.3444919E+08
 233     -0.114694E+10   -0.1212820E+08    0.1350831E+09
 234     -0.798006E+09   -0.2683721E+08    0.2323230E+09
 235     -0.465319E+09   -0.2844977E+08    0.2288200E+09
 236     -0.165832E+09   -0.2713297E+08    0.2258474E+09
 237      0.974446E+08   -0.2631951E+07    0.1773518E+09
 238      0.319584E+09    0.2287057E+08    0.1309579E+09
 239      0.505688E+09    0.5704606E+08    0.7606598E+08
 240      0.659994E+09    0.9015981E+08    0.2280085E+08
 241      0.783921E+09    0.1175764E+09   -0.2861092E+08
 242      0.883945E+09    0.1493711E+09   -0.8259985E+08
 243      0.948834E+09    0.1468297E+09   -0.1156678E+09
 244      0.956440E+09    0.1328458E+09   -0.1413938E+09
 245      0.883792E+09    0.8871109E+08   -0.1390064E+09
 246      0.738578E+09    0.5007073E+08   -0.1406647E+09
 247      0.500286E+09    0.1948957E+08   -0.1411905E+09
 248      0.140777E+09   -0.1180106E+08   -0.1426317E+09
 249     -0.340457E+09   -0.1846753E+08   -0.1281163E+09
 250     -0.946634E+09   -0.2078618E+08   -0.1144114E+09
 251     -0.165320E+10   -0.8536009E+07   -0.6206059E+08
 252     -0.238192E+10    0.7233948E+06   -0.8002835E+07
 253     -0.165865E+10    0.4097102E+06    0.4393127E+08
 254     -0.125047E+10   -0.1115522E+08    0.1476377E+09
 255     -0.846460E+09   -0.2431972E+08    0.2470271E+09
 256     -0.468535E+09   -0.8867738E+07    0.2301697E+09
 257     -0.140127E+09    0.1060595E+08    0.2145476E+09
 258      0.141773E+09    0.6180015E+08    0.1558707E+09
 259      0.371824E+09    0.1134915E+09    0.9993683E+08
 260      0.559479E+09    0.1686046E+09    0.4459737E+08
 261      0.715235E+09    0.2224348E+09   -0.9181571E+07
 262      0.840428E+09    0.2565515E+09   -0.5667478E+08
 263      0.935256E+09    0.2893442E+09   -0.1042653E+09
 264      0.976195E+09    0.2602467E+09   -0.1047080E+09
 265      0.960422E+09    0.2276020E+09   -0.1005555E+09
 266      0.887765E+09    0.1709237E+09   -0.1004502E+09
 267      0.742517E+09    0.1142391E+09   -0.1044317E+09
 268      0.501076E+09    0.6305412E+08   -0.1130656E+09
 269      0.134731E+09    0.1121725E+08   -0.1228338E+09
 270     -0.356721E+09   -0.8041937E+07   -0.1249002E+09
 271     -0.979137E+09   -0.2040834E+08   -0.1283887E+09
 272     -0.170950E+10   -0.6878055E+07   -0.7208915E+08
 273     -0.245728E+10    0.3018302E+07   -0.1287743E+08
 274     -0.186333E+10   -0.6364626E+07    0.5771271E+08
 275     -0.134776E+10   -0.7852537E+07    0.1497196E+09
 276     -0.863987E+09   -0.1259458E+08    0.2342820E+09
 277     -0.435537E+09    0.2976270E+08    0.1876755E+09
 278     -0.834609E+08    0.7790211E+08    0.1446567E+09
 279      0.200766E+09    0.1624526E+09    0.7722507E+08
 280      0.424869E+09    0.2465691E+09    0.1483370E+08
 281      0.601380E+09    0.3259510E+09   -0.2851215E+08
 282      0.743434E+09    0.4083147E+09   -0.7061055E+08
 283      0.853382E+09    0.4335721E+09   -0.7857290E+08
 284      0.926336E+09    0.4481108E+09   -0.8309364E+08
 285      0.953572E+09    0.4027429E+09   -0.6217937E+08
 286      0.945081E+09    0.3615686E+09   -0.4207077E+08
 287      0.879975E+09    0.2925156E+09   -0.3119435E+08
 288      0.748976E+09    0.2203632E+09   -0.2149667E+08
 289      0.517539E+09    0.1408598E+09   -0.3788964E+08
 290      0.161914E+09    0.6277034E+08   -0.5780665E+08
 291     -0.329563E+09    0.2114661E+08   -0.8742675E+08
 292     -0.978799E+09   -0.1552205E+08   -0.1213013E+09
 293     -0.176155E+10   -0.8839286E+07   -0.7701793E+08
 294     -0.257875E+10   -0.5215187E+07   -0.2592130E+08
 295     -0.207288E+10   -0.1408631E+07    0.7436458E+08
 296     -0.144673E+10   -0.4021203E+07    0.1528252E+09
 297     -0.889052E+09   -0.1297988E+07    0.2241543E+09
 298     -0.400882E+09    0.8531739E+08    0.1474523E+09
 299     -0.270080E+08    0.1753798E+09    0.7483732E+08
 300      0.263253E+09    0.3116643E+09   -0.2535404E+07
 301      0.479366E+09    0.4469613E+09   -0.7373250E+08
 302      0.644930E+09    0.5417907E+09   -0.9944224E+08
 303      0.770032E+09    0.6246194E+09   -0.1234475E+09
 304      0.857922E+09    0.6376105E+09   -0.9355574E+08
 305      0.916300E+09    0.6548214E+09   -0.6089615E+08
 306      0.936707E+09    0.6180486E+09   -0.2186227E+08
 307      0.934687E+09    0.5791065E+09    0.1579139E+08
 308      0.872584E+09    0.4864415E+09    0.3860351E+08
 309      0.757330E+09    0.3916772E+09    0.6175676E+08
 310      0.538336E+09    0.2729717E+09    0.3688392E+08
 311      0.189903E+09    0.1483607E+09    0.5675174E+07
 312     -0.301738E+09    0.6815965E+08   -0.5380491E+08
 313     -0.987466E+09   -0.6337872E+07   -0.1176430E+09
 314     -0.181570E+10   -0.3891535E+07   -0.8402631E+08
 315     -0.270737E+10    0.1838381E+07   -0.4212990E+08
 316     -0.228020E+10   -0.2614436E+08    0.9390037E+08
 317     -0.149529E+10    0.1020743E+08    0.1266971E+09
 318     -0.821616E+09    0.4168333E+08    0.1415169E+09
 319     -0.303133E+09    0.1814550E+09    0.1273587E+08
 320      0.653236E+08    0.3317439E+09   -0.9966635E+08
 321      0.317985E+09    0.5029054E+09   -0.1647194E+09
 322      0.500095E+09    0.6694630E+09   -0.2209249E+09
 323      0.629055E+09    0.7807629E+09   -0.2045326E+09
 324      0.728837E+09    0.8897756E+09   -0.1863037E+09
 325      0.792434E+09    0.9249237E+09   -0.1224120E+09
 326      0.844851E+09    0.9605626E+09   -0.5790616E+08
 327      0.864811E+09    0.9210652E+09    0.1872325E+08
 328      0.869210E+09    0.8806910E+09    0.9610972E+08
 329      0.820918E+09    0.7656339E+09    0.1525788E+09
 330      0.734493E+09    0.6485601E+09    0.2096602E+09
 331      0.554410E+09    0.4817185E+09    0.1988775E+09
 332      0.258906E+09    0.3110714E+09    0.1793849E+09
 333     -0.206621E+09    0.1654418E+09    0.7834402E+08
 334     -0.896853E+09    0.3105181E+08   -0.4167381E+08
 335     -0.181538E+10    0.6750288E+07   -0.6361009E+08
 336     -0.289063E+10   -0.2270034E+08   -0.6351270E+08
 337     -0.250638E+10    0.3145448E+08    0.1367148E+09
 338     -0.154769E+10    0.1544832E+08    0.1092817E+09
 339     -0.788619E+09    0.4729178E+08    0.7348808E+08
 340     -0.186527E+09    0.3083569E+09   -0.1114796E+09
 341      0.160839E+09    0.5431722E+09   -0.2828093E+09
 342      0.375869E+09    0.7926433E+09   -0.3294868E+09
 343      0.521137E+09    0.1021804E+10   -0.3686631E+09
 344      0.611441E+09    0.1162046E+10   -0.3135564E+09
 345      0.686457E+09    0.1299770E+10   -0.2579317E+09
 346      0.729807E+09    0.1345027E+10   -0.1556857E+09
 347      0.773075E+09    0.1391282E+10   -0.5409194E+08
 348      0.791006E+09    0.1348246E+10    0.6145063E+08
 349      0.800768E+09    0.1307168E+10    0.1786871E+09
 350      0.769928E+09    0.1174854E+10    0.2706976E+09
 351      0.712656E+09    0.1040240E+10    0.3645618E+09
 352      0.576421E+09    0.8173407E+09    0.3676208E+09
 353      0.333172E+09    0.5765182E+09    0.3640989E+09
 354     -0.906538E+08    0.3390945E+09    0.2044301E+09
 355     -0.831539E+09    0.7700707E+08    0.2263439E+08
 356     -0.182199E+10    0.2892986E+08   -0.5118139E+08
 357     -0.310674E+10    0.2442235E+08   -0.1046012E+09
 358     -0.268787E+10   -0.1185253E+09    0.1692931E+09
 359     -0.141850E+10    0.5740077E+08    0.1942967E+07
 360     -0.494412E+09    0.2227782E+09   -0.2214456E+09
 361     -0.300346E+08    0.5988247E+09   -0.4623980E+09
 362      0.219322E+09    0.9878503E+09   -0.6215361E+09
 363      0.354819E+09    0.1268270E+10   -0.5932729E+09
 364      0.450502E+09    0.1540850E+10   -0.5694817E+09
 365      0.504903E+09    0.1688269E+10   -0.4588922E+09
 366      0.555951E+09    0.1837099E+10   -0.3506808E+09
 367      0.585079E+09    0.1883981E+10   -0.2026895E+09
 368      0.617988E+09    0.1934014E+10   -0.5524118E+08
 369      0.633048E+09    0.1891620E+10    0.1056748E+09
 370      0.645643E+09    0.1851857E+10    0.2678118E+09
 371      0.629794E+09    0.1711995E+10    0.4132464E+09
 372      0.603309E+09    0.1574821E+10    0.5618173E+09
 373      0.517577E+09    0.1312930E+10    0.6310983E+09
 374      0.366178E+09    0.1042175E+10    0.7060542E+09
 375      0.603906E+08    0.6543943E+09    0.5665456E+09
 376     -0.513404E+09    0.2730144E+09    0.3485834E+09
 377     -0.162258E+10    0.8401461E+08    0.8352164E+08
 378     -0.327447E+10   -0.1073608E+09   -0.1213216E+09
 379     -0.351495E+10    0.2672007E+09    0.6307083E+09
 380     -0.113130E+10    0.2668541E+09   -0.2100337E+08
 381     -0.141824E+09    0.5121688E+09   -0.6929992E+09
 382      0.124897E+09    0.1258517E+10   -0.8732871E+09
 383      0.279366E+09    0.1753611E+10   -0.9781266E+09
 384      0.322675E+09    0.2013593E+10   -0.8707800E+09
 385      0.373730E+09    0.2278801E+10   -0.7727055E+09
 386      0.392182E+09    0.2401286E+10   -0.6057313E+09
 387      0.421440E+09    0.2531502E+10   -0.4416091E+09
 388      0.436305E+09    0.2569449E+10   -0.2479508E+09
 389      0.459044E+09    0.2611757E+10   -0.5437767E+08
 390      0.472217E+09    0.2573104E+10    0.1524820E+09
 391      0.487432E+09    0.2539390E+10    0.3602094E+09
 392      0.484318E+09    0.2412943E+10    0.5609900E+09
 393      0.490538E+09    0.2293094E+10    0.7645257E+09
 394      0.447859E+09    0.2032151E+10    0.9103209E+09
 395      0.403256E+09    0.1778851E+10    0.1066992E+10
 396      0.211007E+09    0.1287811E+10    0.9889879E+09
 397     -0.130796E+09    0.5726813E+09    0.8312674E+09
 398     -0.127360E+10    0.2934994E+09    0.1449322E+09
 399     -0.406857E+10    0.2269672E+09   -0.4913592E+09
 400     -0.274045E+10   -0.4637047E+09   -0.1426481E+09
 401     -0.420104E+09    0.8232647E+09   -0.8859381E+09
 402     -0.110396E+09    0.2048489E+10   -0.1436170E+10
 403      0.826200E+08    0.2440231E+10   -0.1286376E+10
 404      0.135180E+09    0.2856008E+10   -0.1219728E+10
 405      0.158421E+09    0.3012344E+10   -0.1046768E+10
 406      0.184096E+09    0.3187243E+10   -0.8828959E+09
 407      0.192976E+09    0.3260497E+10   -0.6835062E+09
 408      0.209462E+09    0.3340806E+10   -0.4859687E+09
 409      0.217836E+09    0.3360419E+10   -0.2675424E+09
 410      0.230170E+09    0.3384793E+10   -0.4934535E+08
 411      0.238984E+09    0.3356896E+10    0.1841823E+09
 412      0.247788E+09    0.3332782E+10    0.4184955E+09
 413      0.247528E+09    0.3244940E+10    0.6562399E+09
 414      0.254434E+09    0.3163855E+10    0.8967288E+09
 415      0.234711E+09    0.2975815E+10    0.1113940E+10
 416      0.215926E+09    0.2803111E+10    0.1341906E+10
 417      0.145458E+09    0.2374360E+10    0.1441511E+10
 418     -0.752259E+08    0.1944855E+10    0.1634540E+10
 419     -0.470071E+09    0.7830712E+09    0.1012623E+10
 420     -0.305289E+10   -0.4043006E+09    0.2438639E+09
 421     -0.131246E+10    0.4501439E+10   -0.1042259E+10
 422      0.118843E+09    0.4473665E+10   -0.1705162E+10
 423     -0.869528E+08    0.4394911E+10   -0.2014228E+10
 424      0.201041E+08    0.4292735E+10   -0.1629435E+10
 425     -0.122480E+08    0.4269835E+10   -0.1424469E+10
 426     -0.212036E+07    0.4251775E+10   -0.1195459E+10
 427     -0.155111E+07    0.4248242E+10   -0.9785501E+09
 428     -0.464845E+06    0.4243982E+10   -0.7500088E+09
 429      0.272840E+07    0.4245735E+10   -0.5234702E+09
 430      0.464765E+07    0.4242680E+10   -0.2823157E+09
 431      0.702862E+07    0.4243170E+10   -0.4209637E+08
 432      0.107497E+08    0.4231705E+10    0.2163896E+09
 433      0.133668E+08    0.4223083E+10    0.4757483E+09
 434      0.161895E+08    0.4195697E+10    0.7468503E+09
 435      0.212395E+08    0.4172767E+10    0.1021757E+10
 436      0.258888E+08    0.4125907E+10    0.1301136E+10
 437      0.232881E+08    0.4093584E+10    0.1594062E+10
 438      0.620593E+08    0.4032415E+10    0.1847074E+10
 439     -0.400576E+08    0.4053011E+10    0.2307347E+10
 440      0.185437E+09    0.3929895E+10    0.1930725E+10
 441     -0.138152E+10    0.3728445E+10    0.1262558E+10
