   1      0.697779E+09    0.1145023E+07   -0.4505336E+07
   2      0.635402E+09    0.1566098E+08   -0.4797304E+07
   3      0.506397E+09    0.3145573E+08   -0.4745635E+07
   4      0.347331E+09    0.2614361E+08   -0.3355405E+07
   5      0.169332E+09    0.1916695E+08   -0.2615969E+07
   6     -0.193996E+08   -0.8576272E+07   -0.1136437E+07
   7     -0.202439E+09   -0.3792846E+08    0.5015801E+06
   8     -0.366228E+09   -0.7232381E+08    0.4990981E+06
   9     -0.517773E+09   -0.1040393E+09    0.1437548E+07
  10     -0.629694E+09   -0.1417771E+09    0.5669242E+07
  11     -0.671984E+09   -0.1840452E+09    0.6771299E+07
  12     -0.508886E+09   -0.1892995E+09    0.2012397E+07
  13     -0.369774E+09   -0.1886770E+09    0.9211201E+05
  14     -0.239539E+09   -0.1640484E+09    0.4009592E+06
  15     -0.119058E+09   -0.1405594E+09    0.2315461E+06
  16     -0.359610E+06   -0.1084163E+09    0.2332368E+06
  17      0.119719E+09   -0.7621597E+08    0.1810228E+06
  18      0.246020E+09   -0.4760825E+08    0.1613898E+06
  19      0.386178E+09   -0.1880750E+08    0.1844967E+05
  20      0.541194E+09   -0.6615695E+07    0.2466207E+06
  21      0.724699E+09    0.4261225E+07    0.6293757E+06
  22      0.716424E+09    0.1161208E+07   -0.6289231E+07
  23      0.629891E+09   -0.1882153E+07   -0.2831373E+07
  24      0.497597E+09   -0.3978406E+07    0.2215241E+07
  25      0.337091E+09   -0.2009770E+08    0.1359312E+08
  26      0.162003E+09   -0.3835153E+08    0.2374633E+08
  27     -0.240921E+08   -0.6855569E+08    0.2849483E+08
  28     -0.201168E+09   -0.9798185E+08    0.3214199E+08
  29     -0.365761E+09   -0.1279375E+09    0.3054042E+08
  30     -0.514379E+09   -0.1592090E+09    0.3040543E+08
  31     -0.625736E+09   -0.1796838E+09    0.2539226E+08
  32     -0.648545E+09   -0.1989672E+09    0.1604765E+08
  33     -0.495024E+09   -0.1952595E+09   -0.2182850E+07
  34     -0.359689E+09   -0.1903850E+09   -0.1634873E+08
  35     -0.232604E+09   -0.1664405E+09   -0.2288475E+08
  36     -0.114875E+09   -0.1424286E+09   -0.2991661E+08
  37      0.885843E+06   -0.1102391E+09   -0.3122251E+08
  38      0.117860E+09   -0.7797977E+08   -0.3252113E+08
  39      0.241018E+09   -0.4937914E+08   -0.2758609E+08
  40      0.377862E+09   -0.2100985E+08   -0.2243152E+08
  41      0.530103E+09   -0.8485084E+07   -0.1146701E+08
  42      0.713204E+09    0.3230702E+07   -0.7199525E+06
  43      0.738362E+09    0.3105808E+07   -0.7026222E+07
  44      0.626105E+09   -0.7228161E+07    0.1767595E+06
  45      0.488420E+09   -0.1815995E+08    0.9990090E+07
  46      0.326614E+09   -0.4483344E+08    0.3075353E+08
  47      0.153610E+09   -0.7165950E+08    0.5014331E+08
  48     -0.290354E+08   -0.1084137E+09    0.5832467E+08
  49     -0.199472E+09   -0.1461851E+09    0.6403600E+08
  50     -0.367497E+09   -0.1791604E+09    0.6052831E+08
  51     -0.512479E+09   -0.2120681E+09    0.5906408E+08
  52     -0.622724E+09   -0.2208785E+09    0.4337559E+08
  53     -0.623530E+09   -0.2266848E+09    0.2295400E+08
  54     -0.480264E+09   -0.2139484E+09   -0.6843860E+07
  55     -0.349210E+09   -0.2026625E+09   -0.3250127E+08
  56     -0.225538E+09   -0.1768440E+09   -0.4603435E+08
  57     -0.110648E+09   -0.1503370E+09   -0.5991540E+08
  58      0.211885E+07   -0.1162012E+09   -0.6251309E+08
  59      0.116006E+09   -0.8180527E+08   -0.6506769E+08
  60      0.236030E+09   -0.5163629E+08   -0.5509584E+08
  61      0.369727E+09   -0.2129549E+08   -0.4484149E+08
  62      0.519125E+09   -0.7716944E+07   -0.2305897E+08
  63      0.702464E+09    0.4516909E+07   -0.1551372E+07
  64      0.732632E+09    0.4407277E+07   -0.4199650E+07
  65      0.606263E+09   -0.1136591E+08    0.1666125E+08
  66      0.461298E+09   -0.2830110E+08    0.3935926E+08
  67      0.301795E+09   -0.6381969E+08    0.6535975E+08
  68      0.134895E+09   -0.9918022E+08    0.9020224E+08
  69     -0.367217E+08   -0.1401658E+09    0.9861300E+08
  70     -0.198101E+09   -0.1828604E+09    0.1070526E+09
  71     -0.353201E+09   -0.2169551E+09    0.9213804E+08
  72     -0.490012E+09   -0.2482260E+09    0.7604351E+08
  73     -0.591835E+09   -0.2497509E+09    0.4413305E+08
  74     -0.585699E+09   -0.2507664E+09    0.1088346E+08
  75     -0.447765E+09   -0.2343644E+09   -0.2255808E+08
  76     -0.322790E+09   -0.2187799E+09   -0.5450654E+08
  77     -0.205976E+09   -0.1903014E+09   -0.7424375E+08
  78     -0.985988E+08   -0.1612258E+09   -0.9399183E+08
  79      0.563011E+07   -0.1251333E+09   -0.9781356E+08
  80      0.110218E+09   -0.8877944E+08   -0.1015025E+09
  81      0.220392E+09   -0.5659754E+08   -0.8615751E+08
  82      0.344713E+09   -0.2455131E+08   -0.7041795E+08
  83      0.485122E+09   -0.1000832E+08   -0.3661252E+08
  84      0.663499E+09    0.3596070E+07   -0.3136128E+07
  85      0.725051E+09    0.6408274E+07   -0.3202320E+07
  86      0.585285E+09   -0.1077512E+08    0.3213810E+08
  87      0.435105E+09   -0.3043024E+08    0.6906467E+08
  88      0.277549E+09   -0.7496059E+08    0.1005157E+09
  89      0.118056E+09   -0.1182632E+09    0.1305090E+09
  90     -0.448558E+08   -0.1639356E+09    0.1388286E+09
  91     -0.198761E+09   -0.2089445E+09    0.1487271E+09
  92     -0.335887E+09   -0.2412621E+09    0.1233569E+09
  93     -0.465407E+09   -0.2755909E+09    0.9380255E+08
  94     -0.561185E+09   -0.2803266E+09    0.4588198E+08
  95     -0.550638E+09   -0.2807198E+09    0.4195791E+06
  96     -0.416156E+09   -0.2597975E+09   -0.3790654E+08
  97     -0.296708E+09   -0.2407049E+09   -0.7694362E+08
  98     -0.186556E+09   -0.2087890E+09   -0.1027112E+09
  99     -0.866820E+08   -0.1763865E+09   -0.1282861E+09
 100      0.903983E+07   -0.1369049E+09   -0.1332945E+09
 101      0.104327E+09   -0.9699555E+08   -0.1380829E+09
 102      0.204758E+09   -0.6152397E+08   -0.1173720E+09
 103      0.319595E+09   -0.2559700E+08   -0.9610089E+08
 104      0.451449E+09   -0.9280478E+07   -0.5010840E+08
 105      0.624583E+09    0.5355852E+07   -0.4560828E+07
 106      0.673872E+09    0.5379312E+07   -0.6820275E+06
 107      0.531590E+09   -0.1565435E+08    0.5269967E+08
 108      0.388742E+09   -0.3800023E+08    0.1070563E+09
 109      0.240231E+09   -0.8252886E+08    0.1452543E+09
 110      0.955807E+08   -0.1280442E+09    0.1835907E+09
 111     -0.491309E+08   -0.1802954E+09    0.1883813E+09
 112     -0.183948E+09   -0.2313852E+09    0.1919055E+09
 113     -0.299552E+09   -0.2652336E+09    0.1563637E+09
 114     -0.409490E+09   -0.2997905E+09    0.1184002E+09
 115     -0.493406E+09   -0.3059735E+09    0.5015816E+08
 116     -0.501444E+09   -0.3085220E+09   -0.1503022E+08
 117     -0.370743E+09   -0.2844088E+09   -0.5999149E+08
 118     -0.257600E+09   -0.2621303E+09   -0.1060781E+09
 119     -0.155941E+09   -0.2273288E+09   -0.1371825E+09
 120     -0.672876E+08   -0.1921670E+09   -0.1683737E+09
 121      0.148632E+08   -0.1499624E+09   -0.1749044E+09
 122      0.944169E+08   -0.1072703E+09   -0.1811560E+09
 123      0.177769E+09   -0.6891592E+08   -0.1546964E+09
 124      0.275184E+09   -0.3044385E+08   -0.1276748E+09
 125      0.390809E+09   -0.1228805E+08   -0.6691202E+08
 126      0.549196E+09    0.4549242E+07   -0.6438638E+07
 127      0.621255E+09    0.7445716E+07    0.1614704E+07
 128      0.477977E+09   -0.1235548E+08    0.7288636E+08
 129      0.343128E+09   -0.3492790E+08    0.1447530E+09
 130      0.202452E+09   -0.8928961E+08    0.1904282E+09
 131      0.718558E+08   -0.1423344E+09    0.2365551E+09
 132     -0.522758E+08   -0.1919368E+09    0.2375164E+09
 133     -0.167977E+09   -0.2418144E+09    0.2372333E+09
 134     -0.263833E+09   -0.2820297E+09    0.1911023E+09
 135     -0.353701E+09   -0.3212861E+09    0.1429091E+09
 136     -0.422699E+09   -0.3310232E+09    0.5519672E+08
 137     -0.453679E+09   -0.3388452E+09   -0.3147562E+08
 138     -0.326505E+09   -0.3106149E+09   -0.8373156E+08
 139     -0.218581E+09   -0.2836303E+09   -0.1351941E+09
 140     -0.125415E+09   -0.2467172E+09   -0.1717377E+09
 141     -0.479361E+08   -0.2092516E+09   -0.2087548E+09
 142      0.205528E+08   -0.1636494E+09   -0.2167982E+09
 143      0.843633E+08   -0.1174606E+09   -0.2245047E+09
 144      0.150591E+09   -0.7500876E+08   -0.1922191E+09
 145      0.230859E+09   -0.3168940E+08   -0.1593169E+09
 146      0.330285E+09   -0.1151332E+08   -0.8369563E+08
 147      0.473848E+09    0.6465568E+07   -0.8262378E+07
 148      0.518150E+09    0.6530501E+07    0.2931568E+07
 149      0.385654E+09   -0.1653555E+08    0.9517896E+08
 150      0.267944E+09   -0.4187374E+08    0.1892719E+09
 151      0.151166E+09   -0.9440922E+08    0.2420252E+09
 152      0.486352E+08   -0.1465867E+09    0.2928562E+09
 153     -0.479026E+08   -0.2003424E+09    0.2885957E+09
 154     -0.134134E+09   -0.2530996E+09    0.2831403E+09
 155     -0.207158E+09   -0.2858047E+09    0.2255356E+09
 156     -0.274211E+09   -0.3185274E+09    0.1681062E+09
 157     -0.320925E+09   -0.3329066E+09    0.6877052E+08
 158     -0.352839E+09   -0.3463591E+09   -0.3645649E+08
 159     -0.267985E+09   -0.3243928E+09   -0.1068277E+09
 160     -0.166238E+09   -0.3014943E+09   -0.1692605E+09
 161     -0.833453E+08   -0.2618570E+09   -0.2102100E+09
 162     -0.202899E+08   -0.2227988E+09   -0.2532208E+09
 163      0.299886E+08   -0.1755776E+09   -0.2636297E+09
 164      0.714324E+08   -0.1276936E+09   -0.2738949E+09
 165      0.112069E+09   -0.8261958E+08   -0.2363613E+09
 166      0.164605E+09   -0.3690215E+08   -0.1980374E+09
 167      0.236478E+09   -0.1462660E+08   -0.1041737E+09
 168      0.352599E+09    0.5721452E+07   -0.1032908E+08
 169      0.416085E+09    0.8126262E+07    0.4754001E+07
 170      0.293021E+09   -0.1640598E+08    0.1181782E+09
 171      0.191504E+09   -0.4407265E+08    0.2335947E+09
 172      0.100071E+09   -0.9729447E+08    0.2928165E+09
 173      0.262690E+08   -0.1491823E+09    0.3497050E+09
 174     -0.446098E+08   -0.1996256E+09    0.3409473E+09
 175     -0.973623E+08   -0.2494234E+09    0.3296026E+09
 176     -0.150890E+09   -0.2853945E+09    0.2602977E+09
 177     -0.193837E+09   -0.3188098E+09    0.1927466E+09
 178     -0.219659E+09   -0.3290334E+09    0.8227684E+08
 179     -0.244317E+09   -0.3455534E+09   -0.3716772E+08
 180     -0.209920E+09   -0.3359451E+09   -0.1291247E+09
 181     -0.116068E+09   -0.3170566E+09   -0.2073623E+09
 182     -0.413624E+08   -0.2721543E+09   -0.2498499E+09
 183      0.770652E+07   -0.2318807E+09   -0.2978403E+09
 184      0.393054E+08   -0.1843633E+09   -0.3110279E+09
 185      0.582435E+08   -0.1356300E+09   -0.3237757E+09
 186      0.732390E+08   -0.8780871E+08   -0.2808851E+09
 187      0.980064E+08   -0.3822050E+08   -0.2370688E+09
 188      0.142428E+09   -0.1369577E+08   -0.1246611E+09
 189      0.231972E+09    0.7821415E+07   -0.1207856E+08
 190      0.256874E+09    0.6602068E+07    0.8276375E+07
 191      0.157220E+09   -0.1855597E+08    0.1431895E+09
 192      0.896481E+08   -0.4649141E+08    0.2794849E+09
 193      0.393741E+08   -0.9864063E+08    0.3417033E+09
 194      0.495866E+07   -0.1502370E+09    0.4018781E+09
 195     -0.271510E+08   -0.1945163E+09    0.3839600E+09
 196     -0.463430E+08   -0.2367493E+09    0.3654651E+09
 197     -0.733134E+08   -0.2617688E+09    0.2873108E+09
 198     -0.937350E+08   -0.2855368E+09    0.2083811E+09
 199     -0.107342E+09   -0.2979317E+09    0.9556243E+08
 200     -0.116251E+09   -0.3145947E+09   -0.2094307E+08
 201     -0.102130E+09   -0.3129889E+09   -0.1333223E+09
 202     -0.505022E+08   -0.3059294E+09   -0.2373446E+09
 203      0.107025E+08   -0.2671467E+09   -0.2865977E+09
 204      0.435860E+08   -0.2304669E+09   -0.3397112E+09
 205      0.550182E+08   -0.1854679E+09   -0.3560804E+09
 206      0.459233E+08   -0.1396802E+09   -0.3732602E+09
 207      0.259975E+08   -0.9232874E+08   -0.3277497E+09
 208      0.940836E+07   -0.4347164E+08   -0.2812545E+09
 209      0.891616E+07   -0.1721891E+08   -0.1486254E+09
 210      0.546556E+08    0.6387644E+07   -0.1519463E+08
 211      0.972954E+08    0.7487611E+07    0.1243502E+08
 212      0.215405E+08   -0.1893393E+08    0.1684117E+09
 213     -0.127894E+08   -0.4889747E+08    0.3253693E+09
 214     -0.224675E+08   -0.9452590E+08    0.3911711E+09
 215     -0.183120E+08   -0.1374083E+09    0.4551253E+09
 216     -0.839374E+07   -0.1718270E+09    0.4289531E+09
 217      0.150203E+07   -0.2055479E+09    0.4027014E+09
 218      0.714590E+07   -0.2193696E+09    0.3143340E+09
 219      0.521860E+07   -0.2323712E+09    0.2257998E+09
 220      0.522277E+07   -0.2372074E+09    0.1095740E+09
 221      0.791897E+07   -0.2416558E+09   -0.7969112E+07
 222      0.128410E+08   -0.2512328E+09   -0.1347594E+09
 223      0.205335E+08   -0.2656597E+09   -0.2614877E+09
 224      0.614071E+08   -0.2445303E+09   -0.3260755E+09
 225      0.757775E+08   -0.2172425E+09   -0.3868535E+09
 226      0.700436E+08   -0.1764376E+09   -0.4030661E+09
 227      0.329185E+08   -0.1374146E+09   -0.4233388E+09
 228     -0.217211E+08   -0.9207249E+08   -0.3752772E+09
 229     -0.800835E+08   -0.4363085E+08   -0.3260114E+09
 230     -0.125085E+09   -0.1576327E+08   -0.1728183E+09
 231     -0.122693E+09    0.8418985E+07   -0.1825890E+08
 232     -0.129104E+09    0.5899869E+07    0.1832577E+08
 233     -0.154550E+09   -0.1973879E+08    0.1934681E+09
 234     -0.131122E+09   -0.5000577E+08    0.3686501E+09
 235     -0.799683E+08   -0.8944799E+08    0.4254839E+09
 236     -0.258572E+08   -0.1249049E+09    0.4794982E+09
 237      0.290302E+08   -0.1338149E+09    0.4405993E+09
 238      0.673962E+08   -0.1397770E+09    0.4019027E+09
 239      0.977915E+08   -0.1332796E+09    0.3117178E+09
 240      0.108387E+09   -0.1287360E+09    0.2225602E+09
 241      0.120239E+09   -0.1257640E+09    0.1082622E+09
 242      0.124460E+09   -0.1220088E+09   -0.5852050E+07
 243      0.131364E+09   -0.1331495E+09   -0.1196088E+09
 244      0.131111E+09   -0.1497305E+09   -0.2356077E+09
 245      0.139758E+09   -0.1649055E+09   -0.3193562E+09
 246      0.126923E+09   -0.1747323E+09   -0.3997116E+09
 247      0.971469E+08   -0.1492885E+09   -0.4274434E+09
 248      0.290676E+08   -0.1236984E+09   -0.4577931E+09
 249     -0.688778E+08   -0.8583450E+08   -0.4131450E+09
 250     -0.184432E+09   -0.4552603E+08   -0.3684971E+09
 251     -0.298530E+09   -0.1810694E+08   -0.1974946E+09
 252     -0.371299E+09    0.5749749E+07   -0.2349018E+08
 253     -0.353449E+09    0.6946269E+07    0.2425814E+08
 254     -0.332475E+09   -0.1984823E+08    0.2194670E+09
 255     -0.251710E+09   -0.5086762E+08    0.4140660E+09
 256     -0.137763E+09   -0.7216372E+08    0.4619346E+09
 257     -0.331294E+08   -0.8799185E+08    0.5063308E+09
 258      0.669404E+08   -0.7080736E+08    0.4528538E+09
 259      0.135096E+09   -0.5272522E+08    0.4010721E+09
 260      0.187737E+09   -0.1824877E+08    0.3085833E+09
 261      0.214411E+09    0.1771249E+08    0.2167347E+09
 262      0.237255E+09    0.3707811E+08    0.1064305E+09
 263      0.241868E+09    0.5225432E+08   -0.2202057E+07
 264      0.246561E+09    0.3709560E+08   -0.1065538E+09
 265      0.240901E+09    0.2146636E+08   -0.2120768E+09
 266      0.224734E+09   -0.1790787E+08   -0.3070362E+09
 267      0.185384E+09   -0.6224869E+08   -0.4037420E+09
 268      0.125675E+09   -0.8530496E+08   -0.4510560E+09
 269      0.234518E+08   -0.9969944E+08   -0.4981968E+09
 270     -0.119744E+09   -0.7114299E+08   -0.4553404E+09
 271     -0.291766E+09   -0.4170709E+08   -0.4131447E+09
 272     -0.473386E+09   -0.1538202E+08   -0.2229949E+09
 273     -0.620726E+09    0.7545014E+07   -0.2893758E+08
 274     -0.652510E+09   -0.7747904E+06    0.3835173E+08
 275     -0.535897E+09   -0.1962973E+08    0.2385562E+09
 276     -0.356818E+09   -0.4403343E+08    0.4337354E+09
 277     -0.162370E+09   -0.3743092E+08    0.4518234E+09
 278     -0.162691E+07   -0.2364300E+08    0.4684183E+09
 279      0.129942E+09    0.3497066E+08    0.3994143E+09
 280      0.212468E+09    0.9566978E+08    0.3348837E+09
 281      0.271512E+09    0.1599501E+09    0.2499316E+09
 282      0.303224E+09    0.2226003E+09    0.1664712E+09
 283      0.325248E+09    0.2521934E+09    0.8074196E+08
 284      0.328532E+09    0.2798215E+09   -0.4289325E+07
 285      0.331006E+09    0.2613768E+09   -0.8682585E+08
 286      0.325853E+09    0.2410997E+09   -0.1694937E+09
 287      0.308003E+09    0.1842162E+09   -0.2480957E+09
 288      0.266809E+09    0.1256176E+09   -0.3291406E+09
 289      0.185216E+09    0.6040168E+08   -0.3903966E+09
 290      0.548112E+08   -0.5667757E+07   -0.4540100E+09
 291     -0.136665E+09   -0.2723029E+08   -0.4434264E+09
 292     -0.388199E+09   -0.3696871E+08   -0.4345164E+09
 293     -0.673720E+09   -0.1418665E+08   -0.2399772E+09
 294     -0.949435E+09    0.9971512E+06   -0.3819646E+08
 295     -0.954792E+09    0.6672067E+07    0.5492302E+08
 296     -0.741018E+09   -0.1749192E+08    0.2600687E+09
 297     -0.470839E+09   -0.4103841E+08    0.4594476E+09
 298     -0.186381E+09    0.9903435E+07    0.4462552E+09
 299      0.296770E+08    0.7044482E+08    0.4314636E+09
 300      0.196328E+09    0.1891775E+09    0.3464902E+09
 301      0.293525E+09    0.3032686E+09    0.2664338E+09
 302      0.357108E+09    0.4058062E+09    0.1902909E+09
 303      0.392859E+09    0.5052010E+09    0.1172185E+09
 304      0.412381E+09    0.5460992E+09    0.5548279E+08
 305      0.417520E+09    0.5843084E+09   -0.6836297E+07
 306      0.415824E+09    0.5594103E+09   -0.6696078E+08
 307      0.411891E+09    0.5335224E+09   -0.1259385E+09
 308      0.389583E+09    0.4466397E+09   -0.1907012E+09
 309      0.348657E+09    0.3556528E+09   -0.2577688E+09
 310      0.248494E+09    0.2398058E+09   -0.3297458E+09
 311      0.893166E+08    0.1222874E+09   -0.4067033E+09
 312     -0.148750E+09    0.5201875E+08   -0.4313801E+09
 313     -0.491725E+09   -0.1386159E+08   -0.4584420E+09
 314     -0.879906E+09   -0.6233103E+07   -0.2590233E+09
 315     -0.128184E+10    0.4194905E+07   -0.4967465E+08
 316     -0.133569E+10   -0.2103993E+08    0.8152514E+08
 317     -0.921501E+09   -0.9386119E+07    0.2556818E+09
 318     -0.489665E+09   -0.6650115E+07    0.4085282E+09
 319     -0.131448E+09    0.1129356E+09    0.3269708E+09
 320      0.114246E+09    0.2482504E+09    0.2590713E+09
 321      0.267400E+09    0.4302664E+09    0.1781076E+09
 322      0.356380E+09    0.6095714E+09    0.1061033E+09
 323      0.398113E+09    0.7420131E+09    0.6563075E+08
 324      0.425840E+09    0.8716302E+09    0.2661503E+08
 325      0.433734E+09    0.9247223E+09    0.7495833E+07
 326      0.441470E+09    0.9765775E+09   -0.1212755E+08
 327      0.436457E+09    0.9399952E+09   -0.2987138E+08
 328      0.437747E+09    0.9022329E+09   -0.4687725E+08
 329      0.422937E+09    0.7865988E+09   -0.7576763E+08
 330      0.396309E+09    0.6684747E+09   -0.1045316E+09
 331      0.311510E+09    0.4968339E+09   -0.1627318E+09
 332      0.169549E+09    0.3216062E+09   -0.2293821E+09
 333     -0.866961E+08    0.1732602E+09   -0.2957571E+09
 334     -0.492598E+09    0.3729794E+08   -0.3791023E+09
 335     -0.104826E+10    0.1013909E+08   -0.2362936E+09
 336     -0.167572E+10   -0.2220468E+08   -0.6902820E+08
 337     -0.174922E+10    0.2997753E+08    0.1344958E+09
 338     -0.110625E+10    0.5925443E+07    0.2607157E+09
 339     -0.541831E+09    0.2763223E+08    0.3710052E+09
 340     -0.536554E+08    0.2904857E+09    0.2162467E+09
 341      0.205524E+09    0.5328244E+09    0.7429783E+08
 342      0.344336E+09    0.8015062E+09    0.2716691E+07
 343      0.419126E+09    0.1047970E+10   -0.5936358E+08
 344      0.439095E+09    0.1203586E+10   -0.6195544E+08
 345      0.457040E+09    0.1356926E+10   -0.6588586E+08
 346      0.453007E+09    0.1409962E+10   -0.4148725E+08
 347      0.461091E+09    0.1462666E+10   -0.1694532E+08
 348      0.455194E+09    0.1420175E+10    0.8940211E+07
 349      0.461753E+09    0.1379505E+10    0.3440861E+08
 350      0.455758E+09    0.1237886E+10    0.4400427E+08
 351      0.443670E+09    0.1092466E+10    0.5606686E+08
 352      0.379982E+09    0.8543551E+09    0.1206657E+08
 353      0.253810E+09    0.5994164E+09   -0.3900644E+08
 354     -0.475356E+07    0.3539176E+09   -0.1661788E+09
 355     -0.520975E+09    0.8509803E+08   -0.3105731E+09
 356     -0.121861E+10    0.3102783E+08   -0.2206167E+09
 357     -0.210495E+10    0.2021674E+08   -0.1090628E+09
 358     -0.216890E+10   -0.1154154E+09    0.1662363E+09
 359     -0.110778E+10    0.6034077E+08    0.1464669E+09
 360     -0.306821E+09    0.2267738E+09    0.5867387E+08
 361      0.818895E+08    0.6247677E+09   -0.1594035E+09
 362      0.268287E+09    0.1037559E+10   -0.2915466E+09
 363      0.344688E+09    0.1338080E+10   -0.2816871E+09
 364      0.385403E+09    0.1630391E+10   -0.2755058E+09
 365      0.385575E+09    0.1786467E+10   -0.2153546E+09
 366      0.392571E+09    0.1942211E+10   -0.1585941E+09
 367      0.381536E+09    0.1985740E+10   -0.8493139E+08
 368      0.386580E+09    0.2032120E+10   -0.1183516E+08
 369      0.384189E+09    0.1980649E+10    0.6178341E+08
 370      0.394135E+09    0.1930805E+10    0.1352162E+09
 371      0.393131E+09    0.1777138E+10    0.2010878E+09
 372      0.398834E+09    0.1624898E+10    0.2707439E+09
 373      0.369530E+09    0.1347561E+10    0.2920351E+09
 374      0.302093E+09    0.1061965E+10    0.3173327E+09
 375      0.118763E+09    0.6654543E+09    0.2066231E+09
 376     -0.295814E+09    0.2768066E+09    0.2200359E+08
 377     -0.117344E+10    0.8790475E+08   -0.8151133E+08
 378     -0.248638E+10   -0.1030615E+09   -0.1213993E+09
 379     -0.323285E+10    0.2449338E+09    0.6199722E+09
 380     -0.953870E+09    0.2663283E+09    0.1153060E+09
 381     -0.396462E+07    0.5358424E+09   -0.4343967E+09
 382      0.215775E+09    0.1315289E+10   -0.5975804E+09
 383      0.330155E+09    0.1842916E+10   -0.6744430E+09
 384      0.332485E+09    0.2117202E+10   -0.5784685E+09
 385      0.344489E+09    0.2395196E+10   -0.4921179E+09
 386      0.323802E+09    0.2516245E+10   -0.3693252E+09
 387      0.321991E+09    0.2644455E+10   -0.2495934E+09
 388      0.306240E+09    0.2670623E+10   -0.1268221E+09
 389      0.308644E+09    0.2700447E+10   -0.5216358E+07
 390      0.309394E+09    0.2646611E+10    0.1167852E+09
 391      0.321769E+09    0.2595810E+10    0.2388891E+09
 392      0.324095E+09    0.2450067E+10    0.3618051E+09
 393      0.347484E+09    0.2310850E+10    0.4890590E+09
 394      0.348049E+09    0.2032665E+10    0.5868725E+09
 395      0.354501E+09    0.1760105E+10    0.6920852E+09
 396      0.239468E+09    0.1262523E+10    0.6395937E+09
 397     -0.113081E+07    0.5495158E+09    0.5077012E+09
 398     -0.986712E+09    0.2812339E+09   -0.1392976E+08
 399     -0.346261E+10    0.2197396E+09   -0.4728254E+09
 400     -0.262288E+10   -0.4552313E+09   -0.1442315E+09
 401     -0.326073E+09    0.8317998E+09   -0.7788781E+09
 402     -0.307427E+08    0.2073086E+10   -0.1236442E+10
 403      0.137050E+09    0.2500914E+10   -0.1046041E+10
 404      0.166268E+09    0.2943293E+10   -0.9377451E+09
 405      0.169090E+09    0.3107360E+10   -0.7638036E+09
 406      0.174030E+09    0.3288286E+10   -0.5990572E+09
 407      0.162080E+09    0.3350571E+10   -0.4370192E+09
 408      0.162210E+09    0.3419027E+10   -0.2771429E+09
 409      0.154710E+09    0.3418452E+10   -0.1261158E+09
 410      0.156739E+09    0.3421313E+10    0.2390004E+08
 411      0.157756E+09    0.3366970E+10    0.1738824E+09
 412      0.164848E+09    0.3314629E+10    0.3245689E+09
 413      0.166116E+09    0.3201283E+10    0.4811997E+09
 414      0.179192E+09    0.3094498E+10    0.6394277E+09
 415      0.184557E+09    0.2893393E+10    0.8050049E+09
 416      0.191239E+09    0.2704437E+10    0.9809074E+09
 417      0.158235E+09    0.2274573E+10    0.1094096E+10
 418     -0.587531E+07    0.1844427E+10    0.1294985E+10
 419     -0.329129E+09    0.7336170E+09    0.8200504E+09
 420     -0.270884E+10   -0.3967142E+09    0.2194825E+09
 421     -0.135877E+10    0.4347592E+10   -0.1075951E+10
 422      0.131238E+09    0.4386640E+10   -0.1646669E+10
 423     -0.734584E+08    0.4374469E+10   -0.1871118E+10
 424      0.352854E+08    0.4295087E+10   -0.1423963E+10
 425     -0.176498E+07    0.4299815E+10   -0.1163357E+10
 426      0.793683E+07    0.4285254E+10   -0.9219034E+09
 427      0.661056E+07    0.4285734E+10   -0.6922016E+09
 428      0.547236E+07    0.4268224E+10   -0.4937120E+09
 429      0.733539E+07    0.4254789E+10   -0.2981353E+09
 430      0.753437E+07    0.4221374E+10   -0.1208920E+09
 431      0.950027E+07    0.4189546E+10    0.5564297E+08
 432      0.106048E+08    0.4137459E+10    0.2317428E+09
 433      0.126127E+08    0.4088117E+10    0.4089248E+09
 434      0.134797E+08    0.4024670E+10    0.5957873E+09
 435      0.153514E+08    0.3964289E+10    0.7820677E+09
 436      0.243363E+08    0.3902955E+10    0.1005095E+10
 437      0.217961E+08    0.3852262E+10    0.1244987E+10
 438      0.604795E+08    0.3802978E+10    0.1500311E+10
 439     -0.356176E+08    0.3838958E+10    0.1951785E+10
 440      0.186711E+09    0.3755226E+10    0.1709052E+10
 441     -0.133175E+10    0.3596921E+10    0.1200442E+10
