   1      0.766383E+09    0.4296272E+07    0.4210638E+05
   2      0.637276E+09   -0.9201973E+07    0.5792419E+06
   3      0.472741E+09   -0.2370235E+08    0.1471123E+07
   4      0.303757E+09   -0.6182780E+08    0.1792991E+07
   5      0.121360E+09   -0.1009553E+09    0.2135560E+07
   6     -0.501250E+08   -0.1462674E+09    0.2294252E+07
   7     -0.211695E+09   -0.1895760E+09    0.1380237E+07
   8     -0.346302E+09   -0.2214728E+09    0.1423488E+07
   9     -0.464681E+09   -0.2583694E+09    0.2383169E+07
  10     -0.555138E+09   -0.2624340E+09   -0.2073968E+07
  11     -0.612809E+09   -0.2549263E+09   -0.7594767E+07
  12     -0.496248E+09   -0.2161600E+09   -0.4317417E+07
  13     -0.372813E+09   -0.1865755E+09   -0.2102870E+06
  14     -0.250020E+09   -0.1631737E+09   -0.8692775E+05
  15     -0.131109E+09   -0.1369655E+09    0.5755466E+05
  16     -0.130073E+08   -0.1058835E+09    0.9036235E+05
  17      0.107125E+09   -0.7448631E+08    0.1235549E+06
  18      0.232961E+09   -0.4687353E+08    0.6652574E+05
  19      0.371519E+09   -0.1906448E+08    0.9812647E+05
  20      0.524205E+09   -0.7176413E+07    0.2497998E+06
  21      0.768005E+09    0.3610857E+07    0.3154473E+06
  22      0.756039E+09    0.4375867E+07   -0.5309507E+06
  23      0.623273E+09   -0.7673092E+07    0.1258841E+08
  24      0.464364E+09   -0.2071228E+08    0.2554637E+08
  25      0.295964E+09   -0.5202098E+08    0.3269781E+08
  26      0.118720E+09   -0.8380346E+08    0.4017090E+08
  27     -0.480241E+08   -0.1208309E+09    0.3827563E+08
  28     -0.204962E+09   -0.1578622E+09    0.3567680E+08
  29     -0.339752E+09   -0.1852331E+09    0.2806221E+08
  30     -0.452511E+09   -0.2115390E+09    0.2123115E+08
  31     -0.537704E+09   -0.2180265E+09    0.3976666E+07
  32     -0.591138E+09   -0.2237568E+09   -0.1670669E+08
  33     -0.497391E+09   -0.2070014E+09   -0.2137252E+08
  34     -0.369528E+09   -0.1903104E+09   -0.2228442E+08
  35     -0.246038E+09   -0.1642397E+09   -0.2555755E+08
  36     -0.128474E+09   -0.1382003E+09   -0.2964134E+08
  37     -0.123649E+08   -0.1071960E+09   -0.3049259E+08
  38      0.105166E+09   -0.7585903E+08   -0.3119275E+08
  39      0.228261E+09   -0.4848705E+08   -0.2658777E+08
  40      0.363748E+09   -0.2116202E+08   -0.2185803E+08
  41      0.513811E+09   -0.8484752E+07   -0.1149220E+08
  42      0.755014E+09    0.3316577E+07   -0.1231995E+07
  43      0.746900E+09    0.2457573E+07   -0.4683674E+06
  44      0.608483E+09   -0.7360158E+07    0.2405748E+08
  45      0.456682E+09   -0.1715394E+08    0.4841412E+08
  46      0.287408E+09   -0.4559038E+08    0.6318417E+08
  47      0.116615E+09   -0.7617222E+08    0.7796783E+08
  48     -0.450839E+08   -0.1091715E+09    0.7306503E+08
  49     -0.198122E+09   -0.1397185E+09    0.6815913E+08
  50     -0.333414E+09   -0.1650657E+09    0.5432517E+08
  51     -0.439953E+09   -0.1927044E+09    0.4091698E+08
  52     -0.519174E+09   -0.2050068E+09    0.1089783E+08
  53     -0.567624E+09   -0.2151159E+09   -0.2428533E+08
  54     -0.499878E+09   -0.2053971E+09   -0.3719857E+08
  55     -0.367016E+09   -0.1954158E+09   -0.4419777E+08
  56     -0.242454E+09   -0.1694765E+09   -0.5097199E+08
  57     -0.126070E+09   -0.1436202E+09   -0.5927804E+08
  58     -0.118723E+08   -0.1113293E+09   -0.6097938E+08
  59      0.103155E+09   -0.7878251E+08   -0.6238898E+08
  60      0.223515E+09   -0.5002960E+08   -0.5308370E+08
  61      0.356199E+09   -0.2112786E+08   -0.4371401E+08
  62      0.503428E+09   -0.8022806E+07   -0.2310122E+08
  63      0.742738E+09    0.3913408E+07   -0.2506936E+07
  64      0.707504E+09    0.3206306E+07    0.1627184E+07
  65      0.574765E+09   -0.8335748E+07    0.3493211E+08
  66      0.428086E+09   -0.2106374E+08    0.6914824E+08
  67      0.267408E+09   -0.4800503E+08    0.8922952E+08
  68      0.109292E+09   -0.7366950E+08    0.1083315E+09
  69     -0.406684E+08   -0.1068286E+09    0.1049751E+09
  70     -0.185284E+09   -0.1425632E+09    0.1014086E+09
  71     -0.312083E+09   -0.1707122E+09    0.7985943E+08
  72     -0.411077E+09   -0.1958403E+09    0.5860159E+08
  73     -0.480763E+09   -0.2048115E+09    0.2168638E+08
  74     -0.524218E+09   -0.2153058E+09   -0.1898163E+08
  75     -0.483602E+09   -0.2093989E+09   -0.4269364E+08
  76     -0.350682E+09   -0.2020438E+09   -0.6213931E+08
  77     -0.228462E+09   -0.1766382E+09   -0.7575237E+08
  78     -0.117011E+09   -0.1511154E+09   -0.9049933E+08
  79     -0.941682E+07   -0.1177265E+09   -0.9354367E+08
  80      0.975265E+08   -0.8420530E+08   -0.9633138E+08
  81      0.209036E+09   -0.5406228E+08   -0.8223154E+08
  82      0.332939E+09   -0.2401388E+08   -0.6799435E+08
  83      0.471779E+09   -0.9796610E+07   -0.3626043E+08
  84      0.699819E+09    0.3463747E+07   -0.4589621E+07
  85      0.666600E+09    0.4809689E+07    0.2134744E+07
  86      0.542295E+09   -0.6831528E+07    0.4626875E+08
  87      0.399652E+09   -0.1939330E+08    0.9094468E+08
  88      0.248233E+09   -0.4989765E+08    0.1155843E+09
  89      0.101597E+09   -0.8180476E+08    0.1396152E+09
  90     -0.374602E+08   -0.1171018E+09    0.1376136E+09
  91     -0.172165E+09   -0.1500929E+09    0.1352749E+09
  92     -0.290246E+09   -0.1769317E+09    0.1055812E+09
  93     -0.382013E+09   -0.2042787E+09    0.7536193E+08
  94     -0.443889E+09   -0.2155464E+09    0.3156041E+08
  95     -0.482890E+09   -0.2275715E+09   -0.1460883E+08
  96     -0.466488E+09   -0.2229586E+09   -0.4892322E+08
  97     -0.333357E+09   -0.2163098E+09   -0.7993917E+08
  98     -0.214208E+09   -0.1892083E+09   -0.1005026E+09
  99     -0.107911E+09   -0.1623247E+09   -0.1217986E+09
 100     -0.702589E+07   -0.1266705E+09   -0.1262008E+09
 101      0.917962E+08   -0.9072367E+08   -0.1303787E+09
 102      0.194542E+09   -0.5781985E+08   -0.1114678E+09
 103      0.309579E+09   -0.2447794E+08   -0.9245124E+08
 104      0.440497E+09   -0.8990080E+07   -0.4938566E+08
 105      0.656663E+09    0.4888876E+07   -0.6317473E+07
 106      0.603674E+09    0.3950195E+07    0.1398629E+07
 107      0.484603E+09   -0.8606289E+07    0.5875139E+08
 108      0.354596E+09   -0.2264088E+08    0.1172036E+09
 109      0.219321E+09   -0.5588710E+08    0.1474086E+09
 110      0.889250E+08   -0.8809231E+08    0.1764610E+09
 111     -0.346758E+08   -0.1244461E+09    0.1732536E+09
 112     -0.152140E+09   -0.1618567E+09    0.1698172E+09
 113     -0.253482E+09   -0.1914490E+09    0.1338784E+09
 114     -0.335372E+09   -0.2200508E+09    0.9716108E+08
 115     -0.393005E+09   -0.2342389E+09    0.4472009E+08
 116     -0.426206E+09   -0.2486806E+09   -0.9575588E+07
 117     -0.423154E+09   -0.2404073E+09   -0.5667360E+08
 118     -0.298657E+09   -0.2306487E+09   -0.1006819E+09
 119     -0.186691E+09   -0.2021665E+09   -0.1278115E+09
 120     -0.899452E+08   -0.1739750E+09   -0.1560763E+09
 121     -0.107876E+07   -0.1366513E+09   -0.1628337E+09
 122      0.833765E+08   -0.9893428E+08   -0.1693318E+09
 123      0.170202E+09   -0.6374664E+08   -0.1456293E+09
 124      0.268981E+09   -0.2843073E+08   -0.1218043E+09
 125      0.384127E+09   -0.1142113E+08   -0.6504113E+08
 126      0.577841E+09    0.4262570E+07   -0.8163845E+07
 127      0.542465E+09    0.5096081E+07    0.1434899E+07
 128      0.427157E+09   -0.9727894E+07    0.7125237E+08
 129      0.307955E+09   -0.2567831E+08    0.1432632E+09
 130      0.191328E+09   -0.6215064E+08    0.1794059E+09
 131      0.755910E+08   -0.9967391E+08    0.2133233E+09
 132     -0.317211E+08   -0.1412816E+09    0.2095953E+09
 133     -0.133710E+09   -0.1814648E+09    0.2060648E+09
 134     -0.216144E+09   -0.2135101E+09    0.1631431E+09
 135     -0.289563E+09   -0.2453247E+09    0.1189361E+09
 136     -0.341591E+09   -0.2545929E+09    0.5702124E+08
 137     -0.370568E+09   -0.2643616E+09   -0.5258193E+07
 138     -0.378768E+09   -0.2571641E+09   -0.6466116E+08
 139     -0.264423E+09   -0.2478165E+09   -0.1222081E+09
 140     -0.159196E+09   -0.2171160E+09   -0.1556057E+09
 141     -0.720379E+08   -0.1872769E+09   -0.1906116E+09
 142      0.478461E+07   -0.1476585E+09   -0.1997408E+09
 143      0.748088E+08   -0.1073545E+09   -0.2085220E+09
 144      0.145767E+09   -0.6878632E+08   -0.1799511E+09
 145      0.228259E+09   -0.2949388E+08   -0.1511534E+09
 146      0.327885E+09   -0.1085732E+08   -0.8069033E+08
 147      0.499153E+09    0.5746576E+07   -0.1007790E+08
 148      0.447199E+09    0.4970292E+07    0.3443245E+07
 149      0.341232E+09   -0.1317905E+08    0.8892894E+08
 150      0.241433E+09   -0.3273325E+08    0.1755444E+09
 151      0.150800E+09   -0.7301509E+08    0.2180586E+09
 152      0.597166E+08   -0.1138257E+09    0.2590154E+09
 153     -0.235388E+08   -0.1558452E+09    0.2503360E+09
 154     -0.103813E+09   -0.1958508E+09    0.2409097E+09
 155     -0.166800E+09   -0.2226202E+09    0.1917066E+09
 156     -0.227442E+09   -0.2508115E+09    0.1423664E+09
 157     -0.269033E+09   -0.2661527E+09    0.6950611E+08
 158     -0.298625E+09   -0.2802040E+09   -0.3912154E+07
 159     -0.306581E+09   -0.2684502E+09   -0.7534989E+08
 160     -0.214530E+09   -0.2563492E+09   -0.1443460E+09
 161     -0.117891E+09   -0.2269698E+09   -0.1847130E+09
 162     -0.435224E+08   -0.1974329E+09   -0.2270841E+09
 163      0.163916E+08   -0.1568446E+09   -0.2398358E+09
 164      0.653055E+08   -0.1156429E+09   -0.2523331E+09
 165      0.111978E+09   -0.7509793E+08   -0.2195353E+09
 166      0.168006E+09   -0.3399542E+08   -0.1864405E+09
 167      0.241380E+09   -0.1340916E+08   -0.9948571E+08
 168      0.377088E+09    0.5293250E+07   -0.1211882E+08
 169      0.352423E+09    0.6569889E+07    0.5240255E+07
 170      0.254931E+09   -0.1304307E+08    0.1068176E+09
 171      0.176825E+09   -0.3533508E+08    0.2088301E+09
 172      0.108987E+09   -0.7873626E+08    0.2569242E+09
 173      0.445306E+08   -0.1204004E+09    0.3041325E+09
 174     -0.152845E+08   -0.1642773E+09    0.2919429E+09
 175     -0.710913E+08   -0.2089807E+09    0.2773902E+09
 176     -0.118906E+09   -0.2397805E+09    0.2204120E+09
 177     -0.165324E+09   -0.2681706E+09    0.1655170E+09
 178     -0.195581E+09   -0.2759152E+09    0.8256277E+08
 179     -0.223907E+09   -0.2851492E+09   -0.2879347E+07
 180     -0.235010E+09   -0.2748276E+09   -0.8700324E+08
 181     -0.164439E+09   -0.2629913E+09   -0.1667910E+09
 182     -0.763037E+08   -0.2333916E+09   -0.2140406E+09
 183     -0.148530E+08   -0.2043594E+09   -0.2640040E+09
 184      0.279288E+08   -0.1638182E+09   -0.2804177E+09
 185      0.555731E+08   -0.1223725E+09   -0.2966356E+09
 186      0.778077E+08   -0.7917654E+08   -0.2595287E+09
 187      0.107605E+09   -0.3442678E+08   -0.2219796E+09
 188      0.154773E+09   -0.1234759E+08   -0.1182166E+09
 189      0.255218E+09    0.6914711E+07   -0.1385686E+08
 190      0.206483E+09    0.5369584E+07    0.9092419E+07
 191      0.135065E+09   -0.1703782E+08    0.1285442E+09
 192      0.910716E+08   -0.4155262E+08    0.2486261E+09
 193      0.580026E+08   -0.8705799E+08    0.2998637E+09
 194      0.299808E+08   -0.1323287E+09    0.3494579E+09
 195      0.256007E+07   -0.1718776E+09    0.3309715E+09
 196     -0.241364E+08   -0.2098396E+09    0.3115847E+09
 197     -0.550345E+08   -0.2341664E+09    0.2454833E+09
 198     -0.847962E+08   -0.2579981E+09    0.1795963E+09
 199     -0.106107E+09   -0.2642595E+09    0.8949874E+08
 200     -0.127198E+09   -0.2714775E+09   -0.1643272E+07
 201     -0.140576E+09   -0.2630077E+09   -0.9591319E+08
 202     -0.988984E+08   -0.2533411E+09   -0.1862620E+09
 203     -0.209203E+08   -0.2270436E+09   -0.2398630E+09
 204      0.257583E+08   -0.2011470E+09   -0.2962845E+09
 205      0.484086E+08   -0.1637261E+09   -0.3179449E+09
 206      0.489753E+08   -0.1253667E+09   -0.3398912E+09
 207      0.376840E+08   -0.8293513E+08   -0.3014451E+09
 208      0.274346E+08   -0.3899638E+08   -0.2622935E+09
 209      0.317857E+08   -0.1514133E+08   -0.1396610E+09
 210      0.836076E+08    0.6047900E+07   -0.1605204E+08
 211      0.595050E+08    0.7812738E+07    0.1238931E+08
 212      0.156810E+08   -0.1507442E+08    0.1503603E+09
 213      0.357794E+07   -0.4187767E+08    0.2890688E+09
 214      0.666500E+07   -0.8700512E+08    0.3437447E+09
 215      0.143067E+08   -0.1288838E+09    0.3964160E+09
 216      0.209438E+08   -0.1627017E+09    0.3712281E+09
 217      0.211744E+08   -0.1958749E+09    0.3454957E+09
 218      0.106295E+08   -0.2098271E+09    0.2704571E+09
 219     -0.177825E+07   -0.2228734E+09    0.1948229E+09
 220     -0.164495E+08   -0.2280020E+09    0.9776245E+08
 221     -0.302000E+08   -0.2348255E+09    0.7151058E+06
 222     -0.437492E+08   -0.2319300E+09   -0.1047593E+09
 223     -0.343778E+08   -0.2278828E+09   -0.2073518E+09
 224      0.343105E+08   -0.2060129E+09   -0.2670934E+09
 225      0.670887E+08   -0.1850521E+09   -0.3290452E+09
 226      0.689069E+08   -0.1548012E+09   -0.3562266E+09
 227      0.419576E+08   -0.1233757E+09   -0.3839995E+09
 228     -0.310183E+07   -0.8299205E+08   -0.3439736E+09
 229     -0.534943E+08   -0.3964488E+08   -0.3030982E+09
 230     -0.918784E+08   -0.1416111E+08   -0.1613003E+09
 231     -0.870390E+08    0.7675761E+07   -0.1806830E+08
 232     -0.145013E+09    0.5525763E+07    0.1714076E+08
 233     -0.141958E+09   -0.1952864E+08    0.1742781E+09
 234     -0.100788E+09   -0.4842652E+08    0.3312360E+09
 235     -0.420275E+08   -0.8773015E+08    0.3794847E+09
 236      0.104638E+08   -0.1238817E+09    0.4252505E+09
 237      0.544078E+08   -0.1412110E+09    0.3897265E+09
 238      0.829550E+08   -0.1570637E+09    0.3540675E+09
 239      0.896987E+08   -0.1586934E+09    0.2734983E+09
 240      0.903299E+08   -0.1603538E+09    0.1943221E+09
 241      0.787469E+08   -0.1586046E+09    0.9851949E+08
 242      0.728543E+08   -0.1576151E+09    0.2967777E+07
 243      0.631009E+08   -0.1603839E+09   -0.1013362E+09
 244      0.592215E+08   -0.1640469E+09   -0.2078366E+09
 245      0.980403E+08   -0.1558639E+09   -0.2765652E+09
 246      0.118249E+09   -0.1472248E+09   -0.3422605E+09
 247      0.102257E+09   -0.1292631E+09   -0.3751259E+09
 248      0.466449E+08   -0.1105274E+09   -0.4110721E+09
 249     -0.400645E+08   -0.7800202E+08   -0.3770717E+09
 250     -0.146999E+09   -0.4223730E+08   -0.3423857E+09
 251     -0.252710E+09   -0.1665583E+08   -0.1840045E+09
 252     -0.319600E+09    0.5311258E+07   -0.2282484E+08
 253     -0.347929E+09    0.7070192E+07    0.2349598E+08
 254     -0.300949E+09   -0.2007274E+08    0.1994406E+09
 255     -0.207239E+09   -0.5106316E+08    0.3748009E+09
 256     -0.915456E+08   -0.7995817E+08    0.4174227E+09
 257      0.677869E+07   -0.1041305E+09    0.4562107E+09
 258      0.875019E+08   -0.9569769E+08    0.4087845E+09
 259      0.146387E+09   -0.8515171E+08    0.3629395E+09
 260      0.169975E+09   -0.6325458E+08    0.2778177E+09
 261      0.182910E+09   -0.4319980E+08    0.1945870E+09
 262      0.175812E+09   -0.3207600E+08    0.9892676E+08
 263      0.177090E+09   -0.2062021E+08    0.4089503E+07
 264      0.170337E+09   -0.3129248E+08   -0.9680335E+08
 265      0.159876E+09   -0.4894523E+08   -0.2036121E+09
 266      0.163725E+09   -0.6963924E+08   -0.2859322E+09
 267      0.166181E+09   -0.8322767E+08   -0.3598819E+09
 268      0.135815E+09   -0.8242609E+08   -0.3964215E+09
 269      0.503678E+08   -0.8509706E+08   -0.4397933E+09
 270     -0.781400E+08   -0.6601673E+08   -0.4117210E+09
 271     -0.242989E+09   -0.4111822E+08   -0.3828155E+09
 272     -0.414450E+09   -0.1487951E+08   -0.2071824E+09
 273     -0.552556E+09    0.7441534E+07   -0.2769698E+08
 274     -0.627364E+09    0.8844486E+06    0.3653166E+08
 275     -0.487995E+09   -0.2134009E+08    0.2215194E+09
 276     -0.304150E+09   -0.4925663E+08    0.4017245E+09
 277     -0.114999E+09   -0.5350364E+08    0.4185414E+09
 278      0.371385E+08   -0.5125766E+08    0.4339461E+09
 279      0.144473E+09   -0.9877674E+07    0.3702378E+09
 280      0.217454E+09    0.3411006E+08    0.3109806E+09
 281      0.246933E+09    0.8427887E+08    0.2338389E+09
 282      0.262509E+09    0.1327861E+09    0.1584488E+09
 283      0.256985E+09    0.1556314E+09    0.7980173E+08
 284      0.258796E+09    0.1771132E+09    0.1681868E+07
 285      0.252871E+09    0.1608999E+09   -0.7805590E+08
 286      0.251035E+09    0.1422881E+09   -0.1603947E+09
 287      0.241584E+09    0.9097193E+08   -0.2381514E+09
 288      0.226714E+09    0.3856022E+08   -0.3139651E+09
 289      0.185081E+09    0.1045069E+07   -0.3631673E+09
 290      0.801880E+08   -0.3436183E+08   -0.4172639E+09
 291     -0.896137E+08   -0.3865401E+08   -0.4102711E+09
 292     -0.326677E+09   -0.3665233E+08   -0.4057740E+09
 293     -0.601671E+09   -0.1505665E+08   -0.2254856E+09
 294     -0.861683E+09    0.1255390E+07   -0.3703492E+08
 295     -0.907927E+09    0.8949803E+07    0.5078917E+08
 296     -0.677914E+09   -0.1830025E+08    0.2456838E+09
 297     -0.409556E+09   -0.4514975E+08    0.4347830E+09
 298     -0.138126E+09   -0.1100744E+08    0.4245230E+09
 299      0.657533E+08    0.3159157E+08    0.4139035E+09
 300      0.206800E+09    0.1317585E+09    0.3331365E+09
 301      0.289693E+09    0.2287386E+09    0.2580725E+09
 302      0.325892E+09    0.3153192E+09    0.1885454E+09
 303      0.342101E+09    0.3982793E+09    0.1210436E+09
 304      0.338876E+09    0.4323184E+09    0.6084974E+08
 305      0.339334E+09    0.4646109E+09    0.1003928E+07
 306      0.336236E+09    0.4379084E+09   -0.5865182E+08
 307      0.337926E+09    0.4091282E+09   -0.1186673E+09
 308      0.322519E+09    0.3298208E+09   -0.1876648E+09
 309      0.296398E+09    0.2475570E+09   -0.2608381E+09
 310      0.237628E+09    0.1499093E+09   -0.3276732E+09
 311      0.110236E+09    0.4990411E+08   -0.3966977E+09
 312     -0.100533E+09    0.4987601E+07   -0.4143718E+09
 313     -0.418565E+09   -0.3246854E+08   -0.4360337E+09
 314     -0.793864E+09   -0.1200879E+08   -0.2470665E+09
 315     -0.117202E+10    0.8441338E+07   -0.4802567E+08
 316     -0.127087E+10   -0.1905724E+08    0.7742317E+08
 317     -0.855766E+09   -0.1491388E+08    0.2478942E+09
 318     -0.428761E+09   -0.2028976E+08    0.3975975E+09
 319     -0.893525E+08    0.8224407E+08    0.3224359E+09
 320      0.142423E+09    0.2011693E+09    0.2611245E+09
 321      0.276731E+09    0.3633346E+09    0.1841623E+09
 322      0.344321E+09    0.5220579E+09    0.1163139E+09
 323      0.366281E+09    0.6395902E+09    0.7855112E+08
 324      0.372419E+09    0.7547415E+09    0.4179663E+08
 325      0.365392E+09    0.8005191E+09    0.1963287E+08
 326      0.363503E+09    0.8455501E+09   -0.3296916E+07
 327      0.361278E+09    0.8149436E+09   -0.2476255E+08
 328      0.368645E+09    0.7836521E+09   -0.4624758E+08
 329      0.361278E+09    0.6762591E+09   -0.8015827E+08
 330      0.353658E+09    0.5639629E+09   -0.1146801E+09
 331      0.300370E+09    0.4052135E+09   -0.1752346E+09
 332      0.184439E+09    0.2458705E+09   -0.2418884E+09
 333     -0.439351E+08    0.1210409E+09   -0.3036662E+09
 334     -0.423354E+09    0.8645281E+07   -0.3834577E+09
 335     -0.961239E+09   -0.1998803E+07   -0.2392155E+09
 336     -0.157073E+10   -0.1923747E+08   -0.7039506E+08
 337     -0.166809E+10    0.3363701E+08    0.1301312E+09
 338     -0.103749E+10    0.2109023E+07    0.2598379E+09
 339     -0.482439E+09    0.1488003E+08    0.3750059E+09
 340     -0.173203E+08    0.2555627E+09    0.2294864E+09
 341      0.225900E+09    0.4760833E+09    0.9607723E+08
 342      0.351675E+09    0.7264604E+09    0.2816610E+08
 343      0.401445E+09    0.9560975E+09   -0.3105653E+08
 344      0.405557E+09    0.1097984E+10   -0.3437345E+08
 345      0.402925E+09    0.1236850E+10   -0.3889235E+08
 346      0.388862E+09    0.1286113E+10   -0.2282140E+08
 347      0.387943E+09    0.1336232E+10   -0.8211367E+07
 348      0.382412E+09    0.1296049E+10    0.1027751E+08
 349      0.400071E+09    0.1254944E+10    0.2951669E+08
 350      0.397673E+09    0.1126283E+10    0.3037121E+08
 351      0.408744E+09    0.9995301E+09    0.3370072E+08
 352      0.370462E+09    0.7828377E+09   -0.1591601E+08
 353      0.266058E+09    0.5448204E+09   -0.7223415E+08
 354      0.343080E+08    0.3164728E+09   -0.1964961E+09
 355     -0.453271E+09    0.6894817E+08   -0.3401276E+09
 356     -0.113367E+10    0.2735715E+08   -0.2378414E+09
 357     -0.200887E+10    0.2605921E+08   -0.1116795E+09
 358     -0.209109E+10   -0.1126837E+09    0.1621971E+09
 359     -0.105108E+10    0.5314183E+08    0.1547750E+09
 360     -0.261780E+09    0.2085365E+09    0.8076126E+08
 361      0.110466E+09    0.5863059E+09   -0.1271878E+09
 362      0.284787E+09    0.9803053E+09   -0.2513074E+09
 363      0.349873E+09    0.1264125E+10   -0.2399552E+09
 364      0.371446E+09    0.1538332E+10   -0.2318298E+09
 365      0.356997E+09    0.1684124E+10   -0.1774383E+09
 366      0.348508E+09    0.1831270E+10   -0.1264642E+09
 367      0.329043E+09    0.1874051E+10   -0.6469747E+08
 368      0.328933E+09    0.1918417E+10   -0.4010193E+07
 369      0.321782E+09    0.1873553E+10    0.5737327E+08
 370      0.342716E+09    0.1832481E+10    0.1196303E+09
 371      0.347995E+09    0.1692647E+10    0.1735990E+09
 372      0.371649E+09    0.1552285E+10    0.2307444E+09
 373      0.364858E+09    0.1289510E+10    0.2480485E+09
 374      0.315870E+09    0.1019211E+10    0.2695591E+09
 375      0.154782E+09    0.6378581E+09    0.1620774E+09
 376     -0.234185E+09    0.2644909E+09   -0.2052878E+08
 377     -0.111013E+10    0.8230546E+08   -0.1048745E+09
 378     -0.242254E+10   -0.1022934E+09   -0.1243471E+09
 379     -0.315868E+10    0.2489368E+09    0.6177885E+09
 380     -0.911138E+09    0.2586846E+09    0.1353635E+09
 381      0.280702E+08    0.5146096E+09   -0.3927015E+09
 382      0.236293E+09    0.1280440E+10   -0.5467237E+09
 383      0.346063E+09    0.1795427E+10   -0.6159532E+09
 384      0.335473E+09    0.2058007E+10   -0.5207981E+09
 385      0.334282E+09    0.2325643E+10   -0.4333805E+09
 386      0.301645E+09    0.2435585E+10   -0.3210776E+09
 387      0.288130E+09    0.2552077E+10   -0.2130473E+09
 388      0.264873E+09    0.2576746E+10   -0.1056732E+09
 389      0.263560E+09    0.2604986E+10    0.1466904E+07
 390      0.258721E+09    0.2557685E+10    0.1055952E+09
 391      0.278839E+09    0.2513965E+10    0.2101634E+09
 392      0.291588E+09    0.2386220E+10    0.3206611E+09
 393      0.327863E+09    0.2265576E+10    0.4343519E+09
 394      0.348482E+09    0.2006425E+10    0.5267828E+09
 395      0.366423E+09    0.1753149E+10    0.6290337E+09
 396      0.275309E+09    0.1260239E+10    0.5827264E+09
 397      0.514203E+08    0.5489641E+09    0.4551944E+09
 398     -0.942011E+09    0.2791241E+09   -0.4454344E+08
 399     -0.344265E+10    0.2176814E+09   -0.4812088E+09
 400     -0.258283E+10   -0.4564392E+09   -0.1429565E+09
 401     -0.305752E+09    0.8245086E+09   -0.7544167E+09
 402     -0.128773E+08    0.2061457E+10   -0.1190433E+10
 403      0.147390E+09    0.2485873E+10   -0.9902889E+09
 404      0.177185E+09    0.2924215E+10   -0.8712772E+09
 405      0.171104E+09    0.3077893E+10   -0.6955685E+09
 406      0.169174E+09    0.3247873E+10   -0.5296524E+09
 407      0.151728E+09    0.3301413E+10   -0.3785741E+09
 408      0.146039E+09    0.3360359E+10   -0.2302386E+09
 409      0.132930E+09    0.3353643E+10   -0.9994553E+08
 410      0.132545E+09    0.3351522E+10    0.2961005E+08
 411      0.131615E+09    0.3305072E+10    0.1553874E+09
 412      0.141393E+09    0.3261105E+10    0.2815239E+09
 413      0.149014E+09    0.3166685E+10    0.4217856E+09
 414      0.168965E+09    0.3079346E+10    0.5638059E+09
 415      0.186220E+09    0.2895273E+10    0.7286980E+09
 416      0.195207E+09    0.2722631E+10    0.9037812E+09
 417      0.179741E+09    0.2299955E+10    0.1033421E+10
 418      0.208022E+08    0.1874054E+10    0.1253202E+10
 419     -0.304500E+09    0.7482698E+09    0.8015944E+09
 420     -0.271475E+10   -0.3948627E+09    0.2219894E+09
 421     -0.135311E+10    0.4345669E+10   -0.1070545E+10
 422      0.130925E+09    0.4398880E+10   -0.1617876E+10
 423     -0.705589E+08    0.4400905E+10   -0.1821020E+10
 424      0.357445E+08    0.4322842E+10   -0.1362330E+10
 425      0.170990E+07    0.4329326E+10   -0.1088186E+10
 426      0.897322E+07    0.4305535E+10   -0.8417500E+09
 427      0.658483E+07    0.4295869E+10   -0.6106119E+09
 428      0.605948E+07    0.4261340E+10   -0.4249663E+09
 429      0.798877E+07    0.4232191E+10   -0.2405657E+09
 430      0.574332E+07    0.4187759E+10   -0.8896521E+08
 431      0.692659E+07    0.4144313E+10    0.6052088E+08
 432      0.850647E+07    0.4098241E+10    0.2057572E+09
 433      0.938342E+07    0.4055099E+10    0.3515998E+09
 434      0.119082E+08    0.4008031E+10    0.5182702E+09
 435      0.141242E+08    0.3964862E+10    0.6855051E+09
 436      0.259223E+08    0.3920855E+10    0.9127651E+09
 437      0.195628E+08    0.3889285E+10    0.1153371E+10
 438      0.650719E+08    0.3845749E+10    0.1434063E+10
 439     -0.330994E+08    0.3881831E+10    0.1919705E+10
 440      0.189968E+09    0.3771719E+10    0.1704296E+10
 441     -0.135161E+10    0.3589796E+10    0.1217641E+10
