   1      0.546221E+09   -0.4345273E+07   -0.6972971E+06
   2      0.455380E+09    0.1272622E+08   -0.3554328E+07
   3      0.333685E+09    0.3251978E+08   -0.6679859E+07
   4      0.208213E+09    0.6039860E+08   -0.6062007E+07
   5      0.851543E+08    0.8429897E+08   -0.4920545E+07
   6     -0.298846E+08    0.1032471E+09   -0.5704833E+07
   7     -0.122408E+09    0.1256046E+09   -0.6596902E+07
   8     -0.213449E+09    0.1422743E+09   -0.4356958E+07
   9     -0.282687E+09    0.1567123E+09   -0.3168631E+07
  10     -0.326235E+09    0.1621982E+09   -0.2779290E+07
  11     -0.352513E+09    0.1672045E+09   -0.3871974E+06
  12     -0.350849E+09    0.1536241E+09    0.1715857E+06
  13     -0.321543E+09    0.1418202E+09   -0.1740377E+07
  14     -0.276483E+09    0.1166103E+09    0.2583221E+07
  15     -0.206553E+09    0.8939434E+08    0.8259043E+07
  16     -0.111854E+09    0.5246875E+08    0.1162081E+08
  17      0.246192E+08    0.1189565E+08    0.1445404E+08
  18      0.160108E+09   -0.5439200E+07    0.7415787E+07
  19      0.308064E+09   -0.1328365E+08    0.1011614E+07
  20      0.464229E+09   -0.3423290E+07    0.5710737E+06
  21      0.631044E+09    0.1611465E+07    0.5783432E+05
  22      0.564828E+09   -0.5823642E+06   -0.3817643E+07
  23      0.459810E+09    0.4882769E+07   -0.9368054E+07
  24      0.335665E+09    0.1079127E+08   -0.1429566E+08
  25      0.206160E+09    0.1675582E+08   -0.1211329E+08
  26      0.848417E+08    0.2286242E+08   -0.1067821E+08
  27     -0.310112E+08    0.2774803E+08   -0.9657225E+07
  28     -0.124470E+09    0.3161773E+08   -0.8389301E+07
  29     -0.217256E+09    0.3114376E+08   -0.4883193E+07
  30     -0.283029E+09    0.3143448E+08   -0.2379359E+07
  31     -0.330648E+09    0.2749249E+08    0.9048864E+06
  32     -0.357908E+09    0.2414867E+08    0.5117262E+07
  33     -0.356888E+09    0.1414214E+08    0.1151582E+08
  34     -0.332236E+09    0.1938496E+07    0.1980541E+08
  35     -0.280001E+09   -0.2382213E+08    0.2500010E+08
  36     -0.197843E+09   -0.5195083E+08    0.2674478E+08
  37     -0.973738E+08   -0.5546752E+08    0.1185216E+08
  38      0.336913E+08   -0.5087941E+08   -0.1945735E+07
  39      0.165178E+09   -0.2913727E+08   -0.7317500E+07
  40      0.306826E+09   -0.1166071E+08   -0.1191787E+08
  41      0.458436E+09   -0.4803133E+07   -0.6139977E+07
  42      0.624794E+09    0.1866427E+07   -0.7833069E+06
  43      0.588905E+09    0.1375350E+07   -0.6850090E+07
  44      0.465526E+09   -0.2109023E+07   -0.1460726E+08
  45      0.338956E+09   -0.5921884E+07   -0.2092334E+08
  46      0.204667E+09   -0.1542895E+08   -0.1763567E+08
  47      0.850601E+08   -0.2535521E+08   -0.1558515E+08
  48     -0.327405E+08   -0.4150938E+08   -0.1237092E+08
  49     -0.126407E+09   -0.5684550E+08   -0.9795747E+07
  50     -0.222731E+09   -0.6604822E+08   -0.5533108E+07
  51     -0.283515E+09   -0.7490528E+08   -0.1717253E+07
  52     -0.336628E+09   -0.8314166E+08    0.4863400E+07
  53     -0.363378E+09   -0.9112409E+08    0.1079571E+08
  54     -0.364098E+09   -0.1054201E+09    0.2459642E+08
  55     -0.352649E+09   -0.1267761E+09    0.4737409E+08
  56     -0.284892E+09   -0.1340480E+09    0.4870554E+08
  57     -0.187394E+09   -0.1284870E+09    0.3855075E+08
  58     -0.792488E+08   -0.8974924E+08    0.7069692E+07
  59      0.442964E+08   -0.5828313E+08   -0.2056805E+08
  60      0.170796E+09   -0.3755189E+08   -0.2315411E+08
  61      0.306178E+09   -0.1499671E+08   -0.2498675E+08
  62      0.453349E+09   -0.5317222E+07   -0.1273033E+08
  63      0.619404E+09    0.3213088E+07   -0.1193134E+07
  64      0.603965E+09    0.2041486E+07   -0.3831627E+07
  65      0.466660E+09   -0.8375323E+07   -0.3727733E+07
  66      0.332507E+09   -0.1921985E+08   -0.2059165E+07
  67      0.199786E+09   -0.4251031E+08    0.5554212E+07
  68      0.779739E+08   -0.6611748E+08    0.1242920E+08
  69     -0.347037E+08   -0.9357226E+08    0.1550064E+08
  70     -0.128345E+09   -0.1216349E+09    0.1776706E+08
  71     -0.221050E+09   -0.1448947E+09    0.1585196E+08
  72     -0.287001E+09   -0.1666514E+09    0.1418260E+08
  73     -0.340357E+09   -0.1786428E+09    0.1752812E+08
  74     -0.372215E+09   -0.1906769E+09    0.2151670E+08
  75     -0.380802E+09   -0.2004949E+09    0.3529725E+08
  76     -0.354671E+09   -0.2123178E+09    0.4821668E+08
  77     -0.256887E+09   -0.1825288E+09    0.2083134E+08
  78     -0.156388E+09   -0.1481584E+09   -0.9281773E+07
  79     -0.538214E+08   -0.1102852E+09   -0.3303144E+08
  80      0.544763E+08   -0.7499574E+08   -0.5438605E+08
  81      0.167615E+09   -0.4776339E+08   -0.5111876E+08
  82      0.292349E+09   -0.2007952E+08   -0.4690725E+08
  83      0.430757E+09   -0.7987810E+07   -0.2387197E+08
  84      0.596860E+09    0.3309577E+07   -0.1708048E+07
  85      0.614162E+09    0.5981570E+07   -0.1740480E+07
  86      0.468341E+09   -0.9090058E+07    0.6911141E+07
  87      0.325786E+09   -0.2564892E+08    0.1643037E+08
  88      0.194498E+09   -0.6119154E+08    0.2879752E+08
  89      0.700403E+08   -0.9726962E+08    0.4049751E+08
  90     -0.360549E+08   -0.1358579E+09    0.4234578E+08
  91     -0.132357E+09   -0.1726528E+09    0.4495641E+08
  92     -0.217095E+09   -0.2023452E+09    0.3812650E+08
  93     -0.293160E+09   -0.2318051E+09    0.3096415E+08
  94     -0.343113E+09   -0.2483383E+09    0.3109798E+08
  95     -0.382923E+09   -0.2691576E+09    0.3476259E+08
  96     -0.401429E+09   -0.2642412E+09    0.4322565E+08
  97     -0.339225E+09   -0.2510619E+09    0.3824341E+08
  98     -0.225915E+09   -0.2081134E+09   -0.1060780E+08
  99     -0.127178E+09   -0.1687760E+09   -0.5046607E+08
 100     -0.327214E+08   -0.1287875E+09   -0.6837452E+08
 101      0.630768E+08   -0.8886828E+08   -0.8642094E+08
 102      0.164010E+09   -0.5642414E+08   -0.7822504E+08
 103      0.278258E+09   -0.2315285E+08   -0.6892973E+08
 104      0.407793E+09   -0.8413497E+07   -0.3503327E+08
 105      0.575351E+09    0.4845992E+07   -0.2041614E+07
 106      0.587811E+09    0.5267308E+07   -0.8279545E+06
 107      0.443243E+09   -0.1367474E+08    0.2594270E+08
 108      0.303503E+09   -0.3456869E+08    0.5351862E+08
 109      0.176596E+09   -0.7903242E+08    0.7190715E+08
 110      0.640082E+08   -0.1225899E+09    0.8884381E+08
 111     -0.351925E+08   -0.1683913E+09    0.8757542E+08
 112     -0.126791E+09   -0.2140683E+09    0.8669481E+08
 113     -0.202314E+09   -0.2491310E+09    0.7292923E+08
 114     -0.279220E+09   -0.2840528E+09    0.5739848E+08
 115     -0.333803E+09   -0.2988512E+09    0.4609026E+08
 116     -0.384719E+09   -0.3158085E+09    0.4234627E+08
 117     -0.380757E+09   -0.2981745E+09    0.2240089E+08
 118     -0.283604E+09   -0.2737418E+09   -0.8621560E+07
 119     -0.185307E+09   -0.2287847E+09   -0.5302905E+08
 120     -0.977918E+08   -0.1877452E+09   -0.9277112E+08
 121     -0.160470E+08   -0.1453666E+09   -0.1105931E+09
 122      0.650067E+08   -0.1024813E+09   -0.1281987E+09
 123      0.149400E+09   -0.6612633E+08   -0.1140396E+09
 124      0.246617E+09   -0.2949785E+08   -0.9887309E+08
 125      0.359868E+09   -0.1207400E+08   -0.5127651E+08
 126      0.522074E+09    0.4204544E+07   -0.4385753E+07
 127      0.562285E+09    0.8275949E+07   -0.3601195E+06
 128      0.417137E+09   -0.1237498E+08    0.4447586E+08
 129      0.280467E+09   -0.3564313E+08    0.9052505E+08
 130      0.159188E+09   -0.8842463E+08    0.1151761E+09
 131      0.586269E+08   -0.1414858E+09    0.1378843E+09
 132     -0.345960E+08   -0.1980773E+09    0.1336056E+09
 133     -0.120072E+09   -0.2530341E+09    0.1293818E+09
 134     -0.189139E+09   -0.2895615E+09    0.1071511E+09
 135     -0.262179E+09   -0.3258324E+09    0.8290779E+08
 136     -0.325707E+09   -0.3345297E+09    0.5960271E+08
 137     -0.386843E+09   -0.3412551E+09    0.4508597E+08
 138     -0.350889E+09   -0.3135983E+09    0.1537656E+07
 139     -0.237386E+09   -0.2860813E+09   -0.5054905E+08
 140     -0.146682E+09   -0.2446661E+09   -0.9361273E+08
 141     -0.688016E+08   -0.2039362E+09   -0.1355456E+09
 142      0.843566E+06   -0.1588762E+09   -0.1529864E+09
 143      0.666627E+08   -0.1132946E+09   -0.1699507E+09
 144      0.134476E+09   -0.7304273E+08   -0.1498220E+09
 145      0.214772E+09   -0.3195129E+08   -0.1288461E+09
 146      0.312057E+09   -0.1195528E+08   -0.6762717E+08
 147      0.468020E+09    0.6085425E+07   -0.6820580E+07
 148      0.490522E+09    0.6630609E+07    0.1554664E+07
 149      0.349564E+09   -0.1824668E+08    0.6881946E+08
 150      0.230183E+09   -0.4527917E+08    0.1369768E+09
 151      0.128262E+09   -0.1009800E+09    0.1694347E+09
 152      0.489447E+08   -0.1564687E+09    0.2005392E+09
 153     -0.251187E+08   -0.2147095E+09    0.1908953E+09
 154     -0.937308E+08   -0.2725155E+09    0.1797676E+09
 155     -0.154059E+09   -0.3086966E+09    0.1425825E+09
 156     -0.222326E+09   -0.3447745E+09    0.1064490E+09
 157     -0.284459E+09   -0.3505910E+09    0.6390338E+08
 158     -0.352995E+09   -0.3532322E+09    0.2512344E+08
 159     -0.288589E+09   -0.3226400E+09   -0.2755363E+08
 160     -0.185716E+09   -0.2935986E+09   -0.8530422E+08
 161     -0.101352E+09   -0.2540694E+09   -0.1328282E+09
 162     -0.352511E+08   -0.2144842E+09   -0.1794725E+09
 163      0.184483E+08   -0.1687747E+09   -0.1983712E+09
 164      0.639363E+08   -0.1225366E+09   -0.2170127E+09
 165      0.108129E+09   -0.7987521E+08   -0.1916970E+09
 166      0.162741E+09   -0.3658919E+08   -0.1656833E+09
 167      0.234332E+09   -0.1481428E+08   -0.8789440E+08
 168      0.363482E+09    0.5217747E+07   -0.1006762E+08
 169      0.418504E+09    0.9324709E+07    0.4011272E+07
 170      0.281645E+09   -0.1769160E+08    0.9364340E+08
 171      0.180387E+09   -0.4820682E+08    0.1837749E+09
 172      0.966920E+08   -0.1085359E+09    0.2235180E+09
 173      0.382218E+08   -0.1682947E+09    0.2627581E+09
 174     -0.155480E+08   -0.2266120E+09    0.2477718E+09
 175     -0.643956E+08   -0.2820728E+09    0.2291409E+09
 176     -0.118842E+09   -0.3184716E+09    0.1789981E+09
 177     -0.182643E+09   -0.3565004E+09    0.1309006E+09
 178     -0.240870E+09   -0.3565699E+09    0.6753787E+08
 179     -0.317145E+09   -0.3528654E+09    0.6729716E+07
 180     -0.229659E+09   -0.3226965E+09   -0.5574290E+08
 181     -0.131978E+09   -0.2945682E+09   -0.1207476E+09
 182     -0.555310E+08   -0.2565711E+09   -0.1723686E+09
 183     -0.145212E+07   -0.2187020E+09   -0.2237661E+09
 184      0.360758E+08   -0.1738234E+09   -0.2441838E+09
 185      0.609575E+08   -0.1280291E+09   -0.2644868E+09
 186      0.814333E+08   -0.8323625E+08   -0.2339541E+09
 187      0.110297E+09   -0.3675349E+08   -0.2027862E+09
 188      0.156602E+09   -0.1331232E+08   -0.1080500E+09
 189      0.258176E+09    0.7311782E+07   -0.1291042E+08
 190      0.281593E+09    0.7319387E+07    0.7738222E+07
 191      0.167077E+09   -0.2088212E+08    0.1217469E+09
 192      0.999889E+08   -0.5197295E+08    0.2365810E+09
 193      0.526051E+08   -0.1130858E+09    0.2817274E+09
 194      0.294362E+08   -0.1732983E+09    0.3245446E+09
 195      0.867937E+07   -0.2266585E+09    0.2999020E+09
 196     -0.163561E+08   -0.2798943E+09    0.2750882E+09
 197     -0.574184E+08   -0.3133280E+09    0.2115629E+09
 198     -0.104596E+09   -0.3449188E+09    0.1470944E+09
 199     -0.160743E+09   -0.3432971E+09    0.6546648E+08
 200     -0.237621E+09   -0.3396003E+09   -0.1554081E+08
 201     -0.163310E+09   -0.3078643E+09   -0.8435690E+08
 202     -0.694677E+08   -0.2784679E+09   -0.1517784E+09
 203     -0.146675E+07   -0.2450368E+09   -0.2059452E+09
 204      0.399129E+08   -0.2115396E+09   -0.2611547E+09
 205      0.589256E+08   -0.1707126E+09   -0.2853537E+09
 206      0.584402E+08   -0.1288922E+09   -0.3097465E+09
 207      0.470884E+08   -0.8536511E+08   -0.2771002E+09
 208      0.376314E+08   -0.4029474E+08   -0.2438304E+09
 209      0.426288E+08   -0.1587812E+08   -0.1302403E+09
 210      0.965741E+08    0.5995910E+07   -0.1560761E+08
 211      0.144682E+09    0.9619900E+07    0.1182279E+08
 212      0.526237E+08   -0.2106428E+08    0.1501140E+09
 213      0.177173E+08   -0.5612362E+08    0.2896636E+09
 214      0.734065E+07   -0.1150216E+09    0.3406938E+09
 215      0.220891E+08   -0.1709578E+09    0.3872204E+09
 216      0.331608E+08   -0.2183955E+09    0.3539049E+09
 217      0.286033E+08   -0.2648219E+09    0.3228950E+09
 218      0.718644E+07   -0.2837579E+09    0.2433572E+09
 219     -0.259099E+08   -0.3030339E+09    0.1632915E+09
 220     -0.792032E+08   -0.3002139E+09    0.6445688E+08
 221     -0.155356E+09   -0.2942065E+09   -0.3875425E+08
 222     -0.981701E+08   -0.2667050E+09   -0.1137220E+09
 223     -0.659899E+07   -0.2420044E+09   -0.1826397E+09
 224      0.533304E+08   -0.2156325E+09   -0.2398739E+09
 225      0.816767E+08   -0.1897102E+09   -0.2992222E+09
 226      0.818929E+08   -0.1570130E+09   -0.3272621E+09
 227      0.555556E+08   -0.1231251E+09   -0.3558186E+09
 228      0.121138E+08   -0.8272088E+08   -0.3208892E+09
 229     -0.357963E+08   -0.3938101E+08   -0.2853035E+09
 230     -0.721632E+08   -0.1412746E+08   -0.1525671E+09
 231     -0.643760E+08    0.7633656E+07   -0.1823561E+08
 232     -0.698397E+08    0.6978554E+07    0.1851108E+08
 233     -0.109865E+09   -0.2432552E+08    0.1806688E+09
 234     -0.880521E+08   -0.6030816E+08    0.3425153E+09
 235     -0.372229E+08   -0.1101302E+09    0.3866539E+09
 236      0.256144E+08   -0.1562869E+09    0.4281487E+09
 237      0.749182E+08   -0.1855144E+09    0.3842825E+09
 238      0.974033E+08   -0.2130777E+09    0.3405326E+09
 239      0.960664E+08   -0.2203560E+09    0.2515624E+09
 240      0.742646E+08   -0.2279205E+09    0.1640677E+09
 241      0.271365E+08   -0.2195881E+09    0.5823407E+08
 242     -0.392875E+08   -0.2110500E+09   -0.5321108E+08
 243     -0.318652E+08   -0.1932021E+09   -0.1310535E+09
 244      0.572202E+08   -0.1755896E+09   -0.2007240E+09
 245      0.110829E+09   -0.1593253E+09   -0.2557849E+09
 246      0.130432E+09   -0.1445940E+09   -0.3141714E+09
 247      0.114322E+09   -0.1257954E+09   -0.3476699E+09
 248      0.616867E+08   -0.1057172E+09   -0.3826230E+09
 249     -0.204992E+08   -0.7451517E+08   -0.3528517E+09
 250     -0.122106E+09   -0.4014434E+08   -0.3227144E+09
 251     -0.223156E+09   -0.1586472E+08   -0.1742006E+09
 252     -0.287736E+09    0.5047325E+07   -0.2268970E+08
 253     -0.282730E+09    0.9835440E+07    0.2450797E+08
 254     -0.274403E+09   -0.2146343E+08    0.2117962E+09
 255     -0.195576E+09   -0.5790343E+08    0.3977237E+09
 256     -0.817009E+08   -0.9693250E+08    0.4352417E+09
 257      0.261913E+08   -0.1295514E+09    0.4708832E+09
 258      0.117698E+09   -0.1288795E+09    0.4149819E+09
 259      0.169976E+09   -0.1271593E+09    0.3587419E+09
 260      0.185058E+09   -0.1119181E+09    0.2612833E+09
 261      0.178528E+09   -0.9813571E+08    0.1656576E+09
 262      0.135129E+09   -0.9158640E+08    0.5329685E+08
 263      0.789712E+08   -0.8810663E+08   -0.6517507E+08
 264      0.337919E+08   -0.8137532E+08   -0.1491768E+09
 265      0.122238E+09   -0.6930892E+08   -0.2219027E+09
 266      0.169316E+09   -0.6526084E+08   -0.2726259E+09
 267      0.180149E+09   -0.6715287E+08   -0.3294432E+09
 268      0.147467E+09   -0.7131190E+08   -0.3691208E+09
 269      0.671953E+08   -0.7428754E+08   -0.4107968E+09
 270     -0.540234E+08   -0.5797456E+08   -0.3861506E+09
 271     -0.210574E+09   -0.3671749E+08   -0.3613467E+09
 272     -0.375482E+09   -0.1334913E+08   -0.1964149E+09
 273     -0.511430E+09    0.6689134E+07   -0.2736689E+08
 274     -0.581564E+09    0.7224066E+06    0.3877051E+08
 275     -0.475937E+09   -0.2485218E+08    0.2369788E+09
 276     -0.293999E+09   -0.5607656E+08    0.4292282E+09
 277     -0.999419E+08   -0.6401819E+08    0.4407280E+09
 278      0.607102E+08   -0.6515333E+08    0.4516190E+09
 279      0.182102E+09   -0.2752804E+08    0.3810457E+09
 280      0.252535E+09    0.1178819E+08    0.3150128E+09
 281      0.275008E+09    0.5355969E+08    0.2251735E+09
 282      0.273600E+09    0.9474536E+08    0.1376061E+09
 283      0.231988E+09    0.1085101E+09    0.4437028E+08
 284      0.183656E+09    0.1160473E+09   -0.5386373E+08
 285      0.119406E+09    0.1042863E+09   -0.1412284E+09
 286      0.159637E+09    0.9926380E+08   -0.2165534E+09
 287      0.213080E+09    0.7946139E+08   -0.2506143E+09
 288      0.227325E+09    0.5413660E+08   -0.2938900E+09
 289      0.190974E+09    0.1880587E+08   -0.3375651E+09
 290      0.953703E+08   -0.1569567E+08   -0.3851504E+09
 291     -0.636419E+08   -0.2535342E+08   -0.3802726E+09
 292     -0.287217E+09   -0.2855883E+08   -0.3773976E+09
 293     -0.549108E+09   -0.1190075E+08   -0.2105974E+09
 294     -0.804175E+09    0.2510104E+06   -0.3580998E+08
 295     -0.884616E+09    0.8407334E+07    0.5678096E+08
 296     -0.679584E+09   -0.2138660E+08    0.2650980E+09
 297     -0.401229E+09   -0.5063435E+08    0.4661608E+09
 298     -0.117538E+09   -0.1336165E+08    0.4498423E+09
 299      0.951928E+08    0.3315490E+08    0.4339246E+09
 300      0.250830E+09    0.1308954E+09    0.3487383E+09
 301      0.335572E+09    0.2247943E+09    0.2698509E+09
 302      0.367847E+09    0.3012472E+09    0.1885327E+09
 303      0.366882E+09    0.3718613E+09    0.1097929E+09
 304      0.329187E+09    0.3925696E+09    0.3416141E+08
 305      0.286163E+09    0.4132845E+09   -0.4459504E+08
 306      0.213979E+09    0.3810889E+09   -0.1309080E+09
 307      0.191214E+09    0.3480848E+09   -0.2088574E+09
 308      0.255253E+09    0.2951754E+09   -0.2284938E+09
 309      0.277051E+09    0.2394837E+09   -0.2561973E+09
 310      0.237430E+09    0.1596736E+09   -0.3059972E+09
 311      0.123431E+09    0.7579423E+08   -0.3605395E+09
 312     -0.721764E+08    0.2609412E+08   -0.3775364E+09
 313     -0.371197E+09   -0.1801723E+08   -0.3973100E+09
 314     -0.725739E+09   -0.7064219E+07   -0.2264824E+09
 315     -0.110000E+10    0.6132268E+07   -0.4616873E+08
 316     -0.128472E+10   -0.2003351E+08    0.8396179E+08
 317     -0.865902E+09   -0.1203254E+08    0.2646880E+09
 318     -0.422472E+09   -0.1261717E+08    0.4229693E+09
 319     -0.653952E+08    0.9377756E+08    0.3435936E+09
 320      0.176055E+09    0.2152446E+09    0.2790109E+09
 321      0.321096E+09    0.3771343E+09    0.2003460E+09
 322      0.393095E+09    0.5364228E+09    0.1320023E+09
 323      0.415261E+09    0.6448760E+09    0.8897705E+08
 324      0.406074E+09    0.7501489E+09    0.4704682E+08
 325      0.370896E+09    0.7768287E+09    0.1122079E+08
 326      0.328841E+09    0.8011321E+09   -0.2554207E+08
 327      0.272530E+09    0.7434241E+09   -0.7328413E+08
 328      0.233413E+09    0.6844789E+09   -0.1262231E+09
 329      0.259613E+09    0.5924061E+09   -0.1394829E+09
 330      0.296544E+09    0.5020816E+09   -0.1437049E+09
 331      0.278022E+09    0.3700423E+09   -0.1768953E+09
 332      0.184053E+09    0.2331989E+09   -0.2216812E+09
 333     -0.240017E+08    0.1197413E+09   -0.2752827E+09
 334     -0.376940E+09    0.1812722E+08   -0.3437223E+09
 335     -0.875493E+09    0.3280080E+07   -0.2141906E+09
 336     -0.145819E+10   -0.1766941E+08   -0.6246563E+08
 337     -0.171531E+10    0.3116195E+08    0.1368237E+09
 338     -0.105784E+10    0.3788736E+07    0.2740489E+09
 339     -0.477054E+09    0.2232647E+08    0.3942364E+09
 340      0.980372E+07    0.2767437E+09    0.2457989E+09
 341      0.265418E+09    0.5109149E+09    0.1108418E+09
 342      0.396416E+09    0.7628160E+09    0.4484999E+08
 343      0.452115E+09    0.9914199E+09   -0.1016811E+08
 344      0.461456E+09    0.1123034E+10   -0.1402233E+08
 345      0.444618E+09    0.1253727E+10   -0.1936403E+08
 346      0.409208E+09    0.1279578E+10   -0.1085076E+08
 347      0.370598E+09    0.1304178E+10   -0.2763408E+07
 348      0.324329E+09    0.1231734E+10   -0.1241445E+08
 349      0.287960E+09    0.1150112E+10   -0.3189875E+08
 350      0.268307E+09    0.1000706E+10   -0.4407819E+08
 351      0.307406E+09    0.8701985E+09   -0.3500434E+08
 352      0.322032E+09    0.6906782E+09   -0.4339170E+08
 353      0.251051E+09    0.4830744E+09   -0.7015511E+08
 354      0.433651E+08    0.2794203E+09   -0.1794843E+09
 355     -0.411001E+09    0.5609018E+08   -0.3012491E+09
 356     -0.102841E+10    0.2282241E+08   -0.2088676E+09
 357     -0.184847E+10    0.2961037E+08   -0.9775540E+08
 358     -0.216897E+10   -0.1171598E+09    0.1721208E+09
 359     -0.106537E+10    0.5837010E+08    0.1599012E+09
 360     -0.253214E+09    0.2263417E+09    0.7935313E+08
 361      0.131475E+09    0.6225423E+09   -0.1258440E+09
 362      0.317233E+09    0.1031026E+10   -0.2437122E+09
 363      0.386739E+09    0.1314125E+10   -0.2235132E+09
 364      0.413939E+09    0.1589756E+10   -0.2071521E+09
 365      0.406934E+09    0.1725034E+10   -0.1460911E+09
 366      0.388435E+09    0.1859019E+10   -0.8824795E+08
 367      0.351519E+09    0.1878021E+10   -0.2856613E+08
 368      0.323475E+09    0.1900207E+10    0.3011823E+08
 369      0.287627E+09    0.1821980E+10    0.6980833E+08
 370      0.268275E+09    0.1743684E+10    0.1070825E+09
 371      0.249222E+09    0.1568891E+10    0.1312558E+09
 372      0.262570E+09    0.1395931E+10    0.1627558E+09
 373      0.294589E+09    0.1153718E+10    0.1975615E+09
 374      0.282540E+09    0.9067532E+09    0.2366649E+09
 375      0.148324E+09    0.5614430E+09    0.1447432E+09
 376     -0.207326E+09    0.2267430E+09   -0.2038045E+08
 377     -0.101256E+10    0.6908309E+08   -0.9583094E+08
 378     -0.220959E+10   -0.9550400E+08   -0.1091426E+09
 379     -0.327917E+10    0.2385264E+09    0.6288197E+09
 380     -0.909957E+09    0.2675789E+09    0.1241948E+09
 381      0.339795E+08    0.5479082E+09   -0.4201648E+09
 382      0.249174E+09    0.1324671E+10   -0.5586391E+09
 383      0.365548E+09    0.1845965E+10   -0.6128961E+09
 384      0.364317E+09    0.2111528E+10   -0.5029999E+09
 385      0.369143E+09    0.2381051E+10   -0.4033272E+09
 386      0.344025E+09    0.2484348E+10   -0.2767635E+09
 387      0.327323E+09    0.2594559E+10   -0.1530655E+09
 388      0.290773E+09    0.2597085E+10   -0.4455358E+08
 389      0.271779E+09    0.2603526E+10    0.6308994E+08
 390      0.246434E+09    0.2523735E+10    0.1524076E+09
 391      0.238382E+09    0.2445841E+10    0.2403348E+09
 392      0.222861E+09    0.2272041E+10    0.3127682E+09
 393      0.228574E+09    0.2097084E+10    0.3829213E+09
 394      0.258871E+09    0.1823095E+10    0.4577422E+09
 395      0.309296E+09    0.1572242E+10    0.5550314E+09
 396      0.251632E+09    0.1135756E+10    0.5268774E+09
 397      0.643170E+08    0.4776441E+09    0.4129646E+09
 398     -0.859963E+09    0.2558670E+09   -0.5681599E+08
 399     -0.315748E+10    0.2389103E+09   -0.4628059E+09
 400     -0.266350E+10   -0.4439143E+09   -0.1500183E+09
 401     -0.295878E+09    0.8469757E+09   -0.7729899E+09
 402     -0.167767E+08    0.2085339E+10   -0.1211684E+10
 403      0.152063E+09    0.2499922E+10   -0.1002511E+10
 404      0.183050E+09    0.2937576E+10   -0.8771637E+09
 405      0.185506E+09    0.3102206E+10   -0.6878931E+09
 406      0.187311E+09    0.3282780E+10   -0.5077497E+09
 407      0.173458E+09    0.3339939E+10   -0.3369147E+09
 408      0.167465E+09    0.3402754E+10   -0.1676661E+09
 409      0.148909E+09    0.3384408E+10   -0.2471271E+08
 410      0.140162E+09    0.3368129E+10    0.1166476E+09
 411      0.126477E+09    0.3287741E+10    0.2349304E+09
 412      0.125193E+09    0.3209597E+10    0.3529292E+09
 413      0.115151E+09    0.3071146E+10    0.4592861E+09
 414      0.123239E+09    0.2938182E+10    0.5644934E+09
 415      0.137239E+09    0.2724487E+10    0.6850168E+09
 416      0.155899E+09    0.2524085E+10    0.8187753E+09
 417      0.162735E+09    0.2134201E+10    0.9388743E+09
 418      0.258668E+08    0.1749861E+10    0.1144058E+10
 419     -0.265137E+09    0.6864131E+09    0.7335533E+09
 420     -0.252950E+10   -0.4011702E+09    0.2030887E+09
 421     -0.138307E+10    0.4329254E+10   -0.1098769E+10
 422      0.141949E+09    0.4319258E+10   -0.1643826E+10
 423     -0.784403E+08    0.4271386E+10   -0.1835928E+10
 424      0.341683E+08    0.4218381E+10   -0.1378134E+10
 425     -0.158405E+07    0.4238726E+10   -0.1105789E+10
 426      0.942980E+07    0.4247451E+10   -0.8466005E+09
 427      0.818549E+07    0.4270360E+10   -0.5996810E+09
 428      0.815069E+07    0.4264526E+10   -0.3875212E+09
 429      0.112370E+08    0.4262338E+10   -0.1767659E+09
 430      0.106623E+08    0.4220845E+10   -0.7569957E+06
 431      0.126670E+08    0.4178756E+10    0.1735448E+09
 432      0.112070E+08    0.4102973E+10    0.3185384E+09
 433      0.151312E+08    0.4028923E+10    0.4652524E+09
 434      0.116581E+08    0.3937946E+10    0.5990003E+09
 435      0.137312E+08    0.3850234E+10    0.7303344E+09
 436      0.185718E+08    0.3779378E+10    0.8935740E+09
 437      0.434059E+07    0.3720392E+10    0.1064567E+10
 438      0.576022E+08    0.3699577E+10    0.1304677E+10
 439     -0.367870E+08    0.3763998E+10    0.1744072E+10
 440      0.190587E+09    0.3750689E+10    0.1579107E+10
 441     -0.129316E+10    0.3665497E+10    0.1156773E+10
