   1     -0.613928E+09    0.3495402E+07   -0.6336867E+06
   2     -0.456437E+09   -0.4256835E+07   -0.2954488E+06
   3     -0.342227E+09   -0.1322365E+08    0.3670792E+05
   4     -0.213626E+09   -0.3689856E+08    0.1890356E+05
   5     -0.749233E+08   -0.6062497E+08   -0.1178008E+06
   6      0.672689E+08   -0.8202757E+08   -0.1107970E+07
   7      0.204914E+09   -0.1010465E+09   -0.1548529E+07
   8      0.284820E+09   -0.1213510E+09    0.1108471E+06
   9      0.346305E+09   -0.1440428E+09    0.1494279E+07
  10      0.392398E+09   -0.1621432E+09    0.1196118E+07
  11      0.404521E+09   -0.1783476E+09    0.6197375E+06
  12      0.397374E+09   -0.1820853E+09    0.1094659E+07
  13      0.351885E+09   -0.1869317E+09    0.1838623E+07
  14      0.289262E+09   -0.1802465E+09    0.1895342E+07
  15      0.187156E+09   -0.1726220E+09    0.1567005E+07
  16      0.627126E+08   -0.1491089E+09    0.8740560E+06
  17     -0.880386E+08   -0.1245830E+09    0.4737883E+05
  18     -0.250603E+09   -0.9301842E+08   -0.3433187E+05
  19     -0.407860E+09   -0.6130294E+08   -0.1039980E+07
  20     -0.554231E+09   -0.2826397E+08   -0.3727357E+07
  21     -0.588677E+09    0.3440078E+07   -0.5134420E+07
  22     -0.617668E+09    0.2960801E+07   -0.9053872E+06
  23     -0.466910E+09   -0.5920566E+07    0.8465505E+07
  24     -0.348805E+09   -0.1564724E+08    0.1821807E+08
  25     -0.217119E+09   -0.3845292E+08    0.2205630E+08
  26     -0.754167E+08   -0.6105444E+08    0.2518850E+08
  27      0.698653E+08   -0.8596210E+08    0.2281902E+08
  28      0.204004E+09   -0.1105546E+09    0.2143188E+08
  29      0.286769E+09   -0.1306840E+09    0.2025660E+08
  30      0.349843E+09   -0.1501921E+09    0.1825764E+08
  31      0.396280E+09   -0.1626085E+09    0.1396478E+08
  32      0.411146E+09   -0.1760831E+09    0.9613137E+07
  33      0.404273E+09   -0.1785135E+09    0.2392278E+07
  34      0.360097E+09   -0.1796950E+09   -0.4865528E+07
  35      0.296319E+09   -0.1646920E+09   -0.1229219E+08
  36      0.194535E+09   -0.1495142E+09   -0.1974557E+08
  37      0.674858E+08   -0.1233595E+09   -0.2493210E+08
  38     -0.843811E+08   -0.9702857E+08   -0.3008423E+08
  39     -0.250401E+09   -0.6590640E+08   -0.3047382E+08
  40     -0.411298E+09   -0.3283489E+08   -0.3262617E+08
  41     -0.563101E+09   -0.1290513E+08   -0.2216453E+08
  42     -0.638466E+09    0.4559029E+07   -0.9677117E+07
  43     -0.619931E+09    0.3346126E+07   -0.1390835E+07
  44     -0.477577E+09   -0.6148751E+07    0.1713569E+08
  45     -0.355271E+09   -0.1665782E+08    0.3633593E+08
  46     -0.220526E+09   -0.4063104E+08    0.4402852E+08
  47     -0.757838E+08   -0.6424374E+08    0.5048902E+08
  48      0.725394E+08   -0.9063843E+08    0.4706317E+08
  49      0.203007E+09   -0.1167732E+09    0.4503697E+08
  50      0.288730E+09   -0.1396181E+09    0.4073453E+08
  51      0.353528E+09   -0.1626783E+09    0.3513696E+08
  52      0.399299E+09   -0.1737343E+09    0.2632333E+08
  53      0.417742E+09   -0.1832998E+09    0.1756946E+08
  54      0.411066E+09   -0.1794365E+09    0.3299027E+07
  55      0.368847E+09   -0.1769847E+09   -0.1142710E+08
  56      0.303501E+09   -0.1613526E+09   -0.2684983E+08
  57      0.201918E+09   -0.1442721E+09   -0.4154281E+08
  58      0.724118E+08   -0.1149450E+09   -0.5105967E+08
  59     -0.810352E+08   -0.8529574E+08   -0.6035236E+08
  60     -0.249180E+09   -0.5452409E+08   -0.6102949E+08
  61     -0.414243E+09   -0.2197102E+08   -0.6446235E+08
  62     -0.572003E+09   -0.6686795E+07   -0.3950631E+08
  63     -0.692068E+09    0.5892068E+07   -0.1181202E+08
  64     -0.641557E+09    0.2831241E+07    0.4677387E+06
  65     -0.506998E+09   -0.8314263E+07    0.2801437E+08
  66     -0.374937E+09   -0.2025466E+08    0.5619732E+08
  67     -0.231350E+09   -0.4470464E+08    0.6759447E+08
  68     -0.783281E+08   -0.6911616E+08    0.7766307E+08
  69      0.771234E+08   -0.9555811E+08    0.7310866E+08
  70      0.205703E+09   -0.1213366E+09    0.6997704E+08
  71      0.297323E+09   -0.1422900E+09    0.6212378E+08
  72      0.366713E+09   -0.1638127E+09    0.5338381E+08
  73      0.415323E+09   -0.1752715E+09    0.3631926E+08
  74      0.438130E+09   -0.1859097E+09    0.1904548E+08
  75      0.431666E+09   -0.1806329E+09   -0.2271154E+07
  76      0.393082E+09   -0.1747813E+09   -0.2398477E+08
  77      0.324593E+09   -0.1555194E+09   -0.4556112E+08
  78      0.219447E+09   -0.1365436E+09   -0.6647303E+08
  79      0.861829E+08   -0.1084851E+09   -0.7979356E+08
  80     -0.747759E+08   -0.7900128E+08   -0.9364532E+08
  81     -0.251667E+09   -0.4808671E+08   -0.9025974E+08
  82     -0.431483E+09   -0.1789515E+08   -0.8799347E+08
  83     -0.611265E+09   -0.6664537E+07   -0.4916885E+08
  84     -0.767998E+09    0.3758095E+07   -0.8398786E+07
  85     -0.663889E+09    0.3776559E+07    0.2290009E+07
  86     -0.536005E+09   -0.8317382E+07    0.3900729E+08
  87     -0.394599E+09   -0.2162360E+08    0.7624942E+08
  88     -0.242226E+09   -0.4806875E+08    0.9129485E+08
  89     -0.809559E+08   -0.7401813E+08    0.1049850E+09
  90      0.819816E+08   -0.1015985E+09    0.9888896E+08
  91      0.208065E+09   -0.1289331E+09    0.9452642E+08
  92      0.305581E+09   -0.1515217E+09    0.8347174E+08
  93      0.379511E+09   -0.1735827E+09    0.7130214E+08
  94      0.432774E+09   -0.1818131E+09    0.4644758E+08
  95      0.458620E+09   -0.1900125E+09    0.2140715E+08
  96      0.452614E+09   -0.1839570E+09   -0.7776834E+07
  97      0.416019E+09   -0.1781655E+09   -0.3643401E+08
  98      0.345562E+09   -0.1612990E+09   -0.6377844E+08
  99      0.236924E+09   -0.1428463E+09   -0.9180142E+08
 100      0.998368E+08   -0.1091536E+09   -0.1091696E+09
 101     -0.679962E+08   -0.7563001E+08   -0.1268572E+09
 102     -0.255591E+09   -0.4836271E+08   -0.1186395E+09
 103     -0.448895E+09   -0.2005651E+08   -0.1109468E+09
 104     -0.650782E+09   -0.6744668E+07   -0.5973629E+08
 105     -0.838894E+09    0.4654867E+07   -0.6844039E+07
 106     -0.719024E+09    0.3162158E+07    0.5295383E+07
 107     -0.583749E+09   -0.1045010E+08    0.5229946E+08
 108     -0.427316E+09   -0.2513368E+08    0.9951798E+08
 109     -0.260020E+09   -0.5224697E+08    0.1172725E+09
 110     -0.851455E+08   -0.7880558E+08    0.1337938E+09
 111      0.889111E+08   -0.1072655E+09    0.1265393E+09
 112      0.216985E+09   -0.1359135E+09    0.1208417E+09
 113      0.323184E+09   -0.1557135E+09    0.1032393E+09
 114      0.404860E+09   -0.1744344E+09    0.8455625E+08
 115      0.463223E+09   -0.1819840E+09    0.5402985E+08
 116      0.492744E+09   -0.1899543E+09    0.2369341E+08
 117      0.489100E+09   -0.1861422E+09   -0.1261667E+08
 118      0.450646E+09   -0.1817593E+09   -0.4868471E+08
 119      0.380457E+09   -0.1611776E+09   -0.8312773E+08
 120      0.266504E+09   -0.1404328E+09   -0.1182696E+09
 121      0.120351E+09   -0.1118398E+09   -0.1389046E+09
 122     -0.620108E+08   -0.8224085E+08   -0.1593586E+09
 123     -0.267997E+09   -0.5117934E+08   -0.1472495E+09
 124     -0.484075E+09   -0.2040700E+08   -0.1351477E+09
 125     -0.714948E+09   -0.7916802E+07   -0.7159662E+08
 126     -0.930235E+09    0.3598239E+07   -0.6974736E+07
 127     -0.774703E+09    0.4323227E+07    0.8250457E+07
 128     -0.631244E+09   -0.9956051E+07    0.6564707E+08
 129     -0.459985E+09   -0.2599225E+08    0.1229855E+09
 130     -0.277871E+09   -0.5508634E+08    0.1433706E+09
 131     -0.894374E+08   -0.8284714E+08    0.1625139E+09
 132      0.955363E+08   -0.1096268E+09    0.1542706E+09
 133      0.226686E+09   -0.1363354E+09    0.1473420E+09
 134      0.341350E+09   -0.1572850E+09    0.1233568E+09
 135      0.430800E+09   -0.1779376E+09    0.9872388E+08
 136      0.492973E+09   -0.1856777E+09    0.6217685E+08
 137      0.527275E+09   -0.1930337E+09    0.2581805E+08
 138      0.525742E+09   -0.1856498E+09   -0.1776217E+08
 139      0.486565E+09   -0.1783116E+09   -0.6134977E+08
 140      0.415257E+09   -0.1628770E+09   -0.1023514E+09
 141      0.296759E+09   -0.1465642E+09   -0.1444296E+09
 142      0.140411E+09   -0.1163999E+09   -0.1683965E+09
 143     -0.568368E+08   -0.8709165E+08   -0.1915462E+09
 144     -0.280251E+09   -0.5867357E+08   -0.1766707E+09
 145     -0.520718E+09   -0.2723096E+08   -0.1606391E+09
 146     -0.778587E+09   -0.9439909E+07   -0.8386666E+08
 147     -0.102119E+10    0.5462656E+07   -0.6970751E+07
 148     -0.867962E+09    0.3617012E+07    0.1155839E+08
 149     -0.700563E+09   -0.1204467E+08    0.8076835E+08
 150     -0.505227E+09   -0.2929042E+08    0.1496031E+09
 151     -0.299988E+09   -0.5835087E+08    0.1707605E+09
 152     -0.913849E+08   -0.8618322E+08    0.1904120E+09
 153      0.103635E+09   -0.1120754E+09    0.1795011E+09
 154      0.246745E+09   -0.1380310E+09    0.1701779E+09
 155      0.370607E+09   -0.1548063E+09    0.1403940E+09
 156      0.468406E+09   -0.1709901E+09    0.1104584E+09
 157      0.535054E+09   -0.1758399E+09    0.6757766E+08
 158      0.574089E+09   -0.1802185E+09    0.2495995E+08
 159      0.573776E+09   -0.1752679E+09   -0.2302167E+08
 160      0.536731E+09   -0.1709531E+09   -0.7138361E+08
 161      0.461539E+09   -0.1543428E+09   -0.1180531E+09
 162      0.338173E+09   -0.1374250E+09   -0.1652331E+09
 163      0.167046E+09   -0.1139170E+09   -0.1928698E+09
 164     -0.478723E+08   -0.8904019E+08   -0.2206433E+09
 165     -0.295779E+09   -0.5888557E+08   -0.2053719E+09
 166     -0.572499E+09   -0.2850542E+08   -0.1892418E+09
 167     -0.867289E+09   -0.1152885E+08   -0.9994294E+08
 168     -0.114994E+10    0.3963985E+07   -0.9534184E+07
 169     -0.960728E+09    0.4685412E+07    0.1489700E+08
 170     -0.770120E+09   -0.1169525E+08    0.9610214E+08
 171     -0.550600E+09   -0.3028818E+08    0.1765630E+09
 172     -0.322214E+09   -0.6014053E+08    0.1987083E+09
 173     -0.932788E+08   -0.8857806E+08    0.2193498E+09
 174      0.111443E+09   -0.1106736E+09    0.2053542E+09
 175      0.266537E+09   -0.1315109E+09    0.1932925E+09
 176      0.400224E+09   -0.1434391E+09    0.1576653E+09
 177      0.506390E+09   -0.1552199E+09    0.1219039E+09
 178      0.578391E+09   -0.1572437E+09    0.7283458E+08
 179      0.620778E+09   -0.1602257E+09    0.2472264E+08
 180      0.622155E+09   -0.1556165E+09   -0.2818923E+08
 181      0.587308E+09   -0.1498260E+09   -0.8251090E+08
 182      0.508211E+09   -0.1381608E+09   -0.1347323E+09
 183      0.378705E+09   -0.1269188E+09   -0.1867407E+09
 184      0.193458E+09   -0.1052453E+09   -0.2176271E+09
 185     -0.381467E+08   -0.8393739E+08   -0.2499412E+09
 186     -0.311670E+09   -0.5787597E+08   -0.2344173E+09
 187     -0.623550E+09   -0.2840803E+08   -0.2176863E+09
 188     -0.956526E+09   -0.9969260E+07   -0.1157116E+09
 189     -0.127960E+10    0.5430562E+07   -0.1188776E+08
 190     -0.109410E+10    0.3289682E+07    0.1996079E+08
 191     -0.863455E+09   -0.1398774E+08    0.1125833E+09
 192     -0.605726E+09   -0.3329280E+08    0.2037787E+09
 193     -0.343992E+09   -0.5955939E+08    0.2231077E+09
 194     -0.893980E+08   -0.8423841E+08    0.2413217E+09
 195      0.128005E+09   -0.9951609E+08    0.2204702E+09
 196      0.296297E+09   -0.1138310E+09    0.2016107E+09
 197      0.439450E+09   -0.1161774E+09    0.1615923E+09
 198      0.551812E+09   -0.1182537E+09    0.1220393E+09
 199      0.628251E+09   -0.1171287E+09    0.7268731E+08
 200      0.672471E+09   -0.1164141E+09    0.2406706E+08
 201      0.677293E+09   -0.1144664E+09   -0.3006526E+08
 202      0.645560E+09   -0.1133792E+09   -0.8515629E+08
 203      0.562872E+09   -0.1086804E+09   -0.1397816E+09
 204      0.427845E+09   -0.1039799E+09   -0.1947776E+09
 205      0.230092E+09   -0.9056707E+08   -0.2320253E+09
 206     -0.198822E+08   -0.7531386E+08   -0.2705733E+09
 207     -0.326724E+09   -0.5193671E+08   -0.2570385E+09
 208     -0.681477E+09   -0.2790579E+08   -0.2433389E+09
 209     -0.106929E+10   -0.1143541E+08   -0.1309978E+09
 210     -0.145825E+10    0.3313475E+07   -0.1560841E+08
 211     -0.122743E+10    0.4085587E+07    0.2535478E+08
 212     -0.957223E+09   -0.1355073E+08    0.1295428E+09
 213     -0.661579E+09   -0.3393795E+08    0.2317128E+09
 214     -0.366342E+09   -0.5535895E+08    0.2481490E+09
 215     -0.859403E+08   -0.7383362E+08    0.2637373E+09
 216      0.144804E+09   -0.7671724E+08    0.2364523E+09
 217      0.326972E+09   -0.7853176E+08    0.2109681E+09
 218      0.479158E+09   -0.7037882E+08    0.1661017E+09
 219      0.597551E+09   -0.6240956E+08    0.1227147E+09
 220      0.678347E+09   -0.5495653E+08    0.7293923E+08
 221      0.725444E+09   -0.4866363E+08    0.2354743E+08
 222      0.733242E+09   -0.4997069E+08   -0.3144683E+08
 223      0.704684E+09   -0.5129328E+08   -0.8715396E+08
 224      0.618493E+09   -0.5832391E+08   -0.1448413E+09
 225      0.476712E+09   -0.6707019E+08   -0.2023878E+09
 226      0.268088E+09   -0.6718212E+08   -0.2471591E+09
 227     -0.367127E+07   -0.6519066E+08   -0.2936657E+09
 228     -0.343111E+09   -0.4779649E+08   -0.2810500E+09
 229     -0.739846E+09   -0.2733463E+08   -0.2698562E+09
 230     -0.118223E+10   -0.9596248E+07   -0.1467233E+09
 231     -0.163811E+10    0.4944109E+07   -0.1902356E+08
 232     -0.140622E+10    0.1265118E+07    0.3396120E+08
 233     -0.107007E+10   -0.1485100E+08    0.1447754E+09
 234     -0.716906E+09   -0.3366936E+08    0.2521277E+09
 235     -0.376601E+09   -0.4399500E+08    0.2563658E+09
 236     -0.671035E+08   -0.5133827E+08    0.2605619E+09
 237      0.175893E+09   -0.3664870E+08    0.2233735E+09
 238      0.367699E+09   -0.2055347E+08    0.1891319E+09
 239      0.521647E+09    0.3607514E+07    0.1450087E+09
 240      0.640733E+09    0.2722837E+08    0.1025000E+09
 241      0.721199E+09    0.4223320E+08    0.6020935E+08
 242      0.770775E+09    0.5654581E+08    0.1846966E+08
 243      0.780729E+09    0.5388368E+08   -0.2704499E+08
 244      0.755456E+09    0.4964458E+08   -0.7241494E+08
 245      0.673174E+09    0.2900622E+08   -0.1246708E+09
 246      0.532233E+09    0.8081341E+07   -0.1787909E+09
 247      0.320582E+09   -0.1112019E+08   -0.2300311E+09
 248      0.287746E+08   -0.3065559E+08   -0.2835934E+09
 249     -0.343932E+09   -0.2886940E+08   -0.2855201E+09
 250     -0.795721E+09   -0.2200872E+08   -0.2882008E+09
 251     -0.131432E+10   -0.8244770E+07   -0.1581748E+09
 252     -0.186274E+10    0.2062123E+07   -0.2274323E+08
 253     -0.158538E+10    0.1901524E+07    0.4340208E+08
 254     -0.118412E+10   -0.1405997E+08    0.1609668E+09
 255     -0.774380E+09   -0.3222003E+08    0.2740198E+09
 256     -0.387737E+09   -0.2546500E+08    0.2661969E+09
 257     -0.489726E+08   -0.1408897E+08    0.2592527E+09
 258      0.207881E+09    0.2764626E+08    0.2119042E+09
 259      0.408680E+09    0.6998266E+08    0.1677876E+09
 260      0.565186E+09    0.1187293E+09    0.1239540E+09
 261      0.685067E+09    0.1658799E+09    0.8240083E+08
 262      0.765203E+09    0.1907002E+09    0.4767156E+08
 263      0.816980E+09    0.2140955E+09    0.1348544E+08
 264      0.829072E+09    0.2035179E+09   -0.2225914E+08
 265      0.806109E+09    0.1917972E+09   -0.5736685E+08
 266      0.728561E+09    0.1526566E+09   -0.1047302E+09
 267      0.590504E+09    0.1107017E+09   -0.1553326E+09
 268      0.372916E+09    0.6399584E+08   -0.2136151E+09
 269      0.624815E+08    0.1879230E+08   -0.2748613E+09
 270     -0.344290E+09   -0.1528866E+07   -0.2907659E+09
 271     -0.855663E+09   -0.1866948E+08   -0.3066573E+09
 272     -0.144864E+10   -0.8395174E+07   -0.1704307E+09
 273     -0.208670E+10    0.6821394E+06   -0.2830636E+08
 274     -0.180986E+10   -0.5427321E+07    0.5868255E+08
 275     -0.129894E+10   -0.1211945E+08    0.1679230E+09
 276     -0.803576E+09   -0.2259291E+08    0.2689567E+09
 277     -0.363376E+09    0.1242213E+08    0.2304439E+09
 278     -0.228977E+07    0.5363246E+08    0.1962385E+09
 279      0.256156E+09    0.1323469E+09    0.1394883E+09
 280      0.452278E+09    0.2115940E+09    0.8748532E+08
 281      0.594313E+09    0.2848090E+09    0.5613139E+08
 282      0.705525E+09    0.3564428E+09    0.2766786E+08
 283      0.778432E+09    0.3909477E+09    0.1662966E+08
 284      0.828563E+09    0.4239824E+09    0.6261278E+07
 285      0.842440E+09    0.4071067E+09   -0.3805950E+07
 286      0.828439E+09    0.3883624E+09   -0.1411333E+08
 287      0.762008E+09    0.3271696E+09   -0.4444021E+08
 288      0.641453E+09    0.2645582E+09   -0.7654329E+08
 289      0.433717E+09    0.1831863E+09   -0.1358498E+09
 290      0.124225E+09    0.1008434E+09   -0.2004033E+09
 291     -0.306455E+09    0.4652032E+08   -0.2414746E+09
 292     -0.880568E+09   -0.1305253E+07   -0.2874071E+09
 293     -0.157435E+10   -0.1838350E+07   -0.1694098E+09
 294     -0.235822E+10   -0.5425899E+07   -0.3989213E+08
 295     -0.203705E+10    0.1026034E+06    0.7707005E+08
 296     -0.141684E+10   -0.9598655E+07    0.1770820E+09
 297     -0.840960E+09   -0.1429298E+08    0.2682663E+09
 298     -0.337484E+09    0.6756977E+08    0.1984735E+09
 299      0.433561E+08    0.1534974E+09    0.1346738E+09
 300      0.307696E+09    0.2866648E+09    0.6743094E+08
 301      0.497364E+09    0.4152180E+09    0.6308893E+07
 302      0.624990E+09    0.5212382E+09   -0.1192176E+08
 303      0.726073E+09    0.6242536E+09   -0.2772622E+08
 304      0.791434E+09    0.6697461E+09   -0.1398438E+08
 305      0.840006E+09    0.7131332E+09    0.9659902E+05
 306      0.855757E+09    0.6897738E+09    0.1545070E+08
 307      0.852368E+09    0.6659359E+09    0.3058147E+08
 308      0.797156E+09    0.5768133E+09    0.1776682E+08
 309      0.693431E+09    0.4839026E+09    0.3752698E+07
 310      0.498159E+09    0.3544213E+09   -0.5763180E+08
 311      0.185795E+09    0.2191259E+09   -0.1252980E+09
 312     -0.267660E+09    0.1145397E+09   -0.1949814E+09
 313     -0.909993E+09    0.1417925E+08   -0.2729264E+09
 314     -0.170371E+10    0.3204709E+07   -0.1705545E+09
 315     -0.263616E+10   -0.2404801E+07   -0.5324918E+08
 316     -0.229644E+10   -0.2832877E+08    0.1050206E+09
 317     -0.148302E+10    0.2140111E+07    0.1561284E+09
 318     -0.779423E+09    0.2735693E+08    0.1860239E+09
 319     -0.244807E+09    0.1737515E+09    0.5820973E+08
 320      0.128086E+09    0.3310486E+09   -0.4940106E+08
 321      0.356146E+09    0.5202838E+09   -0.1079211E+09
 322      0.510432E+09    0.7063124E+09   -0.1567007E+09
 323      0.607838E+09    0.8400359E+09   -0.1378312E+09
 324      0.689506E+09    0.9707767E+09   -0.1187251E+09
 325      0.739505E+09    0.1024595E+10   -0.6435394E+08
 326      0.784689E+09    0.1078342E+10   -0.9677209E+07
 327      0.802029E+09    0.1047571E+10    0.4785247E+08
 328      0.811495E+09    0.1016381E+10    0.1056722E+09
 329      0.774046E+09    0.9005235E+09    0.1340679E+09
 330      0.702458E+09    0.7817779E+09    0.1625118E+09
 331      0.543866E+09    0.5969158E+09    0.1223688E+09
 332      0.275092E+09    0.4076003E+09    0.7393803E+08
 333     -0.163188E+09    0.2354154E+09   -0.3466030E+08
 334     -0.832403E+09    0.7233332E+08   -0.1638315E+09
 335     -0.176146E+10    0.2374694E+08   -0.1299327E+09
 336     -0.292534E+10   -0.2713664E+08   -0.6993516E+08
 337     -0.258836E+10    0.2633895E+08    0.1584282E+09
 338     -0.155232E+10    0.2000169E+08    0.1430956E+09
 339     -0.750313E+09    0.6456319E+08    0.1152335E+09
 340     -0.130747E+09    0.3508473E+09   -0.7510953E+08
 341      0.218719E+09    0.6080544E+09   -0.2458951E+09
 342      0.409495E+09    0.8729681E+09   -0.2893207E+09
 343      0.524217E+09    0.1117121E+10   -0.3245940E+09
 344      0.588737E+09    0.1271509E+10   -0.2663105E+09
 345      0.651497E+09    0.1423540E+10   -0.2094445E+09
 346      0.685644E+09    0.1480598E+10   -0.1140502E+09
 347      0.726720E+09    0.1540175E+10   -0.1856093E+08
 348      0.746426E+09    0.1507316E+10    0.8313715E+08
 349      0.769148E+09    0.1474877E+10    0.1851037E+09
 350      0.750472E+09    0.1339447E+10    0.2555514E+09
 351      0.713337E+09    0.1203019E+10    0.3276230E+09
 352      0.595282E+09    0.9622403E+09    0.3101640E+09
 353      0.371341E+09    0.7005654E+09    0.2859473E+09
 354     -0.372184E+08    0.4239808E+09    0.1202039E+09
 355     -0.783234E+09    0.1209705E+09   -0.6572033E+08
 356     -0.182407E+10    0.4469915E+08   -0.9695505E+08
 357     -0.324805E+10    0.1540405E+08   -0.1064132E+09
 358     -0.282466E+10   -0.1252482E+09    0.1868323E+09
 359     -0.141799E+10    0.7474781E+08    0.1337655E+08
 360     -0.457181E+09    0.2680495E+09   -0.2152305E+09
 361      0.173765E+08    0.6731218E+09   -0.4505629E+09
 362      0.267099E+09    0.1086130E+10   -0.5997285E+09
 363      0.382991E+09    0.1374759E+10   -0.5628349E+09
 364      0.448086E+09    0.1655358E+10   -0.5312681E+09
 365      0.481511E+09    0.1809337E+10   -0.4194538E+09
 366      0.523154E+09    0.1966442E+10   -0.3103849E+09
 367      0.548341E+09    0.2024123E+10   -0.1698518E+09
 368      0.580173E+09    0.2084166E+10   -0.3031618E+08
 369      0.600768E+09    0.2051907E+10    0.1181546E+09
 370      0.627146E+09    0.2023196E+10    0.2678767E+09
 371      0.624854E+09    0.1884546E+10    0.3993958E+09
 372      0.616530E+09    0.1747161E+10    0.5340551E+09
 373      0.546793E+09    0.1465466E+10    0.5939927E+09
 374      0.410997E+09    0.1174928E+10    0.6593193E+09
 375      0.114421E+09    0.7501537E+09    0.5217865E+09
 376     -0.480776E+09    0.3270990E+09    0.3083660E+09
 377     -0.164394E+10    0.1063165E+09    0.6624874E+08
 378     -0.344382E+10   -0.1121136E+09   -0.1164031E+09
 379     -0.369522E+10    0.2653788E+09    0.6408756E+09
 380     -0.111808E+10    0.2914645E+09   -0.4019273E+08
 381     -0.109607E+09    0.5678526E+09   -0.7293445E+09
 382      0.159781E+09    0.1329401E+10   -0.8875656E+09
 383      0.312127E+09    0.1833358E+10   -0.9708815E+09
 384      0.343788E+09    0.2089694E+10   -0.8490137E+09
 385      0.363202E+09    0.2352227E+10   -0.7381114E+09
 386      0.367719E+09    0.2477115E+10   -0.5715963E+09
 387      0.388877E+09    0.2610433E+10   -0.4085591E+09
 388      0.406868E+09    0.2661673E+10   -0.2228041E+09
 389      0.431211E+09    0.2718589E+10   -0.3853224E+08
 390      0.452359E+09    0.2699359E+10    0.1567783E+09
 391      0.481462E+09    0.2684095E+10    0.3539373E+09
 392      0.494518E+09    0.2568051E+10    0.5486192E+09
 393      0.514910E+09    0.2458524E+10    0.7470050E+09
 394      0.489123E+09    0.2187637E+10    0.8939993E+09
 395      0.454926E+09    0.1922460E+10    0.1051426E+10
 396      0.265154E+09    0.1391386E+10    0.9844307E+09
 397     -0.109224E+09    0.6341081E+09    0.8387779E+09
 398     -0.131659E+10    0.3150813E+09    0.1582360E+09
 399     -0.425709E+10    0.2113832E+09   -0.4707468E+09
 400     -0.284026E+10   -0.4585263E+09   -0.1549024E+09
 401     -0.407516E+09    0.8391142E+09   -0.9106776E+09
 402     -0.965196E+08    0.2066785E+10   -0.1457963E+10
 403      0.982961E+08    0.2431164E+10   -0.1285986E+10
 404      0.148589E+09    0.2827582E+10   -0.1200894E+10
 405      0.168992E+09    0.2975122E+10   -0.1017104E+10
 406      0.174847E+09    0.3139256E+10   -0.8441211E+09
 407      0.178831E+09    0.3217703E+10   -0.6564007E+09
 408      0.189879E+09    0.3305180E+10   -0.4705096E+09
 409      0.201412E+09    0.3352049E+10   -0.2671004E+09
 410      0.216339E+09    0.3403199E+10   -0.6367945E+08
 411      0.228700E+09    0.3406410E+10    0.1595637E+09
 412      0.246210E+09    0.3413784E+10    0.3837935E+09
 413      0.254908E+09    0.3348090E+10    0.6245454E+09
 414      0.269546E+09    0.3288636E+10    0.8682325E+09
 415      0.260350E+09    0.3097927E+10    0.1102667E+10
 416      0.247938E+09    0.2920682E+10    0.1349294E+10
 417      0.176550E+09    0.2458844E+10    0.1472696E+10
 418     -0.581304E+08    0.1990394E+10    0.1693365E+10
 419     -0.495713E+09    0.8030527E+09    0.1052910E+10
 420     -0.315115E+10   -0.4030232E+09    0.2649880E+09
 421     -0.132933E+10    0.4550798E+10   -0.1066200E+10
 422      0.125185E+09    0.4421811E+10   -0.1728116E+10
 423     -0.874409E+08    0.4249632E+10   -0.2018677E+10
 424      0.196622E+08    0.4102746E+10   -0.1614603E+10
 425     -0.138291E+08    0.4026209E+10   -0.1396092E+10
 426     -0.826547E+06    0.3983326E+10   -0.1160693E+10
 427     -0.651312E+07    0.3959855E+10   -0.9391790E+09
 428     -0.332298E+07    0.3989863E+10   -0.7336453E+09
 429     -0.203931E+07    0.4024121E+10   -0.5291570E+09
 430      0.217653E+07    0.4072000E+10   -0.3093610E+09
 431      0.676225E+07    0.4123893E+10   -0.8810110E+08
 432      0.103888E+08    0.4167877E+10    0.1614953E+09
 433      0.163075E+08    0.4213738E+10    0.4117133E+09
 434      0.206763E+08    0.4226446E+10    0.6956481E+09
 435      0.279349E+08    0.4243358E+10    0.9826367E+09
 436      0.351594E+08    0.4207537E+10    0.1295672E+10
 437      0.352498E+08    0.4183618E+10    0.1625241E+10
 438      0.709250E+08    0.4090552E+10    0.1915082E+10
 439     -0.294275E+08    0.4074908E+10    0.2420353E+10
 440      0.180770E+09    0.3889048E+10    0.2004349E+10
 441     -0.139349E+10    0.3631307E+10    0.1292538E+10
