   1     -0.268576E+09   -0.4811409E+06    0.2649854E+07
   2     -0.214108E+09   -0.1067755E+08    0.1754908E+07
   3     -0.134985E+09   -0.2069393E+08    0.5437058E+06
   4     -0.538368E+08   -0.2711714E+08   -0.8456222E+05
   5      0.227243E+08   -0.3385585E+08   -0.6267395E+06
   6      0.889279E+08   -0.3567365E+08   -0.1021997E+07
   7      0.143484E+09   -0.3751029E+08   -0.1272950E+07
   8      0.182193E+09   -0.3538260E+08   -0.1410340E+07
   9      0.204531E+09   -0.3264695E+08   -0.1403418E+07
  10      0.203472E+09   -0.2648665E+08   -0.7174863E+06
  11      0.173228E+09   -0.2108029E+08   -0.6426889E+06
  12      0.130884E+09   -0.9923420E+07   -0.1130655E+07
  13      0.708072E+08    0.2780847E+07   -0.1062355E+07
  14     -0.574010E+07    0.1150609E+08    0.1415497E+06
  15     -0.758166E+08    0.1840575E+08    0.1045013E+07
  16     -0.139754E+09    0.2193196E+08    0.3386376E+06
  17     -0.168299E+09    0.2719672E+08   -0.3789911E+06
  18     -0.173474E+09    0.2510228E+08    0.5271247E+06
  19     -0.124650E+09    0.1937911E+08    0.2130603E+07
  20     -0.314611E+08    0.7051535E+07    0.1586935E+07
  21      0.105084E+09   -0.2748065E+07    0.6320730E+06
  22     -0.284710E+09    0.1191596E+07    0.3827335E+07
  23     -0.214454E+09   -0.2325443E+07    0.5733938E+07
  24     -0.135663E+09   -0.6437130E+07    0.7048205E+07
  25     -0.538481E+08   -0.1319930E+08    0.6303812E+07
  26      0.245185E+08   -0.1954511E+08    0.5886070E+07
  27      0.898515E+08   -0.2548987E+08    0.4393390E+07
  28      0.146251E+09   -0.3150478E+08    0.2926848E+07
  29      0.184949E+09   -0.3297868E+08    0.3748238E+05
  30      0.206020E+09   -0.3420048E+08   -0.2321218E+07
  31      0.205123E+09   -0.3126324E+08   -0.3885417E+07
  32      0.177226E+09   -0.2800539E+08   -0.6443820E+07
  33      0.132185E+09   -0.2078249E+08   -0.8451062E+07
  34      0.695003E+08   -0.1398092E+08   -0.9303194E+07
  35     -0.595539E+07   -0.5549850E+07   -0.8211100E+07
  36     -0.789276E+08    0.3740708E+07   -0.7259724E+07
  37     -0.141729E+09    0.9305498E+07   -0.4603787E+07
  38     -0.173056E+09    0.1394208E+08   -0.1850219E+07
  39     -0.177156E+09    0.1181137E+08    0.2352688E+07
  40     -0.128226E+09    0.9611883E+07    0.7382886E+07
  41     -0.302389E+08    0.4773243E+07    0.6313265E+07
  42      0.121541E+09    0.2091876E+06    0.3980631E+07
  43     -0.302883E+09    0.1041861E+05    0.4874014E+07
  44     -0.214191E+09   -0.1288122E+07    0.8998752E+07
  45     -0.136660E+09   -0.2505560E+07    0.1295336E+08
  46     -0.534723E+08   -0.1030441E+08    0.1282390E+08
  47      0.269529E+08   -0.1854780E+08    0.1247504E+08
  48      0.909845E+08   -0.2548195E+08    0.9494928E+07
  49      0.148637E+09   -0.3225072E+08    0.7197581E+07
  50      0.187849E+09   -0.3950720E+08    0.2238934E+07
  51      0.207299E+09   -0.4668038E+08   -0.2896517E+07
  52      0.206778E+09   -0.4449676E+08   -0.7470518E+07
  53      0.180969E+09   -0.4235514E+08   -0.1237882E+08
  54      0.133596E+09   -0.3636286E+08   -0.1592030E+08
  55      0.668647E+08   -0.2906563E+08   -0.1817916E+08
  56     -0.609915E+07   -0.2032310E+08   -0.1646159E+08
  57     -0.831530E+08   -0.1252570E+08   -0.1540342E+08
  58     -0.143936E+09   -0.5676819E+07   -0.9443199E+07
  59     -0.178592E+09    0.1198520E+07   -0.2993499E+07
  60     -0.180622E+09    0.1756930E+07    0.4783800E+07
  61     -0.132623E+09    0.2719603E+05    0.1401556E+08
  62     -0.283463E+08   -0.2426901E+07    0.1083934E+08
  63      0.140481E+09   -0.2798939E+07    0.5307252E+07
  64     -0.320489E+09    0.1679628E+07    0.2808436E+07
  65     -0.220849E+09   -0.6637011E+06    0.1047639E+08
  66     -0.142323E+09   -0.3329083E+07    0.1796168E+08
  67     -0.553136E+08   -0.1015962E+08    0.1998878E+08
  68      0.264174E+08   -0.1710825E+08    0.2254619E+08
  69      0.941545E+08   -0.2858138E+08    0.1995473E+08
  70      0.152936E+09   -0.3988683E+08    0.1704529E+08
  71      0.195586E+09   -0.4629454E+08    0.9618008E+07
  72      0.215114E+09   -0.5250364E+08    0.1945244E+07
  73      0.214557E+09   -0.5482536E+08   -0.5935001E+07
  74      0.186231E+09   -0.5681530E+08   -0.1323834E+08
  75      0.139659E+09   -0.5457607E+08   -0.1855073E+08
  76      0.684259E+08   -0.5272215E+08   -0.2407190E+08
  77     -0.592885E+07   -0.4509389E+08   -0.2422216E+08
  78     -0.854954E+08   -0.3699747E+08   -0.2481251E+08
  79     -0.150849E+09   -0.2697686E+08   -0.1878297E+08
  80     -0.189215E+09   -0.1667665E+08   -0.1157965E+08
  81     -0.191221E+09   -0.1025610E+08   -0.5155756E+06
  82     -0.139965E+09   -0.4278123E+07    0.1106701E+08
  83     -0.231099E+08   -0.1359709E+07    0.7764397E+07
  84      0.157014E+09    0.1411042E+07    0.3082984E+07
  85     -0.334015E+09    0.7332704E+06    0.1152750E+07
  86     -0.228521E+09   -0.1893551E+07    0.1248562E+08
  87     -0.146647E+09   -0.4899124E+07    0.2352361E+08
  88     -0.569404E+08   -0.1622818E+08    0.2696318E+08
  89      0.247892E+08   -0.2688532E+08    0.3179329E+08
  90      0.966125E+08   -0.3913817E+08    0.3065453E+08
  91      0.158687E+09   -0.5268624E+08    0.2743643E+08
  92      0.203103E+09   -0.6393255E+08    0.1624071E+08
  93      0.222943E+09   -0.7380403E+08    0.5986707E+07
  94      0.221993E+09   -0.7725409E+08   -0.3991440E+07
  95      0.191577E+09   -0.8132003E+08   -0.1378757E+08
  96      0.144917E+09   -0.7861592E+08   -0.2105669E+08
  97      0.723667E+08   -0.7528104E+08   -0.2939718E+08
  98     -0.636500E+07   -0.6645089E+08   -0.3214805E+08
  99     -0.862633E+08   -0.5746046E+08   -0.3439389E+08
 100     -0.158262E+09   -0.4723565E+08   -0.2784666E+08
 101     -0.199565E+09   -0.3824782E+08   -0.1966818E+08
 102     -0.202061E+09   -0.2714787E+08   -0.6802251E+07
 103     -0.147427E+09   -0.1463866E+08    0.6406021E+07
 104     -0.176724E+08   -0.6723106E+07    0.4985431E+07
 105      0.173943E+09    0.4866952E+06    0.2059888E+07
 106     -0.349807E+09    0.9999144E+06    0.2203050E+07
 107     -0.243727E+09   -0.3499582E+07    0.1669130E+08
 108     -0.158528E+09   -0.7428524E+07    0.3160001E+08
 109     -0.652523E+08   -0.2019826E+08    0.4042273E+08
 110      0.203411E+08   -0.3513223E+08    0.4927944E+08
 111      0.100060E+09   -0.5203741E+08    0.4578621E+08
 112      0.167869E+09   -0.6703111E+08    0.4174364E+08
 113      0.215735E+09   -0.7941974E+08    0.2892352E+08
 114      0.237373E+09   -0.9253089E+08    0.1591633E+08
 115      0.235077E+09   -0.9868175E+08    0.1826683E+07
 116      0.205920E+09   -0.1043236E+09   -0.1214213E+08
 117      0.155637E+09   -0.1011060E+09   -0.2404156E+08
 118      0.835890E+08   -0.9773248E+08   -0.3599418E+08
 119     -0.250872E+07   -0.8891833E+08   -0.4085669E+08
 120     -0.858270E+08   -0.8064249E+08   -0.4513372E+08
 121     -0.163024E+09   -0.6766281E+08   -0.4066527E+08
 122     -0.210437E+09   -0.5316419E+08   -0.3540611E+08
 123     -0.215752E+09   -0.3766654E+08   -0.2187072E+08
 124     -0.154825E+09   -0.2260657E+08   -0.1026151E+08
 125     -0.196929E+08   -0.9677654E+07   -0.6999420E+07
 126      0.161416E+09    0.2457258E+07   -0.2951698E+07
 127     -0.366505E+09    0.3328417E+07    0.1805930E+07
 128     -0.257679E+09   -0.2788692E+07    0.2087111E+08
 129     -0.171181E+09   -0.1063240E+08    0.4068109E+08
 130     -0.747102E+08   -0.3027569E+08    0.5404912E+08
 131      0.162701E+08   -0.4795504E+08    0.6675289E+08
 132      0.104727E+09   -0.6524833E+08    0.6078513E+08
 133      0.175216E+09   -0.8317085E+08    0.5538577E+08
 134      0.228276E+09   -0.9777514E+08    0.4155527E+08
 135      0.251884E+09   -0.1123915E+09    0.2673091E+08
 136      0.248439E+09   -0.1210091E+09    0.7880475E+07
 137      0.220150E+09   -0.1292969E+09   -0.1060061E+08
 138      0.167413E+09   -0.1278737E+09   -0.2709471E+08
 139      0.924348E+08   -0.1261749E+09   -0.4272480E+08
 140      0.172211E+07   -0.1164850E+09   -0.4976216E+08
 141     -0.863716E+08   -0.1059480E+09   -0.5703197E+08
 142     -0.167291E+09   -0.8863499E+08   -0.5420665E+08
 143     -0.219273E+09   -0.7343878E+08   -0.5136120E+08
 144     -0.232990E+09   -0.5357906E+08   -0.3624084E+08
 145     -0.157637E+09   -0.2913316E+08   -0.2685023E+08
 146     -0.213597E+08   -0.1010309E+08   -0.1911118E+08
 147      0.147426E+09    0.5410398E+07   -0.6269016E+07
 148     -0.392594E+09    0.2560771E+07    0.2173149E+07
 149     -0.286510E+09   -0.7792549E+07    0.3041117E+08
 150     -0.193948E+09   -0.1913321E+08    0.5966841E+08
 151     -0.896330E+08   -0.3978961E+08    0.7409511E+08
 152      0.132474E+08   -0.5959013E+08    0.8708241E+08
 153      0.110544E+09   -0.8025678E+08    0.8118546E+08
 154      0.185835E+09   -0.1013807E+09    0.7567789E+08
 155      0.245668E+09   -0.1187432E+09    0.5789563E+08
 156      0.273197E+09   -0.1356624E+09    0.3997651E+08
 157      0.271915E+09   -0.1437160E+09    0.1626723E+08
 158      0.242483E+09   -0.1511277E+09   -0.7223749E+07
 159      0.187677E+09   -0.1506734E+09   -0.2723591E+08
 160      0.108102E+09   -0.1510543E+09   -0.4702247E+08
 161      0.144836E+08   -0.1414354E+09   -0.5968942E+08
 162     -0.802999E+08   -0.1310408E+09   -0.7247304E+08
 163     -0.167623E+09   -0.1133740E+09   -0.7200398E+08
 164     -0.228520E+09   -0.9790201E+08   -0.6880598E+08
 165     -0.237713E+09   -0.7211075E+08   -0.6382601E+08
 166     -0.159436E+09   -0.3955171E+08   -0.6573093E+08
 167     -0.519155E+08   -0.1448615E+08   -0.3891512E+08
 168      0.950799E+08    0.5559682E+07   -0.8074340E+07
 169     -0.418687E+09    0.3447807E+07    0.3640334E+07
 170     -0.315386E+09   -0.7764125E+07    0.4000522E+08
 171     -0.216567E+09   -0.1985542E+08    0.7734030E+08
 172     -0.104019E+09   -0.4614883E+08    0.9432487E+08
 173      0.106046E+08   -0.7298382E+08    0.1092979E+09
 174      0.114933E+09   -0.9894023E+08    0.1024330E+09
 175      0.197088E+09   -0.1233800E+09    0.9627283E+08
 176      0.263142E+09   -0.1383427E+09    0.7432990E+08
 177      0.294884E+09   -0.1526572E+09    0.5260236E+08
 178      0.295575E+09   -0.1611397E+09    0.2486084E+08
 179      0.266285E+09   -0.1711410E+09   -0.3347075E+07
 180      0.207146E+09   -0.1719780E+09   -0.2780250E+08
 181      0.125911E+09   -0.1713295E+09   -0.5203233E+08
 182      0.274450E+08   -0.1635696E+09   -0.6971201E+08
 183     -0.745731E+08   -0.1577691E+09   -0.8682715E+08
 184     -0.167880E+09   -0.1406217E+09   -0.8986552E+08
 185     -0.247302E+09   -0.1214780E+09   -0.8751017E+08
 186     -0.235491E+09   -0.8253691E+08   -0.9225504E+08
 187     -0.165524E+09   -0.3980070E+08   -0.1050181E+09
 188     -0.832690E+08   -0.1381810E+08   -0.5874395E+08
 189      0.424938E+08    0.7609290E+07   -0.9911299E+07
 190     -0.472713E+09    0.4112458E+07    0.6090842E+07
 191     -0.364883E+09   -0.1151670E+08    0.5461422E+08
 192     -0.251099E+09   -0.2922478E+08    0.1038510E+09
 193     -0.122535E+09   -0.5892231E+08    0.1220836E+09
 194      0.963340E+07   -0.8700766E+08    0.1385356E+09
 195      0.124158E+09   -0.1114084E+09    0.1268940E+09
 196      0.216980E+09   -0.1353198E+09    0.1155506E+09
 197      0.289020E+09   -0.1497005E+09    0.8858134E+08
 198      0.323790E+09   -0.1638991E+09    0.6233520E+08
 199      0.325736E+09   -0.1703775E+09    0.3210760E+08
 200      0.297186E+09   -0.1769055E+09    0.2184186E+07
 201      0.234819E+09   -0.1789131E+09   -0.2574236E+08
 202      0.152527E+09   -0.1814027E+09   -0.5365429E+08
 203      0.486432E+08   -0.1762078E+09   -0.7474940E+08
 204     -0.584247E+08   -0.1709299E+09   -0.9493658E+08
 205     -0.157693E+09   -0.1556423E+09   -0.1062059E+09
 206     -0.231516E+09   -0.1392451E+09   -0.1227015E+09
 207     -0.218448E+09   -0.9288311E+08   -0.1379824E+09
 208     -0.193795E+09   -0.4402329E+08   -0.1503611E+09
 209     -0.152680E+09   -0.1725247E+08   -0.8252267E+08
 210     -0.660924E+08    0.6142437E+07   -0.1327944E+08
 211     -0.526515E+09    0.4316776E+07    0.9035227E+07
 212     -0.414360E+09   -0.1312635E+08    0.6950480E+08
 213     -0.286346E+09   -0.3200156E+08    0.1306069E+09
 214     -0.141732E+09   -0.6482608E+08    0.1506480E+09
 215      0.791860E+07   -0.9786351E+08    0.1686508E+09
 216      0.133969E+09   -0.1212984E+09    0.1518234E+09
 217      0.236672E+09   -0.1419392E+09    0.1354226E+09
 218      0.315162E+09   -0.1508154E+09    0.1039037E+09
 219      0.353408E+09   -0.1597939E+09    0.7265633E+08
 220      0.356913E+09   -0.1626488E+09    0.3896683E+08
 221      0.326578E+09   -0.1668997E+09    0.7564960E+07
 222      0.264699E+09   -0.1732186E+09   -0.2335050E+08
 223      0.179862E+09   -0.1785592E+09   -0.5600414E+08
 224      0.700071E+08   -0.1810775E+09   -0.8064655E+08
 225     -0.425493E+08   -0.1902135E+09   -0.1012725E+09
 226     -0.152387E+09   -0.1764528E+09   -0.1226894E+09
 227     -0.200874E+09   -0.1510892E+09   -0.1607584E+09
 228     -0.205570E+09   -0.9751443E+08   -0.1847523E+09
 229     -0.221901E+09   -0.4582780E+08   -0.1960854E+09
 230     -0.222473E+09   -0.1660159E+08   -0.1064501E+09
 231     -0.174332E+09    0.8839798E+07   -0.1649535E+08
 232     -0.624613E+09    0.4763016E+07    0.1428822E+08
 233     -0.490902E+09   -0.1636278E+08    0.8950845E+08
 234     -0.332718E+09   -0.4108566E+08    0.1644110E+09
 235     -0.158108E+09   -0.7220345E+08    0.1791028E+09
 236      0.139906E+08   -0.9967957E+08    0.1922237E+09
 237      0.156416E+09   -0.1142226E+09    0.1670448E+09
 238      0.269307E+09   -0.1283546E+09    0.1420669E+09
 239      0.349011E+09   -0.1288410E+09    0.1057984E+09
 240      0.388821E+09   -0.1284081E+09    0.7104212E+08
 241      0.386786E+09   -0.1291877E+09    0.4104752E+08
 242      0.355794E+09   -0.1307606E+09    0.1183488E+08
 243      0.293266E+09   -0.1378051E+09   -0.1478175E+08
 244      0.207137E+09   -0.1470613E+09   -0.4083644E+08
 245      0.959438E+08   -0.1643503E+09   -0.6557093E+08
 246     -0.166571E+08   -0.1846406E+09   -0.8690680E+08
 247     -0.941571E+08   -0.1704215E+09   -0.1419143E+09
 248     -0.137001E+09   -0.1463164E+09   -0.2101329E+09
 249     -0.194736E+09   -0.9661748E+08   -0.2296448E+09
 250     -0.267126E+09   -0.4903377E+08   -0.2423914E+09
 251     -0.333474E+09   -0.1969784E+08   -0.1331634E+09
 252     -0.354481E+09    0.6384716E+07   -0.2165252E+08
 253     -0.720361E+09    0.6918097E+07    0.1865557E+08
 254     -0.568855E+09   -0.1748839E+08    0.1100466E+09
 255     -0.380373E+09   -0.4510397E+08    0.2004363E+09
 256     -0.174736E+09   -0.7470427E+08    0.2090514E+09
 257      0.180623E+08   -0.1005804E+09    0.2167740E+09
 258      0.178497E+09   -0.9923337E+08    0.1835497E+09
 259      0.303842E+09   -0.9545800E+08    0.1492009E+09
 260      0.384336E+09   -0.7857645E+08    0.1077013E+09
 261      0.424125E+09   -0.6402185E+08    0.7050628E+08
 262      0.417727E+09   -0.5785606E+08    0.4342534E+08
 263      0.388101E+09   -0.5103396E+08    0.1534322E+08
 264      0.321455E+09   -0.6633775E+08   -0.5587918E+07
 265      0.235271E+09   -0.8504730E+08   -0.2422772E+08
 266      0.118745E+09   -0.1186212E+09   -0.4765499E+08
 267      0.973721E+07   -0.1521195E+09   -0.7495423E+08
 268     -0.248967E+08   -0.1350507E+09   -0.1653105E+09
 269     -0.824414E+08   -0.1160826E+09   -0.2591092E+09
 270     -0.185077E+09   -0.8362339E+08   -0.2755368E+09
 271     -0.315026E+09   -0.4695515E+08   -0.2901478E+09
 272     -0.446003E+09   -0.1706823E+08   -0.1603645E+09
 273     -0.535593E+09    0.8783397E+07   -0.2690209E+08
 274     -0.880919E+09    0.1250330E+07    0.3140890E+08
 275     -0.674774E+09   -0.2303109E+08    0.1337097E+09
 276     -0.423305E+09   -0.5234148E+08    0.2319445E+09
 277     -0.170166E+09   -0.6713466E+08    0.2211110E+09
 278      0.496026E+08   -0.7676089E+08    0.2097623E+09
 279      0.221407E+09   -0.5098054E+08    0.1600969E+09
 280      0.348900E+09   -0.2241078E+08    0.1133381E+09
 281      0.417800E+09    0.1164453E+08    0.7802367E+08
 282      0.447320E+09    0.4486320E+08    0.4581455E+08
 283      0.432332E+09    0.5762251E+08    0.3333302E+08
 284      0.399422E+09    0.6808958E+08    0.2117843E+08
 285      0.327007E+09    0.4546006E+08    0.1766991E+08
 286      0.243637E+09    0.1781705E+08    0.2006179E+08
 287      0.151907E+09   -0.1951520E+08   -0.1159242E+08
 288      0.105477E+09   -0.4976023E+08   -0.6011860E+08
 289      0.732223E+08   -0.5582708E+08   -0.1606600E+09
 290     -0.135773E+08   -0.6500899E+08   -0.2567163E+09
 291     -0.158932E+09   -0.5582544E+08   -0.2874684E+09
 292     -0.360017E+09   -0.4066892E+08   -0.3198927E+09
 293     -0.590622E+09   -0.1670047E+08   -0.1814773E+09
 294     -0.799891E+09    0.2444587E+07   -0.3553190E+08
 295     -0.104472E+10    0.1107300E+08    0.4585798E+08
 296     -0.781942E+09   -0.2213200E+08    0.1592362E+09
 297     -0.475488E+09   -0.5493341E+08    0.2688266E+09
 298     -0.165988E+09   -0.4427156E+08    0.2380149E+09
 299      0.811149E+08   -0.2644868E+08    0.2052832E+09
 300      0.269346E+09    0.4369902E+08    0.1379702E+09
 301      0.393328E+09    0.1108388E+09    0.7743102E+08
 302      0.453152E+09    0.1705911E+09    0.4853564E+08
 303      0.472851E+09    0.2272080E+09    0.2018367E+08
 304      0.446336E+09    0.2489652E+09    0.2301490E+08
 305      0.410193E+09    0.2708569E+09    0.2636114E+08
 306      0.333471E+09    0.2438851E+09    0.4179120E+08
 307      0.239166E+09    0.2061596E+09    0.7195326E+08
 308      0.195906E+09    0.1511813E+09    0.2401228E+08
 309      0.209070E+09    0.1112226E+09   -0.4995790E+08
 310      0.169232E+09    0.7412912E+08   -0.1551029E+09
 311      0.563516E+08    0.2307124E+08   -0.2552061E+09
 312     -0.131633E+09   -0.6730075E+07   -0.3028648E+09
 313     -0.412504E+09   -0.2979645E+08   -0.3534058E+09
 314     -0.738464E+09   -0.1141916E+08   -0.2042018E+09
 315     -0.106754E+10    0.8613758E+07   -0.4595132E+08
 316     -0.130236E+10   -0.1425931E+08    0.7084447E+08
 317     -0.891960E+09   -0.2246325E+08    0.1739519E+09
 318     -0.464259E+09   -0.4105660E+08    0.2596967E+09
 319     -0.104369E+09    0.2286180E+08    0.1734810E+09
 320      0.159924E+09    0.1020844E+09    0.9783886E+08
 321      0.327119E+09    0.2195238E+09    0.3132782E+08
 322      0.423617E+09    0.3351249E+09   -0.2539006E+08
 323      0.458350E+09    0.4198584E+09   -0.2879050E+08
 324      0.460174E+09    0.5013865E+09   -0.3093578E+08
 325      0.417782E+09    0.5255015E+09    0.6750344E+06
 326      0.369710E+09    0.5489095E+09    0.3512652E+08
 327      0.291593E+09    0.5097237E+09    0.8013991E+08
 328      0.229023E+09    0.4714506E+09    0.1226872E+09
 329      0.259657E+09    0.4264410E+09    0.7302349E+08
 330      0.283562E+09    0.3805454E+09    0.1968058E+08
 331      0.249554E+09    0.2810894E+09   -0.5924638E+08
 332      0.149792E+09    0.1766180E+09   -0.1431361E+09
 333     -0.575667E+08    0.8473881E+08   -0.2220294E+09
 334     -0.398282E+09    0.4845592E+07   -0.3155735E+09
 335     -0.874043E+09   -0.1744539E+07   -0.1997439E+09
 336     -0.141320E+10   -0.1470397E+08   -0.6189972E+08
 337     -0.158996E+10    0.4247302E+08    0.1201760E+09
 338     -0.100541E+10   -0.1170717E+08    0.1979541E+09
 339     -0.490089E+09   -0.2523138E+08    0.2668947E+09
 340     -0.205795E+08    0.1602868E+09    0.1195593E+09
 341      0.244812E+09    0.3286215E+09   -0.2046049E+08
 342      0.390375E+09    0.5229264E+09   -0.8021780E+08
 343      0.459537E+09    0.6943315E+09   -0.1322145E+09
 344      0.462798E+09    0.7929095E+09   -0.1099682E+09
 345      0.444966E+09    0.8927934E+09   -0.8582153E+08
 346      0.388000E+09    0.9169609E+09   -0.2143378E+08
 347      0.325325E+09    0.9334597E+09    0.5012251E+08
 348      0.239922E+09    0.9022864E+09    0.1204887E+09
 349      0.245766E+09    0.8859762E+09    0.1657454E+09
 350      0.319695E+09    0.8272371E+09    0.1236408E+09
 351      0.355382E+09    0.7603194E+09    0.1007187E+09
 352      0.334586E+09    0.6029467E+09    0.4473245E+08
 353      0.249570E+09    0.4271853E+09   -0.1952447E+08
 354      0.356500E+08    0.2455577E+09   -0.1473133E+09
 355     -0.411602E+09    0.4385551E+08   -0.2889688E+09
 356     -0.101416E+10    0.1783364E+08   -0.2022960E+09
 357     -0.178896E+10    0.3107022E+08   -0.9635289E+08
 358     -0.194558E+10   -0.1023934E+09    0.1540424E+09
 359     -0.100304E+10    0.2756784E+08    0.1282030E+09
 360     -0.262036E+09    0.1421315E+09    0.3731843E+08
 361      0.111008E+09    0.4526577E+09   -0.1745224E+09
 362      0.302891E+09    0.7832206E+09   -0.3041648E+09
 363      0.382591E+09    0.1007053E+10   -0.2875852E+09
 364      0.418855E+09    0.1221875E+10   -0.2737233E+09
 365      0.396760E+09    0.1314756E+10   -0.2012028E+09
 366      0.359121E+09    0.1407855E+10   -0.1312326E+09
 367      0.293595E+09    0.1419602E+10   -0.3293209E+08
 368      0.215267E+09    0.1428789E+10    0.7421252E+08
 369      0.184036E+09    0.1408925E+10    0.1365306E+09
 370      0.242911E+09    0.1407687E+10    0.1800611E+09
 371      0.291505E+09    0.1341462E+10    0.2032042E+09
 372      0.333994E+09    0.1266404E+10    0.2390092E+09
 373      0.334900E+09    0.1064086E+10    0.2489164E+09
 374      0.301825E+09    0.8540899E+09    0.2626763E+09
 375      0.154348E+09    0.5277654E+09    0.1569731E+09
 376     -0.200941E+09    0.2127712E+09   -0.2065052E+08
 377     -0.996078E+09    0.6302012E+08   -0.9691859E+08
 378     -0.216189E+10   -0.9273946E+08   -0.1105106E+09
 379     -0.294816E+10    0.2616084E+09    0.6232658E+09
 380     -0.852929E+09    0.2281580E+09    0.1526472E+09
 381      0.371203E+08    0.4371896E+09   -0.3637740E+09
 382      0.244399E+09    0.1135985E+10   -0.5269499E+09
 383      0.366456E+09    0.1588505E+10   -0.6044439E+09
 384      0.365406E+09    0.1786582E+10   -0.5088763E+09
 385      0.370393E+09    0.1986136E+10   -0.4178789E+09
 386      0.326526E+09    0.2028339E+10   -0.2946739E+09
 387      0.269643E+09    0.2076434E+10   -0.1779666E+09
 388      0.183447E+09    0.2056736E+10   -0.4178852E+08
 389      0.998255E+08    0.2046117E+10    0.9649638E+08
 390      0.142152E+09    0.2057872E+10    0.1484172E+09
 391      0.217401E+09    0.2073736E+10    0.1986082E+09
 392      0.255144E+09    0.2004111E+10    0.2877797E+09
 393      0.304780E+09    0.1937904E+10    0.3812210E+09
 394      0.324552E+09    0.1735295E+10    0.4685191E+09
 395      0.355429E+09    0.1537969E+10    0.5639735E+09
 396      0.273020E+09    0.1109903E+10    0.5213268E+09
 397      0.781844E+08    0.4703005E+09    0.3985687E+09
 398     -0.840826E+09    0.2510129E+09   -0.6445728E+08
 399     -0.312447E+10    0.2339353E+09   -0.4614930E+09
 400     -0.245996E+10   -0.4591782E+09   -0.1274077E+09
 401     -0.279745E+09    0.7937136E+09   -0.7085836E+09
 402     -0.835728E+07    0.2003328E+10   -0.1118161E+10
 403      0.154012E+09    0.2387457E+10   -0.9202682E+09
 404      0.190383E+09    0.2784473E+10   -0.7965685E+09
 405      0.189869E+09    0.2863873E+10   -0.6062071E+09
 406      0.189595E+09    0.2957705E+10   -0.4230734E+09
 407      0.166843E+09    0.2915117E+10   -0.2587297E+09
 408      0.135235E+09    0.2868082E+10   -0.9611127E+08
 409      0.745800E+08    0.2816842E+10    0.2062701E+07
 410      0.418691E+08    0.2793286E+10    0.8618405E+08
 411      0.778552E+08    0.2806901E+10    0.1463453E+09
 412      0.109650E+09    0.2813121E+10    0.2193285E+09
 413      0.131218E+09    0.2767592E+10    0.3421152E+09
 414      0.157549E+09    0.2726631E+10    0.4656397E+09
 415      0.172512E+09    0.2592212E+10    0.6203014E+09
 416      0.190347E+09    0.2470916E+10    0.7835709E+09
 417      0.177994E+09    0.2107885E+10    0.9123789E+09
 418      0.366992E+08    0.1744450E+10    0.1124816E+10
 419     -0.254610E+09    0.6862512E+09    0.7221813E+09
 420     -0.251325E+10   -0.3919965E+09    0.2038614E+09
 421     -0.132037E+10    0.4394757E+10   -0.1029725E+10
 422      0.128513E+09    0.4497489E+10   -0.1531880E+10
 423     -0.722805E+08    0.4551076E+10   -0.1701484E+10
 424      0.379466E+08    0.4433944E+10   -0.1236747E+10
 425      0.482992E+07    0.4396592E+10   -0.9441653E+09
 426      0.136355E+08    0.4264507E+10   -0.6690341E+09
 427      0.106171E+08    0.4148601E+10   -0.4080591E+09
 428      0.933426E+07    0.3975664E+10   -0.2058098E+09
 429      0.476062E+07    0.3779672E+10    0.1075636E+06
 430     -0.181353E+08    0.3656381E+10    0.4946421E+08
 431     -0.839604E+07    0.3597164E+10    0.7641275E+08
 432      0.770900E+07    0.3620023E+10    0.1491698E+09
 433      0.882091E+07    0.3614885E+10    0.2395350E+09
 434      0.119191E+08    0.3611970E+10    0.3913400E+09
 435      0.144145E+08    0.3611760E+10    0.5423047E+09
 436      0.233586E+08    0.3614309E+10    0.7542027E+09
 437      0.201066E+08    0.3628348E+10    0.9783255E+09
 438      0.646756E+08    0.3636794E+10    0.1255665E+10
 439     -0.301829E+08    0.3722339E+10    0.1722670E+10
 440      0.193609E+09    0.3689739E+10    0.1567127E+10
 441     -0.129172E+10    0.3590716E+10    0.1159597E+10
