   1      0.327147E+09    0.6532539E+07   -0.3179186E+07
   2      0.369727E+09   -0.9041336E+06   -0.1763902E+07
   3      0.375827E+09   -0.9676323E+07    0.3519478E+05
   4      0.351150E+09   -0.5313895E+08    0.1297645E+07
   5      0.309932E+09   -0.9742031E+08    0.2086231E+07
   6      0.223149E+09   -0.1521540E+09    0.2113594E+07
   7      0.979166E+08   -0.2062919E+09    0.2453893E+07
   8     -0.737618E+08   -0.2524162E+09    0.2160478E+07
   9     -0.288559E+09   -0.3009897E+09    0.2236212E+07
  10     -0.544220E+09   -0.3089595E+09   -0.5033102E+06
  11     -0.835957E+09   -0.3064128E+09   -0.4940729E+07
  12     -0.692548E+09   -0.2590458E+09   -0.3317130E+07
  13     -0.538672E+09   -0.2198450E+09   -0.4418643E+06
  14     -0.383909E+09   -0.1878765E+09   -0.1838638E+06
  15     -0.231077E+09   -0.1540227E+09   -0.5585666E+05
  16     -0.780497E+08   -0.1180920E+09    0.2386680E+04
  17      0.786680E+08   -0.8178174E+08    0.4679152E+05
  18      0.242198E+09   -0.5149015E+08    0.7366681E+05
  19      0.420172E+09   -0.2095367E+08   -0.4722668E+02
  20      0.613562E+09   -0.7809991E+07    0.1365204E+06
  21      0.832983E+09    0.4174621E+07    0.3865273E+06
  22      0.323782E+09    0.4308395E+07   -0.3016491E+07
  23      0.352917E+09   -0.1017717E+08    0.1215157E+08
  24      0.361563E+09   -0.2544389E+08    0.2840863E+08
  25      0.342101E+09   -0.6325684E+08    0.3880411E+08
  26      0.302882E+09   -0.1015529E+09    0.4866016E+08
  27      0.223745E+09   -0.1500028E+09    0.4907114E+08
  28      0.101661E+09   -0.1991736E+09    0.4927916E+08
  29     -0.622216E+08   -0.2365329E+09    0.3851225E+08
  30     -0.273171E+09   -0.2732958E+09    0.2823048E+08
  31     -0.520337E+09   -0.2797616E+09    0.4814684E+07
  32     -0.800305E+09   -0.2825303E+09   -0.2543021E+08
  33     -0.695603E+09   -0.2512418E+09   -0.3272784E+08
  34     -0.537342E+09   -0.2219221E+09   -0.3254256E+08
  35     -0.381694E+09   -0.1882347E+09   -0.3322271E+08
  36     -0.229864E+09   -0.1546561E+09   -0.3558821E+08
  37     -0.785717E+08   -0.1189721E+09   -0.3531870E+08
  38      0.757128E+08   -0.8289856E+08   -0.3490393E+08
  39      0.236485E+09   -0.5274630E+08   -0.2936480E+08
  40      0.411566E+09   -0.2264810E+08   -0.2369689E+08
  41      0.602193E+09   -0.9165564E+07   -0.1246874E+08
  42      0.819312E+09    0.3485782E+07   -0.1290282E+07
  43      0.322497E+09    0.5172598E+07   -0.2491986E+07
  44      0.335591E+09   -0.1093927E+08    0.2671220E+08
  45      0.346713E+09   -0.2806313E+08    0.5711373E+08
  46      0.332695E+09   -0.6514379E+08    0.7642700E+08
  47      0.295167E+09   -0.1031852E+09    0.9521999E+08
  48      0.224806E+09   -0.1438226E+09    0.9497578E+08
  49      0.105193E+09   -0.1824856E+09    0.9472209E+08
  50     -0.500078E+08   -0.2175176E+09    0.7501749E+08
  51     -0.256451E+09   -0.2553619E+09    0.5494130E+08
  52     -0.495455E+09   -0.2655493E+09    0.9868648E+07
  53     -0.762380E+09   -0.2708334E+09   -0.4585393E+08
  54     -0.700126E+09   -0.2459123E+09   -0.6183493E+08
  55     -0.536959E+09   -0.2226970E+09   -0.6470167E+08
  56     -0.379909E+09   -0.1901209E+09   -0.6629966E+08
  57     -0.228919E+09   -0.1575144E+09   -0.7117339E+08
  58     -0.792949E+08   -0.1211189E+09   -0.7065130E+08
  59      0.726061E+08   -0.8442936E+08   -0.6983448E+08
  60      0.230689E+09   -0.5320602E+08   -0.5874127E+08
  61      0.402963E+09   -0.2171240E+08   -0.4738716E+08
  62      0.590966E+09   -0.8064691E+07   -0.2492613E+08
  63      0.805790E+09    0.4331880E+07   -0.2571667E+07
  64      0.277034E+09    0.3648827E+07    0.1865806E+07
  65      0.293218E+09   -0.1251382E+08    0.4332777E+08
  66      0.312679E+09   -0.2981189E+08    0.8521783E+08
  67      0.308180E+09   -0.6350561E+08    0.1093382E+09
  68      0.283289E+09   -0.9652737E+08    0.1330719E+09
  69      0.225887E+09   -0.1357540E+09    0.1322899E+09
  70      0.119456E+09   -0.1761327E+09    0.1314084E+09
  71     -0.235385E+08   -0.2069909E+09    0.1050877E+09
  72     -0.211846E+09   -0.2371644E+09    0.7920596E+08
  73     -0.435244E+09   -0.2481642E+09    0.2004118E+08
  74     -0.680024E+09   -0.2575914E+09   -0.5081044E+08
  75     -0.693512E+09   -0.2406864E+09   -0.7773261E+08
  76     -0.527153E+09   -0.2237978E+09   -0.9066905E+08
  77     -0.371134E+09   -0.1924638E+09   -0.9694763E+08
  78     -0.224054E+09   -0.1612342E+09   -0.1066347E+09
  79     -0.801445E+08   -0.1246952E+09   -0.1065266E+09
  80      0.641952E+08   -0.8796496E+08   -0.1062159E+09
  81      0.213667E+09   -0.5607791E+08   -0.8977495E+08
  82      0.376804E+09   -0.2418542E+08   -0.7292491E+08
  83      0.556020E+09   -0.9684400E+07   -0.3829344E+08
  84      0.763941E+09    0.3806030E+07   -0.3822512E+07
  85      0.227084E+09    0.4729973E+07    0.5447713E+07
  86      0.251712E+09   -0.9288215E+07    0.5931442E+08
  87      0.279076E+09   -0.2463926E+08    0.1132776E+09
  88      0.284068E+09   -0.5720283E+08    0.1423654E+09
  89      0.272166E+09   -0.9016865E+08    0.1716590E+09
  90      0.226923E+09   -0.1262711E+09    0.1705799E+09
  91      0.134875E+09   -0.1606202E+09    0.1689561E+09
  92      0.285706E+07   -0.1906470E+09    0.1351406E+09
  93     -0.168227E+09   -0.2216865E+09    0.1029027E+09
  94     -0.374219E+09   -0.2372004E+09    0.3044413E+08
  95     -0.596956E+09   -0.2525830E+09   -0.5659437E+08
  96     -0.689700E+09   -0.2421277E+09   -0.9405675E+08
  97     -0.515229E+09   -0.2293901E+09   -0.1160678E+09
  98     -0.361915E+09   -0.1975041E+09   -0.1276282E+09
  99     -0.219146E+09   -0.1666078E+09   -0.1423329E+09
 100     -0.811468E+08   -0.1293604E+09   -0.1425308E+09
 101      0.556290E+08   -0.9178463E+08   -0.1427036E+09
 102      0.196515E+09   -0.5804788E+08   -0.1208775E+09
 103      0.350641E+09   -0.2385363E+08   -0.9848096E+08
 104      0.521160E+09   -0.8725341E+07   -0.5161186E+08
 105      0.722353E+09    0.4837543E+07   -0.4973595E+07
 106      0.140214E+09    0.3757654E+07    0.5634999E+07
 107      0.186368E+09   -0.8394841E+07    0.7142671E+08
 108      0.228443E+09   -0.2178575E+08    0.1372923E+09
 109      0.251090E+09   -0.5065059E+08    0.1703157E+09
 110      0.254971E+09   -0.7835575E+08    0.2035205E+09
 111      0.228253E+09   -0.1108385E+09    0.2028136E+09
 112      0.154510E+09   -0.1445826E+09    0.2020817E+09
 113      0.420903E+08   -0.1746385E+09    0.1640027E+09
 114     -0.111369E+09   -0.2028612E+09    0.1262057E+09
 115     -0.294858E+09   -0.2214664E+09    0.4951067E+08
 116     -0.496416E+09   -0.2447474E+09   -0.3796630E+08
 117     -0.645287E+09   -0.2444060E+09   -0.9863164E+08
 118     -0.493328E+09   -0.2360155E+09   -0.1447190E+09
 119     -0.343970E+09   -0.2013461E+09   -0.1576487E+09
 120     -0.207978E+09   -0.1706743E+09   -0.1764947E+09
 121     -0.798841E+08   -0.1341745E+09   -0.1789454E+09
 122      0.436170E+08   -0.9680028E+08   -0.1811503E+09
 123      0.169030E+09   -0.6212560E+08   -0.1547036E+09
 124      0.306101E+09   -0.2721599E+08   -0.1274117E+09
 125      0.459802E+09   -0.1075719E+08   -0.6668754E+08
 126      0.649430E+09    0.4341609E+07   -0.6263507E+07
 127      0.566706E+08    0.3885996E+07    0.6160034E+07
 128      0.120285E+09   -0.8157971E+07    0.8362200E+08
 129      0.178362E+09   -0.2124989E+08    0.1609077E+09
 130      0.218259E+09   -0.4791583E+08    0.1978463E+09
 131      0.238373E+09   -0.7468022E+08    0.2347455E+09
 132      0.228834E+09   -0.1047877E+09    0.2351288E+09
 133      0.174070E+09   -0.1333535E+09    0.2353902E+09
 134      0.810069E+08   -0.1591046E+09    0.1931782E+09
 135     -0.534612E+08   -0.1855236E+09    0.1503807E+09
 136     -0.217160E+09   -0.2071725E+09    0.6972044E+08
 137     -0.399595E+09   -0.2330579E+09   -0.1642670E+08
 138     -0.593240E+09   -0.2369165E+09   -0.1032119E+09
 139     -0.474899E+09   -0.2324958E+09   -0.1761565E+09
 140     -0.327097E+09   -0.2017805E+09   -0.1885463E+09
 141     -0.197402E+09   -0.1748361E+09   -0.2107313E+09
 142     -0.789258E+08   -0.1387884E+09   -0.2155950E+09
 143      0.313394E+08   -0.1017524E+09   -0.2197814E+09
 144      0.141323E+09   -0.6507247E+08   -0.1886716E+09
 145      0.261392E+09   -0.2750215E+08   -0.1564620E+09
 146      0.398445E+09   -0.9857489E+07   -0.8169815E+08
 147      0.576960E+09    0.5636709E+07   -0.7287153E+07
 148     -0.544143E+08    0.2806787E+07    0.8337019E+07
 149      0.327746E+08   -0.9082958E+07    0.9509563E+08
 150      0.115210E+09   -0.2192384E+08    0.1815287E+09
 151      0.177468E+09   -0.4710494E+08    0.2218167E+09
 152      0.219209E+09   -0.7190688E+08    0.2623840E+09
 153      0.228734E+09   -0.9886669E+08    0.2613999E+09
 154      0.199402E+09   -0.1257343E+09    0.2600388E+09
 155      0.125490E+09   -0.1477550E+09    0.2152709E+09
 156      0.131060E+08   -0.1691305E+09    0.1703929E+09
 157     -0.134357E+09   -0.1852484E+09    0.8788273E+08
 158     -0.304952E+09   -0.2027080E+09    0.1187982E+07
 159     -0.486593E+09   -0.2083430E+09   -0.9832816E+08
 160     -0.447146E+09   -0.2128889E+09   -0.1858986E+09
 161     -0.297981E+09   -0.1944007E+09   -0.2079078E+09
 162     -0.176030E+09   -0.1751004E+09   -0.2392836E+09
 163     -0.710761E+08   -0.1409056E+09   -0.2492344E+09
 164      0.196085E+08   -0.1062518E+09   -0.2586295E+09
 165      0.105849E+09   -0.6927651E+08   -0.2247438E+09
 166      0.198604E+09   -0.3170183E+08   -0.1896263E+09
 167      0.306677E+09   -0.1239405E+08   -0.9921608E+08
 168      0.467129E+09    0.4966179E+07   -0.9033475E+07
 169     -0.166007E+09    0.3780878E+07    0.1027618E+08
 170     -0.540833E+08   -0.7131635E+07    0.1064499E+09
 171      0.520499E+08   -0.1901114E+08    0.2023140E+09
 172      0.136477E+09   -0.4431889E+08    0.2464414E+09
 173      0.199641E+09   -0.7008762E+08    0.2905258E+09
 174      0.229005E+09   -0.9372432E+08    0.2878134E+09
 175      0.223559E+09   -0.1155854E+09    0.2854117E+09
 176      0.170692E+09   -0.1314637E+09    0.2372303E+09
 177      0.775126E+08   -0.1473511E+09    0.1896779E+09
 178     -0.504568E+08   -0.1603324E+09    0.1050407E+09
 179     -0.209277E+09   -0.1740936E+09    0.1615483E+08
 180     -0.380624E+09   -0.1840439E+09   -0.9328664E+08
 181     -0.418019E+09   -0.1949811E+09   -0.1926796E+09
 182     -0.268324E+09   -0.1850150E+09   -0.2263182E+09
 183     -0.154526E+09   -0.1727567E+09   -0.2680695E+09
 184     -0.632975E+08   -0.1415189E+09   -0.2830833E+09
 185      0.764032E+07   -0.1097533E+09   -0.2977848E+09
 186      0.701122E+08   -0.7205380E+08   -0.2610247E+09
 187      0.135493E+09   -0.3307297E+08   -0.2228658E+09
 188      0.214613E+09   -0.1212869E+08   -0.1167897E+09
 189      0.358183E+09    0.6117085E+07   -0.1088190E+08
 190     -0.307202E+09    0.2454434E+07    0.1281066E+08
 191     -0.158934E+09   -0.1001668E+08    0.1177967E+09
 192     -0.248575E+08   -0.2383154E+08    0.2227412E+09
 193      0.908186E+08   -0.4629706E+08    0.2678783E+09
 194      0.179894E+09   -0.6779793E+08    0.3128299E+09
 195      0.235428E+09   -0.8619498E+08    0.3058519E+09
 196      0.252357E+09   -0.1038777E+09    0.2987248E+09
 197      0.221719E+09   -0.1144555E+09    0.2481951E+09
 198      0.145020E+09   -0.1247439E+09    0.1979576E+09
 199      0.346785E+08   -0.1323122E+09    0.1138780E+09
 200     -0.109614E+09   -0.1403600E+09    0.2676761E+08
 201     -0.268239E+09   -0.1522149E+09   -0.8006576E+08
 202     -0.356898E+09   -0.1665762E+09   -0.1800837E+09
 203     -0.215901E+09   -0.1652009E+09   -0.2298745E+09
 204     -0.114300E+09   -0.1607264E+09   -0.2844859E+09
 205     -0.415977E+08   -0.1353374E+09   -0.3080183E+09
 206      0.294082E+07   -0.1092938E+09   -0.3317605E+09
 207      0.320528E+08   -0.7382331E+08   -0.2957764E+09
 208      0.566752E+08   -0.3713025E+08   -0.2586204E+09
 209      0.914299E+08   -0.1475509E+08   -0.1370593E+09
 210      0.195520E+09    0.5039249E+07   -0.1495244E+08
 211     -0.447871E+09    0.4548156E+07    0.1487304E+08
 212     -0.263552E+09   -0.7648796E+07    0.1293539E+09
 213     -0.102346E+09   -0.2136389E+08    0.2436237E+09
 214      0.451408E+08   -0.4412966E+08    0.2901090E+09
 215      0.158144E+09   -0.6743728E+08    0.3373299E+09
 216      0.242520E+09   -0.8105010E+08    0.3250647E+09
 217      0.282340E+09   -0.9073200E+08    0.3117798E+09
 218      0.271849E+09   -0.8881634E+08    0.2592402E+09
 219      0.215841E+09   -0.8748063E+08    0.2059382E+09
 220      0.119189E+09   -0.8839892E+08    0.1224680E+09
 221     -0.829640E+07   -0.9040448E+08    0.3836404E+08
 222     -0.157526E+09   -0.1094268E+09   -0.6582898E+08
 223     -0.292078E+09   -0.1313578E+09   -0.1681941E+09
 224     -0.162651E+09   -0.1368513E+09   -0.2346468E+09
 225     -0.735134E+08   -0.1396906E+09   -0.3014274E+09
 226     -0.196973E+08   -0.1230119E+09   -0.3335056E+09
 227     -0.203186E+07   -0.1051902E+09   -0.3664619E+09
 228     -0.661952E+07   -0.7226725E+08   -0.3311175E+09
 229     -0.225214E+08   -0.3684002E+08   -0.2949090E+09
 230     -0.319092E+08   -0.1329952E+08   -0.1574684E+09
 231      0.320504E+08    0.6701847E+07   -0.1872155E+08
 232     -0.614310E+09    0.1733924E+07    0.1879588E+08
 233     -0.387892E+09   -0.1159771E+08    0.1416067E+09
 234     -0.184710E+09   -0.2695253E+08    0.2636941E+09
 235      0.900116E+06   -0.4379650E+08    0.3052974E+09
 236      0.148180E+09   -0.5828130E+08    0.3459598E+09
 237      0.262157E+09   -0.5627603E+08    0.3246063E+09
 238      0.319103E+09   -0.5412285E+08    0.3050385E+09
 239      0.325328E+09   -0.4588015E+08    0.2510750E+09
 240      0.284848E+09   -0.3673862E+08    0.1972344E+09
 241      0.195065E+09   -0.3418381E+08    0.1212559E+09
 242      0.807910E+08   -0.3234352E+08    0.4491294E+08
 243     -0.625209E+08   -0.4604781E+08   -0.4832452E+08
 244     -0.200138E+09   -0.6329297E+08   -0.1425094E+09
 245     -0.891536E+08   -0.8240697E+08   -0.2187879E+09
 246     -0.112136E+08   -0.9907671E+08   -0.2943877E+09
 247      0.227617E+08   -0.9514876E+08   -0.3381227E+09
 248      0.102756E+08   -0.9010533E+08   -0.3832779E+09
 249     -0.366815E+08   -0.6519864E+08   -0.3562071E+09
 250     -0.109138E+09   -0.3738072E+08   -0.3286227E+09
 251     -0.184993E+09   -0.1473383E+08   -0.1775684E+09
 252     -0.197355E+09    0.4360462E+07   -0.2385252E+08
 253     -0.780267E+09    0.4740512E+07    0.2420167E+08
 254     -0.512133E+09   -0.1395658E+08    0.1554099E+09
 255     -0.268676E+09   -0.3594718E+08    0.2861454E+09
 256     -0.447318E+08   -0.4554143E+08    0.3210708E+09
 257      0.139309E+09   -0.4964572E+08    0.3533655E+09
 258      0.280610E+09   -0.2924655E+08    0.3250913E+09
 259      0.355058E+09   -0.8662156E+07    0.3001011E+09
 260      0.381463E+09    0.2203312E+08    0.2435907E+09
 261      0.352050E+09    0.5222137E+08    0.1889396E+09
 262      0.272930E+09    0.6638076E+08    0.1202762E+09
 263      0.170257E+09    0.7964240E+08    0.5072428E+08
 264      0.334068E+08    0.5915739E+08   -0.3166843E+08
 265     -0.109476E+09    0.3378930E+08   -0.1158804E+09
 266     -0.139897E+08   -0.1432434E+07   -0.2018340E+09
 267      0.522412E+08   -0.3391821E+08   -0.2875046E+09
 268      0.662648E+08   -0.4922673E+08   -0.3436894E+09
 269      0.221985E+08   -0.6420274E+08   -0.4015053E+09
 270     -0.673555E+08   -0.5214418E+08   -0.3826150E+09
 271     -0.197823E+09   -0.3547484E+08   -0.3636672E+09
 272     -0.339291E+09   -0.1263211E+08   -0.1982570E+09
 273     -0.426836E+09    0.6524918E+07   -0.2893374E+08
 274     -0.985949E+09   -0.5137288E+06    0.3347201E+08
 275     -0.651696E+09   -0.1401430E+08    0.1693434E+09
 276     -0.341194E+09   -0.3213440E+08    0.3022018E+09
 277     -0.625816E+08   -0.2824518E+08    0.3130345E+09
 278      0.158470E+09   -0.1890680E+08    0.3231917E+09
 279      0.314420E+09    0.2719359E+08    0.2820724E+09
 280      0.400417E+09    0.7629122E+08    0.2443929E+09
 281      0.428885E+09    0.1287162E+09    0.1965862E+09
 282      0.400409E+09    0.1789175E+09    0.1512899E+09
 283      0.325910E+09    0.2003139E+09    0.1014469E+09
 284      0.226033E+09    0.2202504E+09    0.5274205E+08
 285      0.956917E+08    0.1969946E+09   -0.6606803E+07
 286     -0.279858E+08    0.1705965E+09   -0.6994291E+08
 287      0.703373E+08    0.1212899E+09   -0.1544810E+09
 288      0.130405E+09    0.7304733E+08   -0.2380621E+09
 289      0.131161E+09    0.3038272E+08   -0.3034656E+09
 290      0.644846E+08   -0.1182774E+08   -0.3720752E+09
 291     -0.691817E+08   -0.2295402E+08   -0.3745203E+09
 292     -0.270787E+09   -0.2798905E+08   -0.3791901E+09
 293     -0.511943E+09   -0.1162651E+08   -0.2122621E+09
 294     -0.727413E+09    0.7816819E+05   -0.3750569E+08
 295     -0.118965E+10    0.7070720E+07    0.4498017E+08
 296     -0.794031E+09   -0.1699032E+08    0.1846475E+09
 297     -0.422473E+09   -0.3848882E+08    0.3217418E+09
 298     -0.800326E+08   -0.2393839E+07    0.3101848E+09
 299      0.175644E+09    0.3862724E+08    0.2976958E+09
 300      0.353333E+09    0.1278090E+09    0.2410164E+09
 301      0.449357E+09    0.2142693E+09    0.1880364E+09
 302      0.476069E+09    0.2925524E+09    0.1490559E+09
 303      0.450805E+09    0.3679816E+09    0.1131260E+09
 304      0.378758E+09    0.3991246E+09    0.8265710E+08
 305      0.279962E+09    0.4292318E+09    0.5528301E+08
 306      0.158476E+09    0.4011929E+09    0.1930562E+08
 307      0.534885E+08    0.3701100E+09   -0.2424688E+08
 308      0.156432E+09    0.3045450E+09   -0.1071168E+09
 309      0.210947E+09    0.2378119E+09   -0.1872199E+09
 310      0.199688E+09    0.1565479E+09   -0.2635357E+09
 311      0.106823E+09    0.7162070E+08   -0.3438663E+09
 312     -0.697350E+08    0.2375939E+08   -0.3697811E+09
 313     -0.351165E+09   -0.1849182E+08   -0.3987437E+09
 314     -0.687387E+09   -0.6732244E+07   -0.2278798E+09
 315     -0.103125E+10    0.6651275E+07   -0.4770145E+08
 316     -0.145623E+10   -0.1715660E+08    0.7061064E+08
 317     -0.923489E+09   -0.1579275E+08    0.1896326E+09
 318     -0.427527E+09   -0.2427805E+08    0.2922355E+09
 319     -0.352499E+08    0.6216192E+08    0.2224788E+09
 320      0.237172E+09    0.1647305E+09    0.1647013E+09
 321      0.398426E+09    0.3069793E+09    0.1114060E+09
 322      0.481116E+09    0.4455020E+09    0.6670361E+08
 323      0.488375E+09    0.5455077E+09    0.5530993E+08
 324      0.454686E+09    0.6440867E+09    0.4554504E+08
 325      0.379424E+09    0.6812463E+09    0.4931209E+08
 326      0.279137E+09    0.7170331E+09    0.5451278E+08
 327      0.162325E+09    0.6864386E+09    0.5212683E+08
 328      0.111424E+09    0.6545363E+09    0.3945835E+08
 329      0.213841E+09    0.5677124E+09   -0.2183188E+08
 330      0.273675E+09    0.4804991E+09   -0.7507059E+08
 331      0.267747E+09    0.3526524E+09   -0.1389792E+09
 332      0.185095E+09    0.2209764E+09   -0.2101439E+09
 333     -0.121857E+08    0.1124401E+09   -0.2720259E+09
 334     -0.353363E+09    0.1577904E+08   -0.3490338E+09
 335     -0.837893E+09    0.2651247E+07   -0.2171742E+09
 336     -0.139906E+10   -0.1668149E+08   -0.6316548E+08
 337     -0.175610E+10    0.3761014E+08    0.1207818E+09
 338     -0.105585E+10   -0.5217742E+07    0.2040866E+09
 339     -0.468931E+09   -0.4189810E+07    0.2792343E+09
 340      0.317924E+08    0.2065988E+09    0.1463240E+09
 341      0.305823E+09    0.3959159E+09    0.2130136E+08
 342      0.448456E+09    0.6130193E+09   -0.2431368E+08
 343      0.513810E+09    0.8100452E+09   -0.5950026E+08
 344      0.502851E+09    0.9236345E+09   -0.4095274E+08
 345      0.457256E+09    0.1034230E+10   -0.2370192E+08
 346      0.377374E+09    0.1067950E+10    0.1438251E+08
 347      0.279483E+09    0.1103257E+10    0.5197385E+08
 348      0.158381E+09    0.1069930E+10    0.8579217E+08
 349      0.171873E+09    0.1038209E+10    0.1073108E+09
 350      0.271358E+09    0.9397388E+09    0.6814735E+08
 351      0.338133E+09    0.8399125E+09    0.4247338E+08
 352      0.340630E+09    0.6606001E+09   -0.7627125E+07
 353      0.270099E+09    0.4631125E+09   -0.6485383E+08
 354      0.646812E+08    0.2677922E+09   -0.1805292E+09
 355     -0.382711E+09    0.5204935E+08   -0.3105859E+09
 356     -0.992915E+09    0.2099344E+08   -0.2137313E+09
 357     -0.179657E+10    0.2925318E+08   -0.9748071E+08
 358     -0.209869E+10   -0.1064697E+09    0.1540596E+09
 359     -0.104832E+10    0.3828061E+08    0.1204347E+09
 360     -0.248811E+09    0.1692182E+09    0.2416432E+08
 361      0.146680E+09    0.5047408E+09   -0.1709245E+09
 362      0.347536E+09    0.8586202E+09   -0.2837675E+09
 363      0.427682E+09    0.1102668E+10   -0.2532064E+09
 364      0.456821E+09    0.1339122E+10   -0.2240979E+09
 365      0.434930E+09    0.1448361E+10   -0.1465822E+09
 366      0.387276E+09    0.1555937E+10   -0.7425155E+08
 367      0.306178E+09    0.1569859E+10   -0.1658413E+07
 368      0.216750E+09    0.1583875E+10    0.7305872E+08
 369      0.104924E+09    0.1544779E+10    0.1231585E+09
 370      0.172202E+09    0.1517740E+10    0.1603804E+09
 371      0.253340E+09    0.1423424E+10    0.1724130E+09
 372      0.319350E+09    0.1325117E+10    0.1983887E+09
 373      0.337746E+09    0.1107577E+10    0.2121540E+09
 374      0.315370E+09    0.8820061E+09    0.2298672E+09
 375      0.174241E+09    0.5457678E+09    0.1339346E+09
 376     -0.180680E+09    0.2204659E+09   -0.3415089E+08
 377     -0.979553E+09    0.6604968E+08   -0.1040252E+09
 378     -0.218065E+10   -0.9398708E+08   -0.1115499E+09
 379     -0.308613E+10    0.2585814E+09    0.6182980E+09
 380     -0.891222E+09    0.2390658E+09    0.1279196E+09
 381      0.398531E+08    0.4633378E+09   -0.4031669E+09
 382      0.261804E+09    0.1184666E+10   -0.5469867E+09
 383      0.391247E+09    0.1659191E+10   -0.6059117E+09
 384      0.398189E+09    0.1878971E+10   -0.4937833E+09
 385      0.395117E+09    0.2100497E+10   -0.3889980E+09
 386      0.359136E+09    0.2160572E+10   -0.2538105E+09
 387      0.314415E+09    0.2226396E+10   -0.1248155E+09
 388      0.231546E+09    0.2206667E+10   -0.1812948E+08
 389      0.136042E+09    0.2187175E+10    0.9808950E+08
 390      0.539903E+08    0.2148084E+10    0.1623544E+09
 391      0.164494E+09    0.2127506E+10    0.2102051E+09
 392      0.227984E+09    0.2052875E+10    0.2786025E+09
 393      0.292863E+09    0.1975891E+10    0.3585167E+09
 394      0.324164E+09    0.1763312E+10    0.4469586E+09
 395      0.361901E+09    0.1556724E+10    0.5433508E+09
 396      0.283533E+09    0.1122703E+10    0.5080798E+09
 397      0.889478E+08    0.4779496E+09    0.3930537E+09
 398     -0.827617E+09    0.2539084E+09   -0.6698201E+08
 399     -0.315731E+10    0.2312104E+09   -0.4620851E+09
 400     -0.253244E+10   -0.4592444E+09   -0.1363579E+09
 401     -0.298885E+09    0.8057562E+09   -0.7411126E+09
 402     -0.975882E+07    0.2024779E+10   -0.1168839E+10
 403      0.160668E+09    0.2422544E+10   -0.9583594E+09
 404      0.199430E+09    0.2836343E+10   -0.8252039E+09
 405      0.206422E+09    0.2944525E+10   -0.6190075E+09
 406      0.202541E+09    0.3066365E+10   -0.4213042E+09
 407      0.182638E+09    0.3048919E+10   -0.2423685E+09
 408      0.161464E+09    0.3034299E+10   -0.6335645E+08
 409      0.116069E+09    0.2958109E+10    0.5375876E+08
 410      0.495923E+08    0.2888391E+10    0.1633839E+09
 411      0.243508E+08    0.2856595E+10    0.1958093E+09
 412      0.834498E+08    0.2836559E+10    0.2306638E+09
 413      0.117823E+09    0.2791080E+10    0.3368722E+09
 414      0.151843E+09    0.2744747E+10    0.4473842E+09
 415      0.172314E+09    0.2606131E+10    0.6026213E+09
 416      0.193497E+09    0.2480405E+10    0.7662847E+09
 417      0.183036E+09    0.2115390E+10    0.9010252E+09
 418      0.415972E+08    0.1750383E+10    0.1119974E+10
 419     -0.246283E+09    0.6908190E+09    0.7227541E+09
 420     -0.253437E+10   -0.3890217E+09    0.2082301E+09
 421     -0.132732E+10    0.4393675E+10   -0.1043437E+10
 422      0.127043E+09    0.4466808E+10   -0.1574222E+10
 423     -0.753290E+08    0.4492476E+10   -0.1766326E+10
 424      0.352823E+08    0.4405320E+10   -0.1295482E+10
 425      0.975974E+06    0.4398639E+10   -0.1002170E+10
 426      0.138381E+08    0.4315960E+10   -0.7122020E+09
 427      0.108794E+08    0.4247820E+10   -0.4351347E+09
 428      0.101846E+08    0.4114625E+10   -0.2151951E+09
 429      0.110640E+08    0.3985699E+10    0.9739430E+07
 430      0.529728E+07    0.3818711E+10    0.1353456E+09
 431     -0.196929E+08    0.3646756E+10    0.2314570E+09
 432     -0.207172E+07    0.3620570E+10    0.2291129E+09
 433      0.680532E+07    0.3609292E+10    0.2522538E+09
 434      0.117004E+08    0.3611666E+10    0.3911302E+09
 435      0.141452E+08    0.3611587E+10    0.5286783E+09
 436      0.229695E+08    0.3614124E+10    0.7406160E+09
 437      0.196271E+08    0.3628145E+10    0.9645151E+09
 438      0.641402E+08    0.3636471E+10    0.1246235E+10
 439     -0.309382E+08    0.3725699E+10    0.1718471E+10
 440      0.195478E+09    0.3686415E+10    0.1570847E+10
 441     -0.129848E+10    0.3576420E+10    0.1169788E+10
