   1      0.507505E+09    0.1177468E+08    0.4060276E+06
   2      0.380386E+09   -0.2614186E+08    0.2313646E+07
   3      0.293295E+09   -0.6742084E+08    0.3734860E+07
   4      0.213326E+09   -0.1541220E+09    0.3665485E+07
   5      0.146903E+09   -0.2395842E+09    0.3734937E+07
   6      0.770892E+08   -0.3388324E+09    0.3703851E+07
   7      0.261644E+07   -0.4385591E+09    0.3737273E+07
   8     -0.788621E+08   -0.5234743E+09    0.2815564E+07
   9     -0.169730E+09   -0.6076612E+09    0.2864840E+07
  10     -0.265242E+09   -0.6591388E+09    0.3371929E+07
  11     -0.371213E+09   -0.7168510E+09    0.1309422E+07
  12     -0.475320E+09   -0.6606002E+09   -0.1218060E+08
  13     -0.537441E+09   -0.5831730E+09   -0.1904983E+08
  14     -0.414633E+09   -0.4695224E+09   -0.4874192E+07
  15     -0.306964E+09   -0.3698917E+09    0.1874583E+07
  16     -0.186854E+09   -0.2789710E+09    0.7467417E+05
  17     -0.423913E+08   -0.1862086E+09    0.6694199E+06
  18      0.128148E+09   -0.1154836E+09    0.6910213E+06
  19      0.341626E+09   -0.4427435E+08    0.4314056E+06
  20      0.595315E+09   -0.1620187E+08    0.4843887E+06
  21      0.910278E+09    0.9755660E+07    0.1092216E+07
  22      0.462780E+09    0.8236809E+07    0.4689887E+07
  23      0.353132E+09   -0.2220401E+08    0.3303308E+08
  24      0.271660E+09   -0.5451729E+08    0.6104420E+08
  25      0.199030E+09   -0.1269159E+09    0.7497310E+08
  26      0.139987E+09   -0.1997511E+09    0.8900046E+08
  27      0.759902E+08   -0.2877222E+09    0.8967898E+08
  28      0.902410E+07   -0.3755552E+09    0.9045908E+08
  29     -0.660489E+08   -0.4525140E+09    0.7749079E+08
  30     -0.150341E+09   -0.5295932E+09    0.6465807E+08
  31     -0.240280E+09   -0.5658852E+09    0.3941766E+08
  32     -0.335772E+09   -0.6015060E+09    0.1405417E+08
  33     -0.427283E+09   -0.5857748E+09   -0.3268565E+08
  34     -0.494699E+09   -0.5650832E+09   -0.8429662E+08
  35     -0.412887E+09   -0.4701527E+09   -0.9417932E+08
  36     -0.310271E+09   -0.3763137E+09   -0.9705116E+08
  37     -0.191369E+09   -0.2839964E+09   -0.9027587E+08
  38     -0.526518E+08   -0.1921706E+09   -0.8573745E+08
  39      0.111779E+09   -0.1201294E+09   -0.6974642E+08
  40      0.319721E+09   -0.4889175E+08   -0.5322747E+08
  41      0.569163E+09   -0.1981691E+08   -0.2721855E+08
  42      0.882226E+09    0.7887240E+07   -0.1608785E+07
  43      0.415098E+09    0.9570343E+07    0.7357133E+07
  44      0.325370E+09   -0.1492916E+08    0.6305101E+08
  45      0.249076E+09   -0.4240064E+08    0.1185936E+09
  46      0.184610E+09   -0.1091590E+09    0.1461474E+09
  47      0.132864E+09   -0.1747216E+09    0.1738784E+09
  48      0.750721E+08   -0.2519489E+09    0.1754205E+09
  49      0.159221E+08   -0.3291236E+09    0.1767835E+09
  50     -0.528410E+08   -0.3950628E+09    0.1519268E+09
  51     -0.129240E+09   -0.4613179E+09    0.1269520E+09
  52     -0.213470E+09   -0.4999945E+09    0.7577133E+08
  53     -0.297792E+09   -0.5345937E+09    0.2522454E+08
  54     -0.376999E+09   -0.5263383E+09   -0.5056677E+08
  55     -0.442515E+09   -0.5281242E+09   -0.1405456E+09
  56     -0.414319E+09   -0.4759029E+09   -0.1838684E+09
  57     -0.323148E+09   -0.4053033E+09   -0.2048509E+09
  58     -0.198064E+09   -0.2993097E+09   -0.1830511E+09
  59     -0.637772E+08   -0.2027358E+09   -0.1710035E+09
  60      0.951317E+08   -0.1261828E+09   -0.1394875E+09
  61      0.298114E+09   -0.4858876E+08   -0.1062633E+09
  62      0.543902E+09   -0.1767975E+08   -0.5420866E+08
  63      0.855450E+09    0.1066023E+08   -0.3005413E+07
  64      0.313196E+09    0.6955435E+07    0.6789870E+07
  65      0.246858E+09   -0.1551963E+08    0.8479750E+08
  66      0.189178E+09   -0.3950805E+08    0.1627103E+09
  67      0.146013E+09   -0.9571665E+08    0.2012771E+09
  68      0.111199E+09   -0.1523233E+09    0.2400057E+09
  69      0.738525E+08   -0.2205082E+09    0.2416720E+09
  70      0.321805E+08   -0.2886173E+09    0.2430894E+09
  71     -0.171408E+08   -0.3468285E+09    0.2082013E+09
  72     -0.785846E+08   -0.4035664E+09    0.1734157E+09
  73     -0.145894E+09   -0.4357714E+09    0.1082318E+09
  74     -0.217794E+09   -0.4686277E+09    0.4246177E+08
  75     -0.286613E+09   -0.4730582E+09   -0.4559103E+08
  76     -0.337441E+09   -0.4781321E+09   -0.1393191E+09
  77     -0.346903E+09   -0.4501770E+09   -0.2144981E+09
  78     -0.306005E+09   -0.4177976E+09   -0.2821101E+09
  79     -0.207057E+09   -0.3229879E+09   -0.2748899E+09
  80     -0.925735E+08   -0.2270708E+09   -0.2685201E+09
  81      0.467508E+08   -0.1426521E+09   -0.2202510E+09
  82      0.229678E+09   -0.5986230E+08   -0.1712868E+09
  83      0.460493E+09   -0.2376662E+08   -0.8734600E+08
  84      0.766373E+09    0.9803528E+07   -0.4914564E+07
  85      0.214094E+09    0.6541770E+07    0.7873093E+07
  86      0.168578E+09   -0.1340789E+08    0.1069039E+09
  87      0.129901E+09   -0.3498411E+08    0.2059514E+09
  88      0.107035E+09   -0.8701175E+08    0.2564862E+09
  89      0.898586E+08   -0.1392012E+09    0.3066723E+09
  90      0.724309E+08   -0.1992310E+09    0.3083742E+09
  91      0.480561E+08   -0.2584775E+09    0.3100047E+09
  92      0.193447E+08   -0.3082836E+09    0.2651951E+09
  93     -0.290482E+08   -0.3581593E+09    0.2201203E+09
  94     -0.794873E+08   -0.3878638E+09    0.1409939E+09
  95     -0.140116E+09   -0.4155133E+09    0.6130094E+08
  96     -0.196565E+09   -0.4149611E+09   -0.4326707E+08
  97     -0.244537E+09   -0.4150483E+09   -0.1471782E+09
  98     -0.273076E+09   -0.4017005E+09   -0.2411266E+09
  99     -0.272364E+09   -0.3949596E+09   -0.3415841E+09
 100     -0.215382E+09   -0.3408719E+09   -0.3632000E+09
 101     -0.125180E+09   -0.2700085E+09   -0.3755934E+09
 102     -0.587425E+07   -0.1652903E+09   -0.3070790E+09
 103      0.157994E+09   -0.6698422E+08   -0.2388275E+09
 104      0.376867E+09   -0.2435244E+08   -0.1210193E+09
 105      0.682113E+09    0.1414423E+08   -0.5817832E+07
 106      0.693282E+08    0.6175139E+07    0.9217299E+07
 107      0.502399E+08   -0.1403474E+08    0.1266001E+09
 108      0.420248E+08   -0.3621698E+08    0.2439762E+09
 109      0.488505E+08   -0.8312093E+08    0.3014408E+09
 110      0.617415E+08   -0.1296133E+09    0.3585618E+09
 111      0.727142E+08   -0.1802077E+09    0.3576883E+09
 112      0.767726E+08   -0.2297950E+09    0.3559005E+09
 113      0.704890E+08   -0.2688542E+09    0.3044510E+09
 114      0.445902E+08   -0.3080444E+09    0.2530631E+09
 115      0.104891E+08   -0.3293540E+09    0.1627900E+09
 116     -0.348449E+08   -0.3495881E+09    0.7170625E+08
 117     -0.829021E+08   -0.3517876E+09   -0.4085603E+08
 118     -0.136935E+09   -0.3543666E+09   -0.1537788E+09
 119     -0.169344E+09   -0.3357664E+09   -0.2550039E+09
 120     -0.186086E+09   -0.3170661E+09   -0.3578409E+09
 121     -0.176557E+09   -0.2799742E+09   -0.4012004E+09
 122     -0.137531E+09   -0.2430814E+09   -0.4416796E+09
 123     -0.696860E+08   -0.1736739E+09   -0.3836351E+09
 124      0.475316E+08   -0.9545925E+08   -0.3243471E+09
 125      0.220723E+09   -0.3750390E+08   -0.1693683E+09
 126      0.495671E+09    0.1189210E+08   -0.1532163E+08
 127     -0.730997E+08    0.6661631E+07    0.9977066E+07
 128     -0.687606E+08   -0.1284679E+08    0.1467949E+09
 129     -0.450151E+08   -0.3488476E+08    0.2831768E+09
 130     -0.910715E+07   -0.7800505E+08    0.3468624E+09
 131      0.330889E+08   -0.1198309E+09    0.4108524E+09
 132      0.735520E+08   -0.1607792E+09    0.4072370E+09
 133      0.106288E+09   -0.2011257E+09    0.4021802E+09
 134      0.121014E+09   -0.2316569E+09    0.3437747E+09
 135      0.118255E+09   -0.2620435E+09    0.2860023E+09
 136      0.101415E+09   -0.2782218E+09    0.1842786E+09
 137      0.717032E+08   -0.2926530E+09    0.8137193E+08
 138      0.288081E+08   -0.2907335E+09   -0.3902152E+08
 139     -0.256199E+08   -0.2903988E+09   -0.1607658E+09
 140     -0.685643E+08   -0.2768204E+09   -0.2729826E+09
 141     -0.107916E+09   -0.2634595E+09   -0.3839317E+09
 142     -0.134909E+09   -0.2283271E+09   -0.4406107E+09
 143     -0.143877E+09   -0.1910158E+09   -0.4981832E+09
 144     -0.127757E+09   -0.1346359E+09   -0.4538359E+09
 145     -0.612200E+08   -0.7320014E+08   -0.4085242E+09
 146      0.608788E+08   -0.2788428E+08   -0.2184932E+09
 147      0.299840E+09    0.1105222E+08   -0.2732489E+08
 148     -0.264979E+09    0.3775953E+07    0.1460717E+08
 149     -0.220572E+09   -0.1466729E+08    0.1651611E+09
 150     -0.153216E+09   -0.3468799E+08    0.3155046E+09
 151     -0.753069E+08   -0.7030010E+08    0.3811099E+09
 152      0.530674E+07   -0.1054172E+09    0.4457296E+09
 153      0.819998E+08   -0.1357181E+09    0.4366489E+09
 154      0.144445E+09   -0.1651071E+09    0.4275987E+09
 155      0.184558E+09   -0.1844158E+09    0.3634106E+09
 156      0.205678E+09   -0.2028900E+09    0.2989311E+09
 157      0.208383E+09   -0.2100414E+09    0.1929103E+09
 158      0.190547E+09   -0.2185497E+09    0.8700103E+08
 159      0.153966E+09   -0.2198140E+09   -0.3863566E+08
 160      0.103872E+09   -0.2197800E+09   -0.1660412E+09
 161      0.488500E+08   -0.2067083E+09   -0.2847561E+09
 162     -0.127138E+08   -0.1939124E+09   -0.4034309E+09
 163     -0.693174E+08   -0.1653356E+09   -0.4687985E+09
 164     -0.125902E+09   -0.1353378E+09   -0.5345067E+09
 165     -0.167959E+09   -0.9373816E+08   -0.4942234E+09
 166     -0.181659E+09   -0.5006785E+08   -0.4550975E+09
 167     -0.151306E+09   -0.2030995E+08   -0.2478251E+09
 168     -0.322193E+08    0.6103943E+07   -0.3655705E+08
 169     -0.459398E+09    0.6336355E+07    0.1883657E+08
 170     -0.370816E+09   -0.1203476E+08    0.1840122E+09
 171     -0.263458E+09   -0.3429195E+08    0.3491350E+09
 172     -0.141400E+09   -0.6476364E+08    0.4156392E+09
 173     -0.216587E+08   -0.9096785E+08    0.4801780E+09
 174      0.900916E+08   -0.1066108E+09    0.4665682E+09
 175      0.182271E+09   -0.1230214E+09    0.4539532E+09
 176      0.248922E+09   -0.1289111E+09    0.3832207E+09
 177      0.294497E+09   -0.1336107E+09    0.3115762E+09
 178      0.315104E+09   -0.1341092E+09    0.2016311E+09
 179      0.309132E+09   -0.1342814E+09    0.9281842E+08
 180      0.280962E+09   -0.1339655E+09   -0.3805379E+08
 181      0.233795E+09   -0.1359916E+09   -0.1710147E+09
 182      0.167094E+09   -0.1343439E+09   -0.2971773E+09
 183      0.845777E+08   -0.1306772E+09   -0.4241137E+09
 184     -0.558965E+07   -0.1148613E+09   -0.4977702E+09
 185     -0.108724E+09   -0.9925068E+08   -0.5727283E+09
 186     -0.210781E+09   -0.6787673E+08   -0.5364298E+09
 187     -0.301318E+09   -0.3171813E+08   -0.5015872E+09
 188     -0.361455E+09   -0.9420907E+07   -0.2750334E+09
 189     -0.364571E+09    0.8010663E+07   -0.4218954E+08
 190     -0.702015E+09    0.2757243E+07    0.2351109E+08
 191     -0.547134E+09   -0.1352667E+08    0.1998325E+09
 192     -0.378710E+09   -0.3200268E+08    0.3738924E+09
 193     -0.201939E+09   -0.4986715E+08    0.4317544E+09
 194     -0.386961E+08   -0.6611835E+08    0.4898237E+09
 195      0.109133E+09   -0.6849934E+08    0.4684969E+09
 196      0.230335E+09   -0.6902046E+08    0.4477852E+09
 197      0.322004E+09   -0.5808670E+08    0.3744303E+09
 198      0.387090E+09   -0.4738707E+08    0.3013380E+09
 199      0.421044E+09   -0.3950303E+08    0.1956233E+09
 200      0.427585E+09   -0.3270082E+08    0.9019701E+08
 201      0.408965E+09   -0.3359536E+08   -0.3613151E+08
 202      0.365974E+09   -0.3407919E+08   -0.1637752E+09
 203      0.292307E+09   -0.4214673E+08   -0.2888397E+09
 204      0.196499E+09   -0.5207229E+08   -0.4153192E+09
 205      0.741432E+08   -0.5464542E+08   -0.4972133E+09
 206     -0.727439E+08   -0.5471326E+08   -0.5803981E+09
 207     -0.241962E+09   -0.3968985E+08   -0.5521973E+09
 208     -0.424087E+09   -0.2213737E+08   -0.5258276E+09
 209     -0.603780E+09   -0.7703804E+07   -0.2875411E+09
 210     -0.760750E+09    0.3666291E+07   -0.4209501E+08
 211     -0.943391E+09    0.2407949E+07    0.2972878E+08
 212     -0.724815E+09   -0.1046414E+08    0.2160966E+09
 213     -0.492651E+09   -0.2620993E+08    0.3990248E+09
 214     -0.262794E+09   -0.3479903E+08    0.4494498E+09
 215     -0.564466E+08   -0.3964250E+08    0.5008330E+09
 216      0.128918E+09   -0.1705428E+08    0.4704027E+09
 217      0.279053E+09    0.6602405E+07    0.4411096E+09
 218      0.395284E+09    0.3602491E+08    0.3662601E+09
 219      0.479783E+09    0.6444667E+08    0.2919888E+09
 220      0.528169E+09    0.8286335E+08    0.1894055E+09
 221      0.546604E+09    0.1018003E+09    0.8777141E+08
 222      0.537941E+09    0.9552470E+08   -0.3345933E+08
 223      0.497943E+09    0.8555851E+08   -0.1557979E+09
 224      0.418505E+09    0.5937730E+08   -0.2805194E+09
 225      0.307682E+09    0.3531374E+08   -0.4071825E+09
 226      0.154968E+09    0.1226251E+08   -0.4969013E+09
 227     -0.392551E+08   -0.1144342E+08   -0.5884851E+09
 228     -0.272849E+09   -0.1545299E+08   -0.5680196E+09
 229     -0.549363E+09   -0.1581941E+08   -0.5498952E+09
 230     -0.846204E+09   -0.5632490E+07   -0.3016220E+09
 231     -0.115473E+10    0.2058261E+07   -0.4491910E+08
 232     -0.122854E+10   -0.1601776E+07    0.3877992E+08
 233     -0.909883E+09   -0.9355551E+07    0.2228369E+09
 234     -0.595955E+09   -0.1941464E+08    0.4023437E+09
 235     -0.301533E+09   -0.5272485E+07    0.4349287E+09
 236     -0.501107E+08    0.1232366E+08    0.4683104E+09
 237      0.165530E+09    0.5740636E+08    0.4272050E+09
 238      0.334039E+09    0.1034364E+09    0.3889455E+09
 239      0.464624E+09    0.1548812E+09    0.3188535E+09
 240      0.558647E+09    0.2064079E+09    0.2499678E+09
 241      0.615475E+09    0.2345469E+09    0.1644101E+09
 242      0.641896E+09    0.2605862E+09    0.7923427E+08
 243      0.642572E+09    0.2515447E+09   -0.2226823E+08
 244      0.608804E+09    0.2416337E+09   -0.1244167E+09
 245      0.534095E+09    0.1982005E+09   -0.2373613E+09
 246      0.419325E+09    0.1521019E+09   -0.3526872E+09
 247      0.250487E+09    0.9985155E+08   -0.4481305E+09
 248      0.188715E+08    0.4975886E+08   -0.5471274E+09
 249     -0.279413E+09    0.2442908E+08   -0.5442763E+09
 250     -0.655261E+09    0.2991682E+07   -0.5446399E+09
 251     -0.109549E+10    0.2660637E+07   -0.3015283E+09
 252     -0.158565E+10   -0.3716870E+06   -0.4694374E+08
 253     -0.151736E+10   -0.3052672E+07    0.4913775E+08
 254     -0.109524E+10   -0.4413103E+07    0.2306037E+09
 255     -0.700888E+09   -0.5993186E+07    0.4060149E+09
 256     -0.340549E+09    0.3330054E+08    0.4213169E+09
 257     -0.436368E+08    0.7534712E+08    0.4385425E+09
 258      0.202840E+09    0.1513348E+09    0.3862657E+09
 259      0.389701E+09    0.2282986E+09    0.3375233E+09
 260      0.535018E+09    0.3061374E+09    0.2713725E+09
 261      0.637960E+09    0.3825591E+09    0.2073485E+09
 262      0.702007E+09    0.4236367E+09    0.1398073E+09
 263      0.739150E+09    0.4632787E+09    0.7150370E+08
 264      0.746997E+09    0.4495064E+09   -0.1129459E+08
 265      0.721230E+09    0.4330847E+09   -0.9358957E+08
 266      0.649536E+09    0.3658210E+09   -0.1932443E+09
 267      0.534072E+09    0.2963024E+09   -0.2963430E+09
 268      0.347664E+09    0.2108548E+09   -0.4002728E+09
 269      0.779536E+08    0.1251089E+09   -0.5075657E+09
 270     -0.287308E+09    0.6658908E+08   -0.5220836E+09
 271     -0.762279E+09    0.1201227E+08   -0.5406915E+09
 272     -0.134723E+10    0.3502327E+07   -0.3018598E+09
 273     -0.201319E+10   -0.4898759E+07   -0.5004229E+08
 274     -0.181032E+10   -0.1004932E+08    0.5907837E+08
 275     -0.125766E+10    0.5087140E+07    0.2163729E+09
 276     -0.762121E+09    0.1837956E+08    0.3653293E+09
 277     -0.337792E+09    0.9164620E+08    0.3488398E+09
 278     -0.343700E+07    0.1697476E+09    0.3363355E+09
 279      0.254610E+09    0.2867981E+09    0.2764984E+09
 280      0.442751E+09    0.4044708E+09    0.2218468E+09
 281      0.581509E+09    0.5081971E+09    0.1740757E+09
 282      0.679416E+09    0.6095483E+09    0.1291331E+09
 283      0.740112E+09    0.6603236E+09    0.9244363E+08
 284      0.784800E+09    0.7103693E+09    0.5539547E+08
 285      0.793959E+09    0.6908592E+09    0.1069014E+08
 286      0.783525E+09    0.6684628E+09   -0.3382115E+08
 287      0.724281E+09    0.5808436E+09   -0.1053628E+09
 288      0.626994E+09    0.4915961E+09   -0.1792521E+09
 289      0.447440E+09    0.3628408E+09   -0.2759815E+09
 290      0.166572E+09    0.2310976E+09   -0.3793272E+09
 291     -0.242947E+09    0.1293691E+09   -0.4281503E+09
 292     -0.816343E+09    0.3521560E+08   -0.4840612E+09
 293     -0.156004E+10    0.1299869E+08   -0.2807868E+09
 294     -0.245797E+10   -0.1104540E+08   -0.6010580E+08
 295     -0.209816E+10   -0.6888444E+07    0.7284045E+08
 296     -0.142228E+10    0.3515758E+07    0.2037971E+09
 297     -0.832785E+09    0.2071834E+08    0.3272616E+09
 298     -0.334800E+09    0.1509885E+09    0.2769909E+09
 299      0.340688E+08    0.2866332E+09    0.2314304E+09
 300      0.308514E+09    0.4623951E+09    0.1671841E+09
 301      0.497849E+09    0.6288447E+09    0.1080204E+09
 302      0.629488E+09    0.7621306E+09    0.7775755E+08
 303      0.720944E+09    0.8942526E+09    0.5055876E+08
 304      0.778570E+09    0.9601712E+09    0.4484683E+08
 305      0.828049E+09    0.1024870E+10    0.3981656E+08
 306      0.840145E+09    0.1001291E+10    0.3420291E+08
 307      0.845823E+09    0.9758665E+09    0.2808195E+08
 308      0.801513E+09    0.8592845E+09   -0.1497756E+08
 309      0.719603E+09    0.7376503E+09   -0.5898363E+08
 310      0.549824E+09    0.5594278E+09   -0.1503090E+09
 311      0.256894E+09    0.3753165E+09   -0.2509579E+09
 312     -0.195319E+09    0.2173516E+09   -0.3366886E+09
 313     -0.877795E+09    0.6066922E+08   -0.4313284E+09
 314     -0.177474E+10    0.1989967E+08   -0.2621437E+09
 315     -0.291177E+10   -0.1135254E+08   -0.7296504E+08
 316     -0.236268E+10   -0.3261010E+08    0.9971062E+08
 317     -0.150376E+10    0.1388025E+08    0.1660813E+09
 318     -0.786252E+09    0.5601712E+08    0.2125694E+09
 319     -0.252131E+09    0.2405766E+09    0.9601195E+08
 320      0.110806E+09    0.4362453E+09   -0.1775496E+07
 321      0.349309E+09    0.6738338E+09   -0.5405157E+08
 322      0.511889E+09    0.9092763E+09   -0.9688966E+08
 323      0.614368E+09    0.1077950E+10   -0.8050294E+08
 324      0.694514E+09    0.1240775E+10   -0.6432968E+08
 325      0.740498E+09    0.1311184E+10   -0.2386672E+08
 326      0.784049E+09    0.1382429E+10    0.1740266E+08
 327      0.797643E+09    0.1356239E+10    0.6314599E+08
 328      0.817412E+09    0.1330166E+10    0.1094956E+09
 329      0.794969E+09    0.1194979E+10    0.1228074E+09
 330      0.745683E+09    0.1055388E+10    0.1359208E+09
 331      0.615904E+09    0.8237165E+09    0.7639864E+08
 332      0.368771E+09    0.5856379E+09    0.7271833E+07
 333     -0.739360E+08    0.3514554E+09   -0.1169382E+09
 334     -0.801855E+09    0.1256468E+09   -0.2660470E+09
 335     -0.187353E+10    0.4513507E+08   -0.1926310E+09
 336     -0.331867E+10   -0.3485146E+08   -0.8623373E+08
 337     -0.265986E+10    0.2279512E+08    0.1515285E+09
 338     -0.158703E+10    0.2711652E+08    0.1372386E+09
 339     -0.770398E+09    0.8259209E+08    0.1114379E+09
 340     -0.147187E+09    0.3951202E+09   -0.7549060E+08
 341      0.194123E+09    0.6788114E+09   -0.2449528E+09
 342      0.394666E+09    0.9808131E+09   -0.2834851E+09
 343      0.522974E+09    0.1262657E+10   -0.3129075E+09
 344      0.594519E+09    0.1462159E+10   -0.2472076E+09
 345      0.664017E+09    0.1660305E+10   -0.1820662E+09
 346      0.701199E+09    0.1739951E+10   -0.9094482E+08
 347      0.739122E+09    0.1819692E+10   -0.2792916E+07
 348      0.752592E+09    0.1794368E+10    0.9431723E+08
 349      0.786809E+09    0.1771774E+10    0.1938525E+09
 350      0.785799E+09    0.1626982E+10    0.2652528E+09
 351      0.773636E+09    0.1479315E+10    0.3377257E+09
 352      0.687897E+09    0.1198728E+10    0.3127631E+09
 353      0.487494E+09    0.8965506E+09    0.2812208E+09
 354      0.699745E+08    0.5571667E+09    0.9950249E+08
 355     -0.747718E+09    0.1832442E+09   -0.1103612E+09
 356     -0.197906E+10    0.6496720E+08   -0.1319364E+09
 357     -0.375794E+10    0.2540319E+07   -0.1229538E+09
 358     -0.287258E+10   -0.1255149E+09    0.1793435E+09
 359     -0.144771E+10    0.7888459E+08    0.2574189E+07
 360     -0.474220E+09    0.2764623E+09   -0.2284223E+09
 361      0.555074E+07    0.6942855E+09   -0.4654099E+09
 362      0.247856E+09    0.1120507E+10   -0.6188553E+09
 363      0.366830E+09    0.1432610E+10   -0.5828811E+09
 364      0.443818E+09    0.1737091E+10   -0.5518033E+09
 365      0.482032E+09    0.1923582E+10   -0.4369700E+09
 366      0.525979E+09    0.2115809E+10   -0.3235148E+09
 367      0.558528E+09    0.2207113E+10   -0.1762239E+09
 368      0.595212E+09    0.2296663E+10   -0.3254345E+08
 369      0.606089E+09    0.2277775E+10    0.1148977E+09
 370      0.637641E+09    0.2263829E+10    0.2656058E+09
 371      0.649048E+09    0.2127867E+10    0.4072699E+09
 372      0.669717E+09    0.1994100E+10    0.5511483E+09
 373      0.630277E+09    0.1691620E+10    0.6202952E+09
 374      0.524096E+09    0.1378062E+10    0.6961850E+09
 375      0.225094E+09    0.8967262E+09    0.5576937E+09
 376     -0.426036E+09    0.4106064E+09    0.3390926E+09
 377     -0.177535E+10    0.1380523E+09    0.7393777E+08
 378     -0.398566E+10   -0.1254232E+09   -0.1294409E+09
 379     -0.371565E+10    0.2636774E+09    0.6274967E+09
 380     -0.114657E+10    0.2909777E+09   -0.5554338E+08
 381     -0.121998E+09    0.5670915E+09   -0.7499131E+09
 382      0.153380E+09    0.1329475E+10   -0.9157139E+09
 383      0.300901E+09    0.1835416E+10   -0.1008210E+10
 384      0.327658E+09    0.2099419E+10   -0.8935082E+09
 385      0.360312E+09    0.2370480E+10   -0.7892883E+09
 386      0.365749E+09    0.2510067E+10   -0.6247087E+09
 387      0.385428E+09    0.2657694E+10   -0.4647029E+09
 388      0.407338E+09    0.2737695E+10   -0.2673581E+09
 389      0.442808E+09    0.2824339E+10   -0.6775066E+08
 390      0.457566E+09    0.2824137E+10    0.1358488E+09
 391      0.478894E+09    0.2828465E+10    0.3417493E+09
 392      0.506719E+09    0.2730642E+10    0.5564489E+09
 393      0.558883E+09    0.2640674E+10    0.7718677E+09
 394      0.561594E+09    0.2377131E+10    0.9446904E+09
 395      0.565236E+09    0.2121269E+10    0.1130380E+10
 396      0.380183E+09    0.1554622E+10    0.1080584E+10
 397     -0.371937E+08    0.7450791E+09    0.9531895E+09
 398     -0.140774E+10    0.3592737E+09    0.2088954E+09
 399     -0.487019E+10    0.2015458E+09   -0.4900575E+09
 400     -0.284331E+10   -0.4569817E+09   -0.1574730E+09
 401     -0.423092E+09    0.8322935E+09   -0.9217491E+09
 402     -0.988913E+08    0.2054684E+10   -0.1481692E+10
 403      0.973261E+08    0.2420055E+10   -0.1313222E+10
 404      0.146754E+09    0.2813394E+10   -0.1232538E+10
 405      0.161635E+09    0.2951786E+10   -0.1056257E+10
 406      0.176276E+09    0.3108566E+10   -0.8903421E+09
 407      0.178884E+09    0.3179057E+10   -0.7032609E+09
 408      0.189290E+09    0.3256222E+10   -0.5190646E+09
 409      0.198442E+09    0.3298181E+10   -0.3152430E+09
 410      0.214904E+09    0.3349691E+10   -0.1092152E+09
 411      0.231567E+09    0.3375577E+10    0.1191422E+09
 412      0.235285E+09    0.3399270E+10    0.3451767E+09
 413      0.258665E+09    0.3371811E+10    0.5915398E+09
 414      0.289750E+09    0.3356290E+10    0.8423620E+09
 415      0.298019E+09    0.3213797E+10    0.1111278E+10
 416      0.308708E+09    0.3086250E+10    0.1395731E+10
 417      0.242481E+09    0.2627979E+10    0.1573586E+10
 418     -0.166211E+08    0.2154921E+10    0.1863572E+10
 419     -0.526226E+09    0.8838479E+09    0.1175992E+10
 420     -0.353627E+10   -0.4044324E+09    0.3150240E+09
 421     -0.132204E+10    0.4508818E+10   -0.1066612E+10
 422      0.124094E+09    0.4397887E+10   -0.1741510E+10
 423     -0.827749E+08    0.4239373E+10   -0.2048443E+10
 424      0.228255E+08    0.4091454E+10   -0.1643277E+10
 425     -0.908913E+07    0.4020781E+10   -0.1423771E+10
 426     -0.347361E+05    0.3971394E+10   -0.1194839E+10
 427     -0.262660E+07    0.3936865E+10   -0.9795878E+09
 428     -0.178774E+07    0.3913927E+10   -0.7726344E+09
 429     -0.598968E+06    0.3895818E+10   -0.5671766E+09
 430     -0.791181E+06    0.3883309E+10   -0.3555975E+09
 431     -0.225180E+07    0.3861371E+10   -0.1457600E+09
 432      0.112654E+08    0.3879867E+10    0.1014532E+09
 433      0.385728E+07    0.3926478E+10    0.3437968E+09
 434      0.183660E+08    0.4043808E+10    0.6184475E+09
 435      0.272411E+08    0.4155232E+10    0.9032464E+09
 436      0.400310E+08    0.4215985E+10    0.1259757E+10
 437      0.464570E+08    0.4290545E+10    0.1637678E+10
 438      0.862370E+08    0.4256797E+10    0.2017488E+10
 439     -0.173370E+08    0.4314453E+10    0.2640738E+10
 440      0.196526E+09    0.4064516E+10    0.2203522E+10
 441     -0.150536E+10    0.3724112E+10    0.1430034E+10
