   1     -0.674078E+09    0.2529898E+07   -0.2459443E+06
   2     -0.551965E+09   -0.5043309E+07   -0.8966546E+05
   3     -0.414431E+09   -0.1355462E+08    0.6323562E+04
   4     -0.268713E+09   -0.3092855E+08   -0.5485006E+05
   5     -0.117271E+09   -0.4818364E+08   -0.2251540E+05
   6      0.351488E+08   -0.6422953E+08   -0.1938188E+06
   7      0.183627E+09   -0.8056722E+08    0.8085800E+04
   8      0.326781E+09   -0.8562831E+08   -0.9555831E+06
   9      0.462722E+09   -0.8632998E+08   -0.3719572E+07
  10      0.520778E+09   -0.7673107E+08   -0.2599959E+07
  11      0.528181E+09   -0.7187360E+08    0.3143189E+06
  12      0.505371E+09   -0.7668633E+08    0.1195142E+07
  13      0.446925E+09   -0.8049343E+08    0.1624346E+07
  14      0.353848E+09   -0.7804590E+08    0.1209587E+07
  15      0.219156E+09   -0.7488459E+08    0.6516948E+06
  16      0.522475E+08   -0.6047139E+08    0.1392134E+06
  17     -0.127945E+09   -0.4585156E+08    0.6670915E+06
  18     -0.316572E+09   -0.3114108E+08    0.9275933E+06
  19     -0.499187E+09   -0.1320318E+08   -0.8230888E+06
  20     -0.642283E+09   -0.1759218E+07    0.4031781E+06
  21     -0.697611E+09    0.6210232E+07    0.2801806E+07
  22     -0.682903E+09    0.2073114E+07    0.1153450E+07
  23     -0.558692E+09   -0.5893608E+07    0.7794828E+07
  24     -0.418794E+09   -0.1456099E+08    0.1444446E+08
  25     -0.270671E+09   -0.3162980E+08    0.1632869E+08
  26     -0.116903E+09   -0.4864922E+08    0.1816759E+08
  27      0.377439E+08   -0.6495051E+08    0.1545046E+08
  28      0.188535E+09   -0.8090141E+08    0.1242688E+08
  29      0.333987E+09   -0.8752355E+08    0.5458041E+07
  30      0.465169E+09   -0.9323047E+08   -0.1144803E+07
  31      0.518228E+09   -0.9690850E+08    0.6306255E+06
  32      0.528792E+09   -0.1013778E+09    0.2590133E+07
  33      0.508066E+09   -0.1002742E+09    0.1246124E+06
  34      0.451035E+09   -0.9868485E+08   -0.2833394E+07
  35      0.356825E+09   -0.9061391E+08   -0.6302027E+07
  36      0.223176E+09   -0.8299054E+08   -0.9644892E+07
  37      0.569505E+08   -0.6956059E+08   -0.1393062E+08
  38     -0.128238E+09   -0.5479936E+08   -0.1756660E+08
  39     -0.316791E+09   -0.3619838E+08   -0.1651816E+08
  40     -0.502359E+09   -0.1857573E+08   -0.1634524E+08
  41     -0.649736E+09   -0.8895302E+07   -0.9068882E+07
  42     -0.710769E+09    0.7550317E+06   -0.1384835E+07
  43     -0.691454E+09    0.2662364E+07    0.2297976E+07
  44     -0.565358E+09   -0.5366465E+07    0.1562013E+08
  45     -0.423043E+09   -0.1437654E+08    0.2893250E+08
  46     -0.272586E+09   -0.3245842E+08    0.3270814E+08
  47     -0.116451E+09   -0.5026276E+08    0.3640184E+08
  48      0.404265E+08   -0.6750118E+08    0.3117980E+08
  49      0.193792E+09   -0.8415121E+08    0.2505135E+08
  50      0.341964E+09   -0.9473469E+08    0.1220445E+08
  51      0.466828E+09   -0.1049491E+09    0.2070592E+07
  52      0.515049E+09   -0.1099319E+09    0.4320076E+07
  53      0.529246E+09   -0.1150479E+09    0.4575070E+07
  54      0.510529E+09   -0.1124187E+09   -0.1364136E+07
  55      0.454961E+09   -0.1100979E+09   -0.7170711E+07
  56      0.359309E+09   -0.1016993E+09   -0.1368348E+08
  57      0.227059E+09   -0.9229985E+08   -0.2018526E+08
  58      0.623582E+08   -0.7515026E+08   -0.2804259E+08
  59     -0.129139E+09   -0.5887600E+08   -0.3542125E+08
  60     -0.316367E+09   -0.3970676E+08   -0.3444504E+08
  61     -0.506960E+09   -0.1707202E+08   -0.3360492E+08
  62     -0.656435E+09   -0.4206345E+07   -0.1859804E+08
  63     -0.725331E+09    0.5486482E+07   -0.3737065E+07
  64     -0.719118E+09    0.2147485E+07    0.3831412E+07
  65     -0.585825E+09   -0.6620555E+07    0.2418118E+08
  66     -0.436250E+09   -0.1613492E+08    0.4450347E+08
  67     -0.278462E+09   -0.3436539E+08    0.5015061E+08
  68     -0.115448E+09   -0.5240910E+08    0.5557960E+08
  69      0.475620E+08   -0.6996356E+08    0.4811500E+08
  70      0.206239E+09   -0.8692382E+08    0.3961815E+08
  71      0.358177E+09   -0.9883762E+08    0.2445916E+08
  72      0.466399E+09   -0.1109687E+09    0.1293057E+08
  73      0.518437E+09   -0.1176058E+09    0.1103706E+08
  74      0.537605E+09   -0.1239192E+09    0.6410858E+07
  75      0.520373E+09   -0.1218550E+09   -0.3997158E+07
  76      0.465280E+09   -0.1200179E+09   -0.1380933E+08
  77      0.371363E+09   -0.1077539E+09   -0.2578796E+08
  78      0.237749E+09   -0.9434443E+08   -0.3806828E+08
  79      0.712744E+08   -0.7513225E+08   -0.4633449E+08
  80     -0.123810E+09   -0.5602854E+08   -0.5516820E+08
  81     -0.318496E+09   -0.3711362E+08   -0.5329566E+08
  82     -0.517521E+09   -0.1844223E+08   -0.5188911E+08
  83     -0.679683E+09   -0.7893147E+07   -0.2867948E+08
  84     -0.767441E+09    0.2200729E+07   -0.4199975E+07
  85     -0.746921E+09    0.2971182E+07    0.5342133E+07
  86     -0.606128E+09   -0.6105304E+07    0.3280025E+08
  87     -0.449458E+09   -0.1636501E+08    0.6017965E+08
  88     -0.284378E+09   -0.3592793E+08    0.6766991E+08
  89     -0.114534E+09   -0.5511745E+08    0.7489133E+08
  90      0.545629E+08   -0.7244842E+08    0.6496406E+08
  91      0.218353E+09   -0.8790400E+08    0.5355543E+08
  92      0.374546E+09   -0.1004065E+09    0.3647595E+08
  93      0.465868E+09   -0.1150424E+09    0.2358699E+08
  94      0.522342E+09   -0.1230391E+09    0.1727863E+08
  95      0.545521E+09   -0.1299887E+09    0.8787835E+07
  96      0.530338E+09   -0.1271451E+09   -0.6103067E+07
  97      0.475935E+09   -0.1232464E+09   -0.2135162E+08
  98      0.384065E+09   -0.1089788E+09   -0.3829710E+08
  99      0.248950E+09   -0.9550088E+08   -0.5546551E+08
 100      0.786841E+08   -0.7599449E+08   -0.6480381E+08
 101     -0.116373E+09   -0.5608821E+08   -0.7532482E+08
 102     -0.322118E+09   -0.3683563E+08   -0.7153033E+08
 103     -0.525286E+09   -0.1676171E+08   -0.6812891E+08
 104     -0.703667E+09   -0.6516243E+07   -0.3866437E+08
 105     -0.809032E+09    0.2555255E+07   -0.6981997E+07
 106     -0.795629E+09    0.2402046E+07    0.7053976E+07
 107     -0.641739E+09   -0.7510073E+07    0.4243292E+08
 108     -0.471678E+09   -0.1840108E+08    0.7765866E+08
 109     -0.293642E+09   -0.3806267E+08    0.8630855E+08
 110     -0.112027E+09   -0.5739011E+08    0.9462674E+08
 111      0.670394E+08   -0.7427442E+08    0.8117413E+08
 112      0.238983E+09   -0.8955627E+08    0.6570711E+08
 113      0.386956E+09   -0.1021582E+09    0.5035835E+08
 114      0.476944E+09   -0.1168070E+09    0.3855208E+08
 115      0.536388E+09   -0.1258585E+09    0.2498711E+08
 116      0.562771E+09   -0.1335254E+09    0.1058575E+08
 117      0.551044E+09   -0.1293302E+09   -0.1012581E+08
 118      0.498808E+09   -0.1250345E+09   -0.3141572E+08
 119      0.403903E+09   -0.1118752E+09   -0.5174491E+08
 120      0.268362E+09   -0.9885637E+08   -0.7218011E+08
 121      0.901089E+08   -0.7891546E+08   -0.8483453E+08
 122     -0.110226E+09   -0.5824448E+08   -0.9721199E+08
 123     -0.328387E+09   -0.3737597E+08   -0.9141563E+08
 124     -0.544818E+09   -0.1587388E+08   -0.8628411E+08
 125     -0.741599E+09   -0.5716361E+07   -0.4741077E+08
 126     -0.880947E+09    0.3100441E+07   -0.7348896E+07
 127     -0.843978E+09    0.3206901E+07    0.8790172E+07
 128     -0.677492E+09   -0.7224597E+07    0.5217901E+08
 129     -0.493968E+09   -0.1910345E+08    0.9532171E+08
 130     -0.302930E+09   -0.3968691E+08    0.1051964E+09
 131     -0.109662E+09   -0.5931084E+08    0.1146475E+09
 132      0.804690E+08   -0.7529317E+08    0.9709861E+08
 133      0.261209E+09   -0.9056193E+08    0.7796537E+08
 134      0.396913E+09   -0.1064670E+09    0.6452323E+08
 135      0.488986E+09   -0.1232842E+09    0.5387836E+08
 136      0.550629E+09   -0.1314908E+09    0.3326803E+08
 137      0.581057E+09   -0.1385029E+09    0.1189122E+08
 138      0.572038E+09   -0.1321975E+09   -0.1469720E+08
 139      0.521190E+09   -0.1264749E+09   -0.4078212E+08
 140      0.424094E+09   -0.1118007E+09   -0.6549687E+08
 141      0.286712E+09   -0.9558898E+08   -0.9039719E+08
 142      0.102393E+09   -0.7487585E+08   -0.1048094E+09
 143     -0.106626E+09   -0.5518474E+08   -0.1190944E+09
 144     -0.333035E+09   -0.3467038E+08   -0.1117280E+09
 145     -0.566894E+09   -0.1317229E+08   -0.1046380E+09
 146     -0.779582E+09   -0.4434033E+07   -0.5587722E+08
 147     -0.951993E+09    0.3135472E+07   -0.6609189E+07
 148     -0.916607E+09    0.2292556E+07    0.1168959E+08
 149     -0.729538E+09   -0.8928360E+07    0.6297651E+08
 150     -0.524477E+09   -0.2130442E+08    0.1137682E+09
 151     -0.313694E+09   -0.4050346E+08    0.1232691E+09
 152     -0.103446E+09   -0.5838234E+08    0.1312959E+09
 153      0.984847E+08   -0.7366751E+08    0.1125647E+09
 154      0.275954E+09   -0.8980671E+08    0.9639144E+08
 155      0.410818E+09   -0.1063673E+09    0.8060253E+08
 156      0.510050E+09   -0.1222220E+09    0.6460554E+08
 157      0.577858E+09   -0.1260645E+09    0.3772971E+08
 158      0.610589E+09   -0.1295226E+09    0.1056828E+08
 159      0.603136E+09   -0.1240089E+09   -0.2019104E+08
 160      0.550245E+09   -0.1181935E+09   -0.5071978E+08
 161      0.452562E+09   -0.1056641E+09   -0.7822290E+08
 162      0.309751E+09   -0.9439892E+08   -0.1059996E+09
 163      0.120621E+09   -0.7633539E+08   -0.1235399E+09
 164     -0.101654E+09   -0.5591084E+08   -0.1415567E+09
 165     -0.342937E+09   -0.3529819E+08   -0.1310583E+09
 166     -0.597835E+09   -0.1563118E+08   -0.1209267E+09
 167     -0.836504E+09   -0.6129083E+07   -0.6448445E+08
 168     -0.103844E+10    0.2771186E+07   -0.6578671E+07
 169     -0.989518E+09    0.2937127E+07    0.1478731E+08
 170     -0.781694E+09   -0.8448912E+07    0.7399589E+08
 171     -0.555033E+09   -0.2178625E+08    0.1325968E+09
 172     -0.323948E+09   -0.3922144E+08    0.1406158E+09
 173     -0.952351E+08   -0.5253250E+08    0.1456975E+09
 174      0.114968E+09   -0.6931852E+08    0.1292109E+09
 175      0.287358E+09   -0.9106277E+08    0.1180380E+09
 176      0.426506E+09   -0.1066111E+09    0.9717917E+08
 177      0.531983E+09   -0.1178104E+09    0.7379393E+08
 178      0.605243E+09   -0.1165696E+09    0.4128617E+08
 179      0.640053E+09   -0.1171962E+09    0.9987380E+07
 180      0.634703E+09   -0.1132233E+09   -0.2523292E+08
 181      0.580180E+09   -0.1090223E+09   -0.6080221E+08
 182      0.480064E+09   -0.9736363E+08   -0.9113400E+08
 183      0.334194E+09   -0.8421447E+08   -0.1219302E+09
 184      0.138707E+09   -0.6674753E+08   -0.1426442E+09
 185     -0.960536E+08   -0.5156385E+08   -0.1631117E+09
 186     -0.354063E+09   -0.3502876E+08   -0.1502275E+09
 187     -0.627620E+09   -0.1536144E+08   -0.1379712E+09
 188     -0.893801E+09   -0.5230567E+07   -0.7326350E+08
 189     -0.112412E+10    0.2893532E+07   -0.6951141E+07
 190     -0.109072E+10    0.1719454E+07    0.1905185E+08
 191     -0.848495E+09   -0.9501366E+07    0.8464881E+08
 192     -0.590453E+09   -0.2136105E+08    0.1486026E+09
 193     -0.333255E+09   -0.3752951E+08    0.1556693E+09
 194     -0.873239E+08   -0.5397023E+08    0.1624738E+09
 195      0.126276E+09   -0.7176329E+08    0.1466785E+09
 196      0.307301E+09   -0.8849464E+08    0.1326437E+09
 197      0.454295E+09   -0.9429508E+08    0.1037003E+09
 198      0.565894E+09   -0.9996838E+08    0.7483499E+08
 199      0.638868E+09   -0.9919051E+08    0.4029706E+08
 200      0.676072E+09   -0.9788752E+08    0.6490261E+07
 201      0.670925E+09   -0.9282785E+08   -0.2918600E+08
 202      0.617604E+09   -0.8900448E+08   -0.6515703E+08
 203      0.513414E+09   -0.8200834E+08   -0.9887592E+08
 204      0.363906E+09   -0.7484492E+08   -0.1324499E+09
 205      0.162325E+09   -0.6289602E+08   -0.1549271E+09
 206     -0.883627E+08   -0.4938249E+08   -0.1782844E+09
 207     -0.366847E+09   -0.3242500E+08   -0.1660159E+09
 208     -0.666621E+09   -0.1600186E+08   -0.1537648E+09
 209     -0.965638E+09   -0.6620070E+07   -0.8201599E+08
 210     -0.123510E+10    0.2145063E+07   -0.8717503E+07
 211     -0.119231E+10    0.1820977E+07    0.2372145E+08
 212     -0.914523E+09   -0.8457796E+07    0.9477884E+08
 213     -0.625450E+09   -0.1894836E+08    0.1632955E+09
 214     -0.343790E+09   -0.3706413E+08    0.1725556E+09
 215     -0.838789E+08   -0.5681693E+08    0.1845265E+09
 216      0.138000E+09   -0.6927273E+08    0.1652479E+09
 217      0.329560E+09   -0.7848810E+08    0.1445815E+09
 218      0.482642E+09   -0.7158768E+08    0.1097003E+09
 219      0.598139E+09   -0.6554753E+08    0.7767621E+08
 220      0.674211E+09   -0.5972689E+08    0.4041306E+08
 221      0.712780E+09   -0.5406398E+08    0.2607314E+07
 222      0.707409E+09   -0.5016669E+08   -0.3361263E+08
 223      0.655582E+09   -0.4661609E+08   -0.7031398E+08
 224      0.548029E+09   -0.4671830E+08   -0.1066555E+09
 225      0.392751E+09   -0.4718007E+08   -0.1427786E+09
 226      0.186092E+09   -0.4339067E+08   -0.1681113E+09
 227     -0.807151E+08   -0.4038431E+08   -0.1951492E+09
 228     -0.380928E+09   -0.2926083E+08   -0.1828065E+09
 229     -0.706463E+09   -0.1440491E+08   -0.1700173E+09
 230     -0.103748E+10   -0.4140324E+07   -0.9072826E+08
 231     -0.134617E+10    0.3582085E+07   -0.9542425E+07
 232     -0.132080E+10    0.1984907E+07    0.2856282E+08
 233     -0.993520E+09   -0.1104685E+08    0.1062202E+09
 234     -0.666707E+09   -0.2649395E+08    0.1818828E+09
 235     -0.353256E+09   -0.4249894E+08    0.1865005E+09
 236     -0.753633E+08   -0.5632900E+08    0.1918025E+09
 237      0.165511E+09   -0.4979803E+08    0.1607269E+09
 238      0.362929E+09   -0.4173901E+08    0.1306351E+09
 239      0.516706E+09   -0.2549537E+08    0.9473065E+08
 240      0.630533E+09   -0.9038692E+07    0.6040640E+08
 241      0.707868E+09    0.6380681E+07    0.2805746E+08
 242      0.744196E+09    0.2015513E+08   -0.3351000E+07
 243      0.738792E+09    0.1965376E+08   -0.3328624E+08
 244      0.689367E+09    0.1842948E+08   -0.6345743E+08
 245      0.582686E+09    0.7703232E+07   -0.9649376E+08
 246      0.427263E+09   -0.3011582E+07   -0.1307545E+09
 247      0.214724E+09   -0.1312740E+08   -0.1592427E+09
 248     -0.626697E+08   -0.2339006E+08   -0.1891587E+09
 249     -0.386037E+09   -0.2191142E+08   -0.1862396E+09
 250     -0.746477E+09   -0.1742781E+08   -0.1830795E+09
 251     -0.112276E+10   -0.7101621E+07   -0.9889422E+08
 252     -0.148149E+10    0.1125585E+07   -0.1220151E+08
 253     -0.144645E+10    0.3627651E+07    0.3334189E+08
 254     -0.107387E+10   -0.1352246E+08    0.1193146E+09
 255     -0.711503E+09   -0.3367921E+08    0.2039622E+09
 256     -0.363651E+09   -0.3795019E+08    0.2012094E+09
 257     -0.655465E+08   -0.3622171E+08    0.1973745E+09
 258      0.193355E+09   -0.8393086E+07    0.1570967E+09
 259      0.396205E+09    0.1754205E+08    0.1197706E+09
 260      0.551858E+09    0.5305984E+08    0.8094297E+08
 261      0.666172E+09    0.8912550E+08    0.4301334E+08
 262      0.741268E+09    0.1102565E+09    0.1571765E+08
 263      0.776265E+09    0.1304279E+09   -0.9866079E+07
 264      0.771275E+09    0.1280285E+09   -0.3311619E+08
 265      0.723785E+09    0.1242655E+09   -0.5665691E+08
 266      0.618322E+09    0.9770833E+08   -0.8668644E+08
 267      0.462243E+09    0.6815398E+08   -0.1176988E+09
 268      0.243437E+09    0.3433815E+08   -0.1506063E+09
 269     -0.461413E+08    0.2481281E+07   -0.1855107E+09
 270     -0.390788E+09   -0.7276239E+07   -0.1909123E+09
 271     -0.788488E+09   -0.1353821E+08   -0.1970856E+09
 272     -0.120974E+10   -0.4182253E+07   -0.1077577E+09
 273     -0.161620E+10    0.3131458E+07   -0.1480385E+08
 274     -0.160745E+10   -0.2508667E+07    0.4642609E+08
 275     -0.116641E+10   -0.1559069E+08    0.1326746E+09
 276     -0.738817E+09   -0.3283006E+08    0.2139942E+09
 277     -0.345280E+09   -0.1881716E+08    0.1845043E+09
 278     -0.239433E+08    0.2769323E+06    0.1562214E+09
 279      0.236726E+09    0.5736471E+08    0.1041177E+09
 280      0.434395E+09    0.1169027E+09    0.5713870E+08
 281      0.581216E+09    0.1770580E+09    0.2655192E+08
 282      0.686370E+09    0.2350540E+09   -0.1942039E+07
 283      0.750514E+09    0.2643023E+09   -0.1037025E+08
 284      0.784372E+09    0.2921472E+09   -0.1826908E+08
 285      0.776701E+09    0.2809678E+09   -0.2148777E+08
 286      0.736056E+09    0.2684615E+09   -0.2453734E+08
 287      0.636745E+09    0.2207231E+09   -0.4013041E+08
 288      0.492040E+09    0.1715490E+09   -0.5695573E+08
 289      0.282240E+09    0.1127238E+09   -0.9448445E+08
 290     -0.763995E+07    0.5423666E+08   -0.1358281E+09
 291     -0.368003E+09    0.2111478E+08   -0.1614058E+09
 292     -0.804796E+09   -0.7390287E+07   -0.1898594E+09
 293     -0.129678E+10   -0.4353390E+07   -0.1099111E+09
 294     -0.178138E+10   -0.3877805E+07   -0.2279607E+08
 295     -0.177161E+10    0.4587653E+07    0.6236944E+08
 296     -0.126150E+10   -0.1556816E+08    0.1477722E+09
 297     -0.774684E+09   -0.3310226E+08    0.2283574E+09
 298     -0.325965E+09    0.1945232E+08    0.1725240E+09
 299      0.161240E+08    0.7853834E+08    0.1184723E+09
 300      0.284303E+09    0.1851041E+09    0.5270665E+08
 301      0.474670E+09    0.2869965E+09   -0.7329761E+07
 302      0.611649E+09    0.3757498E+09   -0.2803823E+08
 303      0.707235E+09    0.4609065E+09   -0.4683986E+08
 304      0.760057E+09    0.4979513E+09   -0.3644024E+08
 305      0.793589E+09    0.5340096E+09   -0.2525617E+08
 306      0.782264E+09    0.5120705E+09   -0.8189511E+07
 307      0.749209E+09    0.4887757E+09    0.9520921E+07
 308      0.655926E+09    0.4144550E+09    0.7617731E+07
 309      0.524853E+09    0.3372910E+09    0.3321747E+07
 310      0.324212E+09    0.2386373E+09   -0.3996318E+08
 311      0.298264E+08    0.1354985E+09   -0.8653237E+08
 312     -0.344913E+09    0.6398633E+08   -0.1345370E+09
 313     -0.828916E+09   -0.2413288E+07   -0.1862030E+09
 314     -0.138577E+10   -0.1620195E+07   -0.1137192E+09
 315     -0.195088E+10    0.2311461E+07   -0.3344687E+08
 316     -0.199377E+10   -0.2176140E+08    0.8970594E+08
 317     -0.132948E+10   -0.9663277E+07    0.1441245E+09
 318     -0.725559E+09   -0.5397296E+07    0.1800587E+09
 319     -0.242232E+09    0.1041274E+09    0.6537774E+08
 320      0.991463E+08    0.2268188E+09   -0.3357983E+08
 321      0.334104E+09    0.3868871E+09   -0.9412327E+08
 322      0.496399E+09    0.5439749E+09   -0.1455874E+09
 323      0.600376E+09    0.6577696E+09   -0.1347136E+09
 324      0.679555E+09    0.7690116E+09   -0.1224123E+09
 325      0.716053E+09    0.8115638E+09   -0.7590228E+08
 326      0.743840E+09    0.8538201E+09   -0.2884052E+08
 327      0.732314E+09    0.8223450E+09    0.2529321E+08
 328      0.708011E+09    0.7901058E+09    0.7988210E+08
 329      0.631810E+09    0.6884651E+09    0.1090242E+09
 330      0.529493E+09    0.5850171E+09    0.1373956E+09
 331      0.358319E+09    0.4317827E+09    0.1074921E+09
 332      0.101396E+09    0.2750859E+09    0.7001627E+08
 333     -0.261878E+09    0.1479606E+09   -0.1782794E+08
 334     -0.770940E+09    0.3181164E+08   -0.1194579E+09
 335     -0.142858E+10    0.8639767E+07   -0.9417497E+08
 336     -0.215696E+10   -0.1972291E+08   -0.4950501E+08
 337     -0.224729E+10    0.3426388E+08    0.1415937E+09
 338     -0.140169E+10    0.4320025E+07    0.1493560E+09
 339     -0.709321E+09    0.2074091E+08    0.1455916E+09
 340     -0.137786E+09    0.2647651E+09   -0.3237549E+08
 341      0.188968E+09    0.4846012E+09   -0.1955461E+09
 342      0.388595E+09    0.7220984E+09   -0.2457347E+09
 343      0.520293E+09    0.9388508E+09   -0.2876168E+09
 344      0.589031E+09    0.1073168E+10   -0.2436418E+09
 345      0.649984E+09    0.1205809E+10   -0.1991370E+09
 346      0.671361E+09    0.1247826E+10   -0.1151426E+09
 347      0.691716E+09    0.1290490E+10   -0.3192124E+08
 348      0.680851E+09    0.1246988E+10    0.6008029E+08
 349      0.665337E+09    0.1203802E+10    0.1531542E+09
 350      0.608049E+09    0.1072633E+10    0.2150476E+09
 351      0.534004E+09    0.9396148E+09    0.2782735E+09
 352      0.396890E+09    0.7307946E+09    0.2620138E+09
 353      0.180964E+09    0.5055958E+09    0.2368686E+09
 354     -0.161021E+09    0.2920683E+09    0.9203078E+08
 355     -0.740926E+09    0.5764128E+08   -0.6416726E+08
 356     -0.147615E+10    0.2320331E+08   -0.8152166E+08
 357     -0.238929E+10    0.2813281E+08   -0.8298138E+08
 358     -0.250705E+10   -0.1164456E+09    0.1740678E+09
 359     -0.130991E+10    0.5294625E+08    0.4725043E+08
 360     -0.428318E+09    0.2110471E+09   -0.1399713E+09
 361      0.108010E+08    0.5781498E+09   -0.3754774E+09
 362      0.246844E+09    0.9597347E+09   -0.5260159E+09
 363      0.369957E+09    0.1230929E+10   -0.4991419E+09
 364      0.456236E+09    0.1493848E+10   -0.4763690E+09
 365      0.494047E+09    0.1628590E+10   -0.3756395E+09
 366      0.532815E+09    0.1764711E+10   -0.2771955E+09
 367      0.544481E+09    0.1796999E+10   -0.1463263E+09
 368      0.559971E+09    0.1831246E+10   -0.1695802E+08
 369      0.548516E+09    0.1774814E+10    0.1177859E+09
 370      0.539877E+09    0.1721548E+10    0.2541479E+09
 371      0.503391E+09    0.1575165E+10    0.3650520E+09
 372      0.456196E+09    0.1429971E+10    0.4785595E+09
 373      0.367851E+09    0.1174939E+10    0.5173421E+09
 374      0.234081E+09    0.9117099E+09    0.5595708E+09
 375     -0.140696E+08    0.5577945E+09    0.4225125E+09
 376     -0.465700E+09    0.2170562E+09    0.2150812E+09
 377     -0.134710E+10    0.6408411E+08    0.2706876E+08
 378     -0.259481E+10   -0.9644571E+08   -0.1013120E+09
 379     -0.341051E+10    0.2650816E+09    0.6387780E+09
 380     -0.106071E+10    0.2662256E+09    0.3002783E+08
 381     -0.881188E+08    0.5149159E+09   -0.6032205E+09
 382      0.157960E+09    0.1262307E+10   -0.7770571E+09
 383      0.304226E+09    0.1756292E+10   -0.8719962E+09
 384      0.340155E+09    0.2007222E+10   -0.7647028E+09
 385      0.383877E+09    0.2263419E+10   -0.6652800E+09
 386      0.393472E+09    0.2366450E+10   -0.5071329E+09
 387      0.411518E+09    0.2477106E+10   -0.3528686E+09
 388      0.413331E+09    0.2489601E+10   -0.1754218E+09
 389      0.425889E+09    0.2505874E+10    0.8617236E+06
 390      0.413107E+09    0.2438604E+10    0.1788138E+09
 391      0.411209E+09    0.2375138E+10    0.3576027E+09
 392      0.393167E+09    0.2230352E+10    0.5185401E+09
 393      0.372319E+09    0.2091524E+10    0.6832113E+09
 394      0.329271E+09    0.1832969E+10    0.7881533E+09
 395      0.287617E+09    0.1581773E+10    0.9007712E+09
 396      0.134111E+09    0.1130153E+10    0.8116181E+09
 397     -0.125370E+09    0.4679592E+09    0.6448623E+09
 398     -0.108022E+10    0.2509304E+09    0.6290976E+08
 399     -0.339183E+10    0.2351216E+09   -0.4589129E+09
 400     -0.269544E+10   -0.4663387E+09   -0.1399255E+09
 401     -0.385471E+09    0.8296173E+09   -0.8468904E+09
 402     -0.825232E+08    0.2067392E+10   -0.1361205E+10
 403      0.100457E+09    0.2467514E+10   -0.1195354E+10
 404      0.148151E+09    0.2890202E+10   -0.1112284E+10
 405      0.169189E+09    0.3039840E+10   -0.9315663E+09
 406      0.189178E+09    0.3207396E+10   -0.7591008E+09
 407      0.196695E+09    0.3258443E+10   -0.5600205E+09
 408      0.206495E+09    0.3314579E+10   -0.3627558E+09
 409      0.207801E+09    0.3295813E+10   -0.1567054E+09
 410      0.216746E+09    0.3281622E+10    0.4981179E+08
 411      0.209842E+09    0.3209942E+10    0.2543938E+09
 412      0.210726E+09    0.3141928E+10    0.4586332E+09
 413      0.201897E+09    0.3017092E+10    0.6495577E+09
 414      0.190830E+09    0.2897516E+10    0.8417179E+09
 415      0.174043E+09    0.2701379E+10    0.9990470E+09
 416      0.153111E+09    0.2519975E+10    0.1165083E+10
 417      0.105009E+09    0.2129582E+10    0.1226748E+10
 418     -0.722876E+08    0.1743558E+10    0.1370109E+10
 419     -0.376282E+09    0.6869738E+09    0.8453542E+09
 420     -0.264211E+10   -0.3957875E+09    0.2035803E+09
 421     -0.132330E+10    0.4509125E+10   -0.1043772E+10
 422      0.118458E+09    0.4496737E+10   -0.1674724E+10
 423     -0.859147E+08    0.4435027E+10   -0.1950489E+10
 424      0.215188E+08    0.4347778E+10   -0.1541524E+10
 425     -0.115701E+08    0.4340495E+10   -0.1314666E+10
 426      0.367961E+06    0.4322766E+10   -0.1069702E+10
 427     -0.133149E+07    0.4319554E+10   -0.8377276E+09
 428      0.359160E+07    0.4293465E+10   -0.6009526E+09
 429      0.568092E+07    0.4272258E+10   -0.3646435E+09
 430      0.700713E+07    0.4220661E+10   -0.1318839E+09
 431      0.115041E+08    0.4171053E+10    0.1026152E+09
 432      0.112835E+08    0.4093572E+10    0.3315018E+09
 433      0.146411E+08    0.4019982E+10    0.5596761E+09
 434      0.157200E+08    0.3930175E+10    0.7778930E+09
 435      0.144668E+08    0.3842993E+10    0.9945019E+09
 436      0.225078E+08    0.3769963E+10    0.1194437E+10
 437      0.150224E+08    0.3707916E+10    0.1407517E+10
 438      0.581283E+08    0.3678300E+10    0.1596376E+10
 439     -0.415260E+08    0.3731855E+10    0.1967977E+10
 440      0.188392E+09    0.3715890E+10    0.1683742E+10
 441     -0.128261E+10    0.3626420E+10    0.1150754E+10
