   1      0.742306E+09    0.1921719E+07   -0.3228554E+07
   2      0.636555E+09    0.9734333E+07   -0.2821794E+07
   3      0.482557E+09    0.1792175E+08   -0.2161695E+07
   4      0.308249E+09    0.9348496E+07   -0.7095758E+06
   5      0.128180E+09   -0.1701601E+07    0.2125786E+06
   6     -0.501588E+08   -0.1637483E+08   -0.1407131E+07
   7     -0.213359E+09   -0.2818266E+08   -0.1696717E+07
   8     -0.365369E+09   -0.4427834E+08   -0.5184446E+06
   9     -0.493724E+09   -0.5935402E+08   -0.2840918E+06
  10     -0.590321E+09   -0.8835082E+08    0.3049685E+07
  11     -0.647321E+09   -0.1242233E+09    0.4853660E+07
  12     -0.486735E+09   -0.1387345E+09    0.1556300E+07
  13     -0.346855E+09   -0.1464083E+09    0.5117042E+05
  14     -0.217314E+09   -0.1305133E+09    0.2978781E+06
  15     -0.995448E+08   -0.1155048E+09    0.1920003E+06
  16      0.143234E+08   -0.9049159E+08    0.2105283E+06
  17      0.126648E+09   -0.6538806E+08    0.2135365E+06
  18      0.242725E+09   -0.4190539E+08    0.2900875E+06
  19      0.368145E+09   -0.1856030E+08    0.2049005E+06
  20      0.505138E+09   -0.7269399E+07    0.1518101E+05
  21      0.704653E+09    0.3107988E+07   -0.2377204E+04
  22      0.752736E+09    0.6312563E+06   -0.3926719E+07
  23      0.632001E+09   -0.2177273E+07   -0.7414235E+06
  24      0.477215E+09   -0.4758741E+07    0.3443774E+07
  25      0.303247E+09   -0.1396037E+08    0.9282882E+07
  26      0.125527E+09   -0.2319577E+08    0.1392601E+08
  27     -0.512723E+08   -0.3953309E+08    0.1523327E+08
  28     -0.216653E+09   -0.5671255E+08    0.1720310E+08
  29     -0.365490E+09   -0.7641232E+08    0.1834545E+08
  30     -0.495934E+09   -0.9593410E+08    0.1988572E+08
  31     -0.595612E+09   -0.1162066E+09    0.2349027E+08
  32     -0.629000E+09   -0.1376261E+09    0.2284037E+08
  33     -0.473729E+09   -0.1435132E+09    0.6071643E+07
  34     -0.336802E+09   -0.1473090E+09   -0.7106510E+07
  35     -0.209879E+09   -0.1322091E+09   -0.1436682E+08
  36     -0.946094E+08   -0.1168522E+09   -0.2189256E+08
  37      0.165333E+08   -0.9179174E+08   -0.2417167E+08
  38      0.125937E+09   -0.6662883E+08   -0.2641492E+08
  39      0.238932E+09   -0.4281918E+08   -0.2273020E+08
  40      0.361836E+09   -0.1920136E+08   -0.1912425E+08
  41      0.496775E+09   -0.7815874E+07   -0.1054132E+08
  42      0.690321E+09    0.2767075E+07   -0.1879950E+07
  43      0.765871E+09    0.2903166E+07   -0.4689448E+07
  44      0.627978E+09   -0.3557743E+07    0.1799791E+07
  45      0.472382E+09   -0.1071685E+08    0.9419265E+07
  46      0.298312E+09   -0.2683234E+08    0.1902771E+08
  47      0.122640E+09   -0.4331028E+08    0.2772107E+08
  48     -0.529349E+08   -0.6560291E+08    0.3195907E+08
  49     -0.220316E+09   -0.8669081E+08    0.3567522E+08
  50     -0.366300E+09   -0.1056699E+09    0.3703996E+08
  51     -0.499405E+09   -0.1253435E+09    0.4016968E+08
  52     -0.601556E+09   -0.1402802E+09    0.4325600E+08
  53     -0.609996E+09   -0.1560255E+09    0.3995713E+08
  54     -0.460235E+09   -0.1578838E+09    0.1048850E+08
  55     -0.326486E+09   -0.1580611E+09   -0.1408985E+08
  56     -0.202361E+09   -0.1410541E+09   -0.2890819E+08
  57     -0.896602E+08   -0.1237363E+09   -0.4386499E+08
  58      0.187100E+08   -0.9687918E+08   -0.4843565E+08
  59      0.125190E+09   -0.6986681E+08   -0.5293005E+08
  60      0.235154E+09   -0.4404514E+08   -0.4570120E+08
  61      0.355605E+09   -0.1795126E+08   -0.3845766E+08
  62      0.488809E+09   -0.6504817E+07   -0.2083459E+08
  63      0.675735E+09    0.3664986E+07   -0.3233963E+07
  64      0.759068E+09    0.1862383E+07   -0.2149995E+07
  65      0.614248E+09   -0.7727290E+07    0.1186774E+08
  66      0.457012E+09   -0.1767655E+08    0.2687375E+08
  67      0.286099E+09   -0.3974720E+08    0.4038676E+08
  68      0.112879E+09   -0.6223563E+08    0.5338504E+08
  69     -0.561751E+08   -0.8780341E+08    0.5700867E+08
  70     -0.219645E+09   -0.1133822E+09    0.5962023E+08
  71     -0.365194E+09   -0.1341113E+09    0.5718277E+08
  72     -0.495333E+09   -0.1541727E+09    0.5596225E+08
  73     -0.603769E+09   -0.1650581E+09    0.5364982E+08
  74     -0.571632E+09   -0.1767654E+09    0.4547700E+08
  75     -0.426887E+09   -0.1744299E+09    0.7413177E+07
  76     -0.298679E+09   -0.1710545E+09   -0.2577341E+08
  77     -0.180816E+09   -0.1520687E+09   -0.4746701E+08
  78     -0.750742E+08   -0.1326917E+09   -0.6922398E+08
  79      0.253655E+08   -0.1042143E+09   -0.7618088E+08
  80      0.123115E+09   -0.7546306E+08   -0.8300871E+08
  81      0.223956E+09   -0.4824008E+08   -0.7204189E+08
  82      0.335307E+09   -0.2100090E+08   -0.6086408E+08
  83      0.460610E+09   -0.8246642E+07   -0.3225718E+08
  84      0.637523E+09    0.3449843E+07   -0.3810892E+07
  85      0.748924E+09    0.4984611E+07   -0.3967390E+06
  86      0.601317E+09   -0.7288715E+07    0.2169013E+08
  87      0.441149E+09   -0.2138237E+08    0.4473628E+08
  88      0.274252E+09   -0.4956773E+08    0.6208270E+08
  89      0.102864E+09   -0.7694704E+08    0.7895529E+08
  90     -0.588212E+08   -0.1071156E+09    0.8193963E+08
  91     -0.218807E+09   -0.1371121E+09    0.8406477E+08
  92     -0.363804E+09   -0.1609670E+09    0.7730821E+08
  93     -0.488831E+09   -0.1842074E+09    0.7064120E+08
  94     -0.607919E+09   -0.1932431E+09    0.6444151E+08
  95     -0.532954E+09   -0.2027231E+09    0.5233570E+08
  96     -0.393624E+09   -0.1966017E+09    0.4382365E+07
  97     -0.270949E+09   -0.1897418E+09   -0.3786965E+08
  98     -0.159337E+09   -0.1679152E+09   -0.6626503E+08
  99     -0.605659E+08   -0.1457693E+09   -0.9478181E+08
 100      0.319505E+08   -0.1144322E+09   -0.1040907E+09
 101      0.120999E+09   -0.8270892E+08   -0.1132052E+09
 102      0.212744E+09   -0.5261127E+08   -0.9836906E+08
 103      0.315128E+09   -0.2217433E+08   -0.8321979E+08
 104      0.432229E+09   -0.8238841E+07   -0.4378872E+08
 105      0.600603E+09    0.4239092E+07   -0.4561057E+07
 106      0.711503E+09    0.3986371E+07   -0.4920086E+06
 107      0.566286E+09   -0.9248239E+07    0.3528828E+08
 108      0.411902E+09   -0.2358159E+08    0.7169642E+08
 109      0.253029E+09   -0.5653269E+08    0.9376575E+08
 110      0.924201E+08   -0.8956488E+08    0.1149262E+09
 111     -0.594359E+08   -0.1246263E+09    0.1156777E+09
 112     -0.211813E+09   -0.1593816E+09    0.1161489E+09
 113     -0.351068E+09   -0.1857336E+09    0.1029711E+09
 114     -0.472183E+09   -0.2130892E+09    0.9172318E+08
 115     -0.593299E+09   -0.2234299E+09    0.7273312E+08
 116     -0.479613E+09   -0.2305481E+09    0.4703704E+08
 117     -0.345138E+09   -0.2177883E+09   -0.6226165E+07
 118     -0.228339E+09   -0.2068695E+09   -0.5503183E+08
 119     -0.124864E+09   -0.1832142E+09   -0.8998729E+08
 120     -0.365123E+08   -0.1588481E+09   -0.1249839E+09
 121      0.433414E+08   -0.1253800E+09   -0.1370140E+09
 122      0.117669E+09   -0.9141321E+08   -0.1488080E+09
 123      0.193253E+09   -0.5898080E+08   -0.1298179E+09
 124      0.279229E+09   -0.2638791E+08   -0.1103900E+09
 125      0.380021E+09   -0.1050285E+08   -0.5827785E+08
 126      0.533735E+09    0.4065475E+07   -0.6330551E+07
 127      0.675633E+09    0.5189248E+07    0.2947608E+06
 128      0.530519E+09   -0.1104746E+08    0.4893831E+08
 129      0.383391E+09   -0.2915368E+08    0.9808236E+08
 130      0.231145E+09   -0.6525133E+08    0.1252728E+09
 131      0.833360E+08   -0.1007005E+09    0.1507808E+09
 132     -0.604897E+08   -0.1384358E+09    0.1496753E+09
 133     -0.204398E+09   -0.1754544E+09    0.1486940E+09
 134     -0.338075E+09   -0.2063504E+09    0.1298894E+09
 135     -0.457817E+09   -0.2394090E+09    0.1152028E+09
 136     -0.575246E+09   -0.2479789E+09    0.8086590E+08
 137     -0.427919E+09   -0.2520522E+09    0.3973546E+08
 138     -0.297187E+09   -0.2372521E+09   -0.1740728E+08
 139     -0.185992E+09   -0.2248353E+09   -0.7228929E+08
 140     -0.905028E+08   -0.1993956E+09   -0.1139751E+09
 141     -0.125746E+08   -0.1732548E+09   -0.1554646E+09
 142      0.545974E+08   -0.1371667E+09   -0.1702025E+09
 143      0.114155E+09   -0.1004914E+09   -0.1846484E+09
 144      0.173627E+09   -0.6448537E+08   -0.1614856E+09
 145      0.243048E+09   -0.2778485E+08   -0.1376646E+09
 146      0.328141E+09   -0.1038054E+08   -0.7274166E+08
 147      0.466534E+09    0.5136125E+07   -0.8049144E+07
 148      0.604736E+09    0.5178029E+07    0.1597794E+07
 149      0.465503E+09   -0.1189660E+08    0.6621329E+08
 150      0.335300E+09   -0.3099180E+08    0.1316607E+09
 151      0.200364E+09   -0.7087068E+08    0.1631061E+09
 152      0.732878E+08   -0.1098958E+09    0.1927616E+09
 153     -0.572200E+08   -0.1499397E+09    0.1886848E+09
 154     -0.188300E+09   -0.1898999E+09    0.1845916E+09
 155     -0.311931E+09   -0.2181288E+09    0.1585836E+09
 156     -0.432299E+09   -0.2460938E+09    0.1364882E+09
 157     -0.520806E+09   -0.2542846E+09    0.8791531E+08
 158     -0.367954E+09   -0.2612496E+09    0.3349471E+08
 159     -0.236382E+09   -0.2485112E+09   -0.2968536E+08
 160     -0.129757E+09   -0.2364824E+09   -0.9158843E+08
 161     -0.430864E+08   -0.2103483E+09   -0.1400649E+09
 162      0.218593E+08   -0.1838299E+09   -0.1884141E+09
 163      0.720944E+08   -0.1467789E+09   -0.2069295E+09
 164      0.110640E+09   -0.1090155E+09   -0.2252117E+09
 165      0.146006E+09   -0.7116303E+08   -0.1984894E+09
 166      0.189021E+09   -0.3265576E+08   -0.1711389E+09
 167      0.247757E+09   -0.1280016E+08   -0.9067573E+08
 168      0.358701E+09    0.5153624E+07   -0.1010439E+08
 169      0.534680E+09    0.5812547E+07    0.2941764E+07
 170      0.400367E+09   -0.1329432E+08    0.8321374E+08
 171      0.286509E+09   -0.3409348E+08    0.1646903E+09
 172      0.170106E+09   -0.7784701E+08    0.2015562E+09
 173      0.618695E+08   -0.1226619E+09    0.2363117E+09
 174     -0.533080E+08   -0.1641449E+09    0.2277556E+09
 175     -0.173849E+09   -0.2024664E+09    0.2195669E+09
 176     -0.285586E+09   -0.2276394E+09    0.1867240E+09
 177     -0.405723E+09   -0.2541063E+09    0.1569753E+09
 178     -0.466083E+09   -0.2599938E+09    0.9564996E+08
 179     -0.307008E+09   -0.2649347E+09    0.2909712E+08
 180     -0.175177E+09   -0.2532572E+09   -0.4146882E+08
 181     -0.732287E+08   -0.2419113E+09   -0.1110661E+09
 182      0.452941E+07   -0.2165361E+09   -0.1664101E+09
 183      0.563432E+08   -0.1909384E+09   -0.2217758E+09
 184      0.894969E+08   -0.1538351E+09   -0.2440900E+09
 185      0.106926E+09   -0.1159219E+09   -0.2662324E+09
 186      0.118028E+09   -0.7546335E+08   -0.2358857E+09
 187      0.134991E+09   -0.3358943E+08   -0.2048526E+09
 188      0.167040E+09   -0.1241475E+08   -0.1086035E+09
 189      0.251404E+09    0.6184831E+07   -0.1200131E+08
 190      0.414642E+09    0.5521611E+07    0.6730996E+07
 191      0.302728E+09   -0.1636155E+08    0.1045376E+09
 192      0.214327E+09   -0.4059485E+08    0.2033615E+09
 193      0.131133E+09   -0.8479178E+08    0.2442051E+09
 194      0.515588E+08   -0.1279915E+09    0.2825901E+09
 195     -0.380059E+08   -0.1689151E+09    0.2669985E+09
 196     -0.142268E+09   -0.2095165E+09    0.2508036E+09
 197     -0.243531E+09   -0.2302890E+09    0.2073155E+09
 198     -0.357590E+09   -0.2497274E+09    0.1677489E+09
 199     -0.391686E+09   -0.2515980E+09    0.9854612E+08
 200     -0.230640E+09   -0.2538302E+09    0.2489634E+08
 201     -0.100402E+09   -0.2429155E+09   -0.5176796E+08
 202     -0.317742E+07   -0.2323054E+09   -0.1274864E+09
 203      0.650800E+08   -0.2099489E+09   -0.1888359E+09
 204      0.102808E+09   -0.1874595E+09   -0.2504726E+09
 205      0.116049E+09   -0.1535081E+09   -0.2782487E+09
 206      0.106896E+09   -0.1185614E+09   -0.3061615E+09
 207      0.852165E+08   -0.7910561E+08   -0.2748849E+09
 208      0.629886E+08   -0.3822309E+08   -0.2428150E+09
 209      0.530950E+08   -0.1504454E+08   -0.1294158E+09
 210      0.927073E+08    0.5600352E+07   -0.1519170E+08
 211      0.294401E+09    0.8366505E+07    0.9321311E+07
 212      0.205359E+09   -0.1510030E+08    0.1260274E+09
 213      0.141538E+09   -0.4263019E+08    0.2438514E+09
 214      0.916709E+08   -0.9188360E+08    0.2876181E+09
 215      0.410109E+08   -0.1385324E+09    0.3284563E+09
 216     -0.236247E+08   -0.1714550E+09    0.3068353E+09
 217     -0.108301E+09   -0.2030174E+09    0.2838108E+09
 218     -0.201132E+09   -0.2169486E+09    0.2285544E+09
 219     -0.309060E+09   -0.2299227E+09    0.1785738E+09
 220     -0.317033E+09   -0.2265542E+09    0.1017368E+09
 221     -0.153267E+09   -0.2240121E+09    0.2043201E+08
 222     -0.246435E+08   -0.2138582E+09   -0.6227920E+08
 223      0.676825E+08   -0.2043569E+09   -0.1440757E+09
 224      0.126296E+09   -0.1878804E+09   -0.2116630E+09
 225      0.149627E+09   -0.1715275E+09   -0.2797590E+09
 226      0.142696E+09   -0.1442240E+09   -0.3131203E+09
 227      0.106495E+09   -0.1158109E+09   -0.3469095E+09
 228      0.517775E+08   -0.7847328E+08   -0.3144459E+09
 229     -0.967101E+07   -0.3844520E+08   -0.2813533E+09
 230     -0.613214E+08   -0.1401188E+08   -0.1505162E+09
 231     -0.660988E+08    0.7053270E+07   -0.1814392E+08
 232      0.114597E+09    0.5480821E+07    0.1449492E+08
 233      0.684073E+08   -0.2077619E+08    0.1513344E+09
 234      0.518600E+08   -0.5026248E+08    0.2880289E+09
 235      0.516181E+08   -0.9286395E+08    0.3282016E+09
 236      0.430254E+08   -0.1340265E+09    0.3654031E+09
 237      0.832274E+07   -0.1595141E+09    0.3305253E+09
 238     -0.538295E+08   -0.1828522E+09    0.2959656E+09
 239     -0.138506E+09   -0.1841423E+09    0.2316410E+09
 240     -0.243619E+09   -0.1844454E+09    0.1712940E+09
 241     -0.234968E+09   -0.1729864E+09    0.9292639E+08
 242     -0.699381E+08   -0.1627879E+09    0.1142212E+08
 243      0.559484E+08   -0.1545218E+09   -0.6980510E+08
 244      0.144698E+09   -0.1470538E+09   -0.1503184E+09
 245      0.195431E+09   -0.1398476E+09   -0.2193897E+09
 246      0.207607E+09   -0.1330474E+09   -0.2893175E+09
 247      0.181936E+09   -0.1179304E+09   -0.3296294E+09
 248      0.117452E+09   -0.1015974E+09   -0.3711974E+09
 249      0.224042E+08   -0.7202323E+08   -0.3445372E+09
 250     -0.931705E+08   -0.3940789E+08   -0.3175032E+09
 251     -0.209257E+09   -0.1563043E+08   -0.1716541E+09
 252     -0.287154E+09    0.4789430E+07   -0.2297040E+08
 253     -0.641053E+08    0.9692389E+07    0.1966624E+08
 254     -0.693978E+08   -0.1860247E+08    0.1772759E+09
 255     -0.383640E+08   -0.5197479E+08    0.3335470E+09
 256      0.956337E+07   -0.9192856E+08    0.3702257E+09
 257      0.446991E+08   -0.1264387E+09    0.4041754E+09
 258      0.416939E+08   -0.1292444E+09    0.3555933E+09
 259     -0.636213E+05   -0.1303174E+09    0.3086633E+09
 260     -0.748583E+08   -0.1138652E+09    0.2354443E+09
 261     -0.174805E+09   -0.9784811E+08    0.1645211E+09
 262     -0.152685E+09   -0.7799306E+08    0.8410435E+08
 263      0.142299E+08   -0.5942280E+08    0.2495692E+07
 264      0.137567E+09   -0.5377558E+08   -0.7722833E+08
 265      0.222810E+09   -0.4938826E+08   -0.1564907E+09
 266      0.265806E+09   -0.5648885E+08   -0.2273083E+09
 267      0.266495E+09   -0.6484698E+08   -0.2992947E+09
 268      0.222025E+09   -0.6983236E+08   -0.3471222E+09
 269      0.127828E+09   -0.7419975E+08   -0.3969123E+09
 270     -0.773792E+07   -0.5793284E+08   -0.3760581E+09
 271     -0.178992E+09   -0.3676258E+08   -0.3550500E+09
 272     -0.358386E+09   -0.1324372E+08   -0.1933053E+09
 273     -0.508660E+09    0.6780657E+07   -0.2766020E+08
 274     -0.318594E+09    0.2612447E+07    0.3029970E+08
 275     -0.244473E+09   -0.2407001E+08    0.2034776E+09
 276     -0.127301E+09   -0.5698586E+08    0.3727812E+09
 277     -0.966800E+07   -0.7717554E+08    0.3866807E+09
 278      0.758766E+08   -0.9039519E+08    0.3988427E+09
 279      0.100893E+09   -0.6779166E+08    0.3350395E+09
 280      0.730094E+08   -0.4434344E+08    0.2737777E+09
 281      0.773288E+05   -0.1885084E+07    0.1978574E+09
 282     -0.106812E+09    0.4116274E+08    0.1270464E+09
 283     -0.805113E+08    0.6972303E+08    0.5863005E+08
 284      0.843249E+08    0.9688176E+08   -0.1268402E+08
 285      0.203510E+09    0.9903667E+08   -0.7780356E+08
 286      0.287760E+09    0.9958245E+08   -0.1421064E+09
 287      0.328085E+09    0.7402214E+08   -0.2026053E+09
 288      0.327563E+09    0.4686750E+08   -0.2644652E+09
 289      0.274455E+09    0.1320881E+08   -0.3168059E+09
 290      0.161913E+09   -0.1989609E+08   -0.3730370E+09
 291     -0.136317E+08   -0.2798036E+08   -0.3715849E+09
 292     -0.252748E+09   -0.2975338E+08   -0.3722433E+09
 293     -0.529214E+09   -0.1243799E+08   -0.2080005E+09
 294     -0.797725E+09    0.3931628E+06   -0.3600342E+08
 295     -0.574826E+09    0.1193100E+08    0.4395002E+08
 296     -0.421064E+09   -0.2299240E+08    0.2319553E+09
 297     -0.226926E+09   -0.5833057E+08    0.4167749E+09
 298     -0.264821E+08   -0.4960681E+08    0.4076726E+09
 299      0.104809E+09   -0.3333142E+08    0.3961962E+09
 300      0.163409E+09    0.3951547E+08    0.3153845E+09
 301      0.149273E+09    0.1105420E+09    0.2371574E+09
 302      0.773857E+08    0.1783672E+09    0.1599580E+09
 303     -0.413359E+08    0.2426501E+09    0.8876854E+08
 304     -0.723381E+07    0.2863601E+09    0.3191923E+08
 305      0.154719E+09    0.3290421E+09   -0.2791845E+08
 306      0.269690E+09    0.3258382E+09   -0.7774990E+08
 307      0.353509E+09    0.3215671E+09   -0.1265936E+09
 308      0.391857E+09    0.2727583E+09   -0.1767086E+09
 309      0.390607E+09    0.2207074E+09   -0.2281212E+09
 310      0.330224E+09    0.1458742E+09   -0.2867219E+09
 311      0.195871E+09    0.6723280E+08   -0.3502979E+09
 312     -0.183532E+08    0.2067583E+08   -0.3703075E+09
 313     -0.333830E+09   -0.2027391E+08   -0.3933059E+09
 314     -0.703193E+09   -0.8023026E+07   -0.2244282E+09
 315     -0.108941E+10    0.6277497E+07   -0.4635889E+08
 316     -0.931452E+09   -0.1346524E+08    0.6818274E+08
 317     -0.604320E+09   -0.2190790E+08    0.2465437E+09
 318     -0.259275E+09   -0.4056459E+08    0.4065262E+09
 319      0.175576E+08    0.2378924E+08    0.3414621E+09
 320      0.184441E+09    0.1025659E+09    0.2870667E+09
 321      0.240488E+09    0.2246460E+09    0.2021131E+09
 322      0.221519E+09    0.3453514E+09    0.1255387E+09
 323      0.134542E+09    0.4424930E+09    0.7060010E+08
 324      0.425011E+07    0.5380821E+09    0.1673672E+08
 325      0.270706E+08    0.5884033E+09   -0.1590532E+08
 326      0.182140E+09    0.6384818E+09   -0.4881684E+08
 327      0.290513E+09    0.6303694E+09   -0.6758358E+08
 328      0.373487E+09    0.6215931E+09   -0.8526607E+08
 329      0.414318E+09    0.5489950E+09   -0.1038502E+09
 330      0.425629E+09    0.4736181E+09   -0.1224887E+09
 331      0.378058E+09    0.3485876E+09   -0.1663195E+09
 332      0.260426E+09    0.2202259E+09   -0.2179349E+09
 333      0.314933E+08    0.1114098E+09   -0.2728204E+09
 334     -0.338641E+09    0.1442502E+08   -0.3429064E+09
 335     -0.852305E+09    0.1612613E+07   -0.2140840E+09
 336     -0.144640E+10   -0.1710005E+08   -0.6328576E+08
 337     -0.131800E+10    0.4144996E+08    0.1160551E+09
 338     -0.791858E+09   -0.8394814E+07    0.2707533E+09
 339     -0.326251E+09   -0.1869378E+08    0.4140466E+09
 340      0.826521E+08    0.1703275E+09    0.2861962E+09
 341      0.273653E+09    0.3444067E+09    0.1656006E+09
 342      0.324615E+09    0.5461356E+09    0.8351082E+08
 343      0.296290E+09    0.7235026E+09    0.1000550E+08
 344      0.191580E+09    0.8346001E+09   -0.2453551E+08
 345      0.481899E+08    0.9471409E+09   -0.5979013E+08
 346      0.580664E+08    0.9994649E+09   -0.6426537E+08
 347      0.206963E+09    0.1052605E+10   -0.6924030E+08
 348      0.309228E+09    0.1040766E+10   -0.5621050E+08
 349      0.392150E+09    0.1029570E+10   -0.4165611E+08
 350      0.436089E+09    0.9374375E+09   -0.2712609E+08
 351      0.461975E+09    0.8429475E+09   -0.1120417E+08
 352      0.430518E+09    0.6633724E+09   -0.3902344E+08
 353      0.331517E+09    0.4660771E+09   -0.7393369E+08
 354      0.100697E+09    0.2691005E+09   -0.1815696E+09
 355     -0.370719E+09    0.5150204E+08   -0.3038646E+09
 356     -0.100551E+10    0.2017580E+08   -0.2109805E+09
 357     -0.183396E+10    0.2860718E+08   -0.9911303E+08
 358     -0.176578E+10   -0.1021655E+09    0.1482333E+09
 359     -0.855654E+09    0.3260205E+08    0.1930544E+09
 360     -0.134644E+09    0.1540883E+09    0.1704054E+09
 361      0.196376E+09    0.4768413E+09   -0.2038571E+08
 362      0.332491E+09    0.8177987E+09   -0.1276124E+09
 363      0.340563E+09    0.1045929E+10   -0.1303914E+09
 364      0.298383E+09    0.1264809E+10   -0.1376364E+09
 365      0.189063E+09    0.1367590E+10   -0.1274854E+09
 366      0.464881E+08    0.1470739E+10   -0.1247350E+09
 367      0.355982E+08    0.1512840E+10   -0.1068980E+09
 368      0.172274E+09    0.1560632E+10   -0.8647117E+08
 369      0.261681E+09    0.1546269E+10   -0.3857783E+08
 370      0.333398E+09    0.1533455E+10    0.1143857E+08
 371      0.374603E+09    0.1433716E+10    0.7699756E+08
 372      0.410489E+09    0.1333947E+10    0.1453194E+09
 373      0.403995E+09    0.1114878E+10    0.1815619E+09
 374      0.360441E+09    0.8878493E+09    0.2219486E+09
 375      0.200627E+09    0.5494062E+09    0.1344875E+09
 376     -0.171617E+09    0.2215840E+09   -0.2564711E+08
 377     -0.988948E+09    0.6610775E+08   -0.1006773E+09
 378     -0.220928E+10   -0.9476077E+08   -0.1139247E+09
 379     -0.286114E+10    0.2561797E+09    0.6071509E+09
 380     -0.772607E+09    0.2347221E+09    0.2076612E+09
 381      0.131335E+09    0.4549721E+09   -0.2472729E+09
 382      0.312199E+09    0.1166435E+10   -0.3878003E+09
 383      0.393117E+09    0.1632684E+10   -0.4371071E+09
 384      0.347681E+09    0.1835173E+10   -0.3581061E+09
 385      0.294438E+09    0.2036436E+10   -0.2865415E+09
 386      0.182130E+09    0.2082386E+10   -0.2327696E+09
 387      0.422764E+08    0.2136787E+10   -0.1938193E+09
 388     -0.100318E+07    0.2146955E+10   -0.1496259E+09
 389      0.135547E+09    0.2169316E+10   -0.1005530E+09
 390      0.211239E+09    0.2161717E+10   -0.2045480E+08
 391      0.269465E+09    0.2153985E+10    0.6481094E+08
 392      0.306723E+09    0.2067525E+10    0.1841163E+09
 393      0.351877E+09    0.1985973E+10    0.3056547E+09
 394      0.367026E+09    0.1771992E+10    0.4168111E+09
 395      0.390697E+09    0.1563806E+10    0.5360102E+09
 396      0.300105E+09    0.1128292E+10    0.5097332E+09
 397      0.942297E+08    0.4808001E+09    0.4041384E+09
 398     -0.832519E+09    0.2539884E+09   -0.6306740E+08
 399     -0.317791E+10    0.2296631E+09   -0.4686920E+09
 400     -0.242507E+10   -0.4568338E+09   -0.1359987E+09
 401     -0.236806E+09    0.7933844E+09   -0.6648680E+09
 402      0.461593E+08    0.2008548E+10   -0.1029514E+10
 403      0.192841E+09    0.2406716E+10   -0.7979460E+09
 404      0.205992E+09    0.2813121E+10   -0.6427582E+09
 405      0.185590E+09    0.2898372E+10   -0.4636883E+09
 406      0.154451E+09    0.2995409E+10   -0.2911319E+09
 407      0.959444E+08    0.2951879E+10   -0.1989703E+09
 408      0.186739E+08    0.2905771E+10   -0.1238074E+09
 409     -0.177494E+08    0.2868185E+10   -0.1231213E+09
 410      0.677480E+08    0.2855691E+10   -0.1115597E+09
 411      0.106592E+09    0.2857561E+10   -0.9824089E+07
 412      0.136669E+09    0.2852797E+10    0.9363929E+08
 413      0.156167E+09    0.2799543E+10    0.2439141E+09
 414      0.180393E+09    0.2751313E+10    0.3944797E+09
 415      0.192638E+09    0.2612340E+10    0.5715681E+09
 416      0.206604E+09    0.2486601E+10    0.7572708E+09
 417      0.189815E+09    0.2122110E+10    0.9007777E+09
 418      0.417391E+08    0.1758699E+10    0.1128494E+10
 419     -0.249302E+09    0.6958113E+09    0.7283955E+09
 420     -0.254575E+10   -0.3886449E+09    0.2067538E+09
 421     -0.133859E+10    0.4314780E+10   -0.1055152E+10
 422      0.135911E+09    0.4423487E+10   -0.1515474E+10
 423     -0.605973E+08    0.4481615E+10   -0.1644806E+10
 424      0.476372E+08    0.4379390E+10   -0.1134902E+10
 425      0.108388E+08    0.4363072E+10   -0.8065484E+09
 426      0.211850E+08    0.4247342E+10   -0.5370199E+09
 427      0.149410E+08    0.4145770E+10   -0.2782596E+09
 428      0.106749E+08    0.3972006E+10   -0.1488250E+09
 429     -0.187481E+07    0.3770076E+10   -0.3820768E+08
 430     -0.198356E+08    0.3645290E+10   -0.9105274E+08
 431      0.248639E+07    0.3588648E+10   -0.1243535E+09
 432      0.502267E+07    0.3613400E+10    0.7116025E+06
 433      0.821511E+07    0.3609640E+10    0.1209480E+09
 434      0.100984E+08    0.3609053E+10    0.2981028E+09
 435      0.126364E+08    0.3610717E+10    0.4749945E+09
 436      0.211003E+08    0.3615441E+10    0.7078195E+09
 437      0.174221E+08    0.3631703E+10    0.9530507E+09
 438      0.613965E+08    0.3643407E+10    0.1242668E+10
 439     -0.349617E+08    0.3737554E+10    0.1722078E+10
 440      0.193027E+09    0.3702288E+10    0.1572861E+10
 441     -0.129916E+10    0.3594792E+10    0.1167048E+10
