   1     -0.718122E+09    0.2541428E+07   -0.2559911E+06
   2     -0.603580E+09   -0.5150563E+07   -0.6740082E+05
   3     -0.473619E+09   -0.1379657E+08    0.5817824E+05
   4     -0.335828E+09   -0.3121241E+08    0.1737703E+05
   5     -0.192972E+09   -0.4834145E+08    0.4028598E+05
   6     -0.498260E+08   -0.6465963E+08    0.5355034E+05
   7      0.888799E+08   -0.8073375E+08    0.6961922E+05
   8      0.221508E+09   -0.8870997E+08    0.5761642E+05
   9      0.342375E+09   -0.9649245E+08    0.5048063E+05
  10      0.452618E+09   -0.9125762E+08   -0.6473468E+05
  11      0.546163E+09   -0.8601461E+08   -0.2360823E+06
  12      0.626247E+09   -0.6356903E+08   -0.7217927E+06
  13      0.686445E+09   -0.3998603E+08   -0.1617358E+07
  14      0.738771E+09    0.4609153E+07   -0.4762634E+07
  15      0.621310E+09    0.5232176E+08   -0.6013608E+07
  16      0.418017E+09    0.7221605E+08   -0.1735421E+07
  17      0.148133E+09    0.8679951E+08    0.6162694E+06
  18     -0.195053E+09    0.7407540E+08    0.1507775E+07
  19     -0.631802E+09    0.6259444E+08    0.2228732E+07
  20     -0.116784E+10    0.3281031E+08    0.5671242E+07
  21     -0.188070E+10    0.3066370E+07    0.9626114E+07
  22     -0.727194E+09    0.2073936E+07    0.1226722E+07
  23     -0.610294E+09   -0.5963948E+07    0.7879244E+07
  24     -0.477830E+09   -0.1472955E+08    0.1450591E+08
  25     -0.337646E+09   -0.3167741E+08    0.1623313E+08
  26     -0.192563E+09   -0.4854061E+08    0.1791317E+08
  27     -0.474290E+08   -0.6454065E+08    0.1539108E+08
  28      0.929366E+08   -0.8031272E+08    0.1285314E+08
  29      0.226915E+09   -0.8803804E+08    0.7321879E+07
  30      0.348848E+09   -0.9556692E+08    0.1827276E+07
  31      0.459892E+09   -0.9034854E+08   -0.5548640E+07
  32      0.554445E+09   -0.8523076E+08   -0.1277948E+08
  33      0.635643E+09   -0.6381568E+08   -0.2221304E+08
  34      0.697835E+09   -0.3877689E+08   -0.3437174E+08
  35      0.732607E+09   -0.9846715E+07   -0.3191477E+08
  36      0.608237E+09    0.1531995E+08   -0.2458962E+08
  37      0.407335E+09    0.2432959E+08   -0.1175789E+08
  38      0.140085E+09    0.3430490E+08   -0.1353992E+07
  39     -0.205292E+09    0.2879603E+08    0.7680297E+07
  40     -0.634529E+09    0.1946363E+08    0.1905943E+08
  41     -0.116798E+10    0.6077984E+07    0.1647518E+08
  42     -0.183075E+10   -0.3904362E+07    0.1175684E+08
  43     -0.736133E+09    0.2554406E+07    0.2510833E+07
  44     -0.616958E+09   -0.5417287E+07    0.1578450E+08
  45     -0.481997E+09   -0.1436328E+08    0.2900643E+08
  46     -0.339461E+09   -0.3197230E+08    0.3247629E+08
  47     -0.192164E+09   -0.4928522E+08    0.3585089E+08
  48     -0.450487E+08   -0.6545139E+08    0.3081436E+08
  49      0.969901E+08   -0.8132261E+08    0.2574980E+08
  50      0.232348E+09   -0.8895040E+08    0.1471307E+08
  51      0.355419E+09   -0.9625657E+08    0.3699788E+07
  52      0.467298E+09   -0.9139155E+08   -0.1090469E+08
  53      0.563014E+09   -0.8605834E+08   -0.2512515E+08
  54      0.645852E+09   -0.6857901E+08   -0.4301424E+08
  55      0.711263E+09   -0.5016930E+08   -0.6633436E+08
  56      0.725419E+09   -0.2890063E+08   -0.5871588E+08
  57      0.594292E+09   -0.7951260E+07   -0.4287566E+08
  58      0.395650E+09    0.5184712E+05   -0.2115403E+08
  59      0.131309E+09    0.5866186E+07   -0.2224172E+07
  60     -0.216695E+09    0.8519948E+06    0.1406359E+08
  61     -0.639019E+09   -0.2856632E+07    0.3425010E+08
  62     -0.116635E+10   -0.1400122E+07    0.2505586E+08
  63     -0.177819E+10    0.8502138E+05    0.1186774E+08
  64     -0.764322E+09    0.2109660E+07    0.4034247E+07
  65     -0.637077E+09   -0.6401528E+07    0.2410245E+08
  66     -0.494638E+09   -0.1570766E+08    0.4408593E+08
  67     -0.344661E+09   -0.3302631E+08    0.4900112E+08
  68     -0.190577E+09   -0.5020433E+08    0.5374935E+08
  69     -0.375039E+08   -0.6576363E+08    0.4576822E+08
  70      0.109372E+09   -0.8099790E+08    0.3774096E+08
  71      0.248503E+09   -0.8776749E+08    0.2119899E+08
  72      0.374372E+09   -0.9429632E+08    0.4725324E+07
  73      0.488120E+09   -0.8898040E+08   -0.1623807E+08
  74      0.584907E+09   -0.8297203E+08   -0.3725760E+08
  75      0.667920E+09   -0.6683734E+08   -0.5872369E+08
  76      0.733149E+09   -0.4975859E+08   -0.8456766E+08
  77      0.703455E+09   -0.3437743E+08   -0.7193841E+08
  78      0.569750E+09   -0.2105873E+08   -0.5173170E+08
  79      0.373093E+09   -0.1526543E+08   -0.2728309E+08
  80      0.109262E+09   -0.8993980E+07   -0.4528249E+07
  81     -0.233664E+09   -0.6484462E+07    0.1221327E+08
  82     -0.648793E+09   -0.3743085E+07    0.3039113E+08
  83     -0.115325E+10   -0.1803818E+07    0.2081515E+08
  84     -0.173637E+10    0.1215203E+06    0.8795752E+07
  85     -0.792538E+09    0.2746148E+07    0.5496670E+07
  86     -0.657098E+09   -0.5818208E+07    0.3244270E+08
  87     -0.507274E+09   -0.1555666E+08    0.5926174E+08
  88     -0.349909E+09   -0.3376277E+08    0.6560929E+08
  89     -0.189039E+09   -0.5148982E+08    0.7173192E+08
  90     -0.300089E+08   -0.6661365E+08    0.6080453E+08
  91      0.121666E+09   -0.8134987E+08    0.4982160E+08
  92      0.264604E+09   -0.8680834E+08    0.2779409E+08
  93      0.393115E+09   -0.9181774E+08    0.5915290E+07
  94      0.508877E+09   -0.8571031E+08   -0.2111706E+08
  95      0.606571E+09   -0.7938894E+08   -0.4901250E+08
  96      0.690625E+09   -0.5737372E+08   -0.7690633E+08
  97      0.754336E+09   -0.3514334E+08   -0.1047140E+09
  98      0.680970E+09   -0.3136486E+08   -0.8423090E+08
  99      0.545808E+09   -0.2723675E+08   -0.6099945E+08
 100      0.351009E+09   -0.1818000E+08   -0.3465715E+08
 101      0.867883E+08   -0.1037617E+08   -0.8148334E+07
 102     -0.249428E+09   -0.7884587E+07    0.1019492E+08
 103     -0.656246E+09   -0.4634327E+07    0.2841390E+08
 104     -0.114183E+10   -0.1677373E+07    0.1877786E+08
 105     -0.169728E+10    0.1014116E+07    0.7593891E+07
 106     -0.840485E+09    0.2227259E+07    0.7193362E+07
 107     -0.691586E+09   -0.7028447E+07    0.4141623E+08
 108     -0.527926E+09   -0.1728483E+08    0.7544241E+08
 109     -0.357381E+09   -0.3494743E+08    0.8228651E+08
 110     -0.184873E+09   -0.5227143E+08    0.8881150E+08
 111     -0.159489E+08   -0.6584116E+08    0.7383628E+08
 112      0.143376E+09   -0.7898265E+08    0.5881784E+08
 113      0.291881E+09   -0.8193897E+08    0.3069836E+08
 114      0.423946E+09   -0.8448398E+08    0.2645051E+07
 115      0.541086E+09   -0.7490583E+08   -0.3016112E+08
 116      0.639803E+09   -0.6416815E+08   -0.6516397E+08
 117      0.719980E+09   -0.4959560E+08   -0.9254189E+08
 118      0.741248E+09   -0.3652831E+08   -0.1124608E+09
 119      0.658236E+09   -0.3184781E+08   -0.8679244E+08
 120      0.522254E+09   -0.2731815E+08   -0.6498610E+08
 121      0.325469E+09   -0.2402584E+08   -0.3965503E+08
 122      0.633282E+08   -0.1998422E+08   -0.1403747E+08
 123     -0.266736E+09   -0.1324521E+08    0.4083590E+07
 124     -0.664400E+09   -0.6734368E+07    0.2301525E+08
 125     -0.113179E+10   -0.3218623E+07    0.1543038E+08
 126     -0.167262E+10    0.2812526E+06    0.6267006E+07
 127     -0.888042E+09    0.2812479E+07    0.8975862E+07
 128     -0.726185E+09   -0.6817701E+07    0.5049710E+08
 129     -0.548628E+09   -0.1786073E+08    0.9173013E+08
 130     -0.364925E+09   -0.3580651E+08    0.9907356E+08
 131     -0.180796E+09   -0.5305364E+08    0.1060343E+09
 132     -0.194585E+07   -0.6473939E+08    0.8700829E+08
 133      0.165034E+09   -0.7596913E+08    0.6800444E+08
 134      0.319294E+09   -0.7543520E+08    0.3356469E+08
 135      0.454602E+09   -0.7524386E+08   -0.2235037E+06
 136      0.573812E+09   -0.5965713E+08   -0.4088839E+08
 137      0.676803E+09   -0.3689673E+08   -0.8730894E+08
 138      0.748520E+09   -0.2077757E+08   -0.1075806E+09
 139      0.723773E+09   -0.1711500E+08   -0.1153887E+09
 140      0.636467E+09   -0.2748197E+08   -0.8949465E+08
 141      0.498071E+09   -0.3074807E+08   -0.6916636E+08
 142      0.299716E+09   -0.2425441E+08   -0.4415972E+08
 143      0.411829E+08   -0.1937989E+08   -0.1909814E+08
 144     -0.284085E+09   -0.1351632E+08   -0.1944683E+07
 145     -0.672775E+09   -0.4544870E+07    0.1609664E+08
 146     -0.112214E+10    0.9627887E+06    0.1246793E+08
 147     -0.164726E+10    0.3919207E+07    0.7503918E+07
 148     -0.958498E+09    0.2044797E+07    0.1190319E+08
 149     -0.775404E+09   -0.8242861E+07    0.6040307E+08
 150     -0.575867E+09   -0.1977036E+08    0.1083974E+09
 151     -0.372099E+09   -0.3613679E+08    0.1142627E+09
 152     -0.171127E+09   -0.5189065E+08    0.1197085E+09
 153      0.213385E+08   -0.6000288E+08    0.9475995E+08
 154      0.198191E+09   -0.6744258E+08    0.6990453E+08
 155      0.358911E+09   -0.6265247E+08    0.2897187E+08
 156      0.498828E+09   -0.5696857E+08   -0.1240044E+08
 157      0.618807E+09   -0.4025445E+08   -0.5760233E+08
 158      0.713089E+09   -0.2303615E+08   -0.1043927E+09
 159      0.746165E+09   -0.2287771E+08   -0.1069051E+09
 160      0.707672E+09   -0.2580252E+08   -0.1033295E+09
 161      0.621019E+09   -0.3033419E+08   -0.8528005E+08
 162      0.478373E+09   -0.3356780E+08   -0.6923951E+08
 163      0.278682E+09   -0.3040364E+08   -0.4819568E+08
 164      0.211625E+08   -0.2580782E+08   -0.2679129E+08
 165     -0.300039E+09   -0.1697225E+08   -0.9756093E+07
 166     -0.682331E+09   -0.9316290E+07    0.7643448E+07
 167     -0.112193E+10   -0.4790969E+07    0.7995159E+07
 168     -0.162593E+10   -0.3717924E+05    0.7150913E+07
 169     -0.102912E+10    0.2652650E+07    0.1494214E+08
 170     -0.824623E+09   -0.7986121E+07    0.7047787E+08
 171     -0.603328E+09   -0.2038721E+08    0.1252916E+09
 172     -0.379523E+09   -0.3571557E+08    0.1297151E+09
 173     -0.161581E+09   -0.4994257E+08    0.1336991E+09
 174      0.446192E+08   -0.5312959E+08    0.1026959E+09
 175      0.230814E+09   -0.5555871E+08    0.7245420E+08
 176      0.399220E+09   -0.4335377E+08    0.2379719E+08
 177      0.547524E+09   -0.2771430E+08   -0.2897606E+08
 178      0.666801E+09   -0.1040118E+08   -0.7599156E+08
 179      0.741614E+09    0.9806441E+06   -0.1142117E+09
 180      0.740528E+09   -0.1748773E+08   -0.1026330E+09
 181      0.694816E+09   -0.3427305E+08   -0.9468773E+08
 182      0.605423E+09   -0.3982372E+08   -0.8241051E+08
 183      0.458550E+09   -0.4459862E+08   -0.6916517E+08
 184      0.258326E+09   -0.4034813E+08   -0.5227036E+08
 185      0.785598E+05   -0.3586372E+08   -0.3513899E+08
 186     -0.316470E+09   -0.2567778E+08   -0.1749020E+08
 187     -0.692334E+09   -0.1365704E+08    0.1584088E+06
 188     -0.112037E+10   -0.4255384E+07    0.2985053E+07
 189     -0.160641E+10    0.3130678E+07    0.4813967E+07
 190     -0.112642E+10    0.1531757E+07    0.1931247E+08
 191     -0.887200E+09   -0.9170997E+07    0.8068098E+08
 192     -0.633379E+09   -0.2155528E+08    0.1408394E+09
 193     -0.381086E+09   -0.3293905E+08    0.1396531E+09
 194     -0.141461E+09   -0.4299639E+08    0.1382506E+09
 195      0.812071E+08   -0.3899410E+08    0.9885680E+08
 196      0.279194E+09   -0.3382959E+08    0.5872870E+08
 197      0.450778E+09   -0.1335538E+08    0.5218044E+07
 198      0.594231E+09    0.1028845E+08   -0.4820972E+08
 199      0.692176E+09    0.7769832E+07   -0.7254479E+08
 200      0.736954E+09   -0.3174658E+07   -0.9035832E+08
 201      0.736870E+09   -0.2253992E+08   -0.8522783E+08
 202      0.689702E+09   -0.3731336E+08   -0.8309817E+08
 203      0.597415E+09   -0.4513427E+08   -0.7483808E+08
 204      0.448584E+09   -0.5345110E+08   -0.6676596E+08
 205      0.248409E+09   -0.4982338E+08   -0.5610553E+08
 206     -0.144000E+08   -0.4526445E+08   -0.4498737E+08
 207     -0.330143E+09   -0.3104226E+08   -0.3075748E+08
 208     -0.705479E+09   -0.1586354E+08   -0.1632294E+08
 209     -0.112944E+10   -0.6024731E+07   -0.5606405E+07
 210     -0.160648E+10    0.2336578E+07    0.4362626E+07
 211     -0.122369E+10    0.1941684E+07    0.2395891E+08
 212     -0.950069E+09   -0.9035371E+07    0.9118590E+08
 213     -0.663924E+09   -0.2222516E+08    0.1567972E+09
 214     -0.383216E+09   -0.2873521E+08    0.1499986E+09
 215     -0.121566E+09   -0.3337331E+08    0.1434348E+09
 216      0.119284E+09   -0.1794314E+08    0.9335315E+08
 217      0.334614E+09    0.4162992E+07    0.3832096E+08
 218      0.503455E+09    0.2608997E+08   -0.1452384E+08
 219      0.633698E+09    0.3739086E+08   -0.5823337E+08
 220      0.710095E+09    0.1410660E+08   -0.6232947E+08
 221      0.736658E+09   -0.4962687E+07   -0.6766351E+08
 222      0.736964E+09   -0.1933202E+08   -0.7021836E+08
 223      0.684055E+09   -0.3471227E+08   -0.7175034E+08
 224      0.590289E+09   -0.4461479E+08   -0.6796168E+08
 225      0.440217E+09   -0.5320873E+08   -0.6590554E+08
 226      0.237579E+09   -0.5285447E+08   -0.6047696E+08
 227     -0.286735E+08   -0.5359287E+08   -0.5499549E+08
 228     -0.343638E+09   -0.3917975E+08   -0.4513006E+08
 229     -0.719596E+09   -0.2091822E+08   -0.3326229E+08
 230     -0.113970E+10   -0.7019556E+07   -0.1386438E+08
 231     -0.160329E+10    0.3903167E+07    0.4052221E+07
 232     -0.134946E+10   -0.1352382E+06    0.3092295E+08
 233     -0.102195E+10   -0.9503954E+07    0.1001010E+09
 234     -0.687566E+09   -0.2129603E+08    0.1666267E+09
 235     -0.368123E+09   -0.1887118E+08    0.1458869E+09
 236     -0.809858E+08   -0.1173251E+08    0.1240220E+09
 237      0.169276E+09    0.1612851E+08    0.6951208E+08
 238      0.385495E+09    0.4334717E+08    0.1714603E+08
 239      0.532941E+09    0.4043884E+08   -0.1428650E+08
 240      0.646226E+09    0.3363846E+08   -0.4154040E+08
 241      0.714330E+09    0.2229074E+08   -0.4894530E+08
 242      0.742328E+09    0.1379840E+08   -0.5704797E+08
 243      0.737377E+09    0.1106239E+07   -0.5642468E+08
 244      0.683464E+09   -0.1303932E+08   -0.5535843E+08
 245      0.589831E+09   -0.2814435E+08   -0.5380603E+08
 246      0.442738E+09   -0.4432746E+08   -0.5258297E+08
 247      0.240092E+09   -0.5095872E+08   -0.5549196E+08
 248     -0.236456E+08   -0.5463033E+08   -0.6054070E+08
 249     -0.347731E+09   -0.4109685E+08   -0.5821575E+08
 250     -0.734813E+09   -0.2671416E+08   -0.5401224E+08
 251     -0.116708E+10   -0.1128494E+08   -0.2734214E+08
 252     -0.163008E+10    0.2179413E+07   -0.6616004E+06
 253     -0.147571E+10    0.5116230E+06    0.3887090E+08
 254     -0.109453E+10   -0.9354391E+07    0.1093348E+09
 255     -0.711324E+09   -0.2076307E+08    0.1758893E+09
 256     -0.350394E+09   -0.4569722E+07    0.1395184E+09
 257     -0.391621E+08    0.1910910E+08    0.1023013E+09
 258      0.217562E+09    0.3813132E+08    0.5160552E+08
 259      0.424398E+09    0.4843020E+08    0.9613433E+07
 260      0.559613E+09    0.5642469E+08   -0.9486069E+07
 261      0.663006E+09    0.6952082E+08   -0.3099576E+08
 262      0.724367E+09    0.7291565E+08   -0.3927244E+08
 263      0.748640E+09    0.7250092E+08   -0.4592985E+08
 264      0.738576E+09    0.5675473E+08   -0.4304060E+08
 265      0.684737E+09    0.4214449E+08   -0.4038441E+08
 266      0.589520E+09    0.1558649E+08   -0.3954670E+08
 267      0.445135E+09   -0.1249457E+08   -0.3925699E+08
 268      0.244089E+09   -0.3207304E+08   -0.5200794E+08
 269     -0.184460E+08   -0.5254788E+08   -0.6753254E+08
 270     -0.354552E+09   -0.4725016E+08   -0.7259382E+08
 271     -0.749862E+09   -0.3480642E+08   -0.7714681E+08
 272     -0.119599E+10   -0.1184951E+08   -0.4185701E+08
 273     -0.165541E+10    0.6582725E+07   -0.4528602E+07
 274     -0.163040E+10   -0.5248794E+07    0.4997610E+08
 275     -0.116208E+10   -0.6879554E+07    0.1123206E+09
 276     -0.712381E+09   -0.8292579E+07    0.1677424E+09
 277     -0.311488E+09    0.1048375E+08    0.1195383E+09
 278      0.932558E+07    0.2771688E+08    0.7548352E+08
 279      0.260233E+09    0.5597054E+08    0.2552367E+08
 280      0.447816E+09    0.8715328E+08   -0.1900040E+08
 281      0.577710E+09    0.1218921E+09   -0.3902668E+08
 282      0.668062E+09    0.1559457E+09   -0.5764109E+08
 283      0.718800E+09    0.1688150E+09   -0.5000165E+08
 284      0.737493E+09    0.1811564E+09   -0.4195976E+08
 285      0.723349E+09    0.1630477E+09   -0.2441638E+08
 286      0.673776E+09    0.1420427E+09   -0.6240430E+07
 287      0.585108E+09    0.1003916E+09    0.2263623E+06
 288      0.454544E+09    0.5925679E+08    0.5096430E+07
 289      0.264920E+09    0.1931598E+08   -0.1455513E+08
 290      0.986699E+07   -0.2111132E+08   -0.3701580E+08
 291     -0.329220E+09   -0.3216549E+08   -0.6564339E+08
 292     -0.747650E+09   -0.3622197E+08   -0.9645067E+08
 293     -0.123942E+10   -0.1604153E+08   -0.5863900E+08
 294     -0.174239E+10   -0.7127809E+06   -0.1605620E+08
 295     -0.178185E+10    0.7772180E+07    0.5998559E+08
 296     -0.122976E+10   -0.8462675E+07    0.1165332E+09
 297     -0.723043E+09   -0.2254037E+08    0.1675360E+09
 298     -0.277105E+09    0.8645324E+07    0.1095095E+09
 299      0.518345E+08    0.4523158E+08    0.5629711E+08
 300      0.306336E+09    0.1258268E+09   -0.1766506E+07
 301      0.479107E+09    0.2033118E+09   -0.5571848E+08
 302      0.600036E+09    0.2671425E+09   -0.7049038E+08
 303      0.674006E+09    0.3270135E+09   -0.8265982E+08
 304      0.713119E+09    0.3480918E+09   -0.6051678E+08
 305      0.727893E+09    0.3677918E+09   -0.3880126E+08
 306      0.707255E+09    0.3438906E+09   -0.5419480E+07
 307      0.663498E+09    0.3200953E+09    0.2949194E+08
 308      0.583630E+09    0.2570461E+09    0.4068598E+08
 309      0.465113E+09    0.1904573E+09    0.5078216E+08
 310      0.288243E+09    0.1138589E+09    0.2209142E+08
 311      0.349543E+08    0.3562698E+08   -0.1052989E+08
 312     -0.300820E+09    0.8461703E+06   -0.6299790E+08
 313     -0.755806E+09   -0.2968515E+08   -0.1182687E+09
 314     -0.128454E+10   -0.1142921E+08   -0.7641642E+08
 315     -0.183578E+10    0.8349981E+07   -0.2904501E+08
 316     -0.196446E+10   -0.1878326E+08    0.8279753E+08
 317     -0.127835E+10   -0.1450755E+08    0.1193350E+09
 318     -0.667855E+09   -0.1845818E+08    0.1390316E+09
 319     -0.199103E+09    0.6554202E+08    0.2961159E+08
 320      0.128430E+09    0.1622584E+09   -0.6487392E+08
 321      0.352079E+09    0.2920913E+09   -0.1208990E+09
 322      0.496768E+09    0.4193089E+09   -0.1680046E+09
 323      0.586242E+09    0.5084735E+09   -0.1533914E+09
 324      0.643170E+09    0.5952595E+09   -0.1379512E+09
 325      0.662782E+09    0.6226845E+09   -0.8598794E+08
 326      0.674232E+09    0.6497407E+09   -0.3355730E+08
 327      0.648237E+09    0.6167365E+09    0.2756696E+08
 328      0.614499E+09    0.5840579E+09    0.8963683E+08
 329      0.552339E+09    0.4979239E+09    0.1265631E+09
 330      0.459490E+09    0.4093349E+09    0.1632903E+09
 331      0.316223E+09    0.2869661E+09    0.1392540E+09
 332      0.103737E+09    0.1624754E+09    0.1070819E+09
 333     -0.215579E+09    0.7092633E+08    0.1728642E+08
 334     -0.688988E+09   -0.8233293E+07   -0.8661706E+08
 335     -0.131266E+10   -0.7632459E+07   -0.7711060E+08
 336     -0.201111E+10   -0.1470801E+08   -0.4844302E+08
 337     -0.217974E+10    0.3958811E+08    0.1328370E+09
 338     -0.133261E+10   -0.4204271E+07    0.1328992E+09
 339     -0.649009E+09   -0.4730189E+07    0.1257035E+09
 340     -0.978686E+08    0.2034183E+09   -0.4185028E+08
 341      0.212822E+09    0.3909018E+09   -0.1981657E+09
 342      0.403821E+09    0.6001890E+09   -0.2444629E+09
 343      0.516366E+09    0.7880411E+09   -0.2825453E+09
 344      0.572069E+09    0.8959413E+09   -0.2382790E+09
 345      0.612163E+09    0.1002025E+10   -0.1949852E+09
 346      0.611508E+09    0.1029851E+10   -0.1120077E+09
 347      0.616863E+09    0.1057646E+10   -0.2710046E+08
 348      0.589632E+09    0.1013220E+10    0.6255498E+08
 349      0.564906E+09    0.9728632E+09    0.1508865E+09
 350      0.518393E+09    0.8646940E+09    0.2161513E+09
 351      0.456304E+09    0.7518911E+09    0.2825014E+09
 352      0.349402E+09    0.5758486E+09    0.2629180E+09
 353      0.180977E+09    0.3858551E+09    0.2366011E+09
 354     -0.112462E+09    0.2133711E+09    0.9117457E+08
 355     -0.648937E+09    0.2043990E+08   -0.6754618E+08
 356     -0.134652E+10    0.8395380E+07   -0.8551344E+08
 357     -0.221523E+10    0.3365594E+08   -0.8738826E+08
 358     -0.243728E+10   -0.1109597E+09    0.1679371E+09
 359     -0.124518E+10    0.4042169E+08    0.4837424E+08
 360     -0.384214E+09    0.1786907E+09   -0.1287599E+09
 361      0.449963E+08    0.5130020E+09   -0.3539672E+09
 362      0.268098E+09    0.8628403E+09   -0.4973334E+09
 363      0.383336E+09    0.1103182E+10   -0.4688761E+09
 364      0.454187E+09    0.1335537E+10   -0.4435800E+09
 365      0.480383E+09    0.1445920E+10   -0.3461130E+09
 366      0.503292E+09    0.1557395E+10   -0.2513353E+09
 367      0.492052E+09    0.1573588E+10   -0.1283330E+09
 368      0.490369E+09    0.1592886E+10   -0.5654096E+07
 369      0.470301E+09    0.1539077E+10    0.1180223E+09
 370      0.451382E+09    0.1486114E+10    0.2420275E+09
 371      0.419018E+09    0.1358609E+10    0.3440215E+09
 372      0.389713E+09    0.1236001E+10    0.4482127E+09
 373      0.328051E+09    0.1022572E+10    0.4788934E+09
 374      0.232448E+09    0.8008826E+09    0.5144668E+09
 375      0.309746E+08    0.4869508E+09    0.3825836E+09
 376     -0.383893E+09    0.1854418E+09    0.1787653E+09
 377     -0.123119E+10    0.5108569E+08    0.5053131E+07
 378     -0.245814E+10   -0.9197295E+08   -0.1089119E+09
 379     -0.334437E+10    0.2644535E+09    0.6341461E+09
 380     -0.100275E+10    0.2514207E+09    0.4915525E+08
 381     -0.572223E+08    0.4846501E+09   -0.5608681E+09
 382      0.185411E+09    0.1205757E+10   -0.7233404E+09
 383      0.327717E+09    0.1673926E+10   -0.8090866E+09
 384      0.352111E+09    0.1896484E+10   -0.7039084E+09
 385      0.386599E+09    0.2125326E+10   -0.6051842E+09
 386      0.383652E+09    0.2203064E+10   -0.4543456E+09
 387      0.388893E+09    0.2286342E+10   -0.3049405E+09
 388      0.369099E+09    0.2275108E+10   -0.1420201E+09
 389      0.364188E+09    0.2269158E+10    0.1667147E+08
 390      0.345321E+09    0.2202586E+10    0.1750492E+09
 391      0.331861E+09    0.2139800E+10    0.3365153E+09
 392      0.316580E+09    0.2018989E+10    0.4752416E+09
 393      0.315327E+09    0.1906186E+10    0.6166383E+09
 394      0.296703E+09    0.1689310E+10    0.7097185E+09
 395      0.284413E+09    0.1479958E+10    0.8109179E+09
 396      0.174482E+09    0.1067116E+10    0.7330452E+09
 397     -0.530036E+08    0.4430771E+09    0.5757869E+09
 398     -0.976401E+09    0.2420027E+09    0.2198519E+08
 399     -0.329954E+10    0.2407165E+09   -0.4720982E+09
 400     -0.266436E+10   -0.4593704E+09   -0.1405228E+09
 401     -0.354448E+09    0.8240378E+09   -0.8197668E+09
 402     -0.656614E+08    0.2049109E+10   -0.1308012E+10
 403      0.114877E+09    0.2437522E+10   -0.1130583E+10
 404      0.165066E+09    0.2850514E+10   -0.1034127E+10
 405      0.177132E+09    0.2978911E+10   -0.8475494E+09
 406      0.194445E+09    0.3122955E+10   -0.6697352E+09
 407      0.193104E+09    0.3140782E+10   -0.4758193E+09
 408      0.194515E+09    0.3164271E+10   -0.2832032E+09
 409      0.185878E+09    0.3121082E+10   -0.9809412E+08
 410      0.185546E+09    0.3081321E+10    0.8598436E+08
 411      0.172671E+09    0.3000316E+10    0.2568406E+09
 412      0.165659E+09    0.2925496E+10    0.4269406E+09
 413      0.161338E+09    0.2825654E+10    0.5814040E+09
 414      0.158883E+09    0.2731329E+10    0.7375213E+09
 415      0.156177E+09    0.2576443E+10    0.8794685E+09
 416      0.150064E+09    0.2436273E+10    0.1030104E+10
 417      0.125316E+09    0.2084714E+10    0.1110506E+10
 418     -0.336976E+08    0.1737131E+10    0.1274180E+10
 419     -0.321010E+09    0.6866602E+09    0.7985754E+09
 420     -0.260331E+10   -0.3910786E+09    0.2016444E+09
 421     -0.132519E+10    0.4467403E+10   -0.1047498E+10
 422      0.123827E+09    0.4468484E+10   -0.1643396E+10
 423     -0.839918E+08    0.4426707E+10   -0.1888128E+10
 424      0.234509E+08    0.4361897E+10   -0.1466629E+10
 425     -0.494200E+07    0.4371736E+10   -0.1222023E+10
 426      0.362353E+07    0.4342890E+10   -0.9621149E+09
 427      0.386546E+07    0.4327755E+10   -0.7169761E+09
 428      0.567133E+07    0.4261820E+10   -0.4832782E+09
 429      0.500338E+07    0.4198474E+10   -0.2525919E+09
 430      0.678468E+07    0.4102490E+10   -0.4764396E+08
 431      0.938460E+07    0.4009399E+10    0.1603684E+09
 432      0.604244E+07    0.3911069E+10    0.3413291E+09
 433      0.570840E+07    0.3816913E+10    0.5177489E+09
 434      0.100098E+08    0.3748009E+10    0.6846316E+09
 435      0.767982E+07    0.3685320E+10    0.8523748E+09
 436      0.186519E+08    0.3660138E+10    0.1032880E+10
 437      0.116517E+08    0.3647996E+10    0.1225983E+10
 438      0.580533E+08    0.3660605E+10    0.1440799E+10
 439     -0.378814E+08    0.3752879E+10    0.1844203E+10
 440      0.193589E+09    0.3736153E+10    0.1627986E+10
 441     -0.128961E+10    0.3645408E+10    0.1156257E+10
