   1      0.948499E+09    0.5782514E+07   -0.1222355E+07
   2      0.785819E+09   -0.6531360E+07   -0.1720773E+07
   3      0.588573E+09   -0.1887375E+08   -0.2602996E+07
   4      0.370683E+09   -0.6564876E+08   -0.1045705E+07
   5      0.139332E+09   -0.1162698E+09    0.7348746E+06
   6     -0.788175E+08   -0.1793031E+09   -0.3686607E+06
   7     -0.309390E+09   -0.2402267E+09   -0.1498937E+07
   8     -0.528800E+09   -0.2833425E+09    0.3261630E+06
   9     -0.739307E+09   -0.3254819E+09    0.2048138E+07
  10     -0.709959E+09   -0.3261379E+09    0.9169140E+06
  11     -0.582217E+09   -0.3253557E+09    0.2087781E+06
  12     -0.459003E+09   -0.2996915E+09    0.3675977E+06
  13     -0.345115E+09   -0.2744168E+09    0.3348878E+06
  14     -0.232917E+09   -0.2329534E+09    0.3543417E+06
  15     -0.122647E+09   -0.1911461E+09    0.3914742E+06
  16     -0.757192E+07   -0.1444986E+09    0.4536496E+06
  17      0.117120E+09   -0.9753858E+08    0.4750091E+06
  18      0.255415E+09   -0.6102715E+08    0.7152401E+06
  19      0.415072E+09   -0.2467778E+08    0.6221338E+05
  20      0.595793E+09   -0.8741687E+07   -0.2979264E+05
  21      0.820736E+09    0.5883707E+07    0.8654223E+06
  22      0.936025E+09    0.6033467E+07   -0.1326393E+07
  23      0.766901E+09   -0.1263560E+08    0.1664784E+08
  24      0.571938E+09   -0.3272402E+08    0.3547670E+08
  25      0.357707E+09   -0.8375002E+08    0.4884782E+08
  26      0.134820E+09   -0.1350954E+09    0.6128916E+08
  27     -0.780159E+08   -0.1967482E+09    0.5987643E+08
  28     -0.298458E+09   -0.2607173E+09    0.5855953E+08
  29     -0.509089E+09   -0.3021205E+09    0.3893870E+08
  30     -0.710487E+09   -0.3382532E+09    0.1587773E+08
  31     -0.697285E+09   -0.3337758E+09   -0.1796583E+07
  32     -0.570626E+09   -0.3304958E+09   -0.1539897E+08
  33     -0.448815E+09   -0.3049288E+09   -0.2486651E+08
  34     -0.337006E+09   -0.2791306E+09   -0.3515811E+08
  35     -0.227231E+09   -0.2373027E+09   -0.4094448E+08
  36     -0.120080E+09   -0.1951434E+09   -0.4673154E+08
  37     -0.857325E+07   -0.1480106E+09   -0.4587769E+08
  38      0.112278E+09   -0.1008195E+09   -0.4486396E+08
  39      0.246570E+09   -0.6288541E+08   -0.3622191E+08
  40      0.403980E+09   -0.2570965E+08   -0.2757478E+08
  41      0.582844E+09   -0.1084817E+08   -0.1451381E+08
  42      0.803930E+09    0.3540306E+07   -0.1509267E+07
  43      0.925695E+09    0.7597958E+07   -0.1598072E+07
  44      0.748043E+09   -0.1376731E+08    0.3554825E+08
  45      0.555164E+09   -0.3723808E+08    0.7451847E+08
  46      0.345166E+09   -0.9253693E+08    0.9899428E+08
  47      0.130872E+09   -0.1478707E+09    0.1215134E+09
  48     -0.777491E+08   -0.2117450E+09    0.1198488E+09
  49     -0.287154E+09   -0.2769553E+09    0.1189152E+09
  50     -0.487799E+09   -0.3235807E+09    0.7688163E+08
  51     -0.680980E+09   -0.3661641E+09    0.2647061E+08
  52     -0.688567E+09   -0.3601654E+09   -0.6054312E+07
  53     -0.557585E+09   -0.3543922E+09   -0.3018580E+08
  54     -0.438674E+09   -0.3260780E+09   -0.4984636E+08
  55     -0.328734E+09   -0.2979746E+09   -0.7046485E+08
  56     -0.221721E+09   -0.2534889E+09   -0.8201716E+08
  57     -0.117683E+09   -0.2086453E+09   -0.9358444E+08
  58     -0.977252E+07   -0.1581487E+09   -0.9187100E+08
  59      0.107238E+09   -0.1073004E+09   -0.8982516E+08
  60      0.237882E+09   -0.6592873E+08   -0.7276461E+08
  61      0.392693E+09   -0.2441014E+08   -0.5509546E+08
  62      0.571051E+09   -0.8332057E+07   -0.2859068E+08
  63      0.786178E+09    0.6129781E+07   -0.2826557E+07
  64      0.866846E+09    0.6055487E+07    0.1357553E+07
  65      0.689655E+09   -0.1703269E+08    0.5895922E+08
  66      0.505022E+09   -0.4112283E+08    0.1180686E+09
  67      0.310406E+09   -0.9676632E+08    0.1542287E+09
  68      0.115504E+09   -0.1544135E+09    0.1894253E+09
  69     -0.739668E+08   -0.2229682E+09    0.1851407E+09
  70     -0.257065E+09   -0.2902632E+09    0.1811652E+09
  71     -0.429951E+09   -0.3397091E+09    0.1249752E+09
  72     -0.590387E+09   -0.3905984E+09    0.5717400E+08
  73     -0.641205E+09   -0.3941343E+09   -0.6424393E+07
  74     -0.526311E+09   -0.3915687E+09   -0.5529352E+08
  75     -0.408829E+09   -0.3567074E+09   -0.8071246E+08
  76     -0.304529E+09   -0.3249361E+09   -0.1107190E+09
  77     -0.204212E+09   -0.2777030E+09   -0.1287086E+09
  78     -0.109282E+09   -0.2298469E+09   -0.1467169E+09
  79     -0.120446E+08   -0.1754796E+09   -0.1450960E+09
  80      0.928314E+08   -0.1207243E+09   -0.1430327E+09
  81      0.211447E+09   -0.7510058E+08   -0.1168863E+09
  82      0.355681E+09   -0.2979953E+08   -0.8981914E+08
  83      0.527275E+09   -0.1151183E+08   -0.4528619E+08
  84      0.741649E+09    0.5565367E+07   -0.1748121E+07
  85      0.806210E+09    0.9044312E+07    0.2639908E+07
  86      0.631606E+09   -0.1214318E+08    0.8131362E+08
  87      0.455358E+09   -0.3610295E+08    0.1613869E+09
  88      0.274876E+09   -0.9641175E+08    0.2098881E+09
  89      0.991234E+08   -0.1557167E+09    0.2580294E+09
  90     -0.687544E+08   -0.2240756E+09    0.2515317E+09
  91     -0.226074E+09   -0.2924250E+09    0.2446808E+09
  92     -0.372705E+09   -0.3532237E+09    0.1758152E+09
  93     -0.496818E+09   -0.4195270E+09    0.9485873E+08
  94     -0.587801E+09   -0.4376805E+09   -0.7568648E+07
  95     -0.506395E+09   -0.4419697E+09   -0.8880143E+08
  96     -0.380541E+09   -0.3993512E+09   -0.1136461E+09
  97     -0.279855E+09   -0.3638920E+09   -0.1503928E+09
  98     -0.187070E+09   -0.3125477E+09   -0.1758591E+09
  99     -0.101148E+09   -0.2604283E+09   -0.2001284E+09
 100     -0.146171E+08   -0.1999924E+09   -0.1985676E+09
 101      0.783112E+08   -0.1387004E+09   -0.1964071E+09
 102      0.184802E+09   -0.8578856E+08   -0.1610662E+09
 103      0.319212E+09   -0.3260971E+08   -0.1239869E+09
 104      0.483367E+09   -0.1184063E+08   -0.6169815E+08
 105      0.700124E+09    0.6872856E+07   -0.1186114E+07
 106      0.694952E+09    0.6719877E+07    0.3851983E+07
 107      0.528914E+09   -0.1824144E+08    0.1053238E+09
 108      0.372922E+09   -0.4517376E+08    0.2085581E+09
 109      0.217510E+09   -0.1026399E+09    0.2664036E+09
 110      0.743501E+08   -0.1597571E+09    0.3225299E+09
 111     -0.610458E+08   -0.2240851E+09    0.3155655E+09
 112     -0.185486E+09   -0.2880228E+09    0.3089964E+09
 113     -0.296325E+09   -0.3457394E+09    0.2344617E+09
 114     -0.384657E+09   -0.4057322E+09    0.1540940E+09
 115     -0.456430E+09   -0.4451876E+09    0.2603593E+08
 116     -0.434978E+09   -0.4803578E+09   -0.9625251E+08
 117     -0.331297E+09   -0.4445671E+09   -0.1482986E+09
 118     -0.240429E+09   -0.4081893E+09   -0.1994450E+09
 119     -0.155350E+09   -0.3527738E+09   -0.2299285E+09
 120     -0.834712E+08   -0.2978618E+09   -0.2628981E+09
 121     -0.150547E+08   -0.2315640E+09   -0.2638906E+09
 122      0.559528E+08   -0.1644526E+09   -0.2641423E+09
 123      0.139356E+09   -0.1043579E+09   -0.2194506E+09
 124      0.250950E+09   -0.4410833E+08   -0.1723630E+09
 125      0.396998E+09   -0.1707910E+08   -0.8611529E+08
 126      0.621554E+09    0.7781386E+07   -0.2099392E+07
 127      0.583855E+09    0.8504026E+07    0.6196805E+07
 128      0.425917E+09   -0.1533065E+08    0.1299625E+09
 129      0.290078E+09   -0.4190670E+08    0.2555248E+09
 130      0.160480E+09   -0.9960322E+08    0.3227938E+09
 131      0.504632E+08   -0.1568720E+09    0.3881002E+09
 132     -0.539895E+08   -0.2208548E+09    0.3800149E+09
 133     -0.146888E+09   -0.2828387E+09    0.3721335E+09
 134     -0.220319E+09   -0.3337563E+09    0.2914971E+09
 135     -0.276173E+09   -0.3831808E+09    0.2099217E+09
 136     -0.322687E+09   -0.4328027E+09    0.6656728E+08
 137     -0.343201E+09   -0.4943733E+09   -0.8712417E+08
 138     -0.281635E+09   -0.4927180E+09   -0.1834179E+09
 139     -0.211565E+09   -0.4713215E+09   -0.2599329E+09
 140     -0.125675E+09   -0.4031667E+09   -0.2885430E+09
 141     -0.665098E+08   -0.3440661E+09   -0.3278570E+09
 142     -0.159643E+08   -0.2712613E+09   -0.3307365E+09
 143      0.330148E+08   -0.1967214E+09   -0.3322285E+09
 144      0.932655E+08   -0.1261535E+09   -0.2781151E+09
 145      0.182781E+09   -0.5367903E+08   -0.2209588E+09
 146      0.309815E+09   -0.1945335E+08   -0.1098991E+09
 147      0.549757E+09    0.1087023E+08   -0.1507707E+07
 148      0.411574E+09    0.6439132E+07    0.9293958E+07
 149      0.279714E+09   -0.1802319E+08    0.1542546E+09
 150      0.177457E+09   -0.4476749E+08    0.3005679E+09
 151      0.881528E+08   -0.9735249E+08    0.3738772E+09
 152      0.189411E+08   -0.1490792E+09    0.4460504E+09
 153     -0.431680E+08   -0.2051494E+09    0.4354808E+09
 154     -0.947745E+08   -0.2606319E+09    0.4227737E+09
 155     -0.133598E+09   -0.3045287E+09    0.3353956E+09
 156     -0.163853E+09   -0.3461399E+09    0.2483751E+09
 157     -0.182217E+09   -0.3861752E+09    0.1125240E+09
 158     -0.186922E+09   -0.4325777E+09   -0.2826303E+08
 159     -0.159094E+09   -0.4702387E+09   -0.1573702E+09
 160     -0.133561E+09   -0.5035932E+09   -0.2790265E+09
 161     -0.669222E+08   -0.4528973E+09   -0.3392363E+09
 162     -0.339947E+08   -0.3972076E+09   -0.4004956E+09
 163     -0.100368E+08   -0.3158805E+09   -0.4072958E+09
 164      0.848090E+07   -0.2369525E+09   -0.4155115E+09
 165      0.312273E+08   -0.1584883E+09   -0.3555620E+09
 166      0.786337E+08   -0.7823152E+08   -0.2927846E+09
 167      0.168739E+09   -0.3271204E+08   -0.1516943E+09
 168      0.387198E+09    0.9104664E+07   -0.1225452E+08
 169      0.238776E+09    0.7642073E+07    0.1247852E+08
 170      0.133766E+09   -0.1544463E+08    0.1786200E+09
 171      0.646540E+08   -0.4172033E+08    0.3460989E+09
 172      0.154036E+08   -0.9245989E+08    0.4257560E+09
 173     -0.133843E+08   -0.1416245E+09    0.5036458E+09
 174     -0.332101E+08   -0.1834291E+09    0.4903804E+09
 175     -0.403283E+08   -0.2234496E+09    0.4745265E+09
 176     -0.466655E+08   -0.2574757E+09    0.3807527E+09
 177     -0.507302E+08   -0.2914089E+09    0.2878865E+09
 178     -0.466278E+08   -0.3166288E+09    0.1536054E+09
 179     -0.409273E+08   -0.3411820E+09    0.1911701E+08
 180     -0.311252E+08   -0.3638730E+09   -0.1269621E+09
 181     -0.351950E+08   -0.3924120E+09   -0.2784004E+09
 182     -0.418429E+07   -0.4085540E+09   -0.3774885E+09
 183     -0.174670E+07   -0.4205364E+09   -0.4677485E+09
 184     -0.556450E+07   -0.3603610E+09   -0.4856874E+09
 185     -0.180873E+08   -0.2934184E+09   -0.5063978E+09
 186     -0.332257E+08   -0.1988293E+09   -0.4388252E+09
 187     -0.276983E+08   -0.1028808E+09   -0.3710802E+09
 188      0.288889E+08   -0.3971440E+08   -0.1988360E+09
 189      0.214203E+09    0.1617733E+08   -0.2549933E+08
 190      0.698147E+07    0.5803268E+07    0.1573012E+08
 191     -0.520155E+08   -0.1648557E+08    0.2005577E+09
 192     -0.705771E+08   -0.4195093E+08    0.3863679E+09
 193     -0.623390E+08   -0.8315491E+08    0.4645505E+09
 194     -0.389868E+08   -0.1224803E+09    0.5401014E+09
 195     -0.119648E+08   -0.1498954E+09    0.5167837E+09
 196      0.227242E+08   -0.1749899E+09    0.4929959E+09
 197      0.477381E+08   -0.1885082E+09    0.3977987E+09
 198      0.681712E+08   -0.2026459E+09    0.3023856E+09
 199      0.859946E+08   -0.2158184E+09    0.1675950E+09
 200      0.101127E+09   -0.2294925E+09    0.3274352E+08
 201      0.111766E+09   -0.2457142E+09   -0.1078420E+09
 202      0.109314E+09   -0.2635166E+09   -0.2496340E+09
 203      0.105888E+09   -0.2712469E+09   -0.3614168E+09
 204      0.774672E+08   -0.2782900E+09   -0.4711884E+09
 205      0.392057E+08   -0.2508192E+09   -0.5184040E+09
 206     -0.227332E+08   -0.2206314E+09   -0.5663847E+09
 207     -0.942803E+08   -0.1544628E+09   -0.5095566E+09
 208     -0.156047E+09   -0.8196730E+08   -0.4548417E+09
 209     -0.179030E+09   -0.3140903E+08   -0.2470567E+09
 210     -0.113685E+09    0.1137188E+08   -0.3491397E+08
 211     -0.223092E+09    0.5472814E+07    0.2000040E+08
 212     -0.238485E+09   -0.1616945E+08    0.2231948E+09
 213     -0.206625E+09   -0.4105034E+08    0.4264693E+09
 214     -0.140782E+09   -0.6875984E+08    0.5033100E+09
 215     -0.650564E+08   -0.9411492E+08    0.5779185E+09
 216      0.107097E+08   -0.1006400E+09    0.5448212E+09
 217      0.842219E+08   -0.1045597E+09    0.5120780E+09
 218      0.142867E+09   -0.9653890E+08    0.4142091E+09
 219      0.188243E+09   -0.8842558E+08    0.3157781E+09
 220      0.221173E+09   -0.8627686E+08    0.1823424E+09
 221      0.245472E+09   -0.8600156E+08    0.4889152E+08
 222      0.252769E+09   -0.9832970E+08   -0.9195107E+08
 223      0.244425E+09   -0.1122824E+09   -0.2320363E+09
 224      0.217561E+09   -0.1309406E+09   -0.3551598E+09
 225      0.160508E+09   -0.1490622E+09   -0.4798443E+09
 226      0.879011E+08   -0.1445146E+09   -0.5489757E+09
 227     -0.242394E+08   -0.1384692E+09   -0.6190029E+09
 228     -0.152741E+09   -0.9991172E+08   -0.5754693E+09
 229     -0.284972E+09   -0.5403004E+08   -0.5338335E+09
 230     -0.392589E+09   -0.1792810E+08   -0.2905147E+09
 231     -0.442741E+09    0.1094703E+08   -0.4102786E+08
 232     -0.513909E+09    0.2407543E+07    0.2822824E+08
 233     -0.452655E+09   -0.1532713E+08    0.2406410E+09
 234     -0.341503E+09   -0.3712072E+08    0.4508972E+09
 235     -0.204409E+09   -0.4858850E+08    0.5110441E+09
 236     -0.702810E+08   -0.5528448E+08    0.5698288E+09
 237      0.541726E+08   -0.3202045E+08    0.5240448E+09
 238      0.156527E+09   -0.7253859E+07    0.4792047E+09
 239      0.237494E+09    0.2808980E+08    0.3831264E+09
 240      0.300256E+09    0.6284718E+08    0.2878916E+09
 241      0.341174E+09    0.8016660E+08    0.1680625E+09
 242      0.374030E+09    0.9620683E+08    0.4858804E+08
 243      0.380195E+09    0.8257449E+08   -0.7788376E+08
 244      0.372221E+09    0.6718525E+08   -0.2045335E+09
 245      0.338865E+09    0.3379019E+08   -0.3237477E+09
 246      0.270546E+09   -0.5152503E+06   -0.4447984E+09
 247      0.168327E+09   -0.2601732E+08   -0.5256341E+09
 248      0.146560E+08   -0.4897902E+08   -0.6090506E+09
 249     -0.181861E+09   -0.4250068E+08   -0.5832164E+09
 250     -0.413150E+09   -0.3211081E+08   -0.5593790E+09
 251     -0.652944E+09   -0.1289487E+08   -0.3074772E+09
 252     -0.866607E+09    0.2496116E+07   -0.4704979E+08
 253     -0.804615E+09    0.2769698E+07    0.3676529E+08
 254     -0.667678E+09   -0.1353172E+08    0.2591675E+09
 255     -0.478397E+09   -0.3364085E+08    0.4781731E+09
 256     -0.268447E+09   -0.2202789E+08    0.5210330E+09
 257     -0.761521E+08   -0.3847981E+07    0.5628348E+09
 258      0.983247E+08    0.5964442E+08    0.5034111E+09
 259      0.230310E+09    0.1250107E+09    0.4459391E+09
 260      0.333128E+09    0.1915478E+09    0.3526314E+09
 261      0.413333E+09    0.2553577E+09    0.2607204E+09
 262      0.463002E+09    0.2901551E+09    0.1531521E+09
 263      0.501883E+09    0.3238303E+09    0.4791151E+08
 264      0.508589E+09    0.3061813E+09   -0.6253419E+08
 265      0.502288E+09    0.2859282E+09   -0.1753528E+09
 266      0.460685E+09    0.2283691E+09   -0.2914782E+09
 267      0.380327E+09    0.1691569E+09   -0.4093204E+09
 268      0.249280E+09    0.1029136E+09   -0.5030709E+09
 269      0.525644E+08    0.3689132E+08   -0.6009338E+09
 270     -0.212777E+09    0.7099513E+07   -0.5922856E+09
 271     -0.544641E+09   -0.1611432E+08   -0.5856889E+09
 272     -0.911658E+09   -0.5878860E+07   -0.3259176E+09
 273     -0.129225E+10    0.1252901E+07   -0.5604018E+08
 274     -0.115271E+10   -0.5848740E+07    0.5187917E+08
 275     -0.882727E+09   -0.1063997E+08    0.2642536E+09
 276     -0.577356E+09   -0.2031867E+08    0.4684875E+09
 277     -0.280963E+09    0.2801437E+08    0.4706576E+09
 278     -0.374889E+08    0.8503094E+08    0.4744053E+09
 279      0.163586E+09    0.1925303E+09    0.4020593E+09
 280      0.305754E+09    0.2999098E+09    0.3345433E+09
 281      0.408953E+09    0.4027432E+09    0.2572920E+09
 282      0.489725E+09    0.5053017E+09    0.1823401E+09
 283      0.539107E+09    0.5531039E+09    0.1096101E+09
 284      0.575558E+09    0.5968854E+09    0.3829108E+08
 285      0.590361E+09    0.5742006E+09   -0.3877005E+08
 286      0.591919E+09    0.5506872E+09   -0.1172109E+09
 287      0.554731E+09    0.4659114E+09   -0.2078790E+09
 288      0.483030E+09    0.3781017E+09   -0.3010722E+09
 289      0.346014E+09    0.2673888E+09   -0.3966756E+09
 290      0.127268E+09    0.1562577E+09   -0.4976351E+09
 291     -0.192282E+09    0.8091428E+08   -0.5230464E+09
 292     -0.632239E+09    0.1380399E+08   -0.5549479E+09
 293     -0.115929E+10    0.5565692E+07   -0.3169512E+09
 294     -0.177208E+10   -0.6397049E+07   -0.6316546E+08
 295     -0.150323E+10   -0.7153016E+06    0.7049791E+08
 296     -0.110083E+10   -0.6372006E+07    0.2721127E+09
 297     -0.683767E+09   -0.8258944E+07    0.4634508E+09
 298     -0.291742E+09    0.9479989E+08    0.4237522E+09
 299      0.177284E+07    0.2045811E+09    0.3870803E+09
 300      0.232036E+09    0.3767426E+09    0.3007810E+09
 301      0.383986E+09    0.5457679E+09    0.2208560E+09
 302      0.486317E+09    0.6867679E+09    0.1603321E+09
 303      0.565737E+09    0.8216989E+09    0.1030178E+09
 304      0.613209E+09    0.8860178E+09    0.6574684E+08
 305      0.650343E+09    0.9506064E+09    0.2859807E+08
 306      0.671875E+09    0.9234567E+09   -0.1365550E+08
 307      0.681527E+09    0.8922646E+09   -0.5571672E+08
 308      0.649205E+09    0.7745397E+09   -0.1212212E+09
 309      0.588383E+09    0.6534241E+09   -0.1893509E+09
 310      0.446661E+09    0.4833517E+09   -0.2892759E+09
 311      0.202197E+09    0.3087572E+09   -0.3957968E+09
 312     -0.169276E+09    0.1734132E+09   -0.4574186E+09
 313     -0.724526E+09    0.4188788E+08   -0.5289826E+09
 314     -0.141301E+10    0.1520953E+08   -0.3100444E+09
 315     -0.224973E+10   -0.5216966E+07   -0.7163966E+08
 316     -0.189090E+10   -0.3051927E+08    0.9876425E+08
 317     -0.125343E+10    0.7290086E+07    0.2429219E+09
 318     -0.667186E+09    0.3947724E+08    0.3624351E+09
 319     -0.213458E+09    0.2159213E+09    0.2519066E+09
 320      0.968238E+08    0.4062229E+09    0.1596140E+09
 321      0.298262E+09    0.6399281E+09    0.8217181E+08
 322      0.429125E+09    0.8691218E+09    0.1515747E+08
 323      0.503737E+09    0.1038255E+10   -0.9415096E+06
 324      0.569244E+09    0.1204845E+10   -0.1633082E+08
 325      0.602953E+09    0.1278221E+10   -0.4255591E+07
 326      0.640617E+09    0.1350700E+10    0.7611498E+07
 327      0.662141E+09    0.1318564E+10    0.2105069E+08
 328      0.683046E+09    0.1284896E+10    0.3555040E+08
 329      0.670618E+09    0.1143823E+10    0.2050839E+08
 330      0.634830E+09    0.1000450E+10    0.5297235E+07
 331      0.523537E+09    0.7712286E+09   -0.6453435E+08
 332      0.312123E+09    0.5345097E+09   -0.1450685E+09
 333     -0.677745E+08    0.3128606E+09   -0.2519501E+09
 334     -0.684922E+09    0.1016521E+09   -0.3817661E+09
 335     -0.157304E+10    0.3408352E+08   -0.2516499E+09
 336     -0.271003E+10   -0.3406727E+08   -0.8934926E+08
 337     -0.231372E+10    0.2079438E+08    0.1540010E+09
 338     -0.140824E+10    0.2653401E+08    0.2222552E+09
 339     -0.682677E+09    0.8354107E+08    0.2722902E+09
 340     -0.111924E+09    0.4052328E+09    0.8597159E+08
 341      0.197993E+09    0.6997249E+09   -0.8207637E+08
 342      0.369181E+09    0.1008675E+10   -0.1436830E+09
 343      0.474019E+09    0.1297102E+10   -0.1964871E+09
 344      0.518502E+09    0.1489624E+10   -0.1666878E+09
 345      0.570414E+09    0.1678318E+10   -0.1372638E+09
 346      0.590240E+09    0.1754611E+10   -0.7342551E+08
 347      0.627660E+09    0.1832553E+10   -0.1093172E+08
 348      0.648635E+09    0.1800482E+10    0.5778458E+08
 349      0.681852E+09    0.1770757E+10    0.1281305E+09
 350      0.690884E+09    0.1614937E+10    0.1679508E+09
 351      0.682296E+09    0.1453600E+10    0.2086135E+09
 352      0.604515E+09    0.1166571E+10    0.1691042E+09
 353      0.431910E+09    0.8607875E+09    0.1208296E+09
 354      0.567121E+08    0.5284012E+09   -0.4958126E+08
 355     -0.671294E+09    0.1640652E+09   -0.2444049E+09
 356     -0.173616E+10    0.5886999E+08   -0.2028631E+09
 357     -0.321154E+10    0.6928906E+07   -0.1313701E+09
 358     -0.266195E+10   -0.1267648E+09    0.1806673E+09
 359     -0.132921E+10    0.8600462E+08    0.7529122E+08
 360     -0.406486E+09    0.2945000E+09   -0.9290660E+08
 361      0.405221E+08    0.7385342E+09   -0.3292859E+09
 362      0.260720E+09    0.1190432E+10   -0.4787517E+09
 363      0.356569E+09    0.1517750E+10   -0.4564155E+09
 364      0.418988E+09    0.1836378E+10   -0.4389787E+09
 365      0.433658E+09    0.2018364E+10   -0.3496542E+09
 366      0.465242E+09    0.2203256E+10   -0.2627176E+09
 367      0.477955E+09    0.2279182E+10   -0.1475667E+09
 368      0.508020E+09    0.2357214E+10   -0.3399218E+08
 369      0.527619E+09    0.2328953E+10    0.8836715E+08
 370      0.564054E+09    0.2303514E+10    0.2115486E+09
 371      0.583663E+09    0.2154282E+10    0.3231512E+09
 372      0.603225E+09    0.2006714E+10    0.4379556E+09
 373      0.565618E+09    0.1691773E+10    0.4875560E+09
 374      0.477123E+09    0.1365764E+10    0.5436226E+09
 375      0.205227E+09    0.8804078E+09    0.4111415E+09
 376     -0.379048E+09    0.3934939E+09    0.1958985E+09
 377     -0.159796E+10    0.1311579E+09   -0.4775531E+07
 378     -0.354978E+10   -0.1237864E+09   -0.1389409E+09
 379     -0.364061E+10    0.2495289E+09    0.6216079E+09
 380     -0.108774E+10    0.3007796E+09    0.2012785E+07
 381     -0.680873E+08    0.6032116E+09   -0.6440716E+09
 382      0.186971E+09    0.1397657E+10   -0.8082931E+09
 383      0.320392E+09    0.1934074E+10   -0.8926546E+09
 384      0.330926E+09    0.2214406E+10   -0.7823284E+09
 385      0.353734E+09    0.2501097E+10   -0.6817578E+09
 386      0.342387E+09    0.2641503E+10   -0.5323215E+09
 387      0.353266E+09    0.2790556E+10   -0.3871708E+09
 388      0.360398E+09    0.2854446E+10   -0.2206018E+09
 389      0.382894E+09    0.2922118E+10   -0.5532652E+08
 390      0.402878E+09    0.2912279E+10    0.1211645E+09
 391      0.441090E+09    0.2907612E+10    0.2984832E+09
 392      0.470248E+09    0.2796281E+10    0.4823673E+09
 393      0.515858E+09    0.2691612E+10    0.6710772E+09
 394      0.516854E+09    0.2406614E+10    0.8229188E+09
 395      0.522674E+09    0.2128087E+10    0.9871502E+09
 396      0.353855E+09    0.1549148E+10    0.9369139E+09
 397     -0.164290E+08    0.7294055E+09    0.8031598E+09
 398     -0.129835E+10    0.3505581E+09    0.1227326E+09
 399     -0.454113E+10    0.2001109E+09   -0.5039675E+09
 400     -0.282356E+10   -0.4521557E+09   -0.1620457E+09
 401     -0.389760E+09    0.8436531E+09   -0.8869780E+09
 402     -0.653384E+08    0.2081170E+10   -0.1415463E+10
 403      0.118491E+09    0.2470831E+10   -0.1231472E+10
 404      0.158381E+09    0.2882783E+10   -0.1136352E+10
 405      0.165410E+09    0.3034436E+10   -0.9604890E+09
 406      0.172320E+09    0.3204528E+10   -0.7946482E+09
 407      0.168399E+09    0.3285984E+10   -0.6204253E+09
 408      0.172156E+09    0.3373414E+10   -0.4491667E+09
 409      0.177154E+09    0.3420594E+10   -0.2694297E+09
 410      0.189366E+09    0.3473885E+10   -0.8989661E+08
 411      0.202122E+09    0.3491233E+10    0.1087259E+09
 412      0.222669E+09    0.3512079E+10    0.3079591E+09
 413      0.241117E+09    0.3468215E+10    0.5363932E+09
 414      0.266905E+09    0.3431059E+10    0.7680828E+09
 415      0.274815E+09    0.3259649E+10    0.1015834E+10
 416      0.282574E+09    0.3102760E+10    0.1277567E+10
 417      0.226905E+09    0.2628365E+10    0.1444042E+10
 418     -0.912721E+07    0.2141535E+10    0.1717563E+10
 419     -0.472331E+09    0.8754838E+09    0.1086496E+10
 420     -0.336586E+10   -0.4062479E+09    0.2918394E+09
 421     -0.135617E+10    0.4421846E+10   -0.1095020E+10
 422      0.131515E+09    0.4338052E+10   -0.1741257E+10
 423     -0.739830E+08    0.4204264E+10   -0.2019772E+10
 424      0.310571E+08    0.4059843E+10   -0.1586390E+10
 425     -0.438852E+07    0.3996773E+10   -0.1345883E+10
 426      0.465913E+07    0.3952148E+10   -0.1114059E+10
 427     -0.131454E+07    0.3919050E+10   -0.8960969E+09
 428      0.112796E+07    0.3908515E+10   -0.7007030E+09
 429     -0.701684E+06    0.3907396E+10   -0.5073912E+09
 430      0.156715E+07    0.3942875E+10   -0.3164076E+09
 431      0.371822E+07    0.3978327E+10   -0.1249025E+09
 432      0.826805E+07    0.4035096E+10    0.9444356E+08
 433      0.116383E+08    0.4097019E+10    0.3139270E+09
 434      0.187823E+08    0.4155666E+10    0.5835820E+09
 435      0.245101E+08    0.4218042E+10    0.8559843E+09
 436      0.370913E+08    0.4241266E+10    0.1189499E+10
 437      0.385144E+08    0.4277542E+10    0.1542430E+10
 438      0.807393E+08    0.4224721E+10    0.1900173E+10
 439     -0.242985E+08    0.4262120E+10    0.2495187E+10
 440      0.195537E+09    0.4034813E+10    0.2108554E+10
 441     -0.149774E+10    0.3721024E+10    0.1396583E+10
