   1      0.358328E+08    0.1445100E+08    0.6895073E+07
   2     -0.119686E+09   -0.5842045E+08    0.9272408E+07
   3     -0.155124E+09   -0.1364857E+09    0.1115686E+08
   4     -0.148199E+09   -0.2593132E+09    0.1074220E+08
   5     -0.991177E+08   -0.3788882E+09    0.1062361E+08
   6     -0.300695E+08   -0.5009437E+09    0.1070299E+08
   7      0.399094E+08   -0.6223373E+09    0.1061673E+08
   8      0.111864E+09   -0.7236996E+09    0.9603797E+07
   9      0.171141E+09   -0.8262428E+09    0.9211717E+07
  10      0.218939E+09   -0.8854886E+09    0.5694344E+07
  11      0.235450E+09   -0.9409383E+09    0.2208248E+07
  12      0.227283E+09   -0.9411932E+09    0.1064624E+07
  13      0.194749E+09   -0.9434668E+09   -0.7471674E+06
  14      0.139335E+09   -0.8854971E+09   -0.4070335E+07
  15      0.543331E+08   -0.8253502E+09   -0.7278748E+07
  16     -0.366850E+08   -0.7037247E+09   -0.9944313E+07
  17     -0.146540E+09   -0.5802515E+09   -0.1240994E+08
  18     -0.223236E+09   -0.4210383E+09   -0.1463819E+08
  19     -0.263223E+09   -0.2521783E+09   -0.1983023E+08
  20     -0.206116E+09   -0.1080801E+09   -0.1812669E+08
  21      0.179363E+09    0.2370532E+08   -0.1343244E+08
  22     -0.515007E+08    0.1189135E+08    0.1367883E+08
  23     -0.153919E+09   -0.2950368E+08    0.5187369E+08
  24     -0.176103E+09   -0.7565036E+08    0.8770780E+08
  25     -0.156443E+09   -0.1627478E+09    0.9409483E+08
  26     -0.100480E+09   -0.2471158E+09    0.1023302E+09
  27     -0.260226E+08   -0.3355964E+09    0.9768725E+08
  28      0.500575E+08   -0.4234002E+09    0.9322768E+08
  29      0.125728E+09   -0.4931354E+09    0.7893327E+08
  30      0.189878E+09   -0.5613039E+09    0.6443527E+08
  31      0.239556E+09   -0.5982128E+09    0.4354444E+08
  32      0.256050E+09   -0.6365887E+09    0.2367619E+08
  33      0.252906E+09   -0.6362886E+09   -0.8051171E+06
  34      0.220420E+09   -0.6340354E+09   -0.2605263E+08
  35      0.165016E+09   -0.5856287E+09   -0.5181946E+08
  36      0.795405E+08   -0.5367117E+09   -0.7797845E+08
  37     -0.171757E+08   -0.4488334E+09   -0.9841147E+08
  38     -0.128890E+09   -0.3591280E+09   -0.1199917E+09
  39     -0.218882E+09   -0.2463223E+09   -0.1257690E+09
  40     -0.276454E+09   -0.1270540E+09   -0.1372150E+09
  41     -0.252577E+09   -0.5102563E+08   -0.8871482E+08
  42      0.522918E+07    0.1611228E+08   -0.3298854E+08
  43     -0.146457E+09    0.7853330E+07    0.1812176E+08
  44     -0.191348E+09   -0.1305345E+08    0.9169811E+08
  45     -0.197687E+09   -0.3612396E+08    0.1615695E+09
  46     -0.165131E+09   -0.9553517E+08    0.1761162E+09
  47     -0.101219E+09   -0.1551535E+09    0.1929869E+09
  48     -0.213116E+08   -0.2158168E+09    0.1828338E+09
  49      0.611403E+08   -0.2743241E+09    0.1737852E+09
  50      0.140789E+09   -0.3210588E+09    0.1469202E+09
  51      0.210415E+09   -0.3689319E+09    0.1193559E+09
  52      0.261582E+09   -0.3966803E+09    0.8109960E+08
  53      0.277577E+09   -0.4223898E+09    0.4427522E+08
  54      0.280993E+09   -0.4168644E+09   -0.2911770E+07
  55      0.247242E+09   -0.4122212E+09   -0.5050882E+08
  56      0.192912E+09   -0.3793333E+09   -0.9849314E+08
  57      0.106913E+09   -0.3453171E+09   -0.1477347E+09
  58      0.393089E+07   -0.2787151E+09   -0.1861874E+09
  59     -0.109013E+09   -0.2096679E+09   -0.2264649E+09
  60     -0.213580E+09   -0.1352076E+09   -0.2342813E+09
  61     -0.288763E+09   -0.5760985E+08   -0.2509775E+09
  62     -0.303670E+09   -0.1898010E+08   -0.1547093E+09
  63     -0.188143E+09    0.1362259E+08   -0.4678993E+08
  64     -0.289812E+09    0.5180129E+07    0.1494223E+08
  65     -0.281178E+09   -0.9079575E+07    0.1029300E+09
  66     -0.249403E+09   -0.2504150E+08    0.1885708E+09
  67     -0.189278E+09   -0.6141579E+08    0.2103429E+09
  68     -0.103221E+09   -0.9699627E+08    0.2327740E+09
  69     -0.986104E+07   -0.1365931E+09    0.2202509E+09
  70      0.846094E+08   -0.1762718E+09    0.2089491E+09
  71      0.175139E+09   -0.2068458E+09    0.1755857E+09
  72      0.252827E+09   -0.2363140E+09    0.1422647E+09
  73      0.309054E+09   -0.2506887E+09    0.9570344E+08
  74      0.332359E+09   -0.2652950E+09    0.4883097E+08
  75      0.340628E+09   -0.2603298E+09   -0.8655485E+07
  76      0.308060E+09   -0.2548852E+09   -0.6625761E+08
  77      0.253174E+09   -0.2270099E+09   -0.1245930E+09
  78      0.163057E+09   -0.1985360E+09   -0.1832499E+09
  79      0.503865E+08   -0.1563030E+09   -0.2283172E+09
  80     -0.779033E+08   -0.1124992E+09   -0.2752994E+09
  81     -0.212306E+09   -0.6591760E+08   -0.2767057E+09
  82     -0.333817E+09   -0.1950102E+08   -0.2833036E+09
  83     -0.430482E+09   -0.5544410E+07   -0.1637474E+09
  84     -0.457805E+09    0.6532371E+07   -0.3597544E+08
  85     -0.426741E+09    0.2046448E+07    0.1414936E+08
  86     -0.369043E+09   -0.4142719E+07    0.1159208E+09
  87     -0.302033E+09   -0.1061765E+08    0.2165956E+09
  88     -0.212540E+09   -0.3287577E+08    0.2447756E+09
  89     -0.106214E+09   -0.5640838E+08    0.2730563E+09
  90      0.167503E+07   -0.8358609E+08    0.2588042E+09
  91      0.107629E+09   -0.1088615E+09    0.2449033E+09
  92      0.208985E+09   -0.1267521E+09    0.2051029E+09
  93      0.294246E+09   -0.1457859E+09    0.1655194E+09
  94      0.355699E+09   -0.1541863E+09    0.1103002E+09
  95      0.387946E+09   -0.1619156E+09    0.5424065E+08
  96      0.398915E+09   -0.1544040E+09   -0.1460848E+08
  97      0.369300E+09   -0.1455673E+09   -0.8342165E+08
  98      0.311610E+09   -0.1285923E+09   -0.1507612E+09
  99      0.218050E+09   -0.1121702E+09   -0.2188187E+09
 100      0.961842E+08   -0.8261400E+08   -0.2705445E+09
 101     -0.491464E+08   -0.5191047E+08   -0.3235215E+09
 102     -0.211416E+09   -0.2869185E+08   -0.3192781E+09
 103     -0.383343E+09   -0.5797426E+07   -0.3167321E+09
 104     -0.555371E+09   -0.7953180E+06   -0.1758554E+09
 105     -0.708522E+09    0.3134544E+07   -0.2982979E+08
 106     -0.575004E+09    0.1862515E+07    0.1386202E+08
 107     -0.476259E+09   -0.3370326E+07    0.1199785E+09
 108     -0.371122E+09   -0.8843958E+07    0.2248887E+09
 109     -0.244613E+09   -0.2218488E+08    0.2568632E+09
 110     -0.114821E+09   -0.3591773E+08    0.2888783E+09
 111      0.172205E+08   -0.5139053E+08    0.2732672E+09
 112      0.137724E+09   -0.6695669E+08    0.2578859E+09
 113      0.252743E+09   -0.7725978E+08    0.2142128E+09
 114      0.346595E+09   -0.8662696E+08    0.1710226E+09
 115      0.415763E+09   -0.8731315E+08    0.1113191E+09
 116      0.456656E+09   -0.8749767E+08    0.5126821E+08
 117      0.470805E+09   -0.8280236E+08   -0.1972860E+08
 118      0.443723E+09   -0.7941904E+08   -0.9076973E+08
 119      0.383159E+09   -0.6755953E+08   -0.1619909E+09
 120      0.285578E+09   -0.5374825E+08   -0.2345759E+09
 121      0.147931E+09   -0.3637105E+08   -0.2862960E+09
 122     -0.222615E+08   -0.1857991E+08   -0.3392035E+09
 123     -0.223715E+09   -0.7002471E+07   -0.3278034E+09
 124     -0.453467E+09    0.2217959E+07   -0.3182848E+09
 125     -0.703481E+09    0.1160782E+07   -0.1754398E+09
 126     -0.952593E+09    0.1044513E+07   -0.2682959E+08
 127     -0.720212E+09    0.1307339E+07    0.1341714E+08
 128     -0.583004E+09   -0.3129392E+07    0.1251853E+09
 129     -0.437511E+09   -0.7902258E+07    0.2348551E+09
 130     -0.277536E+09   -0.1570197E+08    0.2696167E+09
 131     -0.122114E+09   -0.2351385E+08    0.3046883E+09
 132      0.319593E+08   -0.3245388E+08    0.2883298E+09
 133      0.168169E+09   -0.4122252E+08    0.2721299E+09
 134      0.296522E+09   -0.4390206E+08    0.2236420E+09
 135      0.398531E+09   -0.4643058E+08    0.1766438E+09
 136      0.475836E+09   -0.4542778E+08    0.1128658E+09
 137      0.524381E+09   -0.4423071E+08    0.4820549E+08
 138      0.541524E+09   -0.3728361E+08   -0.2480654E+08
 139      0.517238E+09   -0.2968071E+08   -0.9786641E+08
 140      0.455580E+09   -0.2265954E+08   -0.1740299E+09
 141      0.351639E+09   -0.1666275E+08   -0.2502415E+09
 142      0.198965E+09   -0.1194357E+08   -0.3016735E+09
 143      0.495584E+07   -0.6508275E+07   -0.3557698E+09
 144     -0.238399E+09   -0.8131661E+06   -0.3386432E+09
 145     -0.519807E+09    0.5605617E+07   -0.3225733E+09
 146     -0.849929E+09    0.4016983E+07   -0.1755802E+09
 147     -0.119396E+10    0.1495087E+07   -0.2304472E+08
 148     -0.871581E+09   -0.8641188E+05    0.1576573E+08
 149     -0.696967E+09   -0.3137388E+07    0.1280951E+09
 150     -0.506047E+09   -0.6172938E+07    0.2387496E+09
 151     -0.315572E+09   -0.1118723E+08    0.2737941E+09
 152     -0.127134E+09   -0.1666809E+08    0.3089149E+09
 153      0.479876E+08   -0.1912583E+08    0.2903950E+09
 154      0.206366E+09   -0.2092693E+08    0.2716213E+09
 155      0.345319E+09   -0.1884234E+08    0.2213719E+09
 156      0.455489E+09   -0.1681592E+08    0.1727639E+09
 157      0.541029E+09   -0.1147147E+08    0.1081205E+09
 158      0.595496E+09   -0.5971692E+07    0.4314442E+08
 159      0.613912E+09   -0.1202140E+07   -0.2963991E+08
 160      0.593476E+09    0.3711440E+07   -0.1027729E+09
 161      0.530165E+09    0.6664107E+07   -0.1760393E+09
 162      0.416387E+09    0.9549440E+07   -0.2498614E+09
 163      0.249964E+09    0.9821495E+07   -0.3004190E+09
 164      0.290775E+08    0.9391262E+07   -0.3524539E+09
 165     -0.256652E+09    0.6156563E+07   -0.3366463E+09
 166     -0.594266E+09    0.3170242E+07   -0.3210876E+09
 167     -0.998309E+09    0.1061872E+07   -0.1738408E+09
 168     -0.143170E+10   -0.7868785E+06   -0.2229320E+08
 169     -0.102501E+10   -0.9152909E+05    0.1906709E+08
 170     -0.808695E+09   -0.4269315E+07    0.1311285E+09
 171     -0.576495E+09   -0.8635140E+07    0.2423267E+09
 172     -0.353333E+09   -0.1042277E+08    0.2784581E+09
 173     -0.133815E+09   -0.1240712E+08    0.3144807E+09
 174      0.646511E+08   -0.1041323E+08    0.2935035E+09
 175      0.243763E+09   -0.7585641E+07    0.2719299E+09
 176      0.394006E+09    0.1402113E+07    0.2198629E+09
 177      0.512908E+09    0.1093925E+08    0.1686653E+09
 178      0.606335E+09    0.1998633E+08    0.1033711E+09
 179      0.666150E+09    0.2745274E+08    0.3896394E+08
 180      0.687397E+09    0.3020541E+08   -0.3421843E+08
 181      0.669928E+09    0.3462688E+08   -0.1085418E+09
 182      0.603058E+09    0.3308125E+08   -0.1787386E+09
 183      0.482064E+09    0.2905706E+08   -0.2500822E+09
 184      0.300059E+09    0.2037784E+08   -0.3002941E+09
 185      0.523252E+08    0.1371194E+08   -0.3508567E+09
 186     -0.273612E+09    0.9667534E+07   -0.3348502E+09
 187     -0.669505E+09    0.5484567E+07   -0.3193800E+09
 188     -0.114542E+10    0.3474607E+07   -0.1726919E+09
 189     -0.167090E+10    0.1057648E+07   -0.2152609E+08
 190     -0.119065E+10    0.6084298E+06    0.2182234E+08
 191     -0.921181E+09   -0.4253192E+07    0.1353206E+09
 192     -0.649511E+09   -0.1040895E+08    0.2476281E+09
 193     -0.385767E+09   -0.1171582E+08    0.2779033E+09
 194     -0.137443E+09   -0.1125829E+08    0.3080463E+09
 195      0.883333E+08    0.7525178E+06    0.2826786E+09
 196      0.284729E+09    0.1285709E+08    0.2569762E+09
 197      0.444507E+09    0.2927644E+08    0.2044122E+09
 198      0.570983E+09    0.4572868E+08    0.1531296E+09
 199      0.666659E+09    0.5755698E+08    0.9246030E+08
 200      0.730689E+09    0.6938090E+08    0.3250231E+08
 201      0.755942E+09    0.7052536E+08   -0.3456552E+08
 202      0.739796E+09    0.7011425E+08   -0.1020309E+09
 203      0.668923E+09    0.5843608E+08   -0.1682983E+09
 204      0.546519E+09    0.4742833E+08   -0.2359653E+09
 205      0.350444E+09    0.3480116E+08   -0.2870222E+09
 206      0.765978E+08    0.2165603E+08   -0.3388080E+09
 207     -0.286456E+09    0.1243230E+08   -0.3263448E+09
 208     -0.739996E+09    0.4140471E+07   -0.3148247E+09
 209     -0.128942E+10    0.1600615E+07   -0.1705900E+09
 210     -0.190996E+10   -0.1144161E+07   -0.2131080E+08
 211     -0.135277E+10    0.7473666E+06    0.2435907E+08
 212     -0.103487E+10   -0.6817999E+07    0.1402588E+09
 213     -0.721939E+09   -0.1606805E+08    0.2547051E+09
 214     -0.418728E+09   -0.1465074E+08    0.2788559E+09
 215     -0.140613E+09   -0.1107484E+08    0.3023694E+09
 216      0.111009E+09    0.1297584E+08    0.2718537E+09
 217      0.326353E+09    0.3839849E+08    0.2419749E+09
 218      0.495521E+09    0.6731429E+08    0.1893739E+09
 219      0.628851E+09    0.9485297E+08    0.1388161E+09
 220      0.727596E+09    0.1124894E+09    0.8174557E+08
 221      0.796170E+09    0.1305297E+09    0.2485378E+08
 222      0.824129E+09    0.1297918E+09   -0.3478800E+08
 223      0.809626E+09    0.1271069E+09   -0.9451847E+08
 224      0.736374E+09    0.1093380E+09   -0.1585709E+09
 225      0.610186E+09    0.9111878E+08   -0.2233915E+09
 226      0.401695E+09    0.6413680E+08   -0.2744473E+09
 227      0.100430E+09    0.3792460E+08   -0.3276404E+09
 228     -0.300000E+09    0.2215291E+08   -0.3188932E+09
 229     -0.811533E+09    0.7079644E+07   -0.3105153E+09
 230     -0.143384E+10    0.3355463E+07   -0.1685061E+09
 231     -0.214820E+10   -0.5680537E+06   -0.2144848E+08
 232     -0.152814E+10   -0.1224038E+07    0.3232012E+08
 233     -0.115215E+10   -0.8620014E+07    0.1469441E+09
 234     -0.781632E+09   -0.1815973E+08    0.2588392E+09
 235     -0.432892E+09   -0.8109627E+07    0.2673959E+09
 236     -0.123441E+09    0.4903614E+07    0.2757532E+09
 237      0.146400E+09    0.4331983E+08    0.2348615E+09
 238      0.369145E+09    0.8318950E+08    0.1964387E+09
 239      0.540615E+09    0.1263204E+09    0.1497606E+09
 240      0.674105E+09    0.1682981E+09    0.1046284E+09
 241      0.773753E+09    0.1926135E+09    0.5947724E+08
 242      0.841507E+09    0.2156502E+09    0.1517522E+08
 243      0.870389E+09    0.2112946E+09   -0.2962679E+08
 244      0.860319E+09    0.2060899E+09   -0.7462245E+08
 245      0.793178E+09    0.1750456E+09   -0.1286506E+09
 246      0.664905E+09    0.1431289E+09   -0.1838432E+09
 247      0.453976E+09    0.1023248E+09   -0.2348077E+09
 248      0.135981E+09    0.6078958E+08   -0.2889639E+09
 249     -0.298505E+09    0.3176883E+08   -0.2926420E+09
 250     -0.867459E+09    0.5675999E+07   -0.2973400E+09
 251     -0.156808E+10    0.1874390E+07   -0.1642178E+09
 252     -0.238728E+10   -0.2850734E+07   -0.2452761E+08
 253     -0.170503E+10   -0.8336053E+06    0.4144211E+08
 254     -0.127040E+10   -0.9633369E+07    0.1547413E+09
 255     -0.843477E+09   -0.1968370E+08    0.2643230E+09
 256     -0.447687E+09    0.5075468E+07    0.2573202E+09
 257     -0.107087E+09    0.3399415E+08    0.2505184E+09
 258      0.183746E+09    0.9695653E+08    0.1991634E+09
 259      0.411608E+09    0.1599030E+09    0.1520382E+09
 260      0.585863E+09    0.2213889E+09    0.1107773E+09
 261      0.720383E+09    0.2814397E+09    0.7035562E+08
 262      0.820148E+09    0.3142168E+09    0.3766068E+08
 263      0.886840E+09    0.3453879E+09    0.6490369E+07
 264      0.917734E+09    0.3367412E+09   -0.2427025E+08
 265      0.911525E+09    0.3273439E+09   -0.5498725E+08
 266      0.850451E+09    0.2810064E+09   -0.9827477E+08
 267      0.721735E+09    0.2318100E+09   -0.1441695E+09
 268      0.506495E+09    0.1668068E+09   -0.1964740E+09
 269      0.170828E+09    0.1009369E+09   -0.2508875E+09
 270     -0.296801E+09    0.5291730E+08   -0.2674801E+09
 271     -0.925996E+09    0.8556961E+07   -0.2860988E+09
 272     -0.170350E+10    0.2544283E+07   -0.1612207E+09
 273     -0.262818E+10   -0.3393838E+07   -0.2915457E+08
 274     -0.191032E+10   -0.7279605E+07    0.5657737E+08
 275     -0.137496E+10   -0.7216453E+07    0.1553917E+09
 276     -0.868315E+09   -0.1040556E+08    0.2470798E+09
 277     -0.421891E+09    0.3899410E+08    0.2077964E+09
 278     -0.569492E+08    0.9499343E+08    0.1711583E+09
 279      0.232787E+09    0.1870615E+09    0.1133418E+09
 280      0.450804E+09    0.2779383E+09    0.6184224E+08
 281      0.612043E+09    0.3598142E+09    0.3344336E+08
 282      0.738871E+09    0.4409350E+09    0.6698846E+07
 283      0.827734E+09    0.4821580E+09   -0.3344237E+06
 284      0.893614E+09    0.5218719E+09   -0.6661502E+07
 285      0.923198E+09    0.5091497E+09   -0.9903003E+07
 286      0.925303E+09    0.4946099E+09   -0.1274354E+08
 287      0.874197E+09    0.4293134E+09   -0.3349183E+08
 288      0.762315E+09    0.3620986E+09   -0.5599736E+08
 289      0.555882E+09    0.2661525E+09   -0.1043852E+09
 290      0.224606E+09    0.1693686E+09   -0.1573260E+09
 291     -0.258964E+09    0.9485313E+08   -0.1977984E+09
 292     -0.938880E+09    0.2436685E+08   -0.2441949E+09
 293     -0.180821E+10    0.8180065E+07   -0.1466032E+09
 294     -0.287032E+10   -0.8797900E+07   -0.3723333E+08
 295     -0.211948E+10   -0.1620567E+07    0.7441734E+08
 296     -0.148137E+10   -0.5371630E+07    0.1574364E+09
 297     -0.901710E+09   -0.3548095E+07    0.2332028E+09
 298     -0.394724E+09    0.8770134E+08    0.1615157E+09
 299     -0.797706E+07    0.1823854E+09    0.9407211E+08
 300      0.283140E+09    0.3201379E+09    0.2953305E+08
 301      0.492462E+09    0.4533564E+09   -0.2883463E+08
 302      0.639605E+09    0.5659788E+09   -0.4404399E+08
 303      0.758209E+09    0.6750890E+09   -0.5716037E+08
 304      0.835109E+09    0.7281447E+09   -0.3852396E+08
 305      0.901161E+09    0.7794856E+09   -0.1891468E+08
 306      0.928669E+09    0.7586292E+09    0.5657573E+07
 307      0.939697E+09    0.7381850E+09    0.3087148E+08
 308      0.899343E+09    0.6475770E+09    0.3308436E+08
 309      0.804105E+09    0.5525386E+09    0.3355798E+08
 310      0.608445E+09    0.4151486E+09   -0.1234632E+08
 311      0.280367E+09    0.2713195E+09   -0.6462874E+08
 312     -0.221348E+09    0.1523813E+09   -0.1315547E+09
 313     -0.955787E+09    0.3653020E+08   -0.2064872E+09
 314     -0.191784E+10    0.1218129E+08   -0.1337665E+09
 315     -0.311351E+10   -0.5353949E+07   -0.4687693E+08
 316     -0.234203E+10   -0.2715548E+08    0.9927034E+08
 317     -0.153184E+10    0.4873683E+07    0.1347240E+09
 318     -0.833251E+09    0.3131647E+08    0.1504181E+09
 319     -0.298275E+09    0.1766703E+09    0.2073506E+08
 320      0.770049E+08    0.3327999E+09   -0.8990799E+08
 321      0.328985E+09    0.5231922E+09   -0.1472470E+09
 322      0.505923E+09    0.7107674E+09   -0.1956460E+09
 323      0.620066E+09    0.8499600E+09   -0.1757099E+09
 324      0.717988E+09    0.9865708E+09   -0.1549900E+09
 325      0.778331E+09    0.1046483E+10   -0.9578201E+08
 326      0.835471E+09    0.1106634E+10   -0.3580937E+08
 327      0.864539E+09    0.1081896E+10    0.3294666E+08
 328      0.883055E+09    0.1056133E+10    0.1017354E+09
 329      0.858800E+09    0.9426980E+09    0.1472317E+09
 330      0.794711E+09    0.8266834E+09    0.1929478E+09
 331      0.634343E+09    0.6370329E+09    0.1718338E+09
 332      0.356734E+09    0.4421340E+09    0.1431627E+09
 333     -0.122107E+09    0.2579684E+09    0.3920436E+08
 334     -0.865888E+09    0.8193945E+08   -0.8496786E+08
 335     -0.194015E+10    0.2650168E+08   -0.8660271E+08
 336     -0.333345E+10   -0.2997594E+08   -0.6454472E+08
 337     -0.259219E+10    0.2827844E+08    0.1488680E+09
 338     -0.158661E+10    0.1758702E+08    0.1205155E+09
 339     -0.797380E+09    0.5621743E+08    0.8102469E+08
 340     -0.181603E+09    0.3340543E+09   -0.1113883E+09
 341      0.166922E+09    0.5849681E+09   -0.2863795E+09
 342      0.380561E+09    0.8516873E+09   -0.3305314E+09
 343      0.519860E+09    0.1096621E+10   -0.3668360E+09
 344      0.600009E+09    0.1255812E+10   -0.3102986E+09
 345      0.675298E+09    0.1413896E+10   -0.2540339E+09
 346      0.720115E+09    0.1477918E+10   -0.1524475E+09
 347      0.767705E+09    0.1542518E+10   -0.5150419E+08
 348      0.798079E+09    0.1512460E+10    0.6220597E+08
 349      0.826348E+09    0.1484566E+10    0.1760255E+09
 350      0.817333E+09    0.1351740E+10    0.2658501E+09
 351      0.786243E+09    0.1216871E+10    0.3585972E+09
 352      0.665831E+09    0.9775710E+09    0.3631086E+09
 353      0.437734E+09    0.7191777E+09    0.3623376E+09
 354     -0.569327E+06    0.4404343E+09    0.2045679E+09
 355     -0.805563E+09    0.1323973E+09    0.2620798E+08
 356     -0.196601E+10    0.4939395E+08   -0.4700898E+08
 357     -0.359038E+10    0.1477406E+08   -0.1018134E+09
 358     -0.279287E+10   -0.1222005E+09    0.1789508E+09
 359     -0.144764E+10    0.6788749E+08    0.6612586E+06
 360     -0.495986E+09    0.2491553E+09   -0.2332802E+09
 361     -0.238203E+08    0.6421354E+09   -0.4772132E+09
 362      0.226963E+09    0.1045539E+10   -0.6379536E+09
 363      0.356205E+09    0.1336540E+10   -0.6064063E+09
 364      0.448029E+09    0.1620284E+10   -0.5792592E+09
 365      0.493639E+09    0.1779596E+10   -0.4683411E+09
 366      0.544802E+09    0.1940793E+10   -0.3601105E+09
 367      0.575383E+09    0.2002148E+10   -0.2129524E+09
 368      0.613489E+09    0.2066766E+10   -0.6679084E+08
 369      0.638873E+09    0.2037491E+10    0.9422767E+08
 370      0.669640E+09    0.2011148E+10    0.2567621E+09
 371      0.671300E+09    0.1873723E+10    0.4075854E+09
 372      0.667629E+09    0.1738475E+10    0.5620447E+09
 373      0.596340E+09    0.1460211E+10    0.6428096E+09
 374      0.455886E+09    0.1173173E+10    0.7304534E+09
 375      0.141257E+09    0.7510880E+09    0.6034658E+09
 376     -0.494036E+09    0.3299847E+09    0.4006786E+09
 377     -0.174413E+10    0.1073690E+09    0.1172620E+09
 378     -0.370562E+10   -0.1129369E+09   -0.1110494E+09
 379     -0.363257E+10    0.2701128E+09    0.6371396E+09
 380     -0.114705E+10    0.2820742E+09   -0.3824456E+08
 381     -0.138172E+09    0.5424778E+09   -0.7279533E+09
 382      0.130062E+09    0.1300084E+10   -0.9034908E+09
 383      0.287325E+09    0.1801911E+10   -0.1004946E+10
 384      0.319684E+09    0.2063685E+10   -0.8945453E+09
 385      0.368804E+09    0.2332570E+10   -0.7933563E+09
 386      0.380596E+09    0.2463280E+10   -0.6268425E+09
 387      0.410140E+09    0.2601503E+10   -0.4642111E+09
 388      0.426947E+09    0.2651824E+10   -0.2718939E+09
 389      0.455815E+09    0.2707308E+10   -0.8036014E+08
 390      0.477121E+09    0.2682650E+10    0.1289778E+09
 391      0.507290E+09    0.2662777E+10    0.3404662E+09
 392      0.520827E+09    0.2544406E+10    0.5540860E+09
 393      0.544422E+09    0.2433376E+10    0.7709038E+09
 394      0.517047E+09    0.2166618E+10    0.9387998E+09
 395      0.477928E+09    0.1905805E+10    0.1119044E+10
 396      0.281598E+09    0.1381449E+10    0.1063566E+10
 397     -0.114520E+09    0.6305343E+09    0.9309968E+09
 398     -0.137335E+10    0.3147196E+09    0.2086499E+09
 399     -0.444242E+10    0.2140112E+09   -0.4698492E+09
 400     -0.280518E+10   -0.4664853E+09   -0.1494405E+09
 401     -0.426078E+09    0.8323350E+09   -0.9093908E+09
 402     -0.108963E+09    0.2065542E+10   -0.1468729E+10
 403      0.838307E+08    0.2448192E+10   -0.1312904E+10
 404      0.138939E+09    0.2858035E+10   -0.1242760E+10
 405      0.156377E+09    0.3012436E+10   -0.1069521E+10
 406      0.179788E+09    0.3185265E+10   -0.9062326E+09
 407      0.186449E+09    0.3264992E+10   -0.7115069E+09
 408      0.202439E+09    0.3352293E+10   -0.5190929E+09
 409      0.212338E+09    0.3386124E+10   -0.3049205E+09
 410      0.228019E+09    0.3424554E+10   -0.9106576E+08
 411      0.241047E+09    0.3413068E+10    0.1450774E+09
 412      0.256921E+09    0.3406040E+10    0.3820665E+09
 413      0.267114E+09    0.3332059E+10    0.6369281E+09
 414      0.282499E+09    0.3264787E+10    0.8951492E+09
 415      0.272503E+09    0.3075271E+10    0.1144857E+10
 416      0.256141E+09    0.2900919E+10    0.1406976E+10
 417      0.183899E+09    0.2452461E+10    0.1539173E+10
 418     -0.626318E+08    0.1998567E+10    0.1772222E+10
 419     -0.521762E+09    0.8095611E+09    0.1102417E+10
 420     -0.325113E+10   -0.4020875E+09    0.2756188E+09
 421     -0.132165E+10    0.4554336E+10   -0.1055659E+10
 422      0.120507E+09    0.4477077E+10   -0.1730939E+10
 423     -0.864700E+08    0.4350224E+10   -0.2042715E+10
 424      0.188634E+08    0.4230724E+10   -0.1652382E+10
 425     -0.120238E+08    0.4189213E+10   -0.1445407E+10
 426     -0.282996E+07    0.4168762E+10   -0.1218580E+10
 427     -0.403185E+07    0.4163178E+10   -0.1005607E+10
 428     -0.180251E+07    0.4169614E+10   -0.7860903E+09
 429      0.439273E+06    0.4181052E+10   -0.5683751E+09
 430      0.332818E+07    0.4194160E+10   -0.3339784E+09
 431      0.600989E+07    0.4210672E+10   -0.9990771E+08
 432      0.103654E+08    0.4220056E+10    0.1610944E+09
 433      0.132380E+08    0.4232941E+10    0.4221102E+09
 434      0.190311E+08    0.4228265E+10    0.7150215E+09
 435      0.249067E+08    0.4227915E+10    0.1012797E+10
 436      0.323614E+08    0.4195313E+10    0.1334884E+10
 437      0.299877E+08    0.4177879E+10    0.1671756E+10
 438      0.692831E+08    0.4106256E+10    0.1967862E+10
 439     -0.320200E+08    0.4115310E+10    0.2485309E+10
 440      0.182478E+09    0.3933528E+10    0.2051261E+10
 441     -0.140199E+10    0.3672331E+10    0.1312204E+10
