   1     -0.760283E+08   -0.7607212E+06   -0.4511482E+07
   2     -0.622556E+07    0.1888055E+08   -0.4119237E+07
   3      0.121442E+08    0.3829757E+08   -0.3201154E+07
   4      0.151731E+08    0.5705888E+08   -0.3627969E+07
   5      0.121546E+08    0.7682928E+08   -0.4879364E+07
   6      0.289310E+07    0.9792031E+08   -0.3919897E+07
   7     -0.516044E+07    0.1171826E+09   -0.2295268E+07
   8     -0.132143E+08    0.1371049E+09   -0.3481216E+07
   9     -0.124415E+08    0.1594891E+09   -0.4279542E+07
  10     -0.133201E+08    0.1777849E+09   -0.1729842E+07
  11     -0.160276E+07    0.1949596E+09   -0.1033089E+07
  12      0.201236E+08    0.2096725E+09   -0.1432907E+07
  13      0.408814E+08    0.2240994E+09   -0.4695680E+06
  14      0.646074E+08    0.2261721E+09    0.1964471E+06
  15      0.809314E+08    0.2292405E+09    0.9942983E+06
  16      0.901100E+08    0.2124432E+09    0.2721773E+07
  17      0.805363E+08    0.1946061E+09    0.4105367E+07
  18      0.525430E+08    0.1534441E+09    0.5670217E+07
  19     -0.321770E+08    0.1090144E+09    0.7940357E+07
  20     -0.167656E+09    0.5109548E+08    0.9638401E+07
  21     -0.452312E+09   -0.3581147E+07    0.1054947E+08
  22     -0.513265E+08   -0.1785118E+07   -0.5361163E+07
  23     -0.400571E+07    0.2962151E+07   -0.9710793E+07
  24      0.130093E+08    0.8730958E+07   -0.1284016E+08
  25      0.159811E+08    0.1872041E+08   -0.1230882E+08
  26      0.109806E+08    0.2741551E+08   -0.1258915E+08
  27      0.339291E+07    0.3554397E+08   -0.1237531E+08
  28     -0.544773E+07    0.4417091E+08   -0.1246629E+08
  29     -0.113328E+08    0.5452059E+08   -0.1374901E+08
  30     -0.144674E+08    0.6426445E+08   -0.1444684E+08
  31     -0.129458E+08    0.7624223E+08   -0.1388701E+08
  32     -0.844265E+06    0.8956426E+08   -0.1476618E+08
  33      0.151264E+08    0.1002403E+09   -0.1131373E+08
  34      0.376976E+08    0.1105006E+09   -0.7439538E+07
  35      0.580340E+08    0.1121853E+09   -0.1485825E+07
  36      0.736450E+08    0.1132865E+09    0.4953798E+07
  37      0.820164E+08    0.1023778E+09    0.1314351E+08
  38      0.719539E+08    0.9170717E+08    0.2161879E+08
  39      0.427871E+08    0.6628527E+08    0.3076599E+08
  40     -0.321701E+08    0.3633601E+08    0.4270503E+08
  41     -0.157956E+09    0.1312397E+08    0.3079604E+08
  42     -0.379399E+09   -0.5790533E+07    0.1565984E+08
  43     -0.242214E+08    0.1244080E+06   -0.5188782E+07
  44      0.827886E+05   -0.1787158E+07   -0.1458867E+08
  45      0.142310E+08   -0.3329024E+07   -0.2237973E+08
  46      0.171689E+08   -0.7105602E+07   -0.2055206E+08
  47      0.843892E+07   -0.1270827E+08   -0.1902422E+08
  48      0.446231E+07   -0.1686755E+08   -0.2070364E+08
  49     -0.577129E+07   -0.1787589E+08   -0.2419889E+08
  50     -0.107475E+08   -0.1550388E+08   -0.2387830E+08
  51     -0.168234E+08   -0.1639904E+08   -0.2318229E+08
  52     -0.122742E+08   -0.1230463E+08   -0.2612853E+08
  53     -0.113274E+07   -0.5702843E+07   -0.2882637E+08
  54      0.827790E+07    0.1911431E+07   -0.2065019E+08
  55      0.343435E+08    0.8355198E+07   -0.1331921E+08
  56      0.501687E+08    0.1342520E+08   -0.2744431E+07
  57      0.657063E+08    0.1966638E+08    0.8462767E+07
  58      0.731067E+08    0.2082904E+08    0.2340916E+08
  59      0.623329E+08    0.2037970E+08    0.3925140E+08
  60      0.318283E+08    0.1463254E+08    0.5498710E+08
  61     -0.333380E+08    0.8804983E+07    0.7580449E+08
  62     -0.144453E+09    0.3225818E+07    0.5018521E+08
  63     -0.300149E+09   -0.1597894E+07    0.1871537E+08
  64     -0.594478E+07    0.2017092E+07   -0.3485700E+07
  65      0.476330E+07   -0.4623102E+07   -0.7165392E+07
  66      0.127639E+08   -0.1208025E+08   -0.9519369E+07
  67      0.147066E+08   -0.2741877E+08   -0.5897636E+07
  68      0.916233E+07   -0.4179677E+08   -0.3848826E+07
  69      0.852524E+07   -0.5456471E+08   -0.7658617E+07
  70     -0.544450E+06   -0.6911099E+08   -0.1153695E+08
  71     -0.891997E+07   -0.7913188E+08   -0.1549061E+08
  72     -0.106429E+08   -0.8605925E+08   -0.1986202E+08
  73     -0.735642E+07   -0.8624996E+08   -0.2494387E+08
  74     -0.232491E+07   -0.8923540E+08   -0.2913215E+08
  75      0.464178E+07   -0.8410204E+08   -0.2671346E+08
  76      0.260061E+08   -0.7664443E+08   -0.2392461E+08
  77      0.394085E+08   -0.6386295E+08   -0.1379873E+08
  78      0.523385E+08   -0.5148046E+08   -0.4335539E+07
  79      0.544307E+08   -0.4002810E+08    0.1286128E+08
  80      0.440941E+08   -0.2977314E+08    0.3125035E+08
  81      0.159986E+08   -0.2261967E+08    0.4596469E+08
  82     -0.369775E+08   -0.1381268E+08    0.6386434E+08
  83     -0.117253E+09   -0.5500764E+07    0.4176222E+08
  84     -0.215631E+09    0.1753273E+07    0.1543258E+08
  85      0.123976E+08    0.3757463E+07   -0.3017018E+07
  86      0.825740E+07   -0.8130320E+07    0.2796783E+05
  87      0.118484E+08   -0.2156523E+08    0.4097438E+07
  88      0.119859E+08   -0.4455517E+08    0.8329086E+07
  89      0.130859E+08   -0.6679858E+08    0.1006503E+08
  90      0.111267E+08   -0.9118918E+08    0.5767425E+07
  91      0.413204E+07   -0.1148979E+09    0.3044707E+07
  92     -0.553403E+07   -0.1309077E+09   -0.6947323E+07
  93     -0.529773E+07   -0.1477830E+09   -0.1711447E+08
  94     -0.358009E+07   -0.1533916E+09   -0.2366983E+08
  95     -0.310234E+07   -0.1569629E+09   -0.3029315E+08
  96      0.300502E+07   -0.1484012E+09   -0.3361142E+08
  97      0.161977E+08   -0.1401301E+09   -0.3627893E+08
  98      0.289244E+08   -0.1239047E+09   -0.2553032E+08
  99      0.385068E+08   -0.1098379E+09   -0.1497739E+08
 100      0.359001E+08   -0.9413935E+08    0.2995340E+07
 101      0.271905E+08   -0.7559629E+08    0.2149813E+08
 102      0.119411E+07   -0.4931243E+08    0.3622454E+08
 103     -0.370385E+08   -0.2298873E+08    0.5242066E+08
 104     -0.934159E+08   -0.8667995E+07    0.3462942E+08
 105     -0.132700E+09    0.4138792E+07    0.1447529E+08
 106      0.151389E+07    0.3579935E+07   -0.9963737E+05
 107     -0.666958E+07   -0.1104514E+08    0.1488928E+08
 108      0.172266E+07   -0.2698901E+08    0.3025345E+08
 109      0.585340E+07   -0.5658667E+08    0.3683708E+08
 110      0.140969E+08   -0.8573307E+08    0.4317189E+08
 111      0.165168E+08   -0.1178915E+09    0.3740274E+08
 112      0.143747E+08   -0.1499521E+09    0.3119355E+08
 113      0.118027E+08   -0.1719516E+09    0.1470199E+08
 114      0.878777E+07   -0.1929321E+09   -0.1851762E+07
 115      0.968558E+07   -0.1998085E+09   -0.1615726E+08
 116      0.786713E+07   -0.2071152E+09   -0.3024836E+08
 117      0.122337E+08   -0.2025925E+09   -0.3929009E+08
 118      0.198359E+08   -0.1983054E+09   -0.4908718E+08
 119      0.231311E+08   -0.1783506E+09   -0.4566999E+08
 120      0.276615E+08   -0.1567477E+09   -0.4098119E+08
 121      0.205532E+08   -0.1249498E+09   -0.2624736E+08
 122      0.107840E+08   -0.9431442E+08   -0.1089978E+08
 123     -0.143531E+08   -0.6527977E+08    0.4886891E+07
 124     -0.424859E+08   -0.3453799E+08    0.2185614E+08
 125     -0.869768E+08   -0.1467617E+08    0.1637513E+08
 126     -0.912709E+08    0.3372826E+07    0.8638080E+07
 127     -0.119220E+08    0.4797043E+07    0.2642000E+07
 128     -0.211659E+08   -0.1014562E+08    0.2883436E+08
 129     -0.860571E+07   -0.2588140E+08    0.5511236E+08
 130     -0.198667E+06   -0.6441608E+08    0.6635648E+08
 131      0.124627E+08   -0.1050539E+09    0.7819361E+08
 132      0.234908E+08   -0.1441045E+09    0.6864467E+08
 133      0.249820E+08   -0.1794424E+09    0.5815064E+08
 134      0.284805E+08   -0.2052241E+09    0.3634350E+08
 135      0.245605E+08   -0.2326586E+09    0.1332295E+08
 136      0.225718E+08   -0.2459184E+09   -0.8033822E+07
 137      0.192435E+08   -0.2587109E+09   -0.2844893E+08
 138      0.211596E+08   -0.2494109E+09   -0.4545323E+08
 139      0.245586E+08   -0.2392856E+09   -0.6194715E+08
 140      0.179785E+08   -0.2178032E+09   -0.6526513E+08
 141      0.183589E+08   -0.1963942E+09   -0.6919075E+08
 142      0.465248E+07   -0.1598957E+09   -0.5675219E+08
 143     -0.682241E+07   -0.1225745E+09   -0.4253655E+08
 144     -0.287199E+08   -0.8046212E+08   -0.2589459E+08
 145     -0.504547E+08   -0.3678580E+08   -0.8557836E+07
 146     -0.794036E+08   -0.1355037E+08   -0.1700013E+07
 147     -0.554621E+08    0.6862548E+07    0.3146653E+07
 148     -0.665464E+08    0.5532096E+07    0.4135900E+07
 149     -0.628417E+08   -0.1334998E+08    0.4696155E+08
 150     -0.395042E+08   -0.3457682E+08    0.9034761E+08
 151     -0.158847E+08   -0.7638366E+08    0.1069746E+09
 152      0.999281E+07   -0.1161158E+09    0.1226325E+09
 153      0.374119E+08   -0.1574834E+09    0.1096525E+09
 154      0.461560E+08   -0.2000549E+09    0.9646202E+08
 155      0.577627E+08   -0.2319022E+09    0.6675252E+08
 156      0.577000E+08   -0.2628578E+09    0.3673890E+08
 157      0.533629E+08   -0.2742378E+09    0.4014964E+07
 158      0.486965E+08   -0.2841216E+09   -0.2833989E+08
 159      0.463911E+08   -0.2756610E+09   -0.5390445E+08
 160      0.412236E+08   -0.2685159E+09   -0.7871935E+08
 161      0.307159E+08   -0.2423721E+09   -0.9094057E+08
 162      0.210231E+08   -0.2157689E+09   -0.1031602E+09
 163     -0.202484E+07   -0.1755257E+09   -0.9747816E+08
 164     -0.209001E+08   -0.1332168E+09   -0.9184926E+08
 165     -0.486677E+08   -0.8694171E+08   -0.7110113E+08
 166     -0.755054E+08   -0.4093710E+08   -0.4961693E+08
 167     -0.102213E+09   -0.1660045E+08   -0.2423678E+08
 168     -0.809947E+08    0.5818110E+07    0.1444492E+06
 169     -0.119610E+09    0.6806508E+07    0.5911651E+07
 170     -0.105149E+09   -0.1534343E+08    0.6592470E+08
 171     -0.705798E+08   -0.3972258E+08    0.1262339E+09
 172     -0.316836E+08   -0.8524581E+08    0.1468418E+09
 173      0.846631E+07   -0.1306216E+09    0.1660552E+09
 174      0.499577E+08   -0.1753633E+09    0.1511151E+09
 175      0.674458E+08   -0.2180704E+09    0.1361331E+09
 176      0.879693E+08   -0.2480959E+09    0.9758400E+08
 177      0.901657E+08   -0.2782583E+09    0.5981036E+08
 178      0.860649E+08   -0.2910163E+09    0.1587586E+08
 179      0.791385E+08   -0.3032792E+09   -0.2894413E+08
 180      0.708207E+08   -0.2939941E+09   -0.6214716E+08
 181      0.593856E+08   -0.2852650E+09   -0.9535109E+08
 182      0.440679E+08   -0.2584119E+09   -0.1179769E+09
 183      0.211422E+08   -0.2314065E+09   -0.1376852E+09
 184     -0.671438E+07   -0.1875681E+09   -0.1387578E+09
 185     -0.348369E+08   -0.1422597E+09   -0.1411496E+09
 186     -0.702369E+08   -0.9283217E+08   -0.1159061E+09
 187     -0.100027E+09   -0.4059693E+08   -0.9063860E+08
 188     -0.126612E+09   -0.1388292E+08   -0.4623784E+08
 189     -0.103650E+09    0.8638783E+07   -0.2283933E+07
 190     -0.222567E+09    0.6027014E+07    0.9659828E+07
 191     -0.184949E+09   -0.1744198E+08    0.8931256E+08
 192     -0.122036E+09   -0.4353722E+08    0.1688739E+09
 193     -0.552357E+08   -0.9220777E+08    0.1924772E+09
 194      0.102832E+08   -0.1395323E+09    0.2146440E+09
 195      0.696701E+08   -0.1817704E+09    0.1926979E+09
 196      0.104384E+09   -0.2227351E+09    0.1705212E+09
 197      0.132807E+09   -0.2487368E+09    0.1244485E+09
 198      0.140335E+09   -0.2749249E+09    0.7930819E+08
 199      0.138890E+09   -0.2853161E+09    0.2665432E+08
 200      0.130460E+09   -0.2960760E+09   -0.2609122E+08
 201      0.111769E+09   -0.2894217E+09   -0.6945497E+08
 202      0.989511E+08   -0.2816434E+09   -0.1125211E+09
 203      0.737424E+08   -0.2570307E+09   -0.1424844E+09
 204      0.387605E+08   -0.2325514E+09   -0.1722894E+09
 205      0.340043E+07   -0.1903490E+09   -0.1812466E+09
 206     -0.451278E+08   -0.1475316E+09   -0.1899012E+09
 207     -0.963194E+08   -0.9936161E+08   -0.1639754E+09
 208     -0.147631E+09   -0.4971403E+08   -0.1375030E+09
 209     -0.190735E+09   -0.2061211E+08   -0.7209149E+08
 210     -0.191320E+09    0.5920345E+07   -0.7052067E+07
 211     -0.324420E+09    0.8557230E+07    0.1247006E+08
 212     -0.265470E+09   -0.1743688E+08    0.1126758E+09
 213     -0.174276E+09   -0.4710482E+08    0.2124217E+09
 214     -0.792063E+08   -0.9495948E+08    0.2388427E+09
 215      0.111301E+08   -0.1405023E+09    0.2640249E+09
 216      0.902375E+08   -0.1789016E+09    0.2354546E+09
 217      0.141949E+09   -0.2156348E+09    0.2062610E+09
 218      0.177369E+09   -0.2352733E+09    0.1520143E+09
 219      0.191535E+09   -0.2549271E+09    0.9921311E+08
 220      0.193104E+09   -0.2594634E+09    0.3677993E+08
 221      0.181300E+09   -0.2636348E+09   -0.2417319E+08
 222      0.155132E+09   -0.2580525E+09   -0.7664340E+08
 223      0.138310E+09   -0.2538555E+09   -0.1297403E+09
 224      0.103161E+09   -0.2359707E+09   -0.1673181E+09
 225      0.600555E+08   -0.2181842E+09   -0.2069586E+09
 226      0.118147E+08   -0.1837184E+09   -0.2240025E+09
 227     -0.551145E+08   -0.1470153E+09   -0.2401838E+09
 228     -0.123122E+09   -0.9669419E+08   -0.2133063E+09
 229     -0.196706E+09   -0.4241912E+08   -0.1852089E+09
 230     -0.254834E+09   -0.1302440E+08   -0.9757763E+08
 231     -0.280345E+09    0.1098262E+08   -0.9864185E+07
 232     -0.491545E+09    0.4648477E+07    0.2038452E+08
 233     -0.384980E+09   -0.2232666E+08    0.1388513E+09
 234     -0.243337E+09   -0.5235057E+08    0.2556614E+09
 235     -0.104040E+09   -0.9462191E+08    0.2782352E+09
 236      0.227232E+08   -0.1347345E+09    0.2993101E+09
 237      0.126060E+09   -0.1585981E+09    0.2602830E+09
 238      0.195364E+09   -0.1812607E+09    0.2222074E+09
 239      0.236976E+09   -0.1879460E+09    0.1604987E+09
 240      0.254435E+09   -0.1931521E+09    0.1002959E+09
 241      0.256421E+09   -0.1927373E+09    0.3855995E+08
 242      0.237473E+09   -0.1952102E+09   -0.2174465E+08
 243      0.213527E+09   -0.1956965E+09   -0.7704625E+08
 244      0.186582E+09   -0.1954921E+09   -0.1323424E+09
 245      0.147713E+09   -0.1874636E+09   -0.1758238E+09
 246      0.990742E+08   -0.1795407E+09   -0.2210215E+09
 247      0.368923E+08   -0.1573866E+09   -0.2472788E+09
 248     -0.496328E+08   -0.1343352E+09   -0.2744677E+09
 249     -0.145571E+09   -0.9483373E+08   -0.2539893E+09
 250     -0.260402E+09   -0.5173003E+08   -0.2327830E+09
 251     -0.365102E+09   -0.2093010E+08   -0.1240794E+09
 252     -0.434671E+09    0.5846618E+07   -0.1384712E+08
 253     -0.660866E+09    0.8760927E+07    0.2847439E+08
 254     -0.504301E+09   -0.2014196E+08    0.1657270E+09
 255     -0.314999E+09   -0.5366659E+08    0.3008987E+09
 256     -0.130316E+09   -0.8730865E+08    0.3196080E+09
 257      0.336722E+08   -0.1153592E+09    0.3367097E+09
 258      0.162333E+09   -0.1192130E+09    0.2869040E+09
 259      0.250370E+09   -0.1211877E+09    0.2380106E+09
 260      0.298870E+09   -0.1058582E+09    0.1685970E+09
 261      0.318591E+09   -0.9257106E+08    0.1018174E+09
 262      0.319266E+09   -0.8755058E+08    0.4149609E+08
 263      0.296091E+09   -0.8270388E+08   -0.1857995E+08
 264      0.273608E+09   -0.8602832E+08   -0.7773275E+08
 265      0.234825E+09   -0.9181991E+08   -0.1347266E+09
 266      0.194528E+09   -0.1036290E+09   -0.1841292E+09
 267      0.136978E+09   -0.1151420E+09   -0.2365192E+09
 268      0.630065E+08   -0.1127097E+09   -0.2723026E+09
 269     -0.453433E+08   -0.1093859E+09   -0.3099423E+09
 270     -0.169459E+09   -0.8386478E+08   -0.2947236E+09
 271     -0.325440E+09   -0.5344605E+08   -0.2801004E+09
 272     -0.476969E+09   -0.2003301E+08   -0.1523231E+09
 273     -0.588737E+09    0.9125140E+07   -0.2055632E+08
 274     -0.908093E+09    0.1268044E+07    0.4061285E+08
 275     -0.655136E+09   -0.2311323E+08    0.1897391E+09
 276     -0.381877E+09   -0.5315211E+08    0.3330872E+09
 277     -0.132912E+09   -0.6440676E+08    0.3272098E+09
 278      0.716207E+08   -0.6866428E+08    0.3218330E+09
 279      0.218613E+09   -0.3547939E+08    0.2591973E+09
 280      0.315505E+09   -0.1122078E+07    0.2004190E+09
 281      0.360831E+09    0.3343157E+08    0.1379323E+09
 282      0.376504E+09    0.6655460E+08    0.7766724E+08
 283      0.368291E+09    0.8270147E+08    0.2904508E+08
 284      0.347615E+09    0.9816236E+08   -0.1954609E+08
 285      0.320345E+09    0.8486694E+08   -0.6364389E+08
 286      0.279902E+09    0.6959689E+08   -0.1067985E+09
 287      0.243023E+09    0.3633431E+08   -0.1522077E+09
 288      0.187241E+09    0.1916667E+07   -0.1996351E+09
 289      0.107909E+09   -0.2928086E+08   -0.2451541E+09
 290     -0.113270E+08   -0.5949487E+08   -0.2941054E+09
 291     -0.167375E+09   -0.5529805E+08   -0.3011549E+09
 292     -0.377577E+09   -0.4329303E+08   -0.3112494E+09
 293     -0.621209E+09   -0.1741952E+08   -0.1750868E+09
 294     -0.832552E+09    0.2278967E+07   -0.3094160E+08
 295     -0.115514E+10    0.8997967E+07    0.5612945E+08
 296     -0.809965E+09   -0.2201709E+08    0.2164316E+09
 297     -0.456861E+09   -0.5192625E+08    0.3703095E+09
 298     -0.134172E+09   -0.2233236E+08    0.3392379E+09
 299      0.109456E+09    0.1470006E+08    0.3088665E+09
 300      0.279171E+09    0.9860929E+08    0.2319614E+09
 301      0.380791E+09    0.1790757E+09    0.1620410E+09
 302      0.424560E+09    0.2469066E+09    0.1072750E+09
 303      0.436576E+09    0.3105642E+09    0.5246511E+08
 304      0.418883E+09    0.3338707E+09    0.1571962E+08
 305      0.399233E+09    0.3564028E+09   -0.1999178E+08
 306      0.365596E+09    0.3327119E+09   -0.4836460E+08
 307      0.328083E+09    0.3075843E+09   -0.7793666E+08
 308      0.292177E+09    0.2463687E+09   -0.1193676E+09
 309      0.239647E+09    0.1830780E+09   -0.1603248E+09
 310      0.156531E+09    0.1039665E+09   -0.2160937E+09
 311      0.216803E+08    0.2001763E+08   -0.2773082E+09
 312     -0.162661E+09   -0.1662767E+08   -0.3116906E+09
 313     -0.439173E+09   -0.4465622E+08   -0.3484846E+09
 314     -0.768723E+09   -0.1773459E+08   -0.2002982E+09
 315     -0.107986E+10    0.8890916E+07   -0.4364045E+08
 316     -0.149145E+10   -0.1932820E+08    0.8429831E+08
 317     -0.954353E+09   -0.1571206E+08    0.2203259E+09
 318     -0.454221E+09   -0.2053159E+08    0.3356994E+09
 319     -0.730221E+08    0.7263669E+08    0.2469486E+09
 320      0.188915E+09    0.1800704E+09    0.1735318E+09
 321      0.341778E+09    0.3217895E+09    0.1030233E+09
 322      0.423377E+09    0.4605250E+09    0.4221407E+08
 323      0.451084E+09    0.5566949E+09    0.1882760E+08
 324      0.454487E+09    0.6501272E+09   -0.4615173E+07
 325      0.425088E+09    0.6757272E+09   -0.7644701E+07
 326      0.404636E+09    0.6999617E+09   -0.1061393E+08
 327      0.367875E+09    0.6629170E+09   -0.1101968E+08
 328      0.344120E+09    0.6264368E+09   -0.1244533E+08
 329      0.311498E+09    0.5365906E+09   -0.2939141E+08
 330      0.273803E+09    0.4448211E+09   -0.4451055E+08
 331      0.207136E+09    0.3174568E+09   -0.9137769E+08
 332      0.101695E+09    0.1873723E+09   -0.1483140E+09
 333     -0.933962E+08    0.8801767E+08   -0.2231315E+09
 334     -0.428380E+09    0.1040738E+07   -0.3116074E+09
 335     -0.901712E+09   -0.3592797E+07   -0.1985451E+09
 336     -0.142426E+10   -0.1538308E+08   -0.6331719E+08
 337     -0.186325E+10    0.3443504E+08    0.1378201E+09
 338     -0.110205E+10    0.8867538E+06    0.2335132E+09
 339     -0.485797E+09    0.1282679E+08    0.3157414E+09
 340      0.105073E+08    0.2448220E+09    0.1641118E+09
 341      0.274158E+09    0.4548955E+09    0.2677207E+08
 342      0.409793E+09    0.6788279E+09   -0.3125280E+08
 343      0.469058E+09    0.8811570E+09   -0.8137567E+08
 344      0.477300E+09    0.9955117E+09   -0.7189889E+08
 345      0.469458E+09    0.1106602E+10   -0.6228943E+08
 346      0.429518E+09    0.1133586E+10   -0.3155591E+08
 347      0.407450E+09    0.1162559E+10   -0.1488305E+07
 348      0.370279E+09    0.1116346E+10    0.2726845E+08
 349      0.357518E+09    0.1071322E+10    0.5502045E+08
 350      0.330083E+09    0.9504223E+09    0.6543531E+08
 351      0.309289E+09    0.8268886E+09    0.7762578E+08
 352      0.261375E+09    0.6421162E+09    0.3820470E+08
 353      0.190151E+09    0.4425610E+09   -0.1007791E+08
 354     -0.542818E+07    0.2538898E+09   -0.1405531E+09
 355     -0.443202E+09    0.4383984E+08   -0.2840563E+09
 356     -0.103923E+10    0.1772216E+08   -0.2022163E+09
 357     -0.180050E+10    0.3036114E+08   -0.1004831E+09
 358     -0.225399E+10   -0.1134666E+09    0.1685256E+09
 359     -0.108765E+10    0.5385805E+08    0.1288187E+09
 360     -0.257854E+09    0.2113442E+09    0.2631460E+08
 361      0.133672E+09    0.5764918E+09   -0.1783845E+09
 362      0.321160E+09    0.9553478E+09   -0.2979566E+09
 363      0.396193E+09    0.1214118E+10   -0.2737690E+09
 364      0.427427E+09    0.1464832E+10   -0.2543919E+09
 365      0.414268E+09    0.1581706E+10   -0.1853843E+09
 366      0.399310E+09    0.1698435E+10   -0.1185113E+09
 367      0.362686E+09    0.1713717E+10   -0.4700423E+08
 368      0.337321E+09    0.1731841E+10    0.2346049E+08
 369      0.307970E+09    0.1670732E+10    0.8965804E+08
 370      0.300529E+09    0.1610826E+10    0.1554241E+09
 371      0.282689E+09    0.1473367E+10    0.2057438E+09
 372      0.280735E+09    0.1338809E+10    0.2586047E+09
 373      0.258343E+09    0.1108998E+10    0.2687693E+09
 374      0.246836E+09    0.8729325E+09    0.2836471E+09
 375      0.118095E+09    0.5394942E+09    0.1721033E+09
 376     -0.226580E+09    0.2160163E+09   -0.1128802E+08
 377     -0.101470E+10    0.6424262E+08   -0.9448900E+08
 378     -0.217752E+10   -0.9380402E+08   -0.1148953E+09
 379     -0.328800E+10    0.2523486E+09    0.6236970E+09
 380     -0.917169E+09    0.2634773E+09    0.1068628E+09
 381      0.337892E+08    0.5225759E+09   -0.4429231E+09
 382      0.253044E+09    0.1274031E+10   -0.5802967E+09
 383      0.369718E+09    0.1772339E+10   -0.6370477E+09
 384      0.370233E+09    0.2013518E+10   -0.5273765E+09
 385      0.380190E+09    0.2258441E+10   -0.4266010E+09
 386      0.344147E+09    0.2341467E+10   -0.2987976E+09
 387      0.326302E+09    0.2432418E+10   -0.1738025E+09
 388      0.292369E+09    0.2424552E+10   -0.6002560E+08
 389      0.265143E+09    0.2418383E+10    0.5195841E+08
 390      0.240247E+09    0.2342906E+10    0.1545117E+09
 391      0.238702E+09    0.2272353E+10    0.2581658E+09
 392      0.230499E+09    0.2136532E+10    0.3490358E+09
 393      0.244190E+09    0.2007421E+10    0.4426801E+09
 394      0.245560E+09    0.1775926E+10    0.5144448E+09
 395      0.301912E+09    0.1553392E+10    0.5963223E+09
 396      0.241428E+09    0.1120648E+10    0.5446584E+09
 397      0.572970E+08    0.4744033E+09    0.4123646E+09
 398     -0.851605E+09    0.2526872E+09   -0.5985260E+08
 399     -0.314434E+10    0.2327444E+09   -0.4677536E+09
 400     -0.264806E+10   -0.4547360E+09   -0.1489340E+09
 401     -0.308158E+09    0.8318523E+09   -0.7794189E+09
 402     -0.157975E+08    0.2066905E+10   -0.1222196E+10
 403      0.152358E+09    0.2474891E+10   -0.1010637E+10
 404      0.187588E+09    0.2903521E+10   -0.8829701E+09
 405      0.188116E+09    0.3047918E+10   -0.6899224E+09
 406      0.194582E+09    0.3208347E+10   -0.5051847E+09
 407      0.174052E+09    0.3238618E+10   -0.3320674E+09
 408      0.167012E+09    0.3274297E+10   -0.1617783E+09
 409      0.149304E+09    0.3232760E+10   -0.1781612E+08
 410      0.135563E+09    0.3193111E+10    0.1244620E+09
 411      0.121343E+09    0.3108221E+10    0.2412419E+09
 412      0.120288E+09    0.3028458E+10    0.3585809E+09
 413      0.118506E+09    0.2914483E+10    0.4696003E+09
 414      0.123142E+09    0.2804651E+10    0.5807133E+09
 415      0.129748E+09    0.2634914E+10    0.6979441E+09
 416      0.158739E+09    0.2482830E+10    0.8263154E+09
 417      0.160932E+09    0.2117436E+10    0.9394834E+09
 418      0.246964E+08    0.1750700E+10    0.1137316E+10
 419     -0.259778E+09    0.6905546E+09    0.7290612E+09
 420     -0.252532E+10   -0.3912847E+09    0.2022474E+09
 421     -0.135171E+10    0.4390259E+10   -0.1073445E+10
 422      0.130226E+09    0.4392784E+10   -0.1630468E+10
 423     -0.767418E+08    0.4352127E+10   -0.1834488E+10
 424      0.311248E+08    0.4293444E+10   -0.1370806E+10
 425     -0.618952E+05    0.4314102E+10   -0.1091962E+10
 426      0.826192E+07    0.4306237E+10   -0.8247146E+09
 427      0.100305E+08    0.4310937E+10   -0.5693236E+09
 428      0.803366E+07    0.4265410E+10   -0.3532551E+09
 429      0.104361E+08    0.4221835E+10   -0.1410879E+09
 430      0.962831E+07    0.4136369E+10    0.3030661E+08
 431      0.922390E+07    0.4052995E+10    0.2001659E+09
 432      0.748441E+07    0.3951074E+10    0.3297710E+09
 433      0.691549E+07    0.3851975E+10    0.4587648E+09
 434      0.104371E+08    0.3772080E+10    0.5862945E+09
 435      0.737490E+07    0.3696362E+10    0.7123293E+09
 436      0.172283E+08    0.3657021E+10    0.8649624E+09
 437      0.125164E+08    0.3630750E+10    0.1032242E+10
 438      0.620286E+08    0.3640752E+10    0.1285904E+10
 439     -0.328512E+08    0.3728389E+10    0.1732820E+10
 440      0.192863E+09    0.3697087E+10    0.1573645E+10
 441     -0.129433E+10    0.3596791E+10    0.1159147E+10
