   1     -0.660434E+09    0.7169730E+06    0.8959389E+05
   2     -0.522049E+09   -0.2495210E+07    0.4757012E+05
   3     -0.378248E+09   -0.6027837E+07   -0.9121604E+04
   4     -0.232909E+09   -0.1157115E+08    0.1035934E+06
   5     -0.881602E+08   -0.1772216E+08    0.5937941E+05
   6      0.560761E+08   -0.1660297E+08   -0.2558718E+07
   7      0.187162E+09   -0.1227101E+08   -0.3972258E+07
   8      0.278499E+09   -0.1834285E+08   -0.7227583E+06
   9      0.353925E+09   -0.2828087E+08    0.8216550E+06
  10      0.407974E+09   -0.4042231E+08    0.5489114E+06
  11      0.441864E+09   -0.5131728E+08    0.1106838E+07
  12      0.448931E+09   -0.5778854E+08    0.1062063E+07
  13      0.425576E+09   -0.6384178E+08    0.9664032E+06
  14      0.364033E+09   -0.6284158E+08    0.1152828E+07
  15      0.268452E+09   -0.6252929E+08    0.1626858E+07
  16      0.138582E+09   -0.5321314E+08    0.5153840E+06
  17     -0.323060E+08   -0.4219746E+08   -0.2048047E+06
  18     -0.220891E+09   -0.2773905E+08    0.7194967E+05
  19     -0.449923E+09   -0.1238664E+08   -0.1198799E+07
  20     -0.677782E+09   -0.3384415E+07   -0.2257085E+06
  21     -0.919194E+09    0.3708863E+07    0.1497518E+07
  22     -0.664593E+09    0.6851770E+06    0.1071752E+07
  23     -0.524116E+09   -0.2455441E+07    0.3148225E+07
  24     -0.379316E+09   -0.6038918E+07    0.5218661E+07
  25     -0.232628E+09   -0.1116284E+08    0.4842749E+07
  26     -0.863372E+08   -0.1514204E+08    0.3680884E+07
  27      0.558792E+08   -0.2053822E+08    0.3360672E+07
  28      0.180182E+09   -0.2719081E+08    0.5427698E+07
  29      0.275939E+09   -0.3814048E+08    0.9694946E+07
  30      0.354511E+09   -0.4888749E+08    0.1204530E+08
  31      0.410015E+09   -0.5835705E+08    0.9578977E+07
  32      0.445738E+09   -0.6756499E+08    0.7118823E+07
  33      0.452359E+09   -0.6967358E+08    0.3352603E+07
  34      0.428304E+09   -0.7187271E+08    0.1923967E+06
  35      0.368734E+09   -0.6688157E+08   -0.3811445E+07
  36      0.271020E+09   -0.6109177E+08   -0.7865100E+07
  37      0.142260E+09   -0.4906679E+08   -0.1098339E+08
  38     -0.310348E+08   -0.3688618E+08   -0.1431106E+08
  39     -0.222874E+09   -0.2371113E+08   -0.1279865E+08
  40     -0.450232E+09   -0.1096319E+08   -0.1197672E+08
  41     -0.684834E+09   -0.4699383E+07   -0.6370369E+07
  42     -0.924905E+09    0.1335903E+07   -0.1593575E+05
  43     -0.669135E+09    0.7676687E+06    0.2042184E+07
  44     -0.526240E+09   -0.1975137E+07    0.6320516E+07
  45     -0.379993E+09   -0.5124523E+07    0.1049258E+08
  46     -0.231323E+09   -0.1030133E+08    0.8748890E+07
  47     -0.833307E+08   -0.1399743E+08    0.6040803E+07
  48      0.550412E+08   -0.2594331E+08    0.1005703E+08
  49      0.172152E+09   -0.4045995E+08    0.1670126E+08
  50      0.273010E+09   -0.5481375E+08    0.2056888E+08
  51      0.354384E+09   -0.6783653E+08    0.2315005E+08
  52      0.412098E+09   -0.7483813E+08    0.1827969E+08
  53      0.449995E+09   -0.8137978E+08    0.1263017E+08
  54      0.455255E+09   -0.8219609E+08    0.5662081E+07
  55      0.431135E+09   -0.8319527E+08   -0.5837443E+06
  56      0.373519E+09   -0.7635065E+08   -0.8821544E+07
  57      0.273967E+09   -0.6916113E+08   -0.1761778E+08
  58      0.145801E+09   -0.5570957E+08   -0.2266266E+08
  59     -0.294374E+08   -0.4267362E+08   -0.2812204E+08
  60     -0.225006E+09   -0.2757155E+08   -0.2593087E+08
  61     -0.451202E+09   -0.1167608E+08   -0.2253065E+08
  62     -0.690732E+09   -0.4988518E+07   -0.1226386E+08
  63     -0.932505E+09    0.1007813E+07   -0.2252304E+07
  64     -0.678783E+09    0.5530533E+06    0.2349195E+07
  65     -0.532550E+09   -0.1551016E+07    0.8434945E+07
  66     -0.383986E+09   -0.2944415E+07    0.1417447E+08
  67     -0.233231E+09   -0.1082876E+08    0.1682587E+08
  68     -0.883090E+08   -0.2049357E+08    0.2021255E+08
  69      0.473297E+08   -0.3804634E+08    0.2699365E+08
  70      0.167467E+09   -0.5470840E+08    0.3373252E+08
  71      0.273391E+09   -0.6704674E+08    0.3319208E+08
  72      0.357369E+09   -0.7909702E+08    0.3242881E+08
  73      0.420510E+09   -0.8548875E+08    0.2443449E+08
  74      0.459015E+09   -0.9257470E+08    0.1656296E+08
  75      0.466861E+09   -0.9274331E+08    0.5019077E+07
  76      0.442121E+09   -0.9181252E+08   -0.6500793E+07
  77      0.385342E+09   -0.8228453E+08   -0.1793693E+08
  78      0.285971E+09   -0.7295363E+08   -0.3015040E+08
  79      0.151260E+09   -0.5853708E+08   -0.3686036E+08
  80     -0.238302E+08   -0.4373632E+08   -0.4387344E+08
  81     -0.228689E+09   -0.2813615E+08   -0.4126408E+08
  82     -0.463655E+09   -0.1171437E+08   -0.3711698E+08
  83     -0.706831E+09   -0.3488719E+07   -0.1895328E+08
  84     -0.959069E+09    0.3376634E+07   -0.1199113E+07
  85     -0.687504E+09    0.8729635E+06    0.2140242E+07
  86     -0.537938E+09   -0.4003288E+06    0.9623868E+07
  87     -0.387993E+09   -0.8287894E+06    0.1714007E+08
  88     -0.236547E+09   -0.1630384E+08    0.2672073E+08
  89     -0.953178E+08   -0.3433601E+08    0.3704768E+08
  90      0.402402E+08   -0.5289609E+08    0.4317786E+08
  91      0.164043E+09   -0.6973985E+08    0.4845014E+08
  92      0.273939E+09   -0.8173414E+08    0.4515325E+08
  93      0.361123E+09   -0.9381764E+08    0.4186652E+08
  94      0.428300E+09   -0.1005488E+09    0.3124423E+08
  95      0.467444E+09   -0.1067512E+09    0.2073272E+08
  96      0.479359E+09   -0.1025292E+09    0.3954841E+07
  97      0.452654E+09   -0.9872445E+08   -0.1252924E+08
  98      0.397251E+09   -0.8770677E+08   -0.2726082E+08
  99      0.297564E+09   -0.7635649E+08   -0.4226997E+08
 100      0.156616E+09   -0.6257373E+08   -0.5038679E+08
 101     -0.175850E+08   -0.4860644E+08   -0.5971519E+08
 102     -0.232418E+09   -0.3284358E+08   -0.5628042E+08
 103     -0.474975E+09   -0.1680693E+08   -0.5161827E+08
 104     -0.724703E+09   -0.7345949E+07   -0.2624423E+08
 105     -0.981569E+09    0.1499513E+07   -0.5119118E+06
 106     -0.698078E+09    0.2324169E+07    0.1719280E+07
 107     -0.551286E+09   -0.4722751E+07    0.1527979E+08
 108     -0.403741E+09   -0.1257494E+08    0.2974127E+08
 109     -0.251235E+09   -0.2951244E+08    0.4397238E+08
 110     -0.104250E+09   -0.4602111E+08    0.5723922E+08
 111      0.358838E+08   -0.6402370E+08    0.6074585E+08
 112      0.165756E+09   -0.8195136E+08    0.6433325E+08
 113      0.279871E+09   -0.9521902E+08    0.5774272E+08
 114      0.372144E+09   -0.1084078E+09    0.5126382E+08
 115      0.443329E+09   -0.1124371E+09    0.3554824E+08
 116      0.486674E+09   -0.1159698E+09    0.1940558E+08
 117      0.499735E+09   -0.1109618E+09   -0.1132510E+07
 118      0.472812E+09   -0.1057867E+09   -0.2163199E+08
 119      0.414869E+09   -0.9352188E+08   -0.3939599E+08
 120      0.310994E+09   -0.8164235E+08   -0.5648286E+08
 121      0.167208E+09   -0.6494760E+08   -0.6657267E+08
 122     -0.129277E+08   -0.4744540E+08   -0.7721436E+08
 123     -0.238436E+09   -0.3175255E+08   -0.7154353E+08
 124     -0.489945E+09   -0.1582122E+08   -0.6621820E+08
 125     -0.757050E+09   -0.6312584E+07   -0.3519538E+08
 126     -0.102551E+10    0.2297631E+07   -0.3171733E+07
 127     -0.707639E+09    0.2152836E+07    0.2356804E+07
 128     -0.565127E+09   -0.6810159E+07    0.2198405E+08
 129     -0.419880E+09   -0.1626603E+08    0.4280231E+08
 130     -0.265687E+09   -0.3534476E+08    0.6021585E+08
 131     -0.111921E+09   -0.5487155E+08    0.7620639E+08
 132      0.314014E+08   -0.7458201E+08    0.7829230E+08
 133      0.166737E+09   -0.9365041E+08    0.8085252E+08
 134      0.285904E+09   -0.1066793E+09    0.7078201E+08
 135      0.382571E+09   -0.1194808E+09    0.6081885E+08
 136      0.459586E+09   -0.1224572E+09    0.3935273E+08
 137      0.505633E+09   -0.1246854E+09    0.1793917E+08
 138      0.519899E+09   -0.1192163E+09   -0.5786869E+07
 139      0.493298E+09   -0.1145332E+09   -0.3032016E+08
 140      0.431912E+09   -0.1024713E+09   -0.5132611E+08
 141      0.323884E+09   -0.8929458E+08   -0.7185701E+08
 142      0.178343E+09   -0.6957666E+08   -0.8378309E+08
 143     -0.104484E+08   -0.5109213E+08   -0.9459066E+08
 144     -0.243689E+09   -0.3332435E+08   -0.8709698E+08
 145     -0.504875E+09   -0.1329914E+08   -0.8164204E+08
 146     -0.788824E+09   -0.4029741E+07   -0.4347595E+08
 147     -0.107166E+10    0.3417867E+07   -0.3825273E+07
 148     -0.738640E+09    0.2668292E+07    0.5222151E+07
 149     -0.593115E+09   -0.8434334E+07    0.3304620E+08
 150     -0.446076E+09   -0.2059306E+08    0.6165507E+08
 151     -0.284579E+09   -0.4203405E+08    0.8033806E+08
 152     -0.122536E+09   -0.6305980E+08    0.9862159E+08
 153      0.314985E+08   -0.8415554E+08    0.9834729E+08
 154      0.173410E+09   -0.1048561E+09    0.9763674E+08
 155      0.301099E+09   -0.1159744E+09    0.8190451E+08
 156      0.402261E+09   -0.1262004E+09    0.6613088E+08
 157      0.485263E+09   -0.1271180E+09    0.4090505E+08
 158      0.530923E+09   -0.1286996E+09    0.1609204E+08
 159      0.547057E+09   -0.1238524E+09   -0.1089699E+08
 160      0.521155E+09   -0.1192695E+09   -0.3816811E+08
 161      0.457055E+09   -0.1070704E+09   -0.6393118E+08
 162      0.345919E+09   -0.9373270E+08   -0.9027438E+08
 163      0.191203E+09   -0.7330909E+08   -0.1034677E+09
 164     -0.968834E+07   -0.5251993E+08   -0.1157320E+09
 165     -0.251905E+09   -0.3276266E+08   -0.1061494E+09
 166     -0.529776E+09   -0.1398399E+08   -0.9709527E+08
 167     -0.834840E+09   -0.6126851E+07   -0.5124585E+08
 168     -0.113897E+10    0.1731065E+07   -0.4455014E+07
 169     -0.770135E+09    0.4748256E+07    0.6668521E+07
 170     -0.621244E+09   -0.8861629E+07    0.4422476E+08
 171     -0.471702E+09   -0.2502959E+08    0.8192379E+08
 172     -0.303025E+09   -0.5033027E+08    0.1006833E+09
 173     -0.134951E+09   -0.7314294E+08    0.1205825E+09
 174      0.315079E+08   -0.9202885E+08    0.1187636E+09
 175      0.180906E+09   -0.1110299E+09    0.1149728E+09
 176      0.316444E+09   -0.1203750E+09    0.9330083E+08
 177      0.423008E+09   -0.1292976E+09    0.7204888E+08
 178      0.510131E+09   -0.1305082E+09    0.4317466E+08
 179      0.557636E+09   -0.1318312E+09    0.1461121E+08
 180      0.573992E+09   -0.1241713E+09   -0.1665945E+08
 181      0.549875E+09   -0.1151653E+09   -0.4827378E+08
 182      0.482758E+09   -0.1006253E+09   -0.7747529E+08
 183      0.368698E+09   -0.8904457E+08   -0.1068419E+09
 184      0.203455E+09   -0.7547750E+08   -0.1226680E+09
 185     -0.846558E+07   -0.5997223E+08   -0.1373997E+09
 186     -0.260937E+09   -0.3991350E+08   -0.1253489E+09
 187     -0.555293E+09   -0.1707412E+08   -0.1138242E+09
 188     -0.880887E+09   -0.4485850E+07   -0.5941930E+08
 189     -0.120507E+10    0.5075760E+07   -0.4139944E+07
 190     -0.827948E+09    0.2779331E+07    0.9718208E+07
 191     -0.671015E+09   -0.1099614E+08    0.5804209E+08
 192     -0.505581E+09   -0.2592383E+08    0.1064361E+09
 193     -0.322799E+09   -0.5217128E+08    0.1252719E+09
 194     -0.142462E+09   -0.7842330E+08    0.1438190E+09
 195      0.389831E+08   -0.9561681E+08    0.1349105E+09
 196      0.199381E+09   -0.1113052E+09    0.1255481E+09
 197      0.341778E+09   -0.1163510E+09    0.9877689E+08
 198      0.452914E+09   -0.1211580E+09    0.7256100E+08
 199      0.540831E+09   -0.1174166E+09    0.4082052E+08
 200      0.590396E+09   -0.1139944E+09    0.9980340E+07
 201      0.607335E+09   -0.1077459E+09   -0.2311942E+08
 202      0.584390E+09   -0.1020543E+09   -0.5680372E+08
 203      0.512259E+09   -0.9393948E+08   -0.8658973E+08
 204      0.396313E+09   -0.8524033E+08   -0.1167739E+09
 205      0.222745E+09   -0.7056189E+08   -0.1362847E+09
 206     -0.371115E+07   -0.5519457E+08   -0.1556661E+09
 207     -0.272577E+09   -0.3606963E+08   -0.1439961E+09
 208     -0.590772E+09   -0.1740525E+08   -0.1319961E+09
 209     -0.943572E+09   -0.7698542E+07   -0.6928214E+08
 210     -0.129307E+10    0.1656394E+07   -0.5743766E+07
 211     -0.886703E+09    0.4389118E+07    0.1385799E+08
 212     -0.720043E+09   -0.1276987E+08    0.7193992E+08
 213     -0.540523E+09   -0.3255204E+08    0.1303091E+09
 214     -0.343944E+09   -0.5846350E+08    0.1502075E+09
 215     -0.149022E+09   -0.8222232E+08    0.1684911E+09
 216      0.463136E+08   -0.9420791E+08    0.1522405E+09
 217      0.217686E+09   -0.1046137E+09    0.1364372E+09
 218      0.367389E+09   -0.9947255E+08    0.1044164E+09
 219      0.483835E+09   -0.9425889E+08    0.7259431E+08
 220      0.572204E+09   -0.8613106E+08    0.3827784E+08
 221      0.622551E+09   -0.7925491E+08    0.5779738E+07
 222      0.642414E+09   -0.7460375E+08   -0.2905364E+08
 223      0.618037E+09   -0.6997616E+08   -0.6360124E+08
 224      0.542301E+09   -0.6791191E+08   -0.9524860E+08
 225      0.424479E+09   -0.6662760E+08   -0.1285177E+09
 226      0.241913E+09   -0.6173495E+08   -0.1509183E+09
 227      0.197731E+07   -0.5632113E+08   -0.1747925E+09
 228     -0.285527E+09   -0.4056336E+08   -0.1635306E+09
 229     -0.628736E+09   -0.2223147E+08   -0.1493216E+09
 230     -0.100504E+10   -0.8508061E+07   -0.7941940E+08
 231     -0.138360E+10    0.3090591E+07   -0.9549297E+07
 232     -0.984922E+09    0.3672764E+07    0.1867576E+08
 233     -0.791647E+09   -0.1399083E+08    0.8917039E+08
 234     -0.584175E+09   -0.3501299E+08    0.1595044E+09
 235     -0.358258E+09   -0.5944967E+08    0.1709000E+09
 236     -0.138959E+09   -0.8067714E+08    0.1801274E+09
 237      0.692540E+08   -0.7990675E+08    0.1527130E+09
 238      0.249792E+09   -0.7781247E+08    0.1264369E+09
 239      0.400311E+09   -0.6283503E+08    0.9097473E+08
 240      0.517849E+09   -0.4830330E+08    0.5724956E+08
 241      0.602645E+09   -0.3490859E+08    0.2627469E+08
 242      0.653792E+09   -0.2095260E+08   -0.4453010E+07
 243      0.671367E+09   -0.1561590E+08   -0.3233221E+08
 244      0.647066E+09   -0.1288849E+08   -0.5953721E+08
 245      0.574435E+09   -0.1927373E+08   -0.8976055E+08
 246      0.454246E+09   -0.2514376E+08   -0.1206809E+09
 247      0.267739E+09   -0.3099307E+08   -0.1460736E+09
 248      0.193103E+08   -0.3691871E+08   -0.1737479E+09
 249     -0.290720E+09   -0.3152436E+08   -0.1710195E+09
 250     -0.668438E+09   -0.2235524E+08   -0.1674698E+09
 251     -0.108054E+10   -0.8236923E+07   -0.9092286E+08
 252     -0.151089E+10    0.2950583E+07   -0.1224492E+08
 253     -0.107973E+10    0.5616948E+07    0.2317951E+08
 254     -0.865342E+09   -0.1621047E+08    0.1069444E+09
 255     -0.628858E+09   -0.4106745E+08    0.1897270E+09
 256     -0.373430E+09   -0.5668763E+08    0.1932963E+09
 257     -0.129454E+09   -0.6868150E+08    0.1941406E+09
 258      0.928073E+08   -0.5071985E+08    0.1543757E+09
 259      0.281882E+09   -0.3033922E+08    0.1173540E+09
 260      0.434594E+09    0.3507917E+07    0.7857244E+08
 261      0.550886E+09    0.3622325E+08    0.4245470E+08
 262      0.634857E+09    0.5856536E+08    0.1471907E+08
 263      0.686933E+09    0.7801199E+08   -0.1353013E+08
 264      0.700105E+09    0.7627248E+08   -0.3569924E+08
 265      0.678018E+09    0.7621896E+08   -0.5744877E+08
 266      0.607644E+09    0.5830159E+08   -0.8528148E+08
 267      0.483099E+09    0.3651326E+08   -0.1131696E+09
 268      0.294359E+09    0.1141687E+08   -0.1424648E+09
 269      0.345080E+08   -0.1206104E+08   -0.1747103E+09
 270     -0.295806E+09   -0.1605004E+08   -0.1796982E+09
 271     -0.706406E+09   -0.1702300E+08   -0.1863842E+09
 272     -0.116006E+10   -0.6251356E+07   -0.1024666E+09
 273     -0.163431E+10    0.2942454E+07   -0.1390169E+08
 274     -0.122755E+10   -0.7565606E+06    0.3634937E+08
 275     -0.959449E+09   -0.1916823E+08    0.1255208E+09
 276     -0.660662E+09   -0.4288278E+08    0.2107625E+09
 277     -0.359989E+09   -0.4182707E+08    0.1890134E+09
 278     -0.877457E+08   -0.3381825E+08    0.1660542E+09
 279      0.138611E+09    0.1253533E+08    0.1122357E+09
 280      0.324467E+09    0.5962516E+08    0.6275145E+08
 281      0.466315E+09    0.1137462E+09    0.2880790E+08
 282      0.572520E+09    0.1671623E+09   -0.2724568E+07
 283      0.648074E+09    0.1998934E+09   -0.1444343E+08
 284      0.695322E+09    0.2313006E+09   -0.2495976E+08
 285      0.706859E+09    0.2261835E+09   -0.2917201E+08
 286      0.688009E+09    0.2192885E+09   -0.3322458E+08
 287      0.624571E+09    0.1791347E+09   -0.4685339E+08
 288      0.508871E+09    0.1378890E+09   -0.6194192E+08
 289      0.328454E+09    0.8717524E+08   -0.9506169E+08
 290      0.721041E+08    0.3633906E+08   -0.1327051E+09
 291     -0.275387E+09    0.9935929E+07   -0.1571793E+09
 292     -0.720975E+09   -0.1125009E+08   -0.1835992E+09
 293     -0.124552E+10   -0.5706697E+07   -0.1063806E+09
 294     -0.178926E+10   -0.3120830E+07   -0.2247212E+08
 295     -0.137938E+10    0.9079259E+07    0.5080957E+08
 296     -0.105462E+10   -0.1843155E+08    0.1458740E+09
 297     -0.703239E+09   -0.4521666E+08    0.2375480E+09
 298     -0.345041E+09   -0.1343307E+08    0.1895379E+09
 299     -0.489016E+08    0.2496674E+08    0.1404411E+09
 300      0.187732E+09    0.1187407E+09    0.7139447E+08
 301      0.369745E+09    0.2109290E+09    0.6759832E+07
 302      0.499529E+09    0.2980358E+09   -0.2180066E+08
 303      0.597130E+09    0.3804342E+09   -0.4806667E+08
 304      0.661278E+09    0.4210596E+09   -0.4392134E+08
 305      0.703411E+09    0.4616702E+09   -0.3828990E+08
 306      0.714048E+09    0.4485163E+09   -0.2200342E+08
 307      0.698207E+09    0.4325500E+09   -0.5371049E+07
 308      0.642821E+09    0.3663707E+09   -0.6675480E+07
 309      0.537097E+09    0.2971297E+09   -0.9359887E+07
 310      0.365665E+09    0.2077777E+09   -0.4862056E+08
 311      0.109755E+09    0.1171079E+09   -0.9311622E+08
 312     -0.254825E+09    0.5573681E+08   -0.1372819E+09
 313     -0.746088E+09   -0.4207856E+07   -0.1835680E+09
 314     -0.133151E+10   -0.3028887E+07   -0.1120271E+09
 315     -0.194985E+10    0.2587557E+07   -0.3354586E+08
 316     -0.160487E+10   -0.1736512E+08    0.7607356E+08
 317     -0.114126E+10   -0.1688545E+08    0.1528068E+09
 318     -0.666604E+09   -0.2604361E+08    0.2109555E+09
 319     -0.263243E+09    0.6118478E+08    0.1028601E+09
 320      0.379053E+08    0.1630721E+09    0.7574667E+07
 321      0.249017E+09    0.3102888E+09   -0.6384512E+08
 322      0.401523E+09    0.4553926E+09   -0.1260216E+09
 323      0.500198E+09    0.5668274E+09   -0.1262326E+09
 324      0.578446E+09    0.6760562E+09   -0.1249496E+09
 325      0.625670E+09    0.7214328E+09   -0.8653863E+08
 326      0.660602E+09    0.7654149E+09   -0.4828447E+08
 327      0.666345E+09    0.7424682E+09    0.2059207E+07
 328      0.658730E+09    0.7201530E+09    0.5328436E+08
 329      0.617220E+09    0.6306501E+09    0.8356612E+08
 330      0.538244E+09    0.5385056E+09    0.1133475E+09
 331      0.397285E+09    0.3979763E+09    0.8634075E+08
 332      0.174270E+09    0.2532358E+09    0.5267257E+08
 333     -0.179312E+09    0.1315606E+09   -0.2751193E+08
 334     -0.691945E+09    0.2225363E+08   -0.1228353E+09
 335     -0.137629E+10    0.4831240E+07   -0.9634211E+08
 336     -0.215405E+10   -0.1852576E+08   -0.5031036E+08
 337     -0.185979E+10    0.3828490E+08    0.1264629E+09
 338     -0.123225E+10   -0.4747141E+07    0.1683410E+09
 339     -0.664681E+09   -0.4877909E+07    0.1992573E+09
 340     -0.161101E+09    0.2092787E+09    0.2690723E+08
 341      0.132763E+09    0.4032962E+09   -0.1363405E+09
 342      0.316585E+09    0.6303448E+09   -0.2044673E+09
 343      0.435097E+09    0.8370242E+09   -0.2624390E+09
 344      0.500837E+09    0.9667928E+09   -0.2327225E+09
 345      0.557395E+09    0.1093395E+10   -0.2030647E+09
 346      0.588896E+09    0.1141157E+10   -0.1302489E+09
 347      0.616111E+09    0.1191102E+10   -0.5767541E+08
 348      0.617245E+09    0.1156367E+10    0.2794584E+08
 349      0.617862E+09    0.1121470E+10    0.1139089E+09
 350      0.590593E+09    0.1005768E+10    0.1774280E+09
 351      0.541742E+09    0.8890702E+09    0.2410857E+09
 352      0.432630E+09    0.6947281E+09    0.2284058E+09
 353      0.244732E+09    0.4830923E+09    0.2107089E+09
 354     -0.844345E+08    0.2824733E+09    0.7427308E+08
 355     -0.664056E+09    0.6148503E+08   -0.7567817E+08
 356     -0.142695E+10    0.2603511E+08   -0.8669544E+08
 357     -0.238454E+10    0.2936846E+08   -0.8236882E+08
 358     -0.216453E+10   -0.1083350E+09    0.1614215E+09
 359     -0.118305E+10    0.3753014E+08    0.8548466E+08
 360     -0.398982E+09    0.1689854E+09   -0.5578489E+08
 361     -0.484977E+07    0.5116207E+09   -0.2955446E+09
 362      0.208286E+09    0.8733803E+09   -0.4526201E+09
 363      0.318981E+09    0.1133136E+10   -0.4466356E+09
 364      0.389140E+09    0.1383546E+10   -0.4427378E+09
 365      0.424306E+09    0.1513859E+10   -0.3601027E+09
 366      0.458411E+09    0.1646200E+10   -0.2805821E+09
 367      0.476891E+09    0.1681536E+10   -0.1653998E+09
 368      0.492800E+09    0.1717748E+10   -0.4977549E+08
 369      0.495640E+09    0.1671495E+10    0.7525977E+08
 370      0.501558E+09    0.1629189E+10    0.1996373E+09
 371      0.483559E+09    0.1500791E+10    0.3095023E+09
 372      0.464169E+09    0.1372996E+10    0.4228245E+09
 373      0.397211E+09    0.1134486E+10    0.4671677E+09
 374      0.283693E+09    0.8891118E+09    0.5162670E+09
 375      0.514926E+08    0.5470776E+09    0.3928136E+09
 376     -0.404885E+09    0.2156332E+09    0.1997564E+09
 377     -0.130781E+10    0.6294786E+08    0.2161709E+08
 378     -0.258507E+10   -0.9605408E+08   -0.9941407E+08
 379     -0.311583E+10    0.2620616E+09    0.6315261E+09
 380     -0.983063E+09    0.2400586E+09    0.9473548E+08
 381     -0.638462E+08    0.4627778E+09   -0.4852346E+09
 382      0.152299E+09    0.1193355E+10   -0.6785329E+09
 383      0.286194E+09    0.1674810E+10   -0.7866657E+09
 384      0.310055E+09    0.1913381E+10   -0.7025779E+09
 385      0.336567E+09    0.2155979E+10   -0.6252115E+09
 386      0.341462E+09    0.2249254E+10   -0.4894887E+09
 387      0.355121E+09    0.2349083E+10   -0.3573219E+09
 388      0.359862E+09    0.2359360E+10   -0.1989786E+09
 389      0.365400E+09    0.2375128E+10   -0.4027143E+08
 390      0.370615E+09    0.2321407E+10    0.1238441E+09
 391      0.381409E+09    0.2270271E+10    0.2876321E+09
 392      0.370634E+09    0.2141926E+10    0.4459520E+09
 393      0.378881E+09    0.2022036E+10    0.6085736E+09
 394      0.353076E+09    0.1786378E+10    0.7205640E+09
 395      0.325234E+09    0.1556818E+10    0.8398058E+09
 396      0.185943E+09    0.1115737E+10    0.7717072E+09
 397     -0.820270E+08    0.4625147E+09    0.6276145E+09
 398     -0.104873E+10    0.2465179E+09    0.5535179E+08
 399     -0.337789E+10    0.2322690E+09   -0.4599124E+09
 400     -0.254523E+10   -0.4648327E+09   -0.1265763E+09
 401     -0.347015E+09    0.8091873E+09   -0.7749626E+09
 402     -0.611841E+08    0.2034904E+10   -0.1248202E+10
 403      0.102459E+09    0.2436176E+10   -0.1091588E+10
 404      0.144330E+09    0.2852776E+10   -0.1012462E+10
 405      0.156637E+09    0.2981009E+10   -0.8484827E+09
 406      0.167968E+09    0.3125310E+10   -0.6934215E+09
 407      0.170345E+09    0.3152668E+10   -0.5215125E+09
 408      0.177542E+09    0.3186403E+10   -0.3508212E+09
 409      0.179750E+09    0.3158562E+10   -0.1721204E+09
 410      0.182639E+09    0.3135498E+10    0.6043973E+07
 411      0.187168E+09    0.3073827E+10    0.1883701E+09
 412      0.193233E+09    0.3015382E+10    0.3721114E+09
 413      0.188029E+09    0.2913779E+10    0.5542093E+09
 414      0.193738E+09    0.2819147E+10    0.7377104E+09
 415      0.185701E+09    0.2647238E+10    0.9077469E+09
 416      0.173379E+09    0.2487390E+10    0.1086512E+10
 417      0.129343E+09    0.2109516E+10    0.1173621E+10
 418     -0.503004E+08    0.1737151E+10    0.1342385E+10
 419     -0.359644E+09    0.6863798E+09    0.8334151E+09
 420     -0.263501E+10   -0.3910192E+09    0.2045680E+09
 421     -0.132141E+10    0.4438930E+10   -0.1028788E+10
 422      0.122284E+09    0.4510522E+10   -0.1605284E+10
 423     -0.762316E+08    0.4528248E+10   -0.1841215E+10
 424      0.284144E+08    0.4426069E+10   -0.1429698E+10
 425     -0.479342E+07    0.4406185E+10   -0.1196580E+10
 426      0.423835E+07    0.4339403E+10   -0.9628684E+09
 427      0.170973E+07    0.4289575E+10   -0.7438380E+09
 428      0.307408E+07    0.4215779E+10   -0.5396353E+09
 429      0.412003E+07    0.4147274E+10   -0.3359245E+09
 430      0.478000E+07    0.4070044E+10   -0.1388150E+09
 431      0.516354E+07    0.3995885E+10    0.5671800E+08
 432      0.826879E+07    0.3922248E+10    0.2545837E+09
 433      0.974747E+07    0.3851675E+10    0.4551905E+09
 434      0.109777E+08    0.3792270E+10    0.6577755E+09
 435      0.133364E+08    0.3735117E+10    0.8606285E+09
 436      0.212274E+08    0.3693783E+10    0.1078617E+10
 437      0.164028E+08    0.3664071E+10    0.1310366E+10
 438      0.562206E+08    0.3658270E+10    0.1527912E+10
 439     -0.406554E+08    0.3741129E+10    0.1927456E+10
 440      0.188888E+09    0.3717613E+10    0.1665601E+10
 441     -0.128129E+10    0.3614546E+10    0.1152083E+10
